Dimension>47
Bandera>13
Fitness Greedy Costo>527.68
Solucion Greedy Costo>2 10 7 11 0 14 19 16 23 0 9 4 5 1 0 6 15 3 12 0 20 18 17 13 0 24 8 21 22 0 0 0 0 0 0 0 0 0 0 0 0 0 0 0 0 0 0 
Linea Vacia>
Dimension>47
Bandera>13
Fitness Greedy Costo>527.68
Solucion Greedy Costo>2 10 7 11 0 14 19 16 23 0 9 4 5 1 0 6 15 3 12 0 20 18 17 13 0 24 8 21 22 0 0 0 0 0 0 0 0 0 0 0 0 0 0 0 0 0 0 
Linea Vacia>
Dimension>47
Bandera>13
Dimension>47
Bandera>13
Fitness Greedy Costo>527.68
Solucion Greedy Costo>2 10 7 11 0 14 19 16 23 0 9 4 5 1 0 6 15 3 12 0 20 18 17 13 0 24 8 21 22 0 0 0 0 0 0 0 0 0 0 0 0 0 0 0 0 0 0 
Linea Vacia>
Dimension>47
Bandera>13
Fitness Greedy Costo>527.68
Solucion Greedy Costo>2 10 7 11 0 14 19 16 23 0 9 4 5 1 0 6 15 3 12 0 20 18 17 13 0 24 8 21 22 0 0 0 0 0 0 0 0 0 0 0 0 0 0 0 0 0 0 
Linea Vacia>
Fitness Greedy Costo>527.68
Matriz de Costos>
Matriz de Costos>
Solucion Greedy Costo>2 10 7 11 0 14 19 16 23 0 9 4 5 1 0 6 15 3 12 0 20 18 17 13 0 24 8 21 22 0 0 0 0 0 0 0 0 0 0 0 0 0 0 0 0 0 0 
Linea Vacia>
0 32.59 22.13 52.83 25.19 28.81 34.7 34.52 80.39 24.68 30.38 35.41 53.04 66.85 22.68 35.74 26.86 70.54 52.82 23.54 51.21 92.83 92.12 28.71 
0 32.59 22.13 52.83 25.19 28.81 34.7 34.52 80.39 24.68 30.38 35.41 53.04 66.85 22.68 35.74 26.86 70.54 52.82 23.54 51.21 92.83 92.12 28.71 
34.36 0 29.77 22.82 6.62 4.7 5.85 28.91 49.16 31.49 32.57 11.87 23.27 34.21 29.55 5.09 10.64 38.06 22.66 8.67 25.79 63.11 66.85 12.71 
34.36 0 29.77 22.82 6.62 4.7 5.85 28.91 49.16 31.49 32.57 11.87 23.27 34.21 29.55 5.09 10.64 38.06 22.66 8.67 25.79 63.11 66.85 12.71 
Matriz de Costos>
20.02 35.38 0 33.83 33.69 38.85 36.86 15.46 62.48 38.78 10.31 26.26 33.35 47.99 36.69 30.04 28.87 59.3 55.39 25.78 64.51 79.99 71.84 30.71 
0 32.59 22.13 52.83 25.19 28.81 34.7 34.52 80.39 24.68 30.38 35.41 53.04 66.85 22.68 35.74 26.86 70.54 52.82 23.54 51.21 92.83 92.12 28.71 
20.02 35.38 0 33.83 33.69 38.85 36.86 15.46 62.48 38.78 10.31 26.26 33.35 47.99 36.69 30.04 28.87 59.3 55.39 25.78 64.51 79.99 71.84 30.71 
55.2 19.81 31.08 0 26.44 25.67 12.34 20.5 29.47 51.48 30.34 14.84 4.89 15.27 49.21 11.14 22.88 18.3 21.2 25.3 41.09 39.55 47.51 24.82 
Matriz de Costos>
34.36 0 29.77 22.82 6.62 4.7 5.85 28.91 49.16 31.49 32.57 11.87 23.27 34.21 29.55 5.09 10.64 38.06 22.66 8.67 25.79 63.11 66.85 12.71 
55.2 19.81 31.08 0 26.44 25.67 12.34 20.5 29.47 51.48 30.34 14.84 4.89 15.27 49.21 11.14 22.88 18.3 21.2 25.3 41.09 39.55 47.51 24.82 
26.58 5.28 27.68 26.62 0 3 9.64 28.27 53.94 24.5 31.93 9.42 27.07 38 22.52 10.95 7.11 43.22 26.56 5.54 24.47 67.76 71.37 9.22 
26.58 5.28 27.68 26.62 0 3 9.64 28.27 53.94 24.5 31.93 9.42 27.07 38 22.52 10.95 7.11 43.22 26.56 5.54 24.47 67.76 71.37 9.22 
0 32.59 22.13 52.83 25.19 28.81 34.7 34.52 80.39 24.68 30.38 35.41 53.04 66.85 22.68 35.74 26.86 70.54 52.82 23.54 51.21 92.83 92.12 28.71 
20.02 35.38 0 33.83 33.69 38.85 36.86 15.46 62.48 38.78 10.31 26.26 33.35 47.99 36.69 30.04 28.87 59.3 55.39 25.78 64.51 79.99 71.84 30.71 
55.2 19.81 31.08 0 26.44 25.67 12.34 20.5 29.47 51.48 30.34 14.84 4.89 15.27 49.21 11.14 22.88 18.3 21.2 25.3 41.09 39.55 47.51 24.82 
33.39 2.37 28.46 23.02 6.06 0 5.01 28.16 49.09 30.2 31.84 11.03 22.62 33.89 28.24 4.22 9.35 37.74 22.25 7.37 25.29 63.11 66.84 11.43 
33.39 2.37 28.46 23.02 6.06 0 5.01 28.16 49.09 30.2 31.84 11.03 22.62 33.89 28.24 4.22 9.35 37.74 22.25 7.37 25.29 63.11 66.84 11.43 
34.36 0 29.77 22.82 6.62 4.7 5.85 28.91 49.16 31.49 32.57 11.87 23.27 34.21 29.55 5.09 10.64 38.06 22.66 8.67 25.79 63.11 66.85 12.71 
35.68 3.95 30.8 15.04 8.9 9.24 0 32.9 42.66 32.51 36.51 13.92 15.51 28.5 30.57 10.5 11.65 32.46 16.64 9.69 25.52 56.92 60.81 13.71 
35.92 28.83 13.32 21.6 28.64 33.89 31.11 0 42.16 32.77 7.19 15.79 18.5 30.42 30.84 21.21 20.04 39.58 48.14 20.56 56.15 63.27 56.52 21.98 
35.68 3.95 30.8 15.04 8.9 9.24 0 32.9 42.66 32.51 36.51 13.92 15.51 28.5 30.57 10.5 11.65 32.46 16.64 9.69 25.52 56.92 60.81 13.71 
20.02 35.38 0 33.83 33.69 38.85 36.86 15.46 62.48 38.78 10.31 26.26 33.35 47.99 36.69 30.04 28.87 59.3 55.39 25.78 64.51 79.99 71.84 30.71 
26.58 5.28 27.68 26.62 0 3 9.64 28.27 53.94 24.5 31.93 9.42 27.07 38 22.52 10.95 7.11 43.22 26.56 5.54 24.47 67.76 71.37 9.22 
33.39 2.37 28.46 23.02 6.06 0 5.01 28.16 49.09 30.2 31.84 11.03 22.62 33.89 28.24 4.22 9.35 37.74 22.25 7.37 25.29 63.11 66.84 11.43 
77.93 46.28 54.55 22.3 53.27 53.07 38.04 35.29 0 74.44 46.55 41.19 21 14.67 72.32 38.17 50.44 25.98 34.96 51.28 70.61 11.95 17.08 52.31 
35.92 28.83 13.32 21.6 28.64 33.89 31.11 0 42.16 32.77 7.19 15.79 18.5 30.42 30.84 21.21 20.04 39.58 48.14 20.56 56.15 63.27 56.52 21.98 
55.2 19.81 31.08 0 26.44 25.67 12.34 20.5 29.47 51.48 30.34 14.84 4.89 15.27 49.21 11.14 22.88 18.3 21.2 25.3 41.09 39.55 47.51 24.82 
35.68 3.95 30.8 15.04 8.9 9.24 0 32.9 42.66 32.51 36.51 13.92 15.51 28.5 30.57 10.5 11.65 32.46 16.64 9.69 25.52 56.92 60.81 13.71 
35.92 28.83 13.32 21.6 28.64 33.89 31.11 0 42.16 32.77 7.19 15.79 18.5 30.42 30.84 21.21 20.04 39.58 48.14 20.56 56.15 63.27 56.52 21.98 
22.78 31.3 30.36 53.7 24.15 27.77 32.78 32.61 80.1 0 36.27 33.52 51.24 64.68 2.88 33.84 24.88 69.24 50.67 21.53 31.96 91.55 91.21 26.75 
28.45 35.4 3.44 31.63 33.72 38.87 36.89 14 55.58 38.88 0 28.05 28.66 41.21 36.72 30.05 29.09 52.12 55.5 25.8 64.62 75.92 67.69 30.92 
77.93 46.28 54.55 22.3 53.27 53.07 38.04 35.29 0 74.44 46.55 41.19 21 14.67 72.32 38.17 50.44 25.98 34.96 51.28 70.61 11.95 17.08 52.31 
26.58 5.28 27.68 26.62 0 3 9.64 28.27 53.94 24.5 31.93 9.42 27.07 38 22.52 10.95 7.11 43.22 26.56 5.54 24.47 67.76 71.37 9.22 
35.34 10.2 24.6 17.32 7.53 13.26 11.99 14.99 47.66 32.72 25.06 0 16.79 32.72 30.78 3.02 3.89 36.05 28.75 5.4 35.94 59.9 65.41 5.22 
33.39 2.37 28.46 23.02 6.06 0 5.01 28.16 49.09 30.2 31.84 11.03 22.62 33.89 28.24 4.22 9.35 37.74 22.25 7.37 25.29 63.11 66.84 11.43 
77.93 46.28 54.55 22.3 53.27 53.07 38.04 35.29 0 74.44 46.55 41.19 21 14.67 72.32 38.17 50.44 25.98 34.96 51.28 70.61 11.95 17.08 52.31 
22.78 31.3 30.36 53.7 24.15 27.77 32.78 32.61 80.1 0 36.27 33.52 51.24 64.68 2.88 33.84 24.88 69.24 50.67 21.53 31.96 91.55 91.21 26.75 
56.17 21.52 31.76 3.86 28.42 26.88 14.47 15.23 28.32 52.47 25.29 16.07 0 11.06 50.21 12.46 24.06 21.06 26.46 26.73 43.25 42.15 44.22 25.99 
22.78 31.3 30.36 53.7 24.15 27.77 32.78 32.61 80.1 0 36.27 33.52 51.24 64.68 2.88 33.84 24.88 69.24 50.67 21.53 31.96 91.55 91.21 26.75 
28.45 35.4 3.44 31.63 33.72 38.87 36.89 14 55.58 38.88 0 28.05 28.66 41.21 36.72 30.05 29.09 52.12 55.5 25.8 64.62 75.92 67.69 30.92 
Matriz de Costos>
67.22 30.35 41.02 7.7 36.69 36.45 23.82 24.67 19.27 61.52 34.61 26.95 5.08 0 59.33 27.97 34.8 8.88 19.6 35.76 54.63 30.09 35.53 36.57 
0 32.59 22.13 52.83 25.19 28.81 34.7 34.52 80.39 24.68 30.38 35.41 53.04 66.85 22.68 35.74 26.86 70.54 52.82 23.54 51.21 92.83 92.12 28.71 
35.68 3.95 30.8 15.04 8.9 9.24 0 32.9 42.66 32.51 36.51 13.92 15.51 28.5 30.57 10.5 11.65 32.46 16.64 9.69 25.52 56.92 60.81 13.71 
35.92 28.83 13.32 21.6 28.64 33.89 31.11 0 42.16 32.77 7.19 15.79 18.5 30.42 30.84 21.21 20.04 39.58 48.14 20.56 56.15 63.27 56.52 21.98 
28.45 35.4 3.44 31.63 33.72 38.87 36.89 14 55.58 38.88 0 28.05 28.66 41.21 36.72 30.05 29.09 52.12 55.5 25.8 64.62 75.92 67.69 30.92 
35.34 10.2 24.6 17.32 7.53 13.26 11.99 14.99 47.66 32.72 25.06 0 16.79 32.72 30.78 3.02 3.89 36.05 28.75 5.4 35.94 59.9 65.41 5.22 
Dimension>47
13.67 22.51 21.48 40.36 15.13 18.84 24 23.85 68.91 21.05 27.61 24.82 40.63 54.8 0 25.1 15.85 59.39 40.34 12.36 39.4 82.26 82.13 17.82 
39.61 5.18 28.17 13.23 13.34 10.94 8.69 18.25 45.42 36.18 28.18 4.84 13.64 30.93 34.26 0 8.4 34.27 25.67 11.28 32.14 55.75 68.61 10.49 
35.34 10.2 24.6 17.32 7.53 13.26 11.99 14.99 47.66 32.72 25.06 0 16.79 32.72 30.78 3.02 3.89 36.05 28.75 5.4 35.94 59.9 65.41 5.22 
34.36 0 29.77 22.82 6.62 4.7 5.85 28.91 49.16 31.49 32.57 11.87 23.27 34.21 29.55 5.09 10.64 38.06 22.66 8.67 25.79 63.11 66.85 12.71 
Dimension>47
56.17 21.52 31.76 3.86 28.42 26.88 14.47 15.23 28.32 52.47 25.29 16.07 0 11.06 50.21 12.46 24.06 21.06 26.46 26.73 43.25 42.15 44.22 25.99 
67.22 30.35 41.02 7.7 36.69 36.45 23.82 24.67 19.27 61.52 34.61 26.95 5.08 0 59.33 27.97 34.8 8.88 19.6 35.76 54.63 30.09 35.53 36.57 
Bandera>13
Fitness Greedy Costo>527.68
33.24 11.11 25.19 25.63 9.11 14.81 12.57 19.06 55.43 30.06 25.64 6.8 25.12 39.3 28.12 9.56 0 43.5 29.3 2.14 37.31 67.9 74.46 1.31 
69.38 35.14 55 18.6 41.75 41.46 29.09 36.48 26.91 66.95 47.15 37.05 17.9 12.23 64.79 33.69 42.19 0 19.53 42.56 54.38 23.51 33.61 44.14 
56.17 21.52 31.76 3.86 28.42 26.88 14.47 15.23 28.32 52.47 25.29 16.07 0 11.06 50.21 12.46 24.06 21.06 26.46 26.73 43.25 42.15 44.22 25.99 
67.22 30.35 41.02 7.7 36.69 36.45 23.82 24.67 19.27 61.52 34.61 26.95 5.08 0 59.33 27.97 34.8 8.88 19.6 35.76 54.63 30.09 35.53 36.57 
20.02 35.38 0 33.83 33.69 38.85 36.86 15.46 62.48 38.78 10.31 26.26 33.35 47.99 36.69 30.04 28.87 59.3 55.39 25.78 64.51 79.99 71.84 30.71 
77.93 46.28 54.55 22.3 53.27 53.07 38.04 35.29 0 74.44 46.55 41.19 21 14.67 72.32 38.17 50.44 25.98 34.96 51.28 70.61 11.95 17.08 52.31 
22.78 31.3 30.36 53.7 24.15 27.77 32.78 32.61 80.1 0 36.27 33.52 51.24 64.68 2.88 33.84 24.88 69.24 50.67 21.53 31.96 91.55 91.21 26.75 
Bandera>13
Fitness Greedy Costo>527.68
Solucion Greedy Costo>2 10 7 11 0 14 19 16 23 0 9 4 5 1 0 6 15 3 12 0 20 18 17 13 0 24 8 21 22 0 0 0 0 0 0 0 0 0 0 0 0 0 0 0 0 0 0 
Linea Vacia>
Solucion Greedy Costo>2 10 7 11 0 14 19 16 23 0 9 4 5 1 0 6 15 3 12 0 20 18 17 13 0 24 8 21 22 0 0 0 0 0 0 0 0 0 0 0 0 0 0 0 0 0 0 
Linea Vacia>
54.17 19.16 48.68 24.03 25.82 25.56 12.72 45.33 36.24 50.44 49.79 28.52 28.37 22.91 48.17 24.12 28.36 20.73 0 26.55 41.29 39.9 51.09 30.24 
32.45 7.02 25.31 25.61 5.33 10.78 8.51 22.02 53.3 29.24 25.77 9.27 26.06 37.12 27.28 10.67 1.49 42.48 25.55 0 33.72 66.2 70.84 2.83 
55.2 19.81 31.08 0 26.44 25.67 12.34 20.5 29.47 51.48 30.34 14.84 4.89 15.27 49.21 11.14 22.88 18.3 21.2 25.3 41.09 39.55 47.51 24.82 
13.67 22.51 21.48 40.36 15.13 18.84 24 23.85 68.91 21.05 27.61 24.82 40.63 54.8 0 25.1 15.85 59.39 40.34 12.36 39.4 82.26 82.13 17.82 
39.61 5.18 28.17 13.23 13.34 10.94 8.69 18.25 45.42 36.18 28.18 4.84 13.64 30.93 34.26 0 8.4 34.27 25.67 11.28 32.14 55.75 68.61 10.49 
44.37 25.95 54.35 41.41 24.44 22.03 24.61 56.57 71.53 27.18 60.92 38.69 41.97 56.07 39.56 31.91 38.62 57.85 41.86 34.79 0 80.67 87.78 40.39 
13.67 22.51 21.48 40.36 15.13 18.84 24 23.85 68.91 21.05 27.61 24.82 40.63 54.8 0 25.1 15.85 59.39 40.34 12.36 39.4 82.26 82.13 17.82 
39.61 5.18 28.17 13.23 13.34 10.94 8.69 18.25 45.42 36.18 28.18 4.84 13.64 30.93 34.26 0 8.4 34.27 25.67 11.28 32.14 55.75 68.61 10.49 
26.58 5.28 27.68 26.62 0 3 9.64 28.27 53.94 24.5 31.93 9.42 27.07 38 22.52 10.95 7.11 43.22 26.56 5.54 24.47 67.76 71.37 9.22 
28.45 35.4 3.44 31.63 33.72 38.87 36.89 14 55.58 38.88 0 28.05 28.66 41.21 36.72 30.05 29.09 52.12 55.5 25.8 64.62 75.92 67.69 30.92 
33.24 11.11 25.19 25.63 9.11 14.81 12.57 19.06 55.43 30.06 25.64 6.8 25.12 39.3 28.12 9.56 0 43.5 29.3 2.14 37.31 67.9 74.46 1.31 
69.38 35.14 55 18.6 41.75 41.46 29.09 36.48 26.91 66.95 47.15 37.05 17.9 12.23 64.79 33.69 42.19 0 19.53 42.56 54.38 23.51 33.61 44.14 
81.27 44.48 58.22 24.77 51.83 51.55 37.26 38.68 1.55 77.84 50.31 44.98 23.47 17.32 75.74 41.31 54.13 23.73 32.8 52.61 69.77 0 14.77 55.97 
95.05 63.3 69.22 41.52 70.14 71.76 56.39 54.05 14.09 93.96 65.09 68.85 40.17 34 92 64.16 71.47 30.25 52.44 70.86 88.44 13.72 0 73.13 
33.39 2.37 28.46 23.02 6.06 0 5.01 28.16 49.09 30.2 31.84 11.03 22.62 33.89 28.24 4.22 9.35 37.74 22.25 7.37 25.29 63.11 66.84 11.43 
35.34 10.2 24.6 17.32 7.53 13.26 11.99 14.99 47.66 32.72 25.06 0 16.79 32.72 30.78 3.02 3.89 36.05 28.75 5.4 35.94 59.9 65.41 5.22 
33.24 11.11 25.19 25.63 9.11 14.81 12.57 19.06 55.43 30.06 25.64 6.8 25.12 39.3 28.12 9.56 0 43.5 29.3 2.14 37.31 67.9 74.46 1.31 
69.38 35.14 55 18.6 41.75 41.46 29.09 36.48 26.91 66.95 47.15 37.05 17.9 12.23 64.79 33.69 42.19 0 19.53 42.56 54.38 23.51 33.61 44.14 
35.68 3.95 30.8 15.04 8.9 9.24 0 32.9 42.66 32.51 36.51 13.92 15.51 28.5 30.57 10.5 11.65 32.46 16.64 9.69 25.52 56.92 60.81 13.71 
54.17 19.16 48.68 24.03 25.82 25.56 12.72 45.33 36.24 50.44 49.79 28.52 28.37 22.91 48.17 24.12 28.36 20.73 0 26.55 41.29 39.9 51.09 30.24 
32.45 7.02 25.31 25.61 5.33 10.78 8.51 22.02 53.3 29.24 25.77 9.27 26.06 37.12 27.28 10.67 1.49 42.48 25.55 0 33.72 66.2 70.84 2.83 
Dimension>47
34.33 9.11 26.25 27.54 7.09 12.84 10.59 20.11 55.44 31.15 26.71 8.12 26.34 39.15 29.21 10.86 1.98 44.7 27.48 0.83 35.57 69.23 72.83 0 
35.92 28.83 13.32 21.6 28.64 33.89 31.11 0 42.16 32.77 7.19 15.79 18.5 30.42 30.84 21.21 20.04 39.58 48.14 20.56 56.15 63.27 56.52 21.98 
56.17 21.52 31.76 3.86 28.42 26.88 14.47 15.23 28.32 52.47 25.29 16.07 0 11.06 50.21 12.46 24.06 21.06 26.46 26.73 43.25 42.15 44.22 25.99 
67.22 30.35 41.02 7.7 36.69 36.45 23.82 24.67 19.27 61.52 34.61 26.95 5.08 0 59.33 27.97 34.8 8.88 19.6 35.76 54.63 30.09 35.53 36.57 
44.37 25.95 54.35 41.41 24.44 22.03 24.61 56.57 71.53 27.18 60.92 38.69 41.97 56.07 39.56 31.91 38.62 57.85 41.86 34.79 0 80.67 87.78 40.39 
81.27 44.48 58.22 24.77 51.83 51.55 37.26 38.68 1.55 77.84 50.31 44.98 23.47 17.32 75.74 41.31 54.13 23.73 32.8 52.61 69.77 0 14.77 55.97 
54.17 19.16 48.68 24.03 25.82 25.56 12.72 45.33 36.24 50.44 49.79 28.52 28.37 22.91 48.17 24.12 28.36 20.73 0 26.55 41.29 39.9 51.09 30.24 
32.45 7.02 25.31 25.61 5.33 10.78 8.51 22.02 53.3 29.24 25.77 9.27 26.06 37.12 27.28 10.67 1.49 42.48 25.55 0 33.72 66.2 70.84 2.83 
77.93 46.28 54.55 22.3 53.27 53.07 38.04 35.29 0 74.44 46.55 41.19 21 14.67 72.32 38.17 50.44 25.98 34.96 51.28 70.61 11.95 17.08 52.31 
Bandera>13
Fitness Greedy Costo>527.68
Solucion Greedy Costo>2 10 7 11 0 14 19 16 23 0 9 4 5 1 0 6 15 3 12 0 20 18 17 13 0 24 8 21 22 0 0 0 0 0 0 0 0 0 0 0 0 0 0 0 0 0 0 
Linea Vacia>
44.37 25.95 54.35 41.41 24.44 22.03 24.61 56.57 71.53 27.18 60.92 38.69 41.97 56.07 39.56 31.91 38.62 57.85 41.86 34.79 0 80.67 87.78 40.39 
22.78 31.3 30.36 53.7 24.15 27.77 32.78 32.61 80.1 0 36.27 33.52 51.24 64.68 2.88 33.84 24.88 69.24 50.67 21.53 31.96 91.55 91.21 26.75 
13.67 22.51 21.48 40.36 15.13 18.84 24 23.85 68.91 21.05 27.61 24.82 40.63 54.8 0 25.1 15.85 59.39 40.34 12.36 39.4 82.26 82.13 17.82 
39.61 5.18 28.17 13.23 13.34 10.94 8.69 18.25 45.42 36.18 28.18 4.84 13.64 30.93 34.26 0 8.4 34.27 25.67 11.28 32.14 55.75 68.61 10.49 
95.05 63.3 69.22 41.52 70.14 71.76 56.39 54.05 14.09 93.96 65.09 68.85 40.17 34 92 64.16 71.47 30.25 52.44 70.86 88.44 13.72 0 73.13 
34.33 9.11 26.25 27.54 7.09 12.84 10.59 20.11 55.44 31.15 26.71 8.12 26.34 39.15 29.21 10.86 1.98 44.7 27.48 0.83 35.57 69.23 72.83 0 
81.27 44.48 58.22 24.77 51.83 51.55 37.26 38.68 1.55 77.84 50.31 44.98 23.47 17.32 75.74 41.31 54.13 23.73 32.8 52.61 69.77 0 14.77 55.97 
28.45 35.4 3.44 31.63 33.72 38.87 36.89 14 55.58 38.88 0 28.05 28.66 41.21 36.72 30.05 29.09 52.12 55.5 25.8 64.62 75.92 67.69 30.92 
33.24 11.11 25.19 25.63 9.11 14.81 12.57 19.06 55.43 30.06 25.64 6.8 25.12 39.3 28.12 9.56 0 43.5 29.3 2.14 37.31 67.9 74.46 1.31 
95.05 63.3 69.22 41.52 70.14 71.76 56.39 54.05 14.09 93.96 65.09 68.85 40.17 34 92 64.16 71.47 30.25 52.44 70.86 88.44 13.72 0 73.13 
35.34 10.2 24.6 17.32 7.53 13.26 11.99 14.99 47.66 32.72 25.06 0 16.79 32.72 30.78 3.02 3.89 36.05 28.75 5.4 35.94 59.9 65.41 5.22 
69.38 35.14 55 18.6 41.75 41.46 29.09 36.48 26.91 66.95 47.15 37.05 17.9 12.23 64.79 33.69 42.19 0 19.53 42.56 54.38 23.51 33.61 44.14 
34.33 9.11 26.25 27.54 7.09 12.84 10.59 20.11 55.44 31.15 26.71 8.12 26.34 39.15 29.21 10.86 1.98 44.7 27.48 0.83 35.57 69.23 72.83 0 
56.17 21.52 31.76 3.86 28.42 26.88 14.47 15.23 28.32 52.47 25.29 16.07 0 11.06 50.21 12.46 24.06 21.06 26.46 26.73 43.25 42.15 44.22 25.99 
54.17 19.16 48.68 24.03 25.82 25.56 12.72 45.33 36.24 50.44 49.79 28.52 28.37 22.91 48.17 24.12 28.36 20.73 0 26.55 41.29 39.9 51.09 30.24 
Matriz de Costos>
Matriz de Costos>
Dimension>47
67.22 30.35 41.02 7.7 36.69 36.45 23.82 24.67 19.27 61.52 34.61 26.95 5.08 0 59.33 27.97 34.8 8.88 19.6 35.76 54.63 30.09 35.53 36.57 
32.45 7.02 25.31 25.61 5.33 10.78 8.51 22.02 53.3 29.24 25.77 9.27 26.06 37.12 27.28 10.67 1.49 42.48 25.55 0 33.72 66.2 70.84 2.83 
0 32.59 22.13 52.83 25.19 28.81 34.7 34.52 80.39 24.68 30.38 35.41 53.04 66.85 22.68 35.74 26.86 70.54 52.82 23.54 51.21 92.83 92.12 28.71 
0 32.59 22.13 52.83 25.19 28.81 34.7 34.52 80.39 24.68 30.38 35.41 53.04 66.85 22.68 35.74 26.86 70.54 52.82 23.54 51.21 92.83 92.12 28.71 
Bandera>13
Fitness Greedy Costo>527.68
13.67 22.51 21.48 40.36 15.13 18.84 24 23.85 68.91 21.05 27.61 24.82 40.63 54.8 0 25.1 15.85 59.39 40.34 12.36 39.4 82.26 82.13 17.82 
39.61 5.18 28.17 13.23 13.34 10.94 8.69 18.25 45.42 36.18 28.18 4.84 13.64 30.93 34.26 0 8.4 34.27 25.67 11.28 32.14 55.75 68.61 10.49 
44.37 25.95 54.35 41.41 24.44 22.03 24.61 56.57 71.53 27.18 60.92 38.69 41.97 56.07 39.56 31.91 38.62 57.85 41.86 34.79 0 80.67 87.78 40.39 
81.27 44.48 58.22 24.77 51.83 51.55 37.26 38.68 1.55 77.84 50.31 44.98 23.47 17.32 75.74 41.31 54.13 23.73 32.8 52.61 69.77 0 14.77 55.97 
34.36 0 29.77 22.82 6.62 4.7 5.85 28.91 49.16 31.49 32.57 11.87 23.27 34.21 29.55 5.09 10.64 38.06 22.66 8.67 25.79 63.11 66.85 12.71 
20.02 35.38 0 33.83 33.69 38.85 36.86 15.46 62.48 38.78 10.31 26.26 33.35 47.99 36.69 30.04 28.87 59.3 55.39 25.78 64.51 79.99 71.84 30.71 
34.36 0 29.77 22.82 6.62 4.7 5.85 28.91 49.16 31.49 32.57 11.87 23.27 34.21 29.55 5.09 10.64 38.06 22.66 8.67 25.79 63.11 66.85 12.71 
20.02 35.38 0 33.83 33.69 38.85 36.86 15.46 62.48 38.78 10.31 26.26 33.35 47.99 36.69 30.04 28.87 59.3 55.39 25.78 64.51 79.99 71.84 30.71 
33.24 11.11 25.19 25.63 9.11 14.81 12.57 19.06 55.43 30.06 25.64 6.8 25.12 39.3 28.12 9.56 0 43.5 29.3 2.14 37.31 67.9 74.46 1.31 
95.05 63.3 69.22 41.52 70.14 71.76 56.39 54.05 14.09 93.96 65.09 68.85 40.17 34 92 64.16 71.47 30.25 52.44 70.86 88.44 13.72 0 73.13 
55.2 19.81 31.08 0 26.44 25.67 12.34 20.5 29.47 51.48 30.34 14.84 4.89 15.27 49.21 11.14 22.88 18.3 21.2 25.3 41.09 39.55 47.51 24.82 
Matriz de Costos>
0 32.59 22.13 52.83 25.19 28.81 34.7 34.52 80.39 24.68 30.38 35.41 53.04 66.85 22.68 35.74 26.86 70.54 52.82 23.54 51.21 92.83 92.12 28.71 
Solucion Greedy Costo>2 10 7 11 0 14 19 16 23 0 9 4 5 1 0 6 15 3 12 0 20 18 17 13 0 24 8 21 22 0 0 0 0 0 0 0 0 0 0 0 0 0 0 0 0 0 0 
Linea Vacia>
69.38 35.14 55 18.6 41.75 41.46 29.09 36.48 26.91 66.95 47.15 37.05 17.9 12.23 64.79 33.69 42.19 0 19.53 42.56 54.38 23.51 33.61 44.14 
55.2 19.81 31.08 0 26.44 25.67 12.34 20.5 29.47 51.48 30.34 14.84 4.89 15.27 49.21 11.14 22.88 18.3 21.2 25.3 41.09 39.55 47.51 24.82 
26.58 5.28 27.68 26.62 0 3 9.64 28.27 53.94 24.5 31.93 9.42 27.07 38 22.52 10.95 7.11 43.22 26.56 5.54 24.47 67.76 71.37 9.22 
26.58 5.28 27.68 26.62 0 3 9.64 28.27 53.94 24.5 31.93 9.42 27.07 38 22.52 10.95 7.11 43.22 26.56 5.54 24.47 67.76 71.37 9.22 
54.17 19.16 48.68 24.03 25.82 25.56 12.72 45.33 36.24 50.44 49.79 28.52 28.37 22.91 48.17 24.12 28.36 20.73 0 26.55 41.29 39.9 51.09 30.24 
32.45 7.02 25.31 25.61 5.33 10.78 8.51 22.02 53.3 29.24 25.77 9.27 26.06 37.12 27.28 10.67 1.49 42.48 25.55 0 33.72 66.2 70.84 2.83 
34.33 9.11 26.25 27.54 7.09 12.84 10.59 20.11 55.44 31.15 26.71 8.12 26.34 39.15 29.21 10.86 1.98 44.7 27.48 0.83 35.57 69.23 72.83 0 
34.36 0 29.77 22.82 6.62 4.7 5.85 28.91 49.16 31.49 32.57 11.87 23.27 34.21 29.55 5.09 10.64 38.06 22.66 8.67 25.79 63.11 66.85 12.71 
20.02 35.38 0 33.83 33.69 38.85 36.86 15.46 62.48 38.78 10.31 26.26 33.35 47.99 36.69 30.04 28.87 59.3 55.39 25.78 64.51 79.99 71.84 30.71 
55.2 19.81 31.08 0 26.44 25.67 12.34 20.5 29.47 51.48 30.34 14.84 4.89 15.27 49.21 11.14 22.88 18.3 21.2 25.3 41.09 39.55 47.51 24.82 
Dimension>47
Bandera>13
44.37 25.95 54.35 41.41 24.44 22.03 24.61 56.57 71.53 27.18 60.92 38.69 41.97 56.07 39.56 31.91 38.62 57.85 41.86 34.79 0 80.67 87.78 40.39 
33.39 2.37 28.46 23.02 6.06 0 5.01 28.16 49.09 30.2 31.84 11.03 22.62 33.89 28.24 4.22 9.35 37.74 22.25 7.37 25.29 63.11 66.84 11.43 
35.68 3.95 30.8 15.04 8.9 9.24 0 32.9 42.66 32.51 36.51 13.92 15.51 28.5 30.57 10.5 11.65 32.46 16.64 9.69 25.52 56.92 60.81 13.71 
33.39 2.37 28.46 23.02 6.06 0 5.01 28.16 49.09 30.2 31.84 11.03 22.62 33.89 28.24 4.22 9.35 37.74 22.25 7.37 25.29 63.11 66.84 11.43 
35.68 3.95 30.8 15.04 8.9 9.24 0 32.9 42.66 32.51 36.51 13.92 15.51 28.5 30.57 10.5 11.65 32.46 16.64 9.69 25.52 56.92 60.81 13.71 
Fitness Greedy Costo>527.68
35.92 28.83 13.32 21.6 28.64 33.89 31.11 0 42.16 32.77 7.19 15.79 18.5 30.42 30.84 21.21 20.04 39.58 48.14 20.56 56.15 63.27 56.52 21.98 
35.92 28.83 13.32 21.6 28.64 33.89 31.11 0 42.16 32.77 7.19 15.79 18.5 30.42 30.84 21.21 20.04 39.58 48.14 20.56 56.15 63.27 56.52 21.98 
26.58 5.28 27.68 26.62 0 3 9.64 28.27 53.94 24.5 31.93 9.42 27.07 38 22.52 10.95 7.11 43.22 26.56 5.54 24.47 67.76 71.37 9.22 
33.39 2.37 28.46 23.02 6.06 0 5.01 28.16 49.09 30.2 31.84 11.03 22.62 33.89 28.24 4.22 9.35 37.74 22.25 7.37 25.29 63.11 66.84 11.43 
Solucion Greedy Costo>2 10 7 11 0 14 19 16 23 0 9 4 5 1 0 6 15 3 12 0 20 18 17 13 0 24 8 21 22 0 0 0 0 0 0 0 0 0 0 0 0 0 0 0 0 0 0 
Linea Vacia>
81.27 44.48 58.22 24.77 51.83 51.55 37.26 38.68 1.55 77.84 50.31 44.98 23.47 17.32 75.74 41.31 54.13 23.73 32.8 52.61 69.77 0 14.77 55.97 
95.05 63.3 69.22 41.52 70.14 71.76 56.39 54.05 14.09 93.96 65.09 68.85 40.17 34 92 64.16 71.47 30.25 52.44 70.86 88.44 13.72 0 73.13 
77.93 46.28 54.55 22.3 53.27 53.07 38.04 35.29 0 74.44 46.55 41.19 21 14.67 72.32 38.17 50.44 25.98 34.96 51.28 70.61 11.95 17.08 52.31 
22.78 31.3 30.36 53.7 24.15 27.77 32.78 32.61 80.1 0 36.27 33.52 51.24 64.68 2.88 33.84 24.88 69.24 50.67 21.53 31.96 91.55 91.21 26.75 
77.93 46.28 54.55 22.3 53.27 53.07 38.04 35.29 0 74.44 46.55 41.19 21 14.67 72.32 38.17 50.44 25.98 34.96 51.28 70.61 11.95 17.08 52.31 
22.78 31.3 30.36 53.7 24.15 27.77 32.78 32.61 80.1 0 36.27 33.52 51.24 64.68 2.88 33.84 24.88 69.24 50.67 21.53 31.96 91.55 91.21 26.75 
35.68 3.95 30.8 15.04 8.9 9.24 0 32.9 42.66 32.51 36.51 13.92 15.51 28.5 30.57 10.5 11.65 32.46 16.64 9.69 25.52 56.92 60.81 13.71 
35.92 28.83 13.32 21.6 28.64 33.89 31.11 0 42.16 32.77 7.19 15.79 18.5 30.42 30.84 21.21 20.04 39.58 48.14 20.56 56.15 63.27 56.52 21.98 
34.33 9.11 26.25 27.54 7.09 12.84 10.59 20.11 55.44 31.15 26.71 8.12 26.34 39.15 29.21 10.86 1.98 44.7 27.48 0.83 35.57 69.23 72.83 0 
28.45 35.4 3.44 31.63 33.72 38.87 36.89 14 55.58 38.88 0 28.05 28.66 41.21 36.72 30.05 29.09 52.12 55.5 25.8 64.62 75.92 67.69 30.92 
35.34 10.2 24.6 17.32 7.53 13.26 11.99 14.99 47.66 32.72 25.06 0 16.79 32.72 30.78 3.02 3.89 36.05 28.75 5.4 35.94 59.9 65.41 5.22 
28.45 35.4 3.44 31.63 33.72 38.87 36.89 14 55.58 38.88 0 28.05 28.66 41.21 36.72 30.05 29.09 52.12 55.5 25.8 64.62 75.92 67.69 30.92 
77.93 46.28 54.55 22.3 53.27 53.07 38.04 35.29 0 74.44 46.55 41.19 21 14.67 72.32 38.17 50.44 25.98 34.96 51.28 70.61 11.95 17.08 52.31 
22.78 31.3 30.36 53.7 24.15 27.77 32.78 32.61 80.1 0 36.27 33.52 51.24 64.68 2.88 33.84 24.88 69.24 50.67 21.53 31.96 91.55 91.21 26.75 
35.34 10.2 24.6 17.32 7.53 13.26 11.99 14.99 47.66 32.72 25.06 0 16.79 32.72 30.78 3.02 3.89 36.05 28.75 5.4 35.94 59.9 65.41 5.22 
56.17 21.52 31.76 3.86 28.42 26.88 14.47 15.23 28.32 52.47 25.29 16.07 0 11.06 50.21 12.46 24.06 21.06 26.46 26.73 43.25 42.15 44.22 25.99 
28.45 35.4 3.44 31.63 33.72 38.87 36.89 14 55.58 38.88 0 28.05 28.66 41.21 36.72 30.05 29.09 52.12 55.5 25.8 64.62 75.92 67.69 30.92 
35.34 10.2 24.6 17.32 7.53 13.26 11.99 14.99 47.66 32.72 25.06 0 16.79 32.72 30.78 3.02 3.89 36.05 28.75 5.4 35.94 59.9 65.41 5.22 
Matriz de Costos>
0 32.59 22.13 52.83 25.19 28.81 34.7 34.52 80.39 24.68 30.38 35.41 53.04 66.85 22.68 35.74 26.86 70.54 52.82 23.54 51.21 92.83 92.12 28.71 
67.22 30.35 41.02 7.7 36.69 36.45 23.82 24.67 19.27 61.52 34.61 26.95 5.08 0 59.33 27.97 34.8 8.88 19.6 35.76 54.63 30.09 35.53 36.57 
13.67 22.51 21.48 40.36 15.13 18.84 24 23.85 68.91 21.05 27.61 24.82 40.63 54.8 0 25.1 15.85 59.39 40.34 12.36 39.4 82.26 82.13 17.82 
56.17 21.52 31.76 3.86 28.42 26.88 14.47 15.23 28.32 52.47 25.29 16.07 0 11.06 50.21 12.46 24.06 21.06 26.46 26.73 43.25 42.15 44.22 25.99 
67.22 30.35 41.02 7.7 36.69 36.45 23.82 24.67 19.27 61.52 34.61 26.95 5.08 0 59.33 27.97 34.8 8.88 19.6 35.76 54.63 30.09 35.53 36.57 
56.17 21.52 31.76 3.86 28.42 26.88 14.47 15.23 28.32 52.47 25.29 16.07 0 11.06 50.21 12.46 24.06 21.06 26.46 26.73 43.25 42.15 44.22 25.99 
67.22 30.35 41.02 7.7 36.69 36.45 23.82 24.67 19.27 61.52 34.61 26.95 5.08 0 59.33 27.97 34.8 8.88 19.6 35.76 54.63 30.09 35.53 36.57 
34.36 0 29.77 22.82 6.62 4.7 5.85 28.91 49.16 31.49 32.57 11.87 23.27 34.21 29.55 5.09 10.64 38.06 22.66 8.67 25.79 63.11 66.85 12.71 
39.61 5.18 28.17 13.23 13.34 10.94 8.69 18.25 45.42 36.18 28.18 4.84 13.64 30.93 34.26 0 8.4 34.27 25.67 11.28 32.14 55.75 68.61 10.49 
13.67 22.51 21.48 40.36 15.13 18.84 24 23.85 68.91 21.05 27.61 24.82 40.63 54.8 0 25.1 15.85 59.39 40.34 12.36 39.4 82.26 82.13 17.82 
20.02 35.38 0 33.83 33.69 38.85 36.86 15.46 62.48 38.78 10.31 26.26 33.35 47.99 36.69 30.04 28.87 59.3 55.39 25.78 64.51 79.99 71.84 30.71 
39.61 5.18 28.17 13.23 13.34 10.94 8.69 18.25 45.42 36.18 28.18 4.84 13.64 30.93 34.26 0 8.4 34.27 25.67 11.28 32.14 55.75 68.61 10.49 
13.67 22.51 21.48 40.36 15.13 18.84 24 23.85 68.91 21.05 27.61 24.82 40.63 54.8 0 25.1 15.85 59.39 40.34 12.36 39.4 82.26 82.13 17.82 
39.61 5.18 28.17 13.23 13.34 10.94 8.69 18.25 45.42 36.18 28.18 4.84 13.64 30.93 34.26 0 8.4 34.27 25.67 11.28 32.14 55.75 68.61 10.49 
33.24 11.11 25.19 25.63 9.11 14.81 12.57 19.06 55.43 30.06 25.64 6.8 25.12 39.3 28.12 9.56 0 43.5 29.3 2.14 37.31 67.9 74.46 1.31 
69.38 35.14 55 18.6 41.75 41.46 29.09 36.48 26.91 66.95 47.15 37.05 17.9 12.23 64.79 33.69 42.19 0 19.53 42.56 54.38 23.51 33.61 44.14 
33.24 11.11 25.19 25.63 9.11 14.81 12.57 19.06 55.43 30.06 25.64 6.8 25.12 39.3 28.12 9.56 0 43.5 29.3 2.14 37.31 67.9 74.46 1.31 
33.24 11.11 25.19 25.63 9.11 14.81 12.57 19.06 55.43 30.06 25.64 6.8 25.12 39.3 28.12 9.56 0 43.5 29.3 2.14 37.31 67.9 74.46 1.31 
69.38 35.14 55 18.6 41.75 41.46 29.09 36.48 26.91 66.95 47.15 37.05 17.9 12.23 64.79 33.69 42.19 0 19.53 42.56 54.38 23.51 33.61 44.14 
55.2 19.81 31.08 0 26.44 25.67 12.34 20.5 29.47 51.48 30.34 14.84 4.89 15.27 49.21 11.14 22.88 18.3 21.2 25.3 41.09 39.55 47.51 24.82 
26.58 5.28 27.68 26.62 0 3 9.64 28.27 53.94 24.5 31.93 9.42 27.07 38 22.52 10.95 7.11 43.22 26.56 5.54 24.47 67.76 71.37 9.22 
54.17 19.16 48.68 24.03 25.82 25.56 12.72 45.33 36.24 50.44 49.79 28.52 28.37 22.91 48.17 24.12 28.36 20.73 0 26.55 41.29 39.9 51.09 30.24 
32.45 7.02 25.31 25.61 5.33 10.78 8.51 22.02 53.3 29.24 25.77 9.27 26.06 37.12 27.28 10.67 1.49 42.48 25.55 0 33.72 66.2 70.84 2.83 
Dimension>47
69.38 35.14 55 18.6 41.75 41.46 29.09 36.48 26.91 66.95 47.15 37.05 17.9 12.23 64.79 33.69 42.19 0 19.53 42.56 54.38 23.51 33.61 44.14 
54.17 19.16 48.68 24.03 25.82 25.56 12.72 45.33 36.24 50.44 49.79 28.52 28.37 22.91 48.17 24.12 28.36 20.73 0 26.55 41.29 39.9 51.09 30.24 
Matriz de Costos>
0 32.59 22.13 52.83 25.19 28.81 34.7 34.52 80.39 24.68 30.38 35.41 53.04 66.85 22.68 35.74 26.86 70.54 52.82 23.54 51.21 92.83 92.12 28.71 
Dimension>47
Bandera>13
Fitness Greedy Costo>527.68
Solucion Greedy Costo>2 10 7 11 0 14 19 16 23 0 9 4 5 1 0 6 15 3 12 0 20 18 17 13 0 24 8 21 22 0 0 0 0 0 0 0 0 0 0 0 0 0 0 0 0 0 0 
Linea Vacia>
44.37 25.95 54.35 41.41 24.44 22.03 24.61 56.57 71.53 27.18 60.92 38.69 41.97 56.07 39.56 31.91 38.62 57.85 41.86 34.79 0 80.67 87.78 40.39 
81.27 44.48 58.22 24.77 51.83 51.55 37.26 38.68 1.55 77.84 50.31 44.98 23.47 17.32 75.74 41.31 54.13 23.73 32.8 52.61 69.77 0 14.77 55.97 
32.45 7.02 25.31 25.61 5.33 10.78 8.51 22.02 53.3 29.24 25.77 9.27 26.06 37.12 27.28 10.67 1.49 42.48 25.55 0 33.72 66.2 70.84 2.83 
44.37 25.95 54.35 41.41 24.44 22.03 24.61 56.57 71.53 27.18 60.92 38.69 41.97 56.07 39.56 31.91 38.62 57.85 41.86 34.79 0 80.67 87.78 40.39 
54.17 19.16 48.68 24.03 25.82 25.56 12.72 45.33 36.24 50.44 49.79 28.52 28.37 22.91 48.17 24.12 28.36 20.73 0 26.55 41.29 39.9 51.09 30.24 
32.45 7.02 25.31 25.61 5.33 10.78 8.51 22.02 53.3 29.24 25.77 9.27 26.06 37.12 27.28 10.67 1.49 42.48 25.55 0 33.72 66.2 70.84 2.83 
44.37 25.95 54.35 41.41 24.44 22.03 24.61 56.57 71.53 27.18 60.92 38.69 41.97 56.07 39.56 31.91 38.62 57.85 41.86 34.79 0 80.67 87.78 40.39 
81.27 44.48 58.22 24.77 51.83 51.55 37.26 38.68 1.55 77.84 50.31 44.98 23.47 17.32 75.74 41.31 54.13 23.73 32.8 52.61 69.77 0 14.77 55.97 
34.36 0 29.77 22.82 6.62 4.7 5.85 28.91 49.16 31.49 32.57 11.87 23.27 34.21 29.55 5.09 10.64 38.06 22.66 8.67 25.79 63.11 66.85 12.71 
20.02 35.38 0 33.83 33.69 38.85 36.86 15.46 62.48 38.78 10.31 26.26 33.35 47.99 36.69 30.04 28.87 59.3 55.39 25.78 64.51 79.99 71.84 30.71 
33.39 2.37 28.46 23.02 6.06 0 5.01 28.16 49.09 30.2 31.84 11.03 22.62 33.89 28.24 4.22 9.35 37.74 22.25 7.37 25.29 63.11 66.84 11.43 
35.68 3.95 30.8 15.04 8.9 9.24 0 32.9 42.66 32.51 36.51 13.92 15.51 28.5 30.57 10.5 11.65 32.46 16.64 9.69 25.52 56.92 60.81 13.71 
35.92 28.83 13.32 21.6 28.64 33.89 31.11 0 42.16 32.77 7.19 15.79 18.5 30.42 30.84 21.21 20.04 39.58 48.14 20.56 56.15 63.27 56.52 21.98 
77.93 46.28 54.55 22.3 53.27 53.07 38.04 35.29 0 74.44 46.55 41.19 21 14.67 72.32 38.17 50.44 25.98 34.96 51.28 70.61 11.95 17.08 52.31 
95.05 63.3 69.22 41.52 70.14 71.76 56.39 54.05 14.09 93.96 65.09 68.85 40.17 34 92 64.16 71.47 30.25 52.44 70.86 88.44 13.72 0 73.13 
34.33 9.11 26.25 27.54 7.09 12.84 10.59 20.11 55.44 31.15 26.71 8.12 26.34 39.15 29.21 10.86 1.98 44.7 27.48 0.83 35.57 69.23 72.83 0 
Bandera>13
Fitness Greedy Costo>527.68
Solucion Greedy Costo>2 10 7 11 0 14 19 16 23 0 9 4 5 1 0 6 15 3 12 0 20 18 17 13 0 24 8 21 22 0 0 0 0 0 0 0 0 0 0 0 0 0 0 0 0 0 0 
Linea Vacia>
55.2 19.81 31.08 0 26.44 25.67 12.34 20.5 29.47 51.48 30.34 14.84 4.89 15.27 49.21 11.14 22.88 18.3 21.2 25.3 41.09 39.55 47.51 24.82 
26.58 5.28 27.68 26.62 0 3 9.64 28.27 53.94 24.5 31.93 9.42 27.07 38 22.52 10.95 7.11 43.22 26.56 5.54 24.47 67.76 71.37 9.22 
22.78 31.3 30.36 53.7 24.15 27.77 32.78 32.61 80.1 0 36.27 33.52 51.24 64.68 2.88 33.84 24.88 69.24 50.67 21.53 31.96 91.55 91.21 26.75 
28.45 35.4 3.44 31.63 33.72 38.87 36.89 14 55.58 38.88 0 28.05 28.66 41.21 36.72 30.05 29.09 52.12 55.5 25.8 64.62 75.92 67.69 30.92 
Dimension>47
Bandera>13
Fitness Greedy Costo>527.68
81.27 44.48 58.22 24.77 51.83 51.55 37.26 38.68 1.55 77.84 50.31 44.98 23.47 17.32 75.74 41.31 54.13 23.73 32.8 52.61 69.77 0 14.77 55.97 
95.05 63.3 69.22 41.52 70.14 71.76 56.39 54.05 14.09 93.96 65.09 68.85 40.17 34 92 64.16 71.47 30.25 52.44 70.86 88.44 13.72 0 73.13 
34.33 9.11 26.25 27.54 7.09 12.84 10.59 20.11 55.44 31.15 26.71 8.12 26.34 39.15 29.21 10.86 1.98 44.7 27.48 0.83 35.57 69.23 72.83 0 
95.05 63.3 69.22 41.52 70.14 71.76 56.39 54.05 14.09 93.96 65.09 68.85 40.17 34 92 64.16 71.47 30.25 52.44 70.86 88.44 13.72 0 73.13 
34.33 9.11 26.25 27.54 7.09 12.84 10.59 20.11 55.44 31.15 26.71 8.12 26.34 39.15 29.21 10.86 1.98 44.7 27.48 0.83 35.57 69.23 72.83 0 
33.39 2.37 28.46 23.02 6.06 0 5.01 28.16 49.09 30.2 31.84 11.03 22.62 33.89 28.24 4.22 9.35 37.74 22.25 7.37 25.29 63.11 66.84 11.43 
35.68 3.95 30.8 15.04 8.9 9.24 0 32.9 42.66 32.51 36.51 13.92 15.51 28.5 30.57 10.5 11.65 32.46 16.64 9.69 25.52 56.92 60.81 13.71 
35.34 10.2 24.6 17.32 7.53 13.26 11.99 14.99 47.66 32.72 25.06 0 16.79 32.72 30.78 3.02 3.89 36.05 28.75 5.4 35.94 59.9 65.41 5.22 
56.17 21.52 31.76 3.86 28.42 26.88 14.47 15.23 28.32 52.47 25.29 16.07 0 11.06 50.21 12.46 24.06 21.06 26.46 26.73 43.25 42.15 44.22 25.99 
67.22 30.35 41.02 7.7 36.69 36.45 23.82 24.67 19.27 61.52 34.61 26.95 5.08 0 59.33 27.97 34.8 8.88 19.6 35.76 54.63 30.09 35.53 36.57 
Solucion Greedy Costo>2 10 7 11 0 14 19 16 23 0 9 4 5 1 0 6 15 3 12 0 20 18 17 13 0 24 8 21 22 0 0 0 0 0 0 0 0 0 0 0 0 0 0 0 0 0 0 
Linea Vacia>
35.92 28.83 13.32 21.6 28.64 33.89 31.11 0 42.16 32.77 7.19 15.79 18.5 30.42 30.84 21.21 20.04 39.58 48.14 20.56 56.15 63.27 56.52 21.98 
77.93 46.28 54.55 22.3 53.27 53.07 38.04 35.29 0 74.44 46.55 41.19 21 14.67 72.32 38.17 50.44 25.98 34.96 51.28 70.61 11.95 17.08 52.31 
13.67 22.51 21.48 40.36 15.13 18.84 24 23.85 68.91 21.05 27.61 24.82 40.63 54.8 0 25.1 15.85 59.39 40.34 12.36 39.4 82.26 82.13 17.82 
22.78 31.3 30.36 53.7 24.15 27.77 32.78 32.61 80.1 0 36.27 33.52 51.24 64.68 2.88 33.84 24.88 69.24 50.67 21.53 31.96 91.55 91.21 26.75 
28.45 35.4 3.44 31.63 33.72 38.87 36.89 14 55.58 38.88 0 28.05 28.66 41.21 36.72 30.05 29.09 52.12 55.5 25.8 64.62 75.92 67.69 30.92 
39.61 5.18 28.17 13.23 13.34 10.94 8.69 18.25 45.42 36.18 28.18 4.84 13.64 30.93 34.26 0 8.4 34.27 25.67 11.28 32.14 55.75 68.61 10.49 
35.34 10.2 24.6 17.32 7.53 13.26 11.99 14.99 47.66 32.72 25.06 0 16.79 32.72 30.78 3.02 3.89 36.05 28.75 5.4 35.94 59.9 65.41 5.22 
33.24 11.11 25.19 25.63 9.11 14.81 12.57 19.06 55.43 30.06 25.64 6.8 25.12 39.3 28.12 9.56 0 43.5 29.3 2.14 37.31 67.9 74.46 1.31 
Dimension>47
56.17 21.52 31.76 3.86 28.42 26.88 14.47 15.23 28.32 52.47 25.29 16.07 0 11.06 50.21 12.46 24.06 21.06 26.46 26.73 43.25 42.15 44.22 25.99 
67.22 30.35 41.02 7.7 36.69 36.45 23.82 24.67 19.27 61.52 34.61 26.95 5.08 0 59.33 27.97 34.8 8.88 19.6 35.76 54.63 30.09 35.53 36.57 
69.38 35.14 55 18.6 41.75 41.46 29.09 36.48 26.91 66.95 47.15 37.05 17.9 12.23 64.79 33.69 42.19 0 19.53 42.56 54.38 23.51 33.61 44.14 
54.17 19.16 48.68 24.03 25.82 25.56 12.72 45.33 36.24 50.44 49.79 28.52 28.37 22.91 48.17 24.12 28.36 20.73 0 26.55 41.29 39.9 51.09 30.24 
Matriz de Costos>
0 32.59 22.13 52.83 25.19 28.81 34.7 34.52 80.39 24.68 30.38 35.41 53.04 66.85 22.68 35.74 26.86 70.54 52.82 23.54 51.21 92.83 92.12 28.71 
13.67 22.51 21.48 40.36 15.13 18.84 24 23.85 68.91 21.05 27.61 24.82 40.63 54.8 0 25.1 15.85 59.39 40.34 12.36 39.4 82.26 82.13 17.82 
Bandera>13
Fitness Greedy Costo>527.68
Solucion Greedy Costo>2 10 7 11 0 14 19 16 23 0 9 4 5 1 0 6 15 3 12 0 20 18 17 13 0 24 8 21 22 0 0 0 0 0 0 0 0 0 0 0 0 0 0 0 0 0 0 
Linea Vacia>
32.45 7.02 25.31 25.61 5.33 10.78 8.51 22.02 53.3 29.24 25.77 9.27 26.06 37.12 27.28 10.67 1.49 42.48 25.55 0 33.72 66.2 70.84 2.83 
44.37 25.95 54.35 41.41 24.44 22.03 24.61 56.57 71.53 27.18 60.92 38.69 41.97 56.07 39.56 31.91 38.62 57.85 41.86 34.79 0 80.67 87.78 40.39 
34.36 0 29.77 22.82 6.62 4.7 5.85 28.91 49.16 31.49 32.57 11.87 23.27 34.21 29.55 5.09 10.64 38.06 22.66 8.67 25.79 63.11 66.85 12.71 
20.02 35.38 0 33.83 33.69 38.85 36.86 15.46 62.48 38.78 10.31 26.26 33.35 47.99 36.69 30.04 28.87 59.3 55.39 25.78 64.51 79.99 71.84 30.71 
39.61 5.18 28.17 13.23 13.34 10.94 8.69 18.25 45.42 36.18 28.18 4.84 13.64 30.93 34.26 0 8.4 34.27 25.67 11.28 32.14 55.75 68.61 10.49 
33.24 11.11 25.19 25.63 9.11 14.81 12.57 19.06 55.43 30.06 25.64 6.8 25.12 39.3 28.12 9.56 0 43.5 29.3 2.14 37.31 67.9 74.46 1.31 
69.38 35.14 55 18.6 41.75 41.46 29.09 36.48 26.91 66.95 47.15 37.05 17.9 12.23 64.79 33.69 42.19 0 19.53 42.56 54.38 23.51 33.61 44.14 
81.27 44.48 58.22 24.77 51.83 51.55 37.26 38.68 1.55 77.84 50.31 44.98 23.47 17.32 75.74 41.31 54.13 23.73 32.8 52.61 69.77 0 14.77 55.97 
95.05 63.3 69.22 41.52 70.14 71.76 56.39 54.05 14.09 93.96 65.09 68.85 40.17 34 92 64.16 71.47 30.25 52.44 70.86 88.44 13.72 0 73.13 
34.33 9.11 26.25 27.54 7.09 12.84 10.59 20.11 55.44 31.15 26.71 8.12 26.34 39.15 29.21 10.86 1.98 44.7 27.48 0.83 35.57 69.23 72.83 0 
Matriz de Costos>
0 32.59 22.13 52.83 25.19 28.81 34.7 34.52 80.39 24.68 30.38 35.41 53.04 66.85 22.68 35.74 26.86 70.54 52.82 23.54 51.21 92.83 92.12 28.71 
34.36 0 29.77 22.82 6.62 4.7 5.85 28.91 49.16 31.49 32.57 11.87 23.27 34.21 29.55 5.09 10.64 38.06 22.66 8.67 25.79 63.11 66.85 12.71 
55.2 19.81 31.08 0 26.44 25.67 12.34 20.5 29.47 51.48 30.34 14.84 4.89 15.27 49.21 11.14 22.88 18.3 21.2 25.3 41.09 39.55 47.51 24.82 
26.58 5.28 27.68 26.62 0 3 9.64 28.27 53.94 24.5 31.93 9.42 27.07 38 22.52 10.95 7.11 43.22 26.56 5.54 24.47 67.76 71.37 9.22 
33.39 2.37 28.46 23.02 6.06 0 5.01 28.16 49.09 30.2 31.84 11.03 22.62 33.89 28.24 4.22 9.35 37.74 22.25 7.37 25.29 63.11 66.84 11.43 
Matriz de Costos>
0 32.59 22.13 52.83 25.19 28.81 34.7 34.52 80.39 24.68 30.38 35.41 53.04 66.85 22.68 35.74 26.86 70.54 52.82 23.54 51.21 92.83 92.12 28.71 
54.17 19.16 48.68 24.03 25.82 25.56 12.72 45.33 36.24 50.44 49.79 28.52 28.37 22.91 48.17 24.12 28.36 20.73 0 26.55 41.29 39.9 51.09 30.24 
32.45 7.02 25.31 25.61 5.33 10.78 8.51 22.02 53.3 29.24 25.77 9.27 26.06 37.12 27.28 10.67 1.49 42.48 25.55 0 33.72 66.2 70.84 2.83 
44.37 25.95 54.35 41.41 24.44 22.03 24.61 56.57 71.53 27.18 60.92 38.69 41.97 56.07 39.56 31.91 38.62 57.85 41.86 34.79 0 80.67 87.78 40.39 
Dimension>47
Bandera>13
Fitness Greedy Costo>527.68
20.02 35.38 0 33.83 33.69 38.85 36.86 15.46 62.48 38.78 10.31 26.26 33.35 47.99 36.69 30.04 28.87 59.3 55.39 25.78 64.51 79.99 71.84 30.71 
55.2 19.81 31.08 0 26.44 25.67 12.34 20.5 29.47 51.48 30.34 14.84 4.89 15.27 49.21 11.14 22.88 18.3 21.2 25.3 41.09 39.55 47.51 24.82 
26.58 5.28 27.68 26.62 0 3 9.64 28.27 53.94 24.5 31.93 9.42 27.07 38 22.52 10.95 7.11 43.22 26.56 5.54 24.47 67.76 71.37 9.22 
33.39 2.37 28.46 23.02 6.06 0 5.01 28.16 49.09 30.2 31.84 11.03 22.62 33.89 28.24 4.22 9.35 37.74 22.25 7.37 25.29 63.11 66.84 11.43 
35.68 3.95 30.8 15.04 8.9 9.24 0 32.9 42.66 32.51 36.51 13.92 15.51 28.5 30.57 10.5 11.65 32.46 16.64 9.69 25.52 56.92 60.81 13.71 
35.92 28.83 13.32 21.6 28.64 33.89 31.11 0 42.16 32.77 7.19 15.79 18.5 30.42 30.84 21.21 20.04 39.58 48.14 20.56 56.15 63.27 56.52 21.98 
77.93 46.28 54.55 22.3 53.27 53.07 38.04 35.29 0 74.44 46.55 41.19 21 14.67 72.32 38.17 50.44 25.98 34.96 51.28 70.61 11.95 17.08 52.31 
34.36 0 29.77 22.82 6.62 4.7 5.85 28.91 49.16 31.49 32.57 11.87 23.27 34.21 29.55 5.09 10.64 38.06 22.66 8.67 25.79 63.11 66.85 12.71 
20.02 35.38 0 33.83 33.69 38.85 36.86 15.46 62.48 38.78 10.31 26.26 33.35 47.99 36.69 30.04 28.87 59.3 55.39 25.78 64.51 79.99 71.84 30.71 
55.2 19.81 31.08 0 26.44 25.67 12.34 20.5 29.47 51.48 30.34 14.84 4.89 15.27 49.21 11.14 22.88 18.3 21.2 25.3 41.09 39.55 47.51 24.82 
81.27 44.48 58.22 24.77 51.83 51.55 37.26 38.68 1.55 77.84 50.31 44.98 23.47 17.32 75.74 41.31 54.13 23.73 32.8 52.61 69.77 0 14.77 55.97 
95.05 63.3 69.22 41.52 70.14 71.76 56.39 54.05 14.09 93.96 65.09 68.85 40.17 34 92 64.16 71.47 30.25 52.44 70.86 88.44 13.72 0 73.13 
34.33 9.11 26.25 27.54 7.09 12.84 10.59 20.11 55.44 31.15 26.71 8.12 26.34 39.15 29.21 10.86 1.98 44.7 27.48 0.83 35.57 69.23 72.83 0 
22.78 31.3 30.36 53.7 24.15 27.77 32.78 32.61 80.1 0 36.27 33.52 51.24 64.68 2.88 33.84 24.88 69.24 50.67 21.53 31.96 91.55 91.21 26.75 
28.45 35.4 3.44 31.63 33.72 38.87 36.89 14 55.58 38.88 0 28.05 28.66 41.21 36.72 30.05 29.09 52.12 55.5 25.8 64.62 75.92 67.69 30.92 
35.34 10.2 24.6 17.32 7.53 13.26 11.99 14.99 47.66 32.72 25.06 0 16.79 32.72 30.78 3.02 3.89 36.05 28.75 5.4 35.94 59.9 65.41 5.22 
Solucion Greedy Costo>2 10 7 11 0 14 19 16 23 0 9 4 5 1 0 6 15 3 12 0 20 18 17 13 0 24 8 21 22 0 0 0 0 0 0 0 0 0 0 0 0 0 0 0 0 0 0 
Linea Vacia>
26.58 5.28 27.68 26.62 0 3 9.64 28.27 53.94 24.5 31.93 9.42 27.07 38 22.52 10.95 7.11 43.22 26.56 5.54 24.47 67.76 71.37 9.22 
Dimension>47
35.68 3.95 30.8 15.04 8.9 9.24 0 32.9 42.66 32.51 36.51 13.92 15.51 28.5 30.57 10.5 11.65 32.46 16.64 9.69 25.52 56.92 60.81 13.71 
35.92 28.83 13.32 21.6 28.64 33.89 31.11 0 42.16 32.77 7.19 15.79 18.5 30.42 30.84 21.21 20.04 39.58 48.14 20.56 56.15 63.27 56.52 21.98 
77.93 46.28 54.55 22.3 53.27 53.07 38.04 35.29 0 74.44 46.55 41.19 21 14.67 72.32 38.17 50.44 25.98 34.96 51.28 70.61 11.95 17.08 52.31 
22.78 31.3 30.36 53.7 24.15 27.77 32.78 32.61 80.1 0 36.27 33.52 51.24 64.68 2.88 33.84 24.88 69.24 50.67 21.53 31.96 91.55 91.21 26.75 
28.45 35.4 3.44 31.63 33.72 38.87 36.89 14 55.58 38.88 0 28.05 28.66 41.21 36.72 30.05 29.09 52.12 55.5 25.8 64.62 75.92 67.69 30.92 
33.39 2.37 28.46 23.02 6.06 0 5.01 28.16 49.09 30.2 31.84 11.03 22.62 33.89 28.24 4.22 9.35 37.74 22.25 7.37 25.29 63.11 66.84 11.43 
56.17 21.52 31.76 3.86 28.42 26.88 14.47 15.23 28.32 52.47 25.29 16.07 0 11.06 50.21 12.46 24.06 21.06 26.46 26.73 43.25 42.15 44.22 25.99 
67.22 30.35 41.02 7.7 36.69 36.45 23.82 24.67 19.27 61.52 34.61 26.95 5.08 0 59.33 27.97 34.8 8.88 19.6 35.76 54.63 30.09 35.53 36.57 
13.67 22.51 21.48 40.36 15.13 18.84 24 23.85 68.91 21.05 27.61 24.82 40.63 54.8 0 25.1 15.85 59.39 40.34 12.36 39.4 82.26 82.13 17.82 
35.68 3.95 30.8 15.04 8.9 9.24 0 32.9 42.66 32.51 36.51 13.92 15.51 28.5 30.57 10.5 11.65 32.46 16.64 9.69 25.52 56.92 60.81 13.71 
Bandera>13
Fitness Greedy Costo>527.68
Matriz de Costos>
0 32.59 22.13 52.83 25.19 28.81 34.7 34.52 80.39 24.68 30.38 35.41 53.04 66.85 22.68 35.74 26.86 70.54 52.82 23.54 51.21 92.83 92.12 28.71 
35.34 10.2 24.6 17.32 7.53 13.26 11.99 14.99 47.66 32.72 25.06 0 16.79 32.72 30.78 3.02 3.89 36.05 28.75 5.4 35.94 59.9 65.41 5.22 
56.17 21.52 31.76 3.86 28.42 26.88 14.47 15.23 28.32 52.47 25.29 16.07 0 11.06 50.21 12.46 24.06 21.06 26.46 26.73 43.25 42.15 44.22 25.99 
67.22 30.35 41.02 7.7 36.69 36.45 23.82 24.67 19.27 61.52 34.61 26.95 5.08 0 59.33 27.97 34.8 8.88 19.6 35.76 54.63 30.09 35.53 36.57 
13.67 22.51 21.48 40.36 15.13 18.84 24 23.85 68.91 21.05 27.61 24.82 40.63 54.8 0 25.1 15.85 59.39 40.34 12.36 39.4 82.26 82.13 17.82 
35.92 28.83 13.32 21.6 28.64 33.89 31.11 0 42.16 32.77 7.19 15.79 18.5 30.42 30.84 21.21 20.04 39.58 48.14 20.56 56.15 63.27 56.52 21.98 
77.93 46.28 54.55 22.3 53.27 53.07 38.04 35.29 0 74.44 46.55 41.19 21 14.67 72.32 38.17 50.44 25.98 34.96 51.28 70.61 11.95 17.08 52.31 
Solucion Greedy Costo>2 10 7 11 0 14 19 16 23 0 9 4 5 1 0 6 15 3 12 0 20 18 17 13 0 24 8 21 22 0 0 0 0 0 0 0 0 0 0 0 0 0 0 0 0 0 0 
Linea Vacia>
39.61 5.18 28.17 13.23 13.34 10.94 8.69 18.25 45.42 36.18 28.18 4.84 13.64 30.93 34.26 0 8.4 34.27 25.67 11.28 32.14 55.75 68.61 10.49 
33.24 11.11 25.19 25.63 9.11 14.81 12.57 19.06 55.43 30.06 25.64 6.8 25.12 39.3 28.12 9.56 0 43.5 29.3 2.14 37.31 67.9 74.46 1.31 
69.38 35.14 55 18.6 41.75 41.46 29.09 36.48 26.91 66.95 47.15 37.05 17.9 12.23 64.79 33.69 42.19 0 19.53 42.56 54.38 23.51 33.61 44.14 
34.36 0 29.77 22.82 6.62 4.7 5.85 28.91 49.16 31.49 32.57 11.87 23.27 34.21 29.55 5.09 10.64 38.06 22.66 8.67 25.79 63.11 66.85 12.71 
20.02 35.38 0 33.83 33.69 38.85 36.86 15.46 62.48 38.78 10.31 26.26 33.35 47.99 36.69 30.04 28.87 59.3 55.39 25.78 64.51 79.99 71.84 30.71 
55.2 19.81 31.08 0 26.44 25.67 12.34 20.5 29.47 51.48 30.34 14.84 4.89 15.27 49.21 11.14 22.88 18.3 21.2 25.3 41.09 39.55 47.51 24.82 
39.61 5.18 28.17 13.23 13.34 10.94 8.69 18.25 45.42 36.18 28.18 4.84 13.64 30.93 34.26 0 8.4 34.27 25.67 11.28 32.14 55.75 68.61 10.49 
33.24 11.11 25.19 25.63 9.11 14.81 12.57 19.06 55.43 30.06 25.64 6.8 25.12 39.3 28.12 9.56 0 43.5 29.3 2.14 37.31 67.9 74.46 1.31 
69.38 35.14 55 18.6 41.75 41.46 29.09 36.48 26.91 66.95 47.15 37.05 17.9 12.23 64.79 33.69 42.19 0 19.53 42.56 54.38 23.51 33.61 44.14 
54.17 19.16 48.68 24.03 25.82 25.56 12.72 45.33 36.24 50.44 49.79 28.52 28.37 22.91 48.17 24.12 28.36 20.73 0 26.55 41.29 39.9 51.09 30.24 
54.17 19.16 48.68 24.03 25.82 25.56 12.72 45.33 36.24 50.44 49.79 28.52 28.37 22.91 48.17 24.12 28.36 20.73 0 26.55 41.29 39.9 51.09 30.24 
32.45 7.02 25.31 25.61 5.33 10.78 8.51 22.02 53.3 29.24 25.77 9.27 26.06 37.12 27.28 10.67 1.49 42.48 25.55 0 33.72 66.2 70.84 2.83 
22.78 31.3 30.36 53.7 24.15 27.77 32.78 32.61 80.1 0 36.27 33.52 51.24 64.68 2.88 33.84 24.88 69.24 50.67 21.53 31.96 91.55 91.21 26.75 
28.45 35.4 3.44 31.63 33.72 38.87 36.89 14 55.58 38.88 0 28.05 28.66 41.21 36.72 30.05 29.09 52.12 55.5 25.8 64.62 75.92 67.69 30.92 
32.45 7.02 25.31 25.61 5.33 10.78 8.51 22.02 53.3 29.24 25.77 9.27 26.06 37.12 27.28 10.67 1.49 42.48 25.55 0 33.72 66.2 70.84 2.83 
44.37 25.95 54.35 41.41 24.44 22.03 24.61 56.57 71.53 27.18 60.92 38.69 41.97 56.07 39.56 31.91 38.62 57.85 41.86 34.79 0 80.67 87.78 40.39 
44.37 25.95 54.35 41.41 24.44 22.03 24.61 56.57 71.53 27.18 60.92 38.69 41.97 56.07 39.56 31.91 38.62 57.85 41.86 34.79 0 80.67 87.78 40.39 
81.27 44.48 58.22 24.77 51.83 51.55 37.26 38.68 1.55 77.84 50.31 44.98 23.47 17.32 75.74 41.31 54.13 23.73 32.8 52.61 69.77 0 14.77 55.97 
Matriz de Costos>
0 32.59 22.13 52.83 25.19 28.81 34.7 34.52 80.39 24.68 30.38 35.41 53.04 66.85 22.68 35.74 26.86 70.54 52.82 23.54 51.21 92.83 92.12 28.71 
34.36 0 29.77 22.82 6.62 4.7 5.85 28.91 49.16 31.49 32.57 11.87 23.27 34.21 29.55 5.09 10.64 38.06 22.66 8.67 25.79 63.11 66.85 12.71 
Dimension>47
Bandera>13
Fitness Greedy Costo>527.68
Dimension>47
Bandera>13
Fitness Greedy Costo>527.68
Solucion Greedy Costo>2 10 7 11 0 14 19 16 23 0 9 4 5 1 0 6 15 3 12 0 20 18 17 13 0 24 8 21 22 0 0 0 0 0 0 0 0 0 0 0 0 0 0 0 0 0 0 
Linea Vacia>
Dimension>47
Bandera>13
Fitness Greedy Costo>527.68
Solucion Greedy Costo>2 10 7 11 0 14 19 16 23 0 9 4 5 1 0 6 15 3 12 0 20 18 17 13 0 24 8 21 22 0 0 0 0 0 0 0 0 0 0 0 0 0 0 0 0 0 0 
Linea Vacia>
35.34 10.2 24.6 17.32 7.53 13.26 11.99 14.99 47.66 32.72 25.06 0 16.79 32.72 30.78 3.02 3.89 36.05 28.75 5.4 35.94 59.9 65.41 5.22 
56.17 21.52 31.76 3.86 28.42 26.88 14.47 15.23 28.32 52.47 25.29 16.07 0 11.06 50.21 12.46 24.06 21.06 26.46 26.73 43.25 42.15 44.22 25.99 
26.58 5.28 27.68 26.62 0 3 9.64 28.27 53.94 24.5 31.93 9.42 27.07 38 22.52 10.95 7.11 43.22 26.56 5.54 24.47 67.76 71.37 9.22 
33.39 2.37 28.46 23.02 6.06 0 5.01 28.16 49.09 30.2 31.84 11.03 22.62 33.89 28.24 4.22 9.35 37.74 22.25 7.37 25.29 63.11 66.84 11.43 
35.68 3.95 30.8 15.04 8.9 9.24 0 32.9 42.66 32.51 36.51 13.92 15.51 28.5 30.57 10.5 11.65 32.46 16.64 9.69 25.52 56.92 60.81 13.71 
35.92 28.83 13.32 21.6 28.64 33.89 31.11 0 42.16 32.77 7.19 15.79 18.5 30.42 30.84 21.21 20.04 39.58 48.14 20.56 56.15 63.27 56.52 21.98 
81.27 44.48 58.22 24.77 51.83 51.55 37.26 38.68 1.55 77.84 50.31 44.98 23.47 17.32 75.74 41.31 54.13 23.73 32.8 52.61 69.77 0 14.77 55.97 
95.05 63.3 69.22 41.52 70.14 71.76 56.39 54.05 14.09 93.96 65.09 68.85 40.17 34 92 64.16 71.47 30.25 52.44 70.86 88.44 13.72 0 73.13 
34.33 9.11 26.25 27.54 7.09 12.84 10.59 20.11 55.44 31.15 26.71 8.12 26.34 39.15 29.21 10.86 1.98 44.7 27.48 0.83 35.57 69.23 72.83 0 
95.05 63.3 69.22 41.52 70.14 71.76 56.39 54.05 14.09 93.96 65.09 68.85 40.17 34 92 64.16 71.47 30.25 52.44 70.86 88.44 13.72 0 73.13 
34.33 9.11 26.25 27.54 7.09 12.84 10.59 20.11 55.44 31.15 26.71 8.12 26.34 39.15 29.21 10.86 1.98 44.7 27.48 0.83 35.57 69.23 72.83 0 
20.02 35.38 0 33.83 33.69 38.85 36.86 15.46 62.48 38.78 10.31 26.26 33.35 47.99 36.69 30.04 28.87 59.3 55.39 25.78 64.51 79.99 71.84 30.71 
55.2 19.81 31.08 0 26.44 25.67 12.34 20.5 29.47 51.48 30.34 14.84 4.89 15.27 49.21 11.14 22.88 18.3 21.2 25.3 41.09 39.55 47.51 24.82 
26.58 5.28 27.68 26.62 0 3 9.64 28.27 53.94 24.5 31.93 9.42 27.07 38 22.52 10.95 7.11 43.22 26.56 5.54 24.47 67.76 71.37 9.22 
33.39 2.37 28.46 23.02 6.06 0 5.01 28.16 49.09 30.2 31.84 11.03 22.62 33.89 28.24 4.22 9.35 37.74 22.25 7.37 25.29 63.11 66.84 11.43 
Solucion Greedy Costo>2 10 7 11 0 14 19 16 23 0 9 4 5 1 0 6 15 3 12 0 20 18 17 13 0 24 8 21 22 0 0 0 0 0 0 0 0 0 0 0 0 0 0 0 0 0 0 
Linea Vacia>
67.22 30.35 41.02 7.7 36.69 36.45 23.82 24.67 19.27 61.52 34.61 26.95 5.08 0 59.33 27.97 34.8 8.88 19.6 35.76 54.63 30.09 35.53 36.57 
13.67 22.51 21.48 40.36 15.13 18.84 24 23.85 68.91 21.05 27.61 24.82 40.63 54.8 0 25.1 15.85 59.39 40.34 12.36 39.4 82.26 82.13 17.82 
77.93 46.28 54.55 22.3 53.27 53.07 38.04 35.29 0 74.44 46.55 41.19 21 14.67 72.32 38.17 50.44 25.98 34.96 51.28 70.61 11.95 17.08 52.31 
22.78 31.3 30.36 53.7 24.15 27.77 32.78 32.61 80.1 0 36.27 33.52 51.24 64.68 2.88 33.84 24.88 69.24 50.67 21.53 31.96 91.55 91.21 26.75 
39.61 5.18 28.17 13.23 13.34 10.94 8.69 18.25 45.42 36.18 28.18 4.84 13.64 30.93 34.26 0 8.4 34.27 25.67 11.28 32.14 55.75 68.61 10.49 
28.45 35.4 3.44 31.63 33.72 38.87 36.89 14 55.58 38.88 0 28.05 28.66 41.21 36.72 30.05 29.09 52.12 55.5 25.8 64.62 75.92 67.69 30.92 
35.68 3.95 30.8 15.04 8.9 9.24 0 32.9 42.66 32.51 36.51 13.92 15.51 28.5 30.57 10.5 11.65 32.46 16.64 9.69 25.52 56.92 60.81 13.71 
35.92 28.83 13.32 21.6 28.64 33.89 31.11 0 42.16 32.77 7.19 15.79 18.5 30.42 30.84 21.21 20.04 39.58 48.14 20.56 56.15 63.27 56.52 21.98 
77.93 46.28 54.55 22.3 53.27 53.07 38.04 35.29 0 74.44 46.55 41.19 21 14.67 72.32 38.17 50.44 25.98 34.96 51.28 70.61 11.95 17.08 52.31 
33.24 11.11 25.19 25.63 9.11 14.81 12.57 19.06 55.43 30.06 25.64 6.8 25.12 39.3 28.12 9.56 0 43.5 29.3 2.14 37.31 67.9 74.46 1.31 
35.34 10.2 24.6 17.32 7.53 13.26 11.99 14.99 47.66 32.72 25.06 0 16.79 32.72 30.78 3.02 3.89 36.05 28.75 5.4 35.94 59.9 65.41 5.22 
56.17 21.52 31.76 3.86 28.42 26.88 14.47 15.23 28.32 52.47 25.29 16.07 0 11.06 50.21 12.46 24.06 21.06 26.46 26.73 43.25 42.15 44.22 25.99 
69.38 35.14 55 18.6 41.75 41.46 29.09 36.48 26.91 66.95 47.15 37.05 17.9 12.23 64.79 33.69 42.19 0 19.53 42.56 54.38 23.51 33.61 44.14 
22.78 31.3 30.36 53.7 24.15 27.77 32.78 32.61 80.1 0 36.27 33.52 51.24 64.68 2.88 33.84 24.88 69.24 50.67 21.53 31.96 91.55 91.21 26.75 
28.45 35.4 3.44 31.63 33.72 38.87 36.89 14 55.58 38.88 0 28.05 28.66 41.21 36.72 30.05 29.09 52.12 55.5 25.8 64.62 75.92 67.69 30.92 
54.17 19.16 48.68 24.03 25.82 25.56 12.72 45.33 36.24 50.44 49.79 28.52 28.37 22.91 48.17 24.12 28.36 20.73 0 26.55 41.29 39.9 51.09 30.24 
67.22 30.35 41.02 7.7 36.69 36.45 23.82 24.67 19.27 61.52 34.61 26.95 5.08 0 59.33 27.97 34.8 8.88 19.6 35.76 54.63 30.09 35.53 36.57 
35.34 10.2 24.6 17.32 7.53 13.26 11.99 14.99 47.66 32.72 25.06 0 16.79 32.72 30.78 3.02 3.89 36.05 28.75 5.4 35.94 59.9 65.41 5.22 
13.67 22.51 21.48 40.36 15.13 18.84 24 23.85 68.91 21.05 27.61 24.82 40.63 54.8 0 25.1 15.85 59.39 40.34 12.36 39.4 82.26 82.13 17.82 
39.61 5.18 28.17 13.23 13.34 10.94 8.69 18.25 45.42 36.18 28.18 4.84 13.64 30.93 34.26 0 8.4 34.27 25.67 11.28 32.14 55.75 68.61 10.49 
32.45 7.02 25.31 25.61 5.33 10.78 8.51 22.02 53.3 29.24 25.77 9.27 26.06 37.12 27.28 10.67 1.49 42.48 25.55 0 33.72 66.2 70.84 2.83 
44.37 25.95 54.35 41.41 24.44 22.03 24.61 56.57 71.53 27.18 60.92 38.69 41.97 56.07 39.56 31.91 38.62 57.85 41.86 34.79 0 80.67 87.78 40.39 
56.17 21.52 31.76 3.86 28.42 26.88 14.47 15.23 28.32 52.47 25.29 16.07 0 11.06 50.21 12.46 24.06 21.06 26.46 26.73 43.25 42.15 44.22 25.99 
67.22 30.35 41.02 7.7 36.69 36.45 23.82 24.67 19.27 61.52 34.61 26.95 5.08 0 59.33 27.97 34.8 8.88 19.6 35.76 54.63 30.09 35.53 36.57 
13.67 22.51 21.48 40.36 15.13 18.84 24 23.85 68.91 21.05 27.61 24.82 40.63 54.8 0 25.1 15.85 59.39 40.34 12.36 39.4 82.26 82.13 17.82 
Matriz de Costos>
0 32.59 22.13 52.83 25.19 28.81 34.7 34.52 80.39 24.68 30.38 35.41 53.04 66.85 22.68 35.74 26.86 70.54 52.82 23.54 51.21 92.83 92.12 28.71 
Matriz de Costos>
0 32.59 22.13 52.83 25.19 28.81 34.7 34.52 80.39 24.68 30.38 35.41 53.04 66.85 22.68 35.74 26.86 70.54 52.82 23.54 51.21 92.83 92.12 28.71 
34.36 0 29.77 22.82 6.62 4.7 5.85 28.91 49.16 31.49 32.57 11.87 23.27 34.21 29.55 5.09 10.64 38.06 22.66 8.67 25.79 63.11 66.85 12.71 
81.27 44.48 58.22 24.77 51.83 51.55 37.26 38.68 1.55 77.84 50.31 44.98 23.47 17.32 75.74 41.31 54.13 23.73 32.8 52.61 69.77 0 14.77 55.97 
95.05 63.3 69.22 41.52 70.14 71.76 56.39 54.05 14.09 93.96 65.09 68.85 40.17 34 92 64.16 71.47 30.25 52.44 70.86 88.44 13.72 0 73.13 
33.24 11.11 25.19 25.63 9.11 14.81 12.57 19.06 55.43 30.06 25.64 6.8 25.12 39.3 28.12 9.56 0 43.5 29.3 2.14 37.31 67.9 74.46 1.31 
69.38 35.14 55 18.6 41.75 41.46 29.09 36.48 26.91 66.95 47.15 37.05 17.9 12.23 64.79 33.69 42.19 0 19.53 42.56 54.38 23.51 33.61 44.14 
54.17 19.16 48.68 24.03 25.82 25.56 12.72 45.33 36.24 50.44 49.79 28.52 28.37 22.91 48.17 24.12 28.36 20.73 0 26.55 41.29 39.9 51.09 30.24 
32.45 7.02 25.31 25.61 5.33 10.78 8.51 22.02 53.3 29.24 25.77 9.27 26.06 37.12 27.28 10.67 1.49 42.48 25.55 0 33.72 66.2 70.84 2.83 
39.61 5.18 28.17 13.23 13.34 10.94 8.69 18.25 45.42 36.18 28.18 4.84 13.64 30.93 34.26 0 8.4 34.27 25.67 11.28 32.14 55.75 68.61 10.49 
33.24 11.11 25.19 25.63 9.11 14.81 12.57 19.06 55.43 30.06 25.64 6.8 25.12 39.3 28.12 9.56 0 43.5 29.3 2.14 37.31 67.9 74.46 1.31 
69.38 35.14 55 18.6 41.75 41.46 29.09 36.48 26.91 66.95 47.15 37.05 17.9 12.23 64.79 33.69 42.19 0 19.53 42.56 54.38 23.51 33.61 44.14 
34.36 0 29.77 22.82 6.62 4.7 5.85 28.91 49.16 31.49 32.57 11.87 23.27 34.21 29.55 5.09 10.64 38.06 22.66 8.67 25.79 63.11 66.85 12.71 
20.02 35.38 0 33.83 33.69 38.85 36.86 15.46 62.48 38.78 10.31 26.26 33.35 47.99 36.69 30.04 28.87 59.3 55.39 25.78 64.51 79.99 71.84 30.71 
55.2 19.81 31.08 0 26.44 25.67 12.34 20.5 29.47 51.48 30.34 14.84 4.89 15.27 49.21 11.14 22.88 18.3 21.2 25.3 41.09 39.55 47.51 24.82 
Matriz de Costos>
Dimension>47
Matriz de Costos>
0 32.59 22.13 52.83 25.19 28.81 34.7 34.52 80.39 24.68 30.38 35.41 53.04 66.85 22.68 35.74 26.86 70.54 52.82 23.54 51.21 92.83 92.12 28.71 
34.36 0 29.77 22.82 6.62 4.7 5.85 28.91 49.16 31.49 32.57 11.87 23.27 34.21 29.55 5.09 10.64 38.06 22.66 8.67 25.79 63.11 66.85 12.71 
20.02 35.38 0 33.83 33.69 38.85 36.86 15.46 62.48 38.78 10.31 26.26 33.35 47.99 36.69 30.04 28.87 59.3 55.39 25.78 64.51 79.99 71.84 30.71 
20.02 35.38 0 33.83 33.69 38.85 36.86 15.46 62.48 38.78 10.31 26.26 33.35 47.99 36.69 30.04 28.87 59.3 55.39 25.78 64.51 79.99 71.84 30.71 
55.2 19.81 31.08 0 26.44 25.67 12.34 20.5 29.47 51.48 30.34 14.84 4.89 15.27 49.21 11.14 22.88 18.3 21.2 25.3 41.09 39.55 47.51 24.82 
26.58 5.28 27.68 26.62 0 3 9.64 28.27 53.94 24.5 31.93 9.42 27.07 38 22.52 10.95 7.11 43.22 26.56 5.54 24.47 67.76 71.37 9.22 
33.39 2.37 28.46 23.02 6.06 0 5.01 28.16 49.09 30.2 31.84 11.03 22.62 33.89 28.24 4.22 9.35 37.74 22.25 7.37 25.29 63.11 66.84 11.43 
34.33 9.11 26.25 27.54 7.09 12.84 10.59 20.11 55.44 31.15 26.71 8.12 26.34 39.15 29.21 10.86 1.98 44.7 27.48 0.83 35.57 69.23 72.83 0 
0 32.59 22.13 52.83 25.19 28.81 34.7 34.52 80.39 24.68 30.38 35.41 53.04 66.85 22.68 35.74 26.86 70.54 52.82 23.54 51.21 92.83 92.12 28.71 
44.37 25.95 54.35 41.41 24.44 22.03 24.61 56.57 71.53 27.18 60.92 38.69 41.97 56.07 39.56 31.91 38.62 57.85 41.86 34.79 0 80.67 87.78 40.39 
81.27 44.48 58.22 24.77 51.83 51.55 37.26 38.68 1.55 77.84 50.31 44.98 23.47 17.32 75.74 41.31 54.13 23.73 32.8 52.61 69.77 0 14.77 55.97 
95.05 63.3 69.22 41.52 70.14 71.76 56.39 54.05 14.09 93.96 65.09 68.85 40.17 34 92 64.16 71.47 30.25 52.44 70.86 88.44 13.72 0 73.13 
34.33 9.11 26.25 27.54 7.09 12.84 10.59 20.11 55.44 31.15 26.71 8.12 26.34 39.15 29.21 10.86 1.98 44.7 27.48 0.83 35.57 69.23 72.83 0 
Bandera>13
Fitness Greedy Costo>527.68
Solucion Greedy Costo>2 10 7 11 0 14 19 16 23 0 9 4 5 1 0 6 15 3 12 0 20 18 17 13 0 24 8 21 22 0 0 0 0 0 0 0 0 0 0 0 0 0 0 0 0 0 0 
Linea Vacia>
54.17 19.16 48.68 24.03 25.82 25.56 12.72 45.33 36.24 50.44 49.79 28.52 28.37 22.91 48.17 24.12 28.36 20.73 0 26.55 41.29 39.9 51.09 30.24 
32.45 7.02 25.31 25.61 5.33 10.78 8.51 22.02 53.3 29.24 25.77 9.27 26.06 37.12 27.28 10.67 1.49 42.48 25.55 0 33.72 66.2 70.84 2.83 
44.37 25.95 54.35 41.41 24.44 22.03 24.61 56.57 71.53 27.18 60.92 38.69 41.97 56.07 39.56 31.91 38.62 57.85 41.86 34.79 0 80.67 87.78 40.39 
81.27 44.48 58.22 24.77 51.83 51.55 37.26 38.68 1.55 77.84 50.31 44.98 23.47 17.32 75.74 41.31 54.13 23.73 32.8 52.61 69.77 0 14.77 55.97 
55.2 19.81 31.08 0 26.44 25.67 12.34 20.5 29.47 51.48 30.34 14.84 4.89 15.27 49.21 11.14 22.88 18.3 21.2 25.3 41.09 39.55 47.51 24.82 
26.58 5.28 27.68 26.62 0 3 9.64 28.27 53.94 24.5 31.93 9.42 27.07 38 22.52 10.95 7.11 43.22 26.56 5.54 24.47 67.76 71.37 9.22 
33.39 2.37 28.46 23.02 6.06 0 5.01 28.16 49.09 30.2 31.84 11.03 22.62 33.89 28.24 4.22 9.35 37.74 22.25 7.37 25.29 63.11 66.84 11.43 
26.58 5.28 27.68 26.62 0 3 9.64 28.27 53.94 24.5 31.93 9.42 27.07 38 22.52 10.95 7.11 43.22 26.56 5.54 24.47 67.76 71.37 9.22 
33.39 2.37 28.46 23.02 6.06 0 5.01 28.16 49.09 30.2 31.84 11.03 22.62 33.89 28.24 4.22 9.35 37.74 22.25 7.37 25.29 63.11 66.84 11.43 
35.68 3.95 30.8 15.04 8.9 9.24 0 32.9 42.66 32.51 36.51 13.92 15.51 28.5 30.57 10.5 11.65 32.46 16.64 9.69 25.52 56.92 60.81 13.71 
35.92 28.83 13.32 21.6 28.64 33.89 31.11 0 42.16 32.77 7.19 15.79 18.5 30.42 30.84 21.21 20.04 39.58 48.14 20.56 56.15 63.27 56.52 21.98 
77.93 46.28 54.55 22.3 53.27 53.07 38.04 35.29 0 74.44 46.55 41.19 21 14.67 72.32 38.17 50.44 25.98 34.96 51.28 70.61 11.95 17.08 52.31 
35.68 3.95 30.8 15.04 8.9 9.24 0 32.9 42.66 32.51 36.51 13.92 15.51 28.5 30.57 10.5 11.65 32.46 16.64 9.69 25.52 56.92 60.81 13.71 
35.92 28.83 13.32 21.6 28.64 33.89 31.11 0 42.16 32.77 7.19 15.79 18.5 30.42 30.84 21.21 20.04 39.58 48.14 20.56 56.15 63.27 56.52 21.98 
77.93 46.28 54.55 22.3 53.27 53.07 38.04 35.29 0 74.44 46.55 41.19 21 14.67 72.32 38.17 50.44 25.98 34.96 51.28 70.61 11.95 17.08 52.31 
Dimension>47
Bandera>13
Fitness Greedy Costo>527.68
Solucion Greedy Costo>2 10 7 11 0 14 19 16 23 0 9 4 5 1 0 6 15 3 12 0 20 18 17 13 0 24 8 21 22 0 0 0 0 0 0 0 0 0 0 0 0 0 0 0 0 0 0 
Linea Vacia>
34.36 0 29.77 22.82 6.62 4.7 5.85 28.91 49.16 31.49 32.57 11.87 23.27 34.21 29.55 5.09 10.64 38.06 22.66 8.67 25.79 63.11 66.85 12.71 
20.02 35.38 0 33.83 33.69 38.85 36.86 15.46 62.48 38.78 10.31 26.26 33.35 47.99 36.69 30.04 28.87 59.3 55.39 25.78 64.51 79.99 71.84 30.71 
95.05 63.3 69.22 41.52 70.14 71.76 56.39 54.05 14.09 93.96 65.09 68.85 40.17 34 92 64.16 71.47 30.25 52.44 70.86 88.44 13.72 0 73.13 
34.33 9.11 26.25 27.54 7.09 12.84 10.59 20.11 55.44 31.15 26.71 8.12 26.34 39.15 29.21 10.86 1.98 44.7 27.48 0.83 35.57 69.23 72.83 0 
22.78 31.3 30.36 53.7 24.15 27.77 32.78 32.61 80.1 0 36.27 33.52 51.24 64.68 2.88 33.84 24.88 69.24 50.67 21.53 31.96 91.55 91.21 26.75 
28.45 35.4 3.44 31.63 33.72 38.87 36.89 14 55.58 38.88 0 28.05 28.66 41.21 36.72 30.05 29.09 52.12 55.5 25.8 64.62 75.92 67.69 30.92 
Dimension>47
Bandera>13
Fitness Greedy Costo>527.68
35.68 3.95 30.8 15.04 8.9 9.24 0 32.9 42.66 32.51 36.51 13.92 15.51 28.5 30.57 10.5 11.65 32.46 16.64 9.69 25.52 56.92 60.81 13.71 
35.92 28.83 13.32 21.6 28.64 33.89 31.11 0 42.16 32.77 7.19 15.79 18.5 30.42 30.84 21.21 20.04 39.58 48.14 20.56 56.15 63.27 56.52 21.98 
77.93 46.28 54.55 22.3 53.27 53.07 38.04 35.29 0 74.44 46.55 41.19 21 14.67 72.32 38.17 50.44 25.98 34.96 51.28 70.61 11.95 17.08 52.31 
22.78 31.3 30.36 53.7 24.15 27.77 32.78 32.61 80.1 0 36.27 33.52 51.24 64.68 2.88 33.84 24.88 69.24 50.67 21.53 31.96 91.55 91.21 26.75 
28.45 35.4 3.44 31.63 33.72 38.87 36.89 14 55.58 38.88 0 28.05 28.66 41.21 36.72 30.05 29.09 52.12 55.5 25.8 64.62 75.92 67.69 30.92 
35.34 10.2 24.6 17.32 7.53 13.26 11.99 14.99 47.66 32.72 25.06 0 16.79 32.72 30.78 3.02 3.89 36.05 28.75 5.4 35.94 59.9 65.41 5.22 
55.2 19.81 31.08 0 26.44 25.67 12.34 20.5 29.47 51.48 30.34 14.84 4.89 15.27 49.21 11.14 22.88 18.3 21.2 25.3 41.09 39.55 47.51 24.82 
22.78 31.3 30.36 53.7 24.15 27.77 32.78 32.61 80.1 0 36.27 33.52 51.24 64.68 2.88 33.84 24.88 69.24 50.67 21.53 31.96 91.55 91.21 26.75 
56.17 21.52 31.76 3.86 28.42 26.88 14.47 15.23 28.32 52.47 25.29 16.07 0 11.06 50.21 12.46 24.06 21.06 26.46 26.73 43.25 42.15 44.22 25.99 
35.34 10.2 24.6 17.32 7.53 13.26 11.99 14.99 47.66 32.72 25.06 0 16.79 32.72 30.78 3.02 3.89 36.05 28.75 5.4 35.94 59.9 65.41 5.22 
56.17 21.52 31.76 3.86 28.42 26.88 14.47 15.23 28.32 52.47 25.29 16.07 0 11.06 50.21 12.46 24.06 21.06 26.46 26.73 43.25 42.15 44.22 25.99 
67.22 30.35 41.02 7.7 36.69 36.45 23.82 24.67 19.27 61.52 34.61 26.95 5.08 0 59.33 27.97 34.8 8.88 19.6 35.76 54.63 30.09 35.53 36.57 
Solucion Greedy Costo>2 10 7 11 0 14 19 16 23 0 9 4 5 1 0 6 15 3 12 0 20 18 17 13 0 24 8 21 22 0 0 0 0 0 0 0 0 0 0 0 0 0 0 0 0 0 0 
Linea Vacia>
28.45 35.4 3.44 31.63 33.72 38.87 36.89 14 55.58 38.88 0 28.05 28.66 41.21 36.72 30.05 29.09 52.12 55.5 25.8 64.62 75.92 67.69 30.92 
67.22 30.35 41.02 7.7 36.69 36.45 23.82 24.67 19.27 61.52 34.61 26.95 5.08 0 59.33 27.97 34.8 8.88 19.6 35.76 54.63 30.09 35.53 36.57 
26.58 5.28 27.68 26.62 0 3 9.64 28.27 53.94 24.5 31.93 9.42 27.07 38 22.52 10.95 7.11 43.22 26.56 5.54 24.47 67.76 71.37 9.22 
35.34 10.2 24.6 17.32 7.53 13.26 11.99 14.99 47.66 32.72 25.06 0 16.79 32.72 30.78 3.02 3.89 36.05 28.75 5.4 35.94 59.9 65.41 5.22 
13.67 22.51 21.48 40.36 15.13 18.84 24 23.85 68.91 21.05 27.61 24.82 40.63 54.8 0 25.1 15.85 59.39 40.34 12.36 39.4 82.26 82.13 17.82 
13.67 22.51 21.48 40.36 15.13 18.84 24 23.85 68.91 21.05 27.61 24.82 40.63 54.8 0 25.1 15.85 59.39 40.34 12.36 39.4 82.26 82.13 17.82 
39.61 5.18 28.17 13.23 13.34 10.94 8.69 18.25 45.42 36.18 28.18 4.84 13.64 30.93 34.26 0 8.4 34.27 25.67 11.28 32.14 55.75 68.61 10.49 
Matriz de Costos>
33.39 2.37 28.46 23.02 6.06 0 5.01 28.16 49.09 30.2 31.84 11.03 22.62 33.89 28.24 4.22 9.35 37.74 22.25 7.37 25.29 63.11 66.84 11.43 
56.17 21.52 31.76 3.86 28.42 26.88 14.47 15.23 28.32 52.47 25.29 16.07 0 11.06 50.21 12.46 24.06 21.06 26.46 26.73 43.25 42.15 44.22 25.99 
67.22 30.35 41.02 7.7 36.69 36.45 23.82 24.67 19.27 61.52 34.61 26.95 5.08 0 59.33 27.97 34.8 8.88 19.6 35.76 54.63 30.09 35.53 36.57 
39.61 5.18 28.17 13.23 13.34 10.94 8.69 18.25 45.42 36.18 28.18 4.84 13.64 30.93 34.26 0 8.4 34.27 25.67 11.28 32.14 55.75 68.61 10.49 
33.24 11.11 25.19 25.63 9.11 14.81 12.57 19.06 55.43 30.06 25.64 6.8 25.12 39.3 28.12 9.56 0 43.5 29.3 2.14 37.31 67.9 74.46 1.31 
33.24 11.11 25.19 25.63 9.11 14.81 12.57 19.06 55.43 30.06 25.64 6.8 25.12 39.3 28.12 9.56 0 43.5 29.3 2.14 37.31 67.9 74.46 1.31 
0 32.59 22.13 52.83 25.19 28.81 34.7 34.52 80.39 24.68 30.38 35.41 53.04 66.85 22.68 35.74 26.86 70.54 52.82 23.54 51.21 92.83 92.12 28.71 
34.36 0 29.77 22.82 6.62 4.7 5.85 28.91 49.16 31.49 32.57 11.87 23.27 34.21 29.55 5.09 10.64 38.06 22.66 8.67 25.79 63.11 66.85 12.71 
69.38 35.14 55 18.6 41.75 41.46 29.09 36.48 26.91 66.95 47.15 37.05 17.9 12.23 64.79 33.69 42.19 0 19.53 42.56 54.38 23.51 33.61 44.14 
35.68 3.95 30.8 15.04 8.9 9.24 0 32.9 42.66 32.51 36.51 13.92 15.51 28.5 30.57 10.5 11.65 32.46 16.64 9.69 25.52 56.92 60.81 13.71 
13.67 22.51 21.48 40.36 15.13 18.84 24 23.85 68.91 21.05 27.61 24.82 40.63 54.8 0 25.1 15.85 59.39 40.34 12.36 39.4 82.26 82.13 17.82 
39.61 5.18 28.17 13.23 13.34 10.94 8.69 18.25 45.42 36.18 28.18 4.84 13.64 30.93 34.26 0 8.4 34.27 25.67 11.28 32.14 55.75 68.61 10.49 
69.38 35.14 55 18.6 41.75 41.46 29.09 36.48 26.91 66.95 47.15 37.05 17.9 12.23 64.79 33.69 42.19 0 19.53 42.56 54.38 23.51 33.61 44.14 
54.17 19.16 48.68 24.03 25.82 25.56 12.72 45.33 36.24 50.44 49.79 28.52 28.37 22.91 48.17 24.12 28.36 20.73 0 26.55 41.29 39.9 51.09 30.24 
54.17 19.16 48.68 24.03 25.82 25.56 12.72 45.33 36.24 50.44 49.79 28.52 28.37 22.91 48.17 24.12 28.36 20.73 0 26.55 41.29 39.9 51.09 30.24 
32.45 7.02 25.31 25.61 5.33 10.78 8.51 22.02 53.3 29.24 25.77 9.27 26.06 37.12 27.28 10.67 1.49 42.48 25.55 0 33.72 66.2 70.84 2.83 
20.02 35.38 0 33.83 33.69 38.85 36.86 15.46 62.48 38.78 10.31 26.26 33.35 47.99 36.69 30.04 28.87 59.3 55.39 25.78 64.51 79.99 71.84 30.71 
55.2 19.81 31.08 0 26.44 25.67 12.34 20.5 29.47 51.48 30.34 14.84 4.89 15.27 49.21 11.14 22.88 18.3 21.2 25.3 41.09 39.55 47.51 24.82 
26.58 5.28 27.68 26.62 0 3 9.64 28.27 53.94 24.5 31.93 9.42 27.07 38 22.52 10.95 7.11 43.22 26.56 5.54 24.47 67.76 71.37 9.22 
33.39 2.37 28.46 23.02 6.06 0 5.01 28.16 49.09 30.2 31.84 11.03 22.62 33.89 28.24 4.22 9.35 37.74 22.25 7.37 25.29 63.11 66.84 11.43 
35.92 28.83 13.32 21.6 28.64 33.89 31.11 0 42.16 32.77 7.19 15.79 18.5 30.42 30.84 21.21 20.04 39.58 48.14 20.56 56.15 63.27 56.52 21.98 
77.93 46.28 54.55 22.3 53.27 53.07 38.04 35.29 0 74.44 46.55 41.19 21 14.67 72.32 38.17 50.44 25.98 34.96 51.28 70.61 11.95 17.08 52.31 
33.24 11.11 25.19 25.63 9.11 14.81 12.57 19.06 55.43 30.06 25.64 6.8 25.12 39.3 28.12 9.56 0 43.5 29.3 2.14 37.31 67.9 74.46 1.31 
69.38 35.14 55 18.6 41.75 41.46 29.09 36.48 26.91 66.95 47.15 37.05 17.9 12.23 64.79 33.69 42.19 0 19.53 42.56 54.38 23.51 33.61 44.14 
54.17 19.16 48.68 24.03 25.82 25.56 12.72 45.33 36.24 50.44 49.79 28.52 28.37 22.91 48.17 24.12 28.36 20.73 0 26.55 41.29 39.9 51.09 30.24 
32.45 7.02 25.31 25.61 5.33 10.78 8.51 22.02 53.3 29.24 25.77 9.27 26.06 37.12 27.28 10.67 1.49 42.48 25.55 0 33.72 66.2 70.84 2.83 
44.37 25.95 54.35 41.41 24.44 22.03 24.61 56.57 71.53 27.18 60.92 38.69 41.97 56.07 39.56 31.91 38.62 57.85 41.86 34.79 0 80.67 87.78 40.39 
81.27 44.48 58.22 24.77 51.83 51.55 37.26 38.68 1.55 77.84 50.31 44.98 23.47 17.32 75.74 41.31 54.13 23.73 32.8 52.61 69.77 0 14.77 55.97 
Matriz de Costos>
0 32.59 22.13 52.83 25.19 28.81 34.7 34.52 80.39 24.68 30.38 35.41 53.04 66.85 22.68 35.74 26.86 70.54 52.82 23.54 51.21 92.83 92.12 28.71 
34.36 0 29.77 22.82 6.62 4.7 5.85 28.91 49.16 31.49 32.57 11.87 23.27 34.21 29.55 5.09 10.64 38.06 22.66 8.67 25.79 63.11 66.85 12.71 
20.02 35.38 0 33.83 33.69 38.85 36.86 15.46 62.48 38.78 10.31 26.26 33.35 47.99 36.69 30.04 28.87 59.3 55.39 25.78 64.51 79.99 71.84 30.71 
Matriz de Costos>
0 32.59 22.13 52.83 25.19 28.81 34.7 34.52 80.39 24.68 30.38 35.41 53.04 66.85 22.68 35.74 26.86 70.54 52.82 23.54 51.21 92.83 92.12 28.71 
44.37 25.95 54.35 41.41 24.44 22.03 24.61 56.57 71.53 27.18 60.92 38.69 41.97 56.07 39.56 31.91 38.62 57.85 41.86 34.79 0 80.67 87.78 40.39 
81.27 44.48 58.22 24.77 51.83 51.55 37.26 38.68 1.55 77.84 50.31 44.98 23.47 17.32 75.74 41.31 54.13 23.73 32.8 52.61 69.77 0 14.77 55.97 
95.05 63.3 69.22 41.52 70.14 71.76 56.39 54.05 14.09 93.96 65.09 68.85 40.17 34 92 64.16 71.47 30.25 52.44 70.86 88.44 13.72 0 73.13 
34.33 9.11 26.25 27.54 7.09 12.84 10.59 20.11 55.44 31.15 26.71 8.12 26.34 39.15 29.21 10.86 1.98 44.7 27.48 0.83 35.57 69.23 72.83 0 
35.68 3.95 30.8 15.04 8.9 9.24 0 32.9 42.66 32.51 36.51 13.92 15.51 28.5 30.57 10.5 11.65 32.46 16.64 9.69 25.52 56.92 60.81 13.71 
35.92 28.83 13.32 21.6 28.64 33.89 31.11 0 42.16 32.77 7.19 15.79 18.5 30.42 30.84 21.21 20.04 39.58 48.14 20.56 56.15 63.27 56.52 21.98 
77.93 46.28 54.55 22.3 53.27 53.07 38.04 35.29 0 74.44 46.55 41.19 21 14.67 72.32 38.17 50.44 25.98 34.96 51.28 70.61 11.95 17.08 52.31 
22.78 31.3 30.36 53.7 24.15 27.77 32.78 32.61 80.1 0 36.27 33.52 51.24 64.68 2.88 33.84 24.88 69.24 50.67 21.53 31.96 91.55 91.21 26.75 
28.45 35.4 3.44 31.63 33.72 38.87 36.89 14 55.58 38.88 0 28.05 28.66 41.21 36.72 30.05 29.09 52.12 55.5 25.8 64.62 75.92 67.69 30.92 
22.78 31.3 30.36 53.7 24.15 27.77 32.78 32.61 80.1 0 36.27 33.52 51.24 64.68 2.88 33.84 24.88 69.24 50.67 21.53 31.96 91.55 91.21 26.75 
28.45 35.4 3.44 31.63 33.72 38.87 36.89 14 55.58 38.88 0 28.05 28.66 41.21 36.72 30.05 29.09 52.12 55.5 25.8 64.62 75.92 67.69 30.92 
32.45 7.02 25.31 25.61 5.33 10.78 8.51 22.02 53.3 29.24 25.77 9.27 26.06 37.12 27.28 10.67 1.49 42.48 25.55 0 33.72 66.2 70.84 2.83 
44.37 25.95 54.35 41.41 24.44 22.03 24.61 56.57 71.53 27.18 60.92 38.69 41.97 56.07 39.56 31.91 38.62 57.85 41.86 34.79 0 80.67 87.78 40.39 
81.27 44.48 58.22 24.77 51.83 51.55 37.26 38.68 1.55 77.84 50.31 44.98 23.47 17.32 75.74 41.31 54.13 23.73 32.8 52.61 69.77 0 14.77 55.97 
95.05 63.3 69.22 41.52 70.14 71.76 56.39 54.05 14.09 93.96 65.09 68.85 40.17 34 92 64.16 71.47 30.25 52.44 70.86 88.44 13.72 0 73.13 
34.33 9.11 26.25 27.54 7.09 12.84 10.59 20.11 55.44 31.15 26.71 8.12 26.34 39.15 29.21 10.86 1.98 44.7 27.48 0.83 35.57 69.23 72.83 0 
95.05 63.3 69.22 41.52 70.14 71.76 56.39 54.05 14.09 93.96 65.09 68.85 40.17 34 92 64.16 71.47 30.25 52.44 70.86 88.44 13.72 0 73.13 
34.33 9.11 26.25 27.54 7.09 12.84 10.59 20.11 55.44 31.15 26.71 8.12 26.34 39.15 29.21 10.86 1.98 44.7 27.48 0.83 35.57 69.23 72.83 0 
55.2 19.81 31.08 0 26.44 25.67 12.34 20.5 29.47 51.48 30.34 14.84 4.89 15.27 49.21 11.14 22.88 18.3 21.2 25.3 41.09 39.55 47.51 24.82 
26.58 5.28 27.68 26.62 0 3 9.64 28.27 53.94 24.5 31.93 9.42 27.07 38 22.52 10.95 7.11 43.22 26.56 5.54 24.47 67.76 71.37 9.22 
33.39 2.37 28.46 23.02 6.06 0 5.01 28.16 49.09 30.2 31.84 11.03 22.62 33.89 28.24 4.22 9.35 37.74 22.25 7.37 25.29 63.11 66.84 11.43 
35.68 3.95 30.8 15.04 8.9 9.24 0 32.9 42.66 32.51 36.51 13.92 15.51 28.5 30.57 10.5 11.65 32.46 16.64 9.69 25.52 56.92 60.81 13.71 
35.92 28.83 13.32 21.6 28.64 33.89 31.11 0 42.16 32.77 7.19 15.79 18.5 30.42 30.84 21.21 20.04 39.58 48.14 20.56 56.15 63.27 56.52 21.98 
77.93 46.28 54.55 22.3 53.27 53.07 38.04 35.29 0 74.44 46.55 41.19 21 14.67 72.32 38.17 50.44 25.98 34.96 51.28 70.61 11.95 17.08 52.31 
35.34 10.2 24.6 17.32 7.53 13.26 11.99 14.99 47.66 32.72 25.06 0 16.79 32.72 30.78 3.02 3.89 36.05 28.75 5.4 35.94 59.9 65.41 5.22 
56.17 21.52 31.76 3.86 28.42 26.88 14.47 15.23 28.32 52.47 25.29 16.07 0 11.06 50.21 12.46 24.06 21.06 26.46 26.73 43.25 42.15 44.22 25.99 
67.22 30.35 41.02 7.7 36.69 36.45 23.82 24.67 19.27 61.52 34.61 26.95 5.08 0 59.33 27.97 34.8 8.88 19.6 35.76 54.63 30.09 35.53 36.57 
13.67 22.51 21.48 40.36 15.13 18.84 24 23.85 68.91 21.05 27.61 24.82 40.63 54.8 0 25.1 15.85 59.39 40.34 12.36 39.4 82.26 82.13 17.82 
34.36 0 29.77 22.82 6.62 4.7 5.85 28.91 49.16 31.49 32.57 11.87 23.27 34.21 29.55 5.09 10.64 38.06 22.66 8.67 25.79 63.11 66.85 12.71 
20.02 35.38 0 33.83 33.69 38.85 36.86 15.46 62.48 38.78 10.31 26.26 33.35 47.99 36.69 30.04 28.87 59.3 55.39 25.78 64.51 79.99 71.84 30.71 
55.2 19.81 31.08 0 26.44 25.67 12.34 20.5 29.47 51.48 30.34 14.84 4.89 15.27 49.21 11.14 22.88 18.3 21.2 25.3 41.09 39.55 47.51 24.82 
35.34 10.2 24.6 17.32 7.53 13.26 11.99 14.99 47.66 32.72 25.06 0 16.79 32.72 30.78 3.02 3.89 36.05 28.75 5.4 35.94 59.9 65.41 5.22 
56.17 21.52 31.76 3.86 28.42 26.88 14.47 15.23 28.32 52.47 25.29 16.07 0 11.06 50.21 12.46 24.06 21.06 26.46 26.73 43.25 42.15 44.22 25.99 
26.58 5.28 27.68 26.62 0 3 9.64 28.27 53.94 24.5 31.93 9.42 27.07 38 22.52 10.95 7.11 43.22 26.56 5.54 24.47 67.76 71.37 9.22 
22.78 31.3 30.36 53.7 24.15 27.77 32.78 32.61 80.1 0 36.27 33.52 51.24 64.68 2.88 33.84 24.88 69.24 50.67 21.53 31.96 91.55 91.21 26.75 
28.45 35.4 3.44 31.63 33.72 38.87 36.89 14 55.58 38.88 0 28.05 28.66 41.21 36.72 30.05 29.09 52.12 55.5 25.8 64.62 75.92 67.69 30.92 
35.34 10.2 24.6 17.32 7.53 13.26 11.99 14.99 47.66 32.72 25.06 0 16.79 32.72 30.78 3.02 3.89 36.05 28.75 5.4 35.94 59.9 65.41 5.22 
56.17 21.52 31.76 3.86 28.42 26.88 14.47 15.23 28.32 52.47 25.29 16.07 0 11.06 50.21 12.46 24.06 21.06 26.46 26.73 43.25 42.15 44.22 25.99 
39.61 5.18 28.17 13.23 13.34 10.94 8.69 18.25 45.42 36.18 28.18 4.84 13.64 30.93 34.26 0 8.4 34.27 25.67 11.28 32.14 55.75 68.61 10.49 
33.24 11.11 25.19 25.63 9.11 14.81 12.57 19.06 55.43 30.06 25.64 6.8 25.12 39.3 28.12 9.56 0 43.5 29.3 2.14 37.31 67.9 74.46 1.31 
69.38 35.14 55 18.6 41.75 41.46 29.09 36.48 26.91 66.95 47.15 37.05 17.9 12.23 64.79 33.69 42.19 0 19.53 42.56 54.38 23.51 33.61 44.14 
54.17 19.16 48.68 24.03 25.82 25.56 12.72 45.33 36.24 50.44 49.79 28.52 28.37 22.91 48.17 24.12 28.36 20.73 0 26.55 41.29 39.9 51.09 30.24 
33.39 2.37 28.46 23.02 6.06 0 5.01 28.16 49.09 30.2 31.84 11.03 22.62 33.89 28.24 4.22 9.35 37.74 22.25 7.37 25.29 63.11 66.84 11.43 
67.22 30.35 41.02 7.7 36.69 36.45 23.82 24.67 19.27 61.52 34.61 26.95 5.08 0 59.33 27.97 34.8 8.88 19.6 35.76 54.63 30.09 35.53 36.57 
13.67 22.51 21.48 40.36 15.13 18.84 24 23.85 68.91 21.05 27.61 24.82 40.63 54.8 0 25.1 15.85 59.39 40.34 12.36 39.4 82.26 82.13 17.82 
67.22 30.35 41.02 7.7 36.69 36.45 23.82 24.67 19.27 61.52 34.61 26.95 5.08 0 59.33 27.97 34.8 8.88 19.6 35.76 54.63 30.09 35.53 36.57 
35.68 3.95 30.8 15.04 8.9 9.24 0 32.9 42.66 32.51 36.51 13.92 15.51 28.5 30.57 10.5 11.65 32.46 16.64 9.69 25.52 56.92 60.81 13.71 
35.92 28.83 13.32 21.6 28.64 33.89 31.11 0 42.16 32.77 7.19 15.79 18.5 30.42 30.84 21.21 20.04 39.58 48.14 20.56 56.15 63.27 56.52 21.98 
39.61 5.18 28.17 13.23 13.34 10.94 8.69 18.25 45.42 36.18 28.18 4.84 13.64 30.93 34.26 0 8.4 34.27 25.67 11.28 32.14 55.75 68.61 10.49 
33.24 11.11 25.19 25.63 9.11 14.81 12.57 19.06 55.43 30.06 25.64 6.8 25.12 39.3 28.12 9.56 0 43.5 29.3 2.14 37.31 67.9 74.46 1.31 
69.38 35.14 55 18.6 41.75 41.46 29.09 36.48 26.91 66.95 47.15 37.05 17.9 12.23 64.79 33.69 42.19 0 19.53 42.56 54.38 23.51 33.61 44.14 
32.45 7.02 25.31 25.61 5.33 10.78 8.51 22.02 53.3 29.24 25.77 9.27 26.06 37.12 27.28 10.67 1.49 42.48 25.55 0 33.72 66.2 70.84 2.83 
44.37 25.95 54.35 41.41 24.44 22.03 24.61 56.57 71.53 27.18 60.92 38.69 41.97 56.07 39.56 31.91 38.62 57.85 41.86 34.79 0 80.67 87.78 40.39 
81.27 44.48 58.22 24.77 51.83 51.55 37.26 38.68 1.55 77.84 50.31 44.98 23.47 17.32 75.74 41.31 54.13 23.73 32.8 52.61 69.77 0 14.77 55.97 
95.05 63.3 69.22 41.52 70.14 71.76 56.39 54.05 14.09 93.96 65.09 68.85 40.17 34 92 64.16 71.47 30.25 52.44 70.86 88.44 13.72 0 73.13 
34.33 9.11 26.25 27.54 7.09 12.84 10.59 20.11 55.44 31.15 26.71 8.12 26.34 39.15 29.21 10.86 1.98 44.7 27.48 0.83 35.57 69.23 72.83 0 
13.67 22.51 21.48 40.36 15.13 18.84 24 23.85 68.91 21.05 27.61 24.82 40.63 54.8 0 25.1 15.85 59.39 40.34 12.36 39.4 82.26 82.13 17.82 
39.61 5.18 28.17 13.23 13.34 10.94 8.69 18.25 45.42 36.18 28.18 4.84 13.64 30.93 34.26 0 8.4 34.27 25.67 11.28 32.14 55.75 68.61 10.49 
77.93 46.28 54.55 22.3 53.27 53.07 38.04 35.29 0 74.44 46.55 41.19 21 14.67 72.32 38.17 50.44 25.98 34.96 51.28 70.61 11.95 17.08 52.31 
22.78 31.3 30.36 53.7 24.15 27.77 32.78 32.61 80.1 0 36.27 33.52 51.24 64.68 2.88 33.84 24.88 69.24 50.67 21.53 31.96 91.55 91.21 26.75 
54.17 19.16 48.68 24.03 25.82 25.56 12.72 45.33 36.24 50.44 49.79 28.52 28.37 22.91 48.17 24.12 28.36 20.73 0 26.55 41.29 39.9 51.09 30.24 
32.45 7.02 25.31 25.61 5.33 10.78 8.51 22.02 53.3 29.24 25.77 9.27 26.06 37.12 27.28 10.67 1.49 42.48 25.55 0 33.72 66.2 70.84 2.83 
44.37 25.95 54.35 41.41 24.44 22.03 24.61 56.57 71.53 27.18 60.92 38.69 41.97 56.07 39.56 31.91 38.62 57.85 41.86 34.79 0 80.67 87.78 40.39 
81.27 44.48 58.22 24.77 51.83 51.55 37.26 38.68 1.55 77.84 50.31 44.98 23.47 17.32 75.74 41.31 54.13 23.73 32.8 52.61 69.77 0 14.77 55.97 
95.05 63.3 69.22 41.52 70.14 71.76 56.39 54.05 14.09 93.96 65.09 68.85 40.17 34 92 64.16 71.47 30.25 52.44 70.86 88.44 13.72 0 73.13 
33.24 11.11 25.19 25.63 9.11 14.81 12.57 19.06 55.43 30.06 25.64 6.8 25.12 39.3 28.12 9.56 0 43.5 29.3 2.14 37.31 67.9 74.46 1.31 
69.38 35.14 55 18.6 41.75 41.46 29.09 36.48 26.91 66.95 47.15 37.05 17.9 12.23 64.79 33.69 42.19 0 19.53 42.56 54.38 23.51 33.61 44.14 
28.45 35.4 3.44 31.63 33.72 38.87 36.89 14 55.58 38.88 0 28.05 28.66 41.21 36.72 30.05 29.09 52.12 55.5 25.8 64.62 75.92 67.69 30.92 
35.34 10.2 24.6 17.32 7.53 13.26 11.99 14.99 47.66 32.72 25.06 0 16.79 32.72 30.78 3.02 3.89 36.05 28.75 5.4 35.94 59.9 65.41 5.22 
56.17 21.52 31.76 3.86 28.42 26.88 14.47 15.23 28.32 52.47 25.29 16.07 0 11.06 50.21 12.46 24.06 21.06 26.46 26.73 43.25 42.15 44.22 25.99 
34.33 9.11 26.25 27.54 7.09 12.84 10.59 20.11 55.44 31.15 26.71 8.12 26.34 39.15 29.21 10.86 1.98 44.7 27.48 0.83 35.57 69.23 72.83 0 
54.17 19.16 48.68 24.03 25.82 25.56 12.72 45.33 36.24 50.44 49.79 28.52 28.37 22.91 48.17 24.12 28.36 20.73 0 26.55 41.29 39.9 51.09 30.24 
32.45 7.02 25.31 25.61 5.33 10.78 8.51 22.02 53.3 29.24 25.77 9.27 26.06 37.12 27.28 10.67 1.49 42.48 25.55 0 33.72 66.2 70.84 2.83 
44.37 25.95 54.35 41.41 24.44 22.03 24.61 56.57 71.53 27.18 60.92 38.69 41.97 56.07 39.56 31.91 38.62 57.85 41.86 34.79 0 80.67 87.78 40.39 
67.22 30.35 41.02 7.7 36.69 36.45 23.82 24.67 19.27 61.52 34.61 26.95 5.08 0 59.33 27.97 34.8 8.88 19.6 35.76 54.63 30.09 35.53 36.57 
13.67 22.51 21.48 40.36 15.13 18.84 24 23.85 68.91 21.05 27.61 24.82 40.63 54.8 0 25.1 15.85 59.39 40.34 12.36 39.4 82.26 82.13 17.82 
39.61 5.18 28.17 13.23 13.34 10.94 8.69 18.25 45.42 36.18 28.18 4.84 13.64 30.93 34.26 0 8.4 34.27 25.67 11.28 32.14 55.75 68.61 10.49 
33.24 11.11 25.19 25.63 9.11 14.81 12.57 19.06 55.43 30.06 25.64 6.8 25.12 39.3 28.12 9.56 0 43.5 29.3 2.14 37.31 67.9 74.46 1.31 
69.38 35.14 55 18.6 41.75 41.46 29.09 36.48 26.91 66.95 47.15 37.05 17.9 12.23 64.79 33.69 42.19 0 19.53 42.56 54.38 23.51 33.61 44.14 
81.27 44.48 58.22 24.77 51.83 51.55 37.26 38.68 1.55 77.84 50.31 44.98 23.47 17.32 75.74 41.31 54.13 23.73 32.8 52.61 69.77 0 14.77 55.97 
95.05 63.3 69.22 41.52 70.14 71.76 56.39 54.05 14.09 93.96 65.09 68.85 40.17 34 92 64.16 71.47 30.25 52.44 70.86 88.44 13.72 0 73.13 
54.17 19.16 48.68 24.03 25.82 25.56 12.72 45.33 36.24 50.44 49.79 28.52 28.37 22.91 48.17 24.12 28.36 20.73 0 26.55 41.29 39.9 51.09 30.24 
32.45 7.02 25.31 25.61 5.33 10.78 8.51 22.02 53.3 29.24 25.77 9.27 26.06 37.12 27.28 10.67 1.49 42.48 25.55 0 33.72 66.2 70.84 2.83 
44.37 25.95 54.35 41.41 24.44 22.03 24.61 56.57 71.53 27.18 60.92 38.69 41.97 56.07 39.56 31.91 38.62 57.85 41.86 34.79 0 80.67 87.78 40.39 
81.27 44.48 58.22 24.77 51.83 51.55 37.26 38.68 1.55 77.84 50.31 44.98 23.47 17.32 75.74 41.31 54.13 23.73 32.8 52.61 69.77 0 14.77 55.97 
Dimension>47
Bandera>13
Fitness Greedy Costo>527.68
Dimension>47
Bandera>13
Fitness Greedy Costo>527.68
34.33 9.11 26.25 27.54 7.09 12.84 10.59 20.11 55.44 31.15 26.71 8.12 26.34 39.15 29.21 10.86 1.98 44.7 27.48 0.83 35.57 69.23 72.83 0 
95.05 63.3 69.22 41.52 70.14 71.76 56.39 54.05 14.09 93.96 65.09 68.85 40.17 34 92 64.16 71.47 30.25 52.44 70.86 88.44 13.72 0 73.13 
34.33 9.11 26.25 27.54 7.09 12.84 10.59 20.11 55.44 31.15 26.71 8.12 26.34 39.15 29.21 10.86 1.98 44.7 27.48 0.83 35.57 69.23 72.83 0 
Solucion Greedy Costo>2 10 7 11 0 14 19 16 23 0 9 4 5 1 0 6 15 3 12 0 20 18 17 13 0 24 8 21 22 0 0 0 0 0 0 0 0 0 0 0 0 0 0 0 0 0 0 
Linea Vacia>
Solucion Greedy Costo>2 10 7 11 0 14 19 16 23 0 9 4 5 1 0 6 15 3 12 0 20 18 17 13 0 24 8 21 22 0 0 0 0 0 0 0 0 0 0 0 0 0 0 0 0 0 0 
Linea Vacia>
Matriz de Costos>
0 32.59 22.13 52.83 25.19 28.81 34.7 34.52 80.39 24.68 30.38 35.41 53.04 66.85 22.68 35.74 26.86 70.54 52.82 23.54 51.21 92.83 92.12 28.71 
34.36 0 29.77 22.82 6.62 4.7 5.85 28.91 49.16 31.49 32.57 11.87 23.27 34.21 29.55 5.09 10.64 38.06 22.66 8.67 25.79 63.11 66.85 12.71 
20.02 35.38 0 33.83 33.69 38.85 36.86 15.46 62.48 38.78 10.31 26.26 33.35 47.99 36.69 30.04 28.87 59.3 55.39 25.78 64.51 79.99 71.84 30.71 
Matriz de Costos>
0 32.59 22.13 52.83 25.19 28.81 34.7 34.52 80.39 24.68 30.38 35.41 53.04 66.85 22.68 35.74 26.86 70.54 52.82 23.54 51.21 92.83 92.12 28.71 
Dimension>47
Bandera>13
Fitness Greedy Costo>527.68
55.2 19.81 31.08 0 26.44 25.67 12.34 20.5 29.47 51.48 30.34 14.84 4.89 15.27 49.21 11.14 22.88 18.3 21.2 25.3 41.09 39.55 47.51 24.82 
26.58 5.28 27.68 26.62 0 3 9.64 28.27 53.94 24.5 31.93 9.42 27.07 38 22.52 10.95 7.11 43.22 26.56 5.54 24.47 67.76 71.37 9.22 
33.39 2.37 28.46 23.02 6.06 0 5.01 28.16 49.09 30.2 31.84 11.03 22.62 33.89 28.24 4.22 9.35 37.74 22.25 7.37 25.29 63.11 66.84 11.43 
34.36 0 29.77 22.82 6.62 4.7 5.85 28.91 49.16 31.49 32.57 11.87 23.27 34.21 29.55 5.09 10.64 38.06 22.66 8.67 25.79 63.11 66.85 12.71 
20.02 35.38 0 33.83 33.69 38.85 36.86 15.46 62.48 38.78 10.31 26.26 33.35 47.99 36.69 30.04 28.87 59.3 55.39 25.78 64.51 79.99 71.84 30.71 
Solucion Greedy Costo>2 10 7 11 0 14 19 16 23 0 9 4 5 1 0 6 15 3 12 0 20 18 17 13 0 24 8 21 22 0 0 0 0 0 0 0 0 0 0 0 0 0 0 0 0 0 0 
Linea Vacia>
35.68 3.95 30.8 15.04 8.9 9.24 0 32.9 42.66 32.51 36.51 13.92 15.51 28.5 30.57 10.5 11.65 32.46 16.64 9.69 25.52 56.92 60.81 13.71 
35.92 28.83 13.32 21.6 28.64 33.89 31.11 0 42.16 32.77 7.19 15.79 18.5 30.42 30.84 21.21 20.04 39.58 48.14 20.56 56.15 63.27 56.52 21.98 
77.93 46.28 54.55 22.3 53.27 53.07 38.04 35.29 0 74.44 46.55 41.19 21 14.67 72.32 38.17 50.44 25.98 34.96 51.28 70.61 11.95 17.08 52.31 
55.2 19.81 31.08 0 26.44 25.67 12.34 20.5 29.47 51.48 30.34 14.84 4.89 15.27 49.21 11.14 22.88 18.3 21.2 25.3 41.09 39.55 47.51 24.82 
26.58 5.28 27.68 26.62 0 3 9.64 28.27 53.94 24.5 31.93 9.42 27.07 38 22.52 10.95 7.11 43.22 26.56 5.54 24.47 67.76 71.37 9.22 
22.78 31.3 30.36 53.7 24.15 27.77 32.78 32.61 80.1 0 36.27 33.52 51.24 64.68 2.88 33.84 24.88 69.24 50.67 21.53 31.96 91.55 91.21 26.75 
33.39 2.37 28.46 23.02 6.06 0 5.01 28.16 49.09 30.2 31.84 11.03 22.62 33.89 28.24 4.22 9.35 37.74 22.25 7.37 25.29 63.11 66.84 11.43 
35.68 3.95 30.8 15.04 8.9 9.24 0 32.9 42.66 32.51 36.51 13.92 15.51 28.5 30.57 10.5 11.65 32.46 16.64 9.69 25.52 56.92 60.81 13.71 
28.45 35.4 3.44 31.63 33.72 38.87 36.89 14 55.58 38.88 0 28.05 28.66 41.21 36.72 30.05 29.09 52.12 55.5 25.8 64.62 75.92 67.69 30.92 
35.34 10.2 24.6 17.32 7.53 13.26 11.99 14.99 47.66 32.72 25.06 0 16.79 32.72 30.78 3.02 3.89 36.05 28.75 5.4 35.94 59.9 65.41 5.22 
35.92 28.83 13.32 21.6 28.64 33.89 31.11 0 42.16 32.77 7.19 15.79 18.5 30.42 30.84 21.21 20.04 39.58 48.14 20.56 56.15 63.27 56.52 21.98 
77.93 46.28 54.55 22.3 53.27 53.07 38.04 35.29 0 74.44 46.55 41.19 21 14.67 72.32 38.17 50.44 25.98 34.96 51.28 70.61 11.95 17.08 52.31 
56.17 21.52 31.76 3.86 28.42 26.88 14.47 15.23 28.32 52.47 25.29 16.07 0 11.06 50.21 12.46 24.06 21.06 26.46 26.73 43.25 42.15 44.22 25.99 
67.22 30.35 41.02 7.7 36.69 36.45 23.82 24.67 19.27 61.52 34.61 26.95 5.08 0 59.33 27.97 34.8 8.88 19.6 35.76 54.63 30.09 35.53 36.57 
22.78 31.3 30.36 53.7 24.15 27.77 32.78 32.61 80.1 0 36.27 33.52 51.24 64.68 2.88 33.84 24.88 69.24 50.67 21.53 31.96 91.55 91.21 26.75 
13.67 22.51 21.48 40.36 15.13 18.84 24 23.85 68.91 21.05 27.61 24.82 40.63 54.8 0 25.1 15.85 59.39 40.34 12.36 39.4 82.26 82.13 17.82 
28.45 35.4 3.44 31.63 33.72 38.87 36.89 14 55.58 38.88 0 28.05 28.66 41.21 36.72 30.05 29.09 52.12 55.5 25.8 64.62 75.92 67.69 30.92 
39.61 5.18 28.17 13.23 13.34 10.94 8.69 18.25 45.42 36.18 28.18 4.84 13.64 30.93 34.26 0 8.4 34.27 25.67 11.28 32.14 55.75 68.61 10.49 
35.34 10.2 24.6 17.32 7.53 13.26 11.99 14.99 47.66 32.72 25.06 0 16.79 32.72 30.78 3.02 3.89 36.05 28.75 5.4 35.94 59.9 65.41 5.22 
Matriz de Costos>
56.17 21.52 31.76 3.86 28.42 26.88 14.47 15.23 28.32 52.47 25.29 16.07 0 11.06 50.21 12.46 24.06 21.06 26.46 26.73 43.25 42.15 44.22 25.99 
0 32.59 22.13 52.83 25.19 28.81 34.7 34.52 80.39 24.68 30.38 35.41 53.04 66.85 22.68 35.74 26.86 70.54 52.82 23.54 51.21 92.83 92.12 28.71 
33.24 11.11 25.19 25.63 9.11 14.81 12.57 19.06 55.43 30.06 25.64 6.8 25.12 39.3 28.12 9.56 0 43.5 29.3 2.14 37.31 67.9 74.46 1.31 
69.38 35.14 55 18.6 41.75 41.46 29.09 36.48 26.91 66.95 47.15 37.05 17.9 12.23 64.79 33.69 42.19 0 19.53 42.56 54.38 23.51 33.61 44.14 
67.22 30.35 41.02 7.7 36.69 36.45 23.82 24.67 19.27 61.52 34.61 26.95 5.08 0 59.33 27.97 34.8 8.88 19.6 35.76 54.63 30.09 35.53 36.57 
34.36 0 29.77 22.82 6.62 4.7 5.85 28.91 49.16 31.49 32.57 11.87 23.27 34.21 29.55 5.09 10.64 38.06 22.66 8.67 25.79 63.11 66.85 12.71 
20.02 35.38 0 33.83 33.69 38.85 36.86 15.46 62.48 38.78 10.31 26.26 33.35 47.99 36.69 30.04 28.87 59.3 55.39 25.78 64.51 79.99 71.84 30.71 
54.17 19.16 48.68 24.03 25.82 25.56 12.72 45.33 36.24 50.44 49.79 28.52 28.37 22.91 48.17 24.12 28.36 20.73 0 26.55 41.29 39.9 51.09 30.24 
13.67 22.51 21.48 40.36 15.13 18.84 24 23.85 68.91 21.05 27.61 24.82 40.63 54.8 0 25.1 15.85 59.39 40.34 12.36 39.4 82.26 82.13 17.82 
55.2 19.81 31.08 0 26.44 25.67 12.34 20.5 29.47 51.48 30.34 14.84 4.89 15.27 49.21 11.14 22.88 18.3 21.2 25.3 41.09 39.55 47.51 24.82 
39.61 5.18 28.17 13.23 13.34 10.94 8.69 18.25 45.42 36.18 28.18 4.84 13.64 30.93 34.26 0 8.4 34.27 25.67 11.28 32.14 55.75 68.61 10.49 
32.45 7.02 25.31 25.61 5.33 10.78 8.51 22.02 53.3 29.24 25.77 9.27 26.06 37.12 27.28 10.67 1.49 42.48 25.55 0 33.72 66.2 70.84 2.83 
44.37 25.95 54.35 41.41 24.44 22.03 24.61 56.57 71.53 27.18 60.92 38.69 41.97 56.07 39.56 31.91 38.62 57.85 41.86 34.79 0 80.67 87.78 40.39 
33.24 11.11 25.19 25.63 9.11 14.81 12.57 19.06 55.43 30.06 25.64 6.8 25.12 39.3 28.12 9.56 0 43.5 29.3 2.14 37.31 67.9 74.46 1.31 
26.58 5.28 27.68 26.62 0 3 9.64 28.27 53.94 24.5 31.93 9.42 27.07 38 22.52 10.95 7.11 43.22 26.56 5.54 24.47 67.76 71.37 9.22 
33.39 2.37 28.46 23.02 6.06 0 5.01 28.16 49.09 30.2 31.84 11.03 22.62 33.89 28.24 4.22 9.35 37.74 22.25 7.37 25.29 63.11 66.84 11.43 
69.38 35.14 55 18.6 41.75 41.46 29.09 36.48 26.91 66.95 47.15 37.05 17.9 12.23 64.79 33.69 42.19 0 19.53 42.56 54.38 23.51 33.61 44.14 
81.27 44.48 58.22 24.77 51.83 51.55 37.26 38.68 1.55 77.84 50.31 44.98 23.47 17.32 75.74 41.31 54.13 23.73 32.8 52.61 69.77 0 14.77 55.97 
35.68 3.95 30.8 15.04 8.9 9.24 0 32.9 42.66 32.51 36.51 13.92 15.51 28.5 30.57 10.5 11.65 32.46 16.64 9.69 25.52 56.92 60.81 13.71 
95.05 63.3 69.22 41.52 70.14 71.76 56.39 54.05 14.09 93.96 65.09 68.85 40.17 34 92 64.16 71.47 30.25 52.44 70.86 88.44 13.72 0 73.13 
54.17 19.16 48.68 24.03 25.82 25.56 12.72 45.33 36.24 50.44 49.79 28.52 28.37 22.91 48.17 24.12 28.36 20.73 0 26.55 41.29 39.9 51.09 30.24 
35.92 28.83 13.32 21.6 28.64 33.89 31.11 0 42.16 32.77 7.19 15.79 18.5 30.42 30.84 21.21 20.04 39.58 48.14 20.56 56.15 63.27 56.52 21.98 
32.45 7.02 25.31 25.61 5.33 10.78 8.51 22.02 53.3 29.24 25.77 9.27 26.06 37.12 27.28 10.67 1.49 42.48 25.55 0 33.72 66.2 70.84 2.83 
77.93 46.28 54.55 22.3 53.27 53.07 38.04 35.29 0 74.44 46.55 41.19 21 14.67 72.32 38.17 50.44 25.98 34.96 51.28 70.61 11.95 17.08 52.31 
34.33 9.11 26.25 27.54 7.09 12.84 10.59 20.11 55.44 31.15 26.71 8.12 26.34 39.15 29.21 10.86 1.98 44.7 27.48 0.83 35.57 69.23 72.83 0 
44.37 25.95 54.35 41.41 24.44 22.03 24.61 56.57 71.53 27.18 60.92 38.69 41.97 56.07 39.56 31.91 38.62 57.85 41.86 34.79 0 80.67 87.78 40.39 
22.78 31.3 30.36 53.7 24.15 27.77 32.78 32.61 80.1 0 36.27 33.52 51.24 64.68 2.88 33.84 24.88 69.24 50.67 21.53 31.96 91.55 91.21 26.75 
81.27 44.48 58.22 24.77 51.83 51.55 37.26 38.68 1.55 77.84 50.31 44.98 23.47 17.32 75.74 41.31 54.13 23.73 32.8 52.61 69.77 0 14.77 55.97 
28.45 35.4 3.44 31.63 33.72 38.87 36.89 14 55.58 38.88 0 28.05 28.66 41.21 36.72 30.05 29.09 52.12 55.5 25.8 64.62 75.92 67.69 30.92 
95.05 63.3 69.22 41.52 70.14 71.76 56.39 54.05 14.09 93.96 65.09 68.85 40.17 34 92 64.16 71.47 30.25 52.44 70.86 88.44 13.72 0 73.13 
35.34 10.2 24.6 17.32 7.53 13.26 11.99 14.99 47.66 32.72 25.06 0 16.79 32.72 30.78 3.02 3.89 36.05 28.75 5.4 35.94 59.9 65.41 5.22 
34.33 9.11 26.25 27.54 7.09 12.84 10.59 20.11 55.44 31.15 26.71 8.12 26.34 39.15 29.21 10.86 1.98 44.7 27.48 0.83 35.57 69.23 72.83 0 
56.17 21.52 31.76 3.86 28.42 26.88 14.47 15.23 28.32 52.47 25.29 16.07 0 11.06 50.21 12.46 24.06 21.06 26.46 26.73 43.25 42.15 44.22 25.99 
67.22 30.35 41.02 7.7 36.69 36.45 23.82 24.67 19.27 61.52 34.61 26.95 5.08 0 59.33 27.97 34.8 8.88 19.6 35.76 54.63 30.09 35.53 36.57 
13.67 22.51 21.48 40.36 15.13 18.84 24 23.85 68.91 21.05 27.61 24.82 40.63 54.8 0 25.1 15.85 59.39 40.34 12.36 39.4 82.26 82.13 17.82 
39.61 5.18 28.17 13.23 13.34 10.94 8.69 18.25 45.42 36.18 28.18 4.84 13.64 30.93 34.26 0 8.4 34.27 25.67 11.28 32.14 55.75 68.61 10.49 
33.24 11.11 25.19 25.63 9.11 14.81 12.57 19.06 55.43 30.06 25.64 6.8 25.12 39.3 28.12 9.56 0 43.5 29.3 2.14 37.31 67.9 74.46 1.31 
69.38 35.14 55 18.6 41.75 41.46 29.09 36.48 26.91 66.95 47.15 37.05 17.9 12.23 64.79 33.69 42.19 0 19.53 42.56 54.38 23.51 33.61 44.14 
54.17 19.16 48.68 24.03 25.82 25.56 12.72 45.33 36.24 50.44 49.79 28.52 28.37 22.91 48.17 24.12 28.36 20.73 0 26.55 41.29 39.9 51.09 30.24 
32.45 7.02 25.31 25.61 5.33 10.78 8.51 22.02 53.3 29.24 25.77 9.27 26.06 37.12 27.28 10.67 1.49 42.48 25.55 0 33.72 66.2 70.84 2.83 
44.37 25.95 54.35 41.41 24.44 22.03 24.61 56.57 71.53 27.18 60.92 38.69 41.97 56.07 39.56 31.91 38.62 57.85 41.86 34.79 0 80.67 87.78 40.39 
81.27 44.48 58.22 24.77 51.83 51.55 37.26 38.68 1.55 77.84 50.31 44.98 23.47 17.32 75.74 41.31 54.13 23.73 32.8 52.61 69.77 0 14.77 55.97 
95.05 63.3 69.22 41.52 70.14 71.76 56.39 54.05 14.09 93.96 65.09 68.85 40.17 34 92 64.16 71.47 30.25 52.44 70.86 88.44 13.72 0 73.13 
34.33 9.11 26.25 27.54 7.09 12.84 10.59 20.11 55.44 31.15 26.71 8.12 26.34 39.15 29.21 10.86 1.98 44.7 27.48 0.83 35.57 69.23 72.83 0 
GEN 0 967.490000
TIEMPO 0 967.490000
GEN 0 1050.570000
GEN 0 955.830000
TIEMPO 0 1005.290000
GEN 0 1030.850000
TIEMPO 0 955.830000
TIEMPO 0 1030.850000
GEN 0 1061.810000
TIEMPO 0 1027.100000
GEN 0 1011.590000
GEN 0 947.460000
GEN 0 1036.840000
GEN 0 1034.660000
TIEMPO 0 991.850000
GEN 0 993.920000
TIEMPO 0 958.960000
TIEMPO 0 1032.190000
TIEMPO 0 947.460000
TIEMPO 0 980.780000
GEN 0 1050.380000
GEN 0 968.690000
GEN 0 899.540000
GEN 0 1010.800000
TIEMPO 0 899.540000
TIEMPO 0 1032.430000
TIEMPO 0 953.260000
TIEMPO 0 929.040000
GEN 0 1040.870000
GEN 0 936.560000
TIEMPO 0 936.560000
TIEMPO 0 1026.070000
GEN 0 959.040000
GEN 0 883.020000
TIEMPO 0 959.040000
TIEMPO 0 883.020000
GEN 0 963.830000
GEN 0 986.230000
GEN 0 971.430000
GEN 0 971.080000
TIEMPO 0 961.300000
TIEMPO 0 986.230000
TIEMPO 0 971.080000
TIEMPO 0 971.430000
GEN 0 997.100000
TIEMPO 0 918.540000
GEN 0 1040.690000
TIEMPO 0 959.160000
GREEDY 0 0.186588
GEN 2500 515.710000
GEN 2500 561.190000
GEN 2500 529.220000
GEN 2500 539.140000
GEN 2500 552.290000
GEN 2500 537.010000
GEN 2500 552.410000
GEN 2500 580.960000
GEN 2500 555.500000
GEN 2500 545.650000
GEN 2500 534.880000
GREEDY 0 0.355648
GREEDY 0 0.372351
GREEDY 5 0.383485
GEN 2500 531.900000
GEN 2500 558.050000
GREEDY 0 0.391453
GREEDY 0 0.417376
GEN 2500 558.780000
GREEDY 0 0.446573
GREEDY 5 0.455765
GREEDY 0 0.460529
GEN 5000 480.130000
GEN 5000 514.080000
GEN 5000 497.580000
GEN 5000 534.080000
GREEDY 0 0.493587
GEN 5000 524.570000
GEN 5000 525.360000
GEN 5000 547.910000
GEN 2500 557.550000
GEN 2500 548.570000
GEN 5000 529.410000
GEN 2500 554.910000
GEN 5000 536.070000
GEN 2500 551.030000
GEN 2500 574.110000
GEN 2500 557.700000
GEN 5000 528.170000
GEN 5000 531.730000
GREEDY 0 0.620100
GEN 5000 536.850000
GREEDY 0 0.640785
GREEDY 0 0.654960
GREEDY 5 0.680041
GREEDY 0 0.705320
GEN 7500 490.170000
GEN 7500 492.660000
GEN 2500 518.550000
GEN 7500 534.080000
GEN 2500 546.320000
GEN 2500 531.220000
GEN 2500 517.900000
GEN 7500 476.780000
GEN 7500 525.360000
GEN 7500 506.720000
GEN 7500 517.340000
GEN 7500 525.370000
GEN 5000 513.350000
GEN 7500 536.070000
GEN 7500 519.390000
GEN 7500 530.830000
GEN 5000 554.680000
GEN 7500 536.850000
GEN 5000 537.220000
GEN 10000 490.170000
TIEMPO 0.951411 490.170000
GEN 10000 481.530000
TIEMPO 0.962743 481.530000
GEN 10000 534.080000
TIEMPO 0.973380 534.080000
GEN 10000 525.360000
TIEMPO 0.982380 525.360000
TIEMPO 1 515.650000
TIEMPO 1 513.350000
TIEMPO 1 476.780000
TIEMPO 1 532.790000
TIEMPO 1 519.120000
TIEMPO 1 536.850000
TIEMPO 1 514.470000
TIEMPO 1 530.830000
TIEMPO 1 501.460000
GEN 10000 501.460000
TIEMPO 1.000843 501.460000
TIEMPO 1 522.960000
TIEMPO 1 530.980000
GEN 10000 476.780000
TIEMPO 1.007233 476.780000
TIEMPO 1 551.300000
TIEMPO 1 566.010000
TIEMPO 1 508.950000
TIEMPO 1 547.560000
TIEMPO 1 513.630000
TIEMPO 1 530.320000
TIEMPO 1 534.930000
TIEMPO 1 532.680000
TIEMPO 1 533.020000
GEN 10000 522.960000
TIEMPO 1.020724 522.960000
GREEDY 0 1.026366
GEN 10000 508.950000
TIEMPO 1.023172 508.950000
GREEDY 0 1.065072
GREEDY 0 1.078335
GEN 5000 513.650000
GEN 10000 510.930000
TIEMPO 1.106487 510.930000
GEN 10000 530.830000
TIEMPO 1.109455 530.830000
GEN 10000 523.100000
TIEMPO 1.109974 523.100000
GEN 10000 532.790000
TIEMPO 1.113309 532.790000
GEN 5000 547.560000
GEN 5000 533.020000
GEN 5000 566.010000
GEN 5000 534.930000
GREEDY 0 1.158417
GEN 7500 512.140000
GREEDY 5 1.202550
GEN 5000 514.470000
GEN 5000 513.630000
GEN 5000 527.740000
GEN 5000 524.360000
GEN 7500 551.300000
GEN 7500 523.800000
GREEDY 5 1.429485
GREEDY 0 1.580862
GEN 7500 496.350000
GEN 10000 551.300000
TIEMPO 1.667185 551.300000
GEN 7500 492.240000
GEN 7500 545.750000
GEN 7500 529.800000
GEN 7500 529.690000
GEN 10000 505.380000
TIEMPO 1.731231 505.380000
GREEDY 0 1.719258
GEN 10000 523.800000
TIEMPO 1.724601 523.800000
GREEDY 0 1.777996
GEN 7500 524.360000
GEN 7500 527.180000
GEN 7500 514.470000
GEN 7500 511.160000
GEN 10000 496.350000
TIEMPO 1.940520 496.350000
GEN 10000 517.000000
TIEMPO 1.955520 517.000000
GEN 10000 492.240000
TIEMPO 1.969290 492.240000
GEN 10000 545.750000
TIEMPO 1.984596 545.750000
GEN 10000 513.390000
TIEMPO 1.987142 513.390000
TIEMPO 2 507.270000
TIEMPO 2 524.360000
TIEMPO 2 511.160000
TIEMPO 2 522.220000
GEN 10000 524.360000
TIEMPO 2.034375 524.360000
GEN 10000 507.270000
TIEMPO 2.049421 507.270000
GEN 10000 522.220000
TIEMPO 2.070019 522.220000
GEN 10000 511.160000
TIEMPO 2.098116 511.160000

 Current State ---------------------------------------------
Solution:  19 16 23 11 0 9 14 10 2 0 7 12 13 17 0 24 22 21 8 0 4 1 6 20 0 5 15 3 18 0 0 0 0 0 0 0 0 0 0 0 0 0 0 0 0 0 0 Fitness: 476.78

 :( ---------------------- THE END --------------- :) 
