Dimension>19
Bandera>13
Fitness Greedy Costo>198.84
Solucion Greedy Costo>8 3 2 0 1 5 10 4 0 9 7 0 6 0 0 0 0 0 0 
Linea Vacia>
Matriz de Costos>
0 13.95 11.28 9.53 31.63 14.92 38.69 34.36 0 29.77 
10.61 0 21.98 20.5 16.57 6.47 29.74 46.19 10.61 35.65 
6.56 16.34 0 7.42 35 17.49 42.34 32.52 6.56 27.04 
8.3 18.02 0.59 0 36.55 19.16 44.23 25.87 8.3 20.75 
22.15 16.56 30.06 30.28 0 22.07 21.86 56.68 22.15 33.21 
9.38 7.84 19.73 18.04 21.98 0 29.23 43.97 9.38 38.25 
34.11 27.62 45.05 43.15 17.53 21.83 0 71.55 34.11 55.17 
32.59 43.06 21.77 20.11 63.91 44.85 72.19 0 32.59 22.13 
0 13.95 11.28 9.53 31.63 14.92 38.69 34.36 0 29.77 
35.38 41.6 24.03 22.38 43.62 47.51 67.97 20.02 35.38 0 
Dimension>19
Bandera>13
Fitness Greedy Costo>198.84
Solucion Greedy Costo>8 3 2 0 1 5 10 4 0 9 7 0 6 0 0 0 0 0 0 
Linea Vacia>
Matriz de Costos>
0 13.95 11.28 9.53 31.63 14.92 38.69 34.36 0 29.77 
10.61 0 21.98 20.5 16.57 6.47 29.74 46.19 10.61 35.65 
6.56 16.34 0 7.42 35 17.49 42.34 32.52 6.56 27.04 
8.3 18.02 0.59 0 36.55 19.16 44.23 25.87 8.3 20.75 
22.15 16.56 30.06 30.28 0 22.07 21.86 56.68 22.15 33.21 
9.38 7.84 19.73 18.04 21.98 0 29.23 43.97 9.38 38.25 
34.11 27.62 45.05 43.15 17.53 21.83 0 71.55 34.11 55.17 
32.59 43.06 21.77 20.11 63.91 44.85 72.19 0 32.59 22.13 
0 13.95 11.28 9.53 31.63 14.92 38.69 34.36 0 29.77 
35.38 41.6 24.03 22.38 43.62 47.51 67.97 20.02 35.38 0 
Dimension>19
Bandera>13
Fitness Greedy Costo>198.84
Solucion Greedy Costo>8 3 2 0 1 5 10 4 0 9 7 0 6 0 0 0 0 0 0 
Linea Vacia>
Matriz de Costos>
0 13.95 11.28 9.53 31.63 14.92 38.69 34.36 0 29.77 
10.61 0 21.98 20.5 16.57 6.47 29.74 46.19 10.61 35.65 
6.56 16.34 0 7.42 35 17.49 42.34 32.52 6.56 27.04 
8.3 18.02 0.59 0 36.55 19.16 44.23 25.87 8.3 20.75 
22.15 16.56 30.06 30.28 0 22.07 21.86 56.68 22.15 33.21 
9.38 7.84 19.73 18.04 21.98 0 29.23 43.97 9.38 38.25 
34.11 27.62 45.05 43.15 17.53 21.83 0 71.55 34.11 55.17 
32.59 43.06 21.77 20.11 63.91 44.85 72.19 0 32.59 22.13 
0 13.95 11.28 9.53 31.63 14.92 38.69 34.36 0 29.77 
35.38 41.6 24.03 22.38 43.62 47.51 67.97 20.02 35.38 0 
Dimension>19
Bandera>13
Fitness Greedy Costo>198.84
Solucion Greedy Costo>8 3 2 0 1 5 10 4 0 9 7 0 6 0 0 0 0 0 0 
Linea Vacia>
Matriz de Costos>
0 13.95 11.28 9.53 31.63 14.92 38.69 34.36 0 29.77 
10.61 0 21.98 20.5 16.57 6.47 29.74 46.19 10.61 35.65 
6.56 16.34 0 7.42 35 17.49 42.34 32.52 6.56 27.04 
8.3 18.02 0.59 0 36.55 19.16 44.23 25.87 8.3 20.75 
22.15 16.56 30.06 30.28 0 22.07 21.86 56.68 22.15 33.21 
9.38 7.84 19.73 18.04 21.98 0 29.23 43.97 9.38 38.25 
34.11 27.62 45.05 43.15 17.53 21.83 0 71.55 34.11 55.17 
32.59 43.06 21.77 20.11 63.91 44.85 72.19 0 32.59 22.13 
0 13.95 11.28 9.53 31.63 14.92 38.69 34.36 0 29.77 
35.38 41.6 24.03 22.38 43.62 47.51 67.97 20.02 35.38 0 
Dimension>19
Bandera>13
Fitness Greedy Costo>198.84
Solucion Greedy Costo>8 3 2 0 1 5 10 4 0 9 7 0 6 0 0 0 0 0 0 
Linea Vacia>
Matriz de Costos>
0 13.95 11.28 9.53 31.63 14.92 38.69 34.36 0 29.77 
10.61 0 21.98 20.5 16.57 6.47 29.74 46.19 10.61 35.65 
6.56 16.34 0 7.42 35 17.49 42.34 32.52 6.56 27.04 
8.3 18.02 0.59 0 36.55 19.16 44.23 25.87 8.3 20.75 
22.15 16.56 30.06 30.28 0 22.07 21.86 56.68 22.15 33.21 
9.38 7.84 19.73 18.04 21.98 0 29.23 43.97 9.38 38.25 
34.11 27.62 45.05 43.15 17.53 21.83 0 71.55 34.11 55.17 
32.59 43.06 21.77 20.11 63.91 44.85 72.19 0 32.59 22.13 
0 13.95 11.28 9.53 31.63 14.92 38.69 34.36 0 29.77 
35.38 41.6 24.03 22.38 43.62 47.51 67.97 20.02 35.38 0 
Dimension>19
Bandera>13
Fitness Greedy Costo>198.84
Solucion Greedy Costo>8 3 2 0 1 5 10 4 0 9 7 0 6 0 0 0 0 0 0 
Linea Vacia>
Matriz de Costos>
0 13.95 11.28 9.53 31.63 14.92 38.69 34.36 0 29.77 
10.61 0 21.98 20.5 16.57 6.47 29.74 46.19 10.61 35.65 
6.56 16.34 0 7.42 35 17.49 42.34 32.52 6.56 27.04 
8.3 18.02 0.59 0 36.55 19.16 44.23 25.87 8.3 20.75 
22.15 16.56 30.06 30.28 0 22.07 21.86 56.68 22.15 33.21 
9.38 7.84 19.73 18.04 21.98 0 29.23 43.97 9.38 38.25 
34.11 27.62 45.05 43.15 17.53 21.83 0 71.55 34.11 55.17 
32.59 43.06 21.77 20.11 63.91 44.85 72.19 0 32.59 22.13 
0 13.95 11.28 9.53 31.63 14.92 38.69 34.36 0 29.77 
35.38 41.6 24.03 22.38 43.62 47.51 67.97 20.02 35.38 0 
Dimension>19
Bandera>13
Fitness Greedy Costo>198.84
Solucion Greedy Costo>8 3 2 0 1 5 10 4 0 9 7 0 6 0 0 0 0 0 0 
Linea Vacia>
Matriz de Costos>
0 13.95 11.28 9.53 31.63 14.92 38.69 34.36 0 29.77 
10.61 0 21.98 20.5 16.57 6.47 29.74 46.19 10.61 35.65 
6.56 16.34 0 7.42 35 17.49 42.34 32.52 6.56 27.04 
8.3 18.02 0.59 0 36.55 19.16 44.23 25.87 8.3 20.75 
22.15 16.56 30.06 30.28 0 22.07 21.86 56.68 22.15 33.21 
9.38 7.84 19.73 18.04 21.98 0 29.23 43.97 9.38 38.25 
34.11 27.62 45.05 43.15 17.53 21.83 0 71.55 34.11 55.17 
32.59 43.06 21.77 20.11 63.91 44.85 72.19 0 32.59 22.13 
0 13.95 11.28 9.53 31.63 14.92 38.69 34.36 0 29.77 
35.38 41.6 24.03 22.38 43.62 47.51 67.97 20.02 35.38 0 
Dimension>19
Bandera>13
Fitness Greedy Costo>198.84
Solucion Greedy Costo>8 3 2 0 1 5 10 4 0 9 7 0 6 0 0 0 0 0 0 
Linea Vacia>
Matriz de Costos>
0 13.95 11.28 9.53 31.63 14.92 38.69 34.36 0 29.77 
10.61 0 21.98 20.5 16.57 6.47 29.74 46.19 10.61 35.65 
6.56 16.34 0 7.42 35 17.49 42.34 32.52 6.56 27.04 
Dimension>19
Bandera>13
Fitness Greedy Costo>198.84
Solucion Greedy Costo>8 3 2 0 1 5 10 4 0 9 7 0 6 0 0 0 0 0 0 
Linea Vacia>
Matriz de Costos>
8.3 18.02 0.59 0 36.55 19.16 44.23 25.87 8.3 20.75 
22.15 16.56 30.06 30.28 0 22.07 21.86 56.68 22.15 33.21 
9.38 7.84 19.73 18.04 21.98 0 29.23 43.97 9.38 38.25 
34.11 27.62 45.05 43.15 17.53 21.83 0 71.55 34.11 55.17 
32.59 43.06 21.77 20.11 63.91 44.85 72.19 0 32.59 22.13 
0 13.95 11.28 9.53 31.63 14.92 38.69 34.36 0 29.77 
35.38 41.6 24.03 22.38 43.62 47.51 67.97 20.02 35.38 0 
0 13.95 11.28 9.53 31.63 14.92 38.69 34.36 0 29.77 
10.61 0 21.98 20.5 16.57 6.47 29.74 46.19 10.61 35.65 
6.56 16.34 0 7.42 35 17.49 42.34 32.52 6.56 27.04 
8.3 18.02 0.59 0 36.55 19.16 44.23 25.87 8.3 20.75 
22.15 16.56 30.06 30.28 0 22.07 21.86 56.68 22.15 33.21 
9.38 7.84 19.73 18.04 21.98 0 29.23 43.97 9.38 38.25 
34.11 27.62 45.05 43.15 17.53 21.83 0 71.55 34.11 55.17 
32.59 43.06 21.77 20.11 63.91 44.85 72.19 0 32.59 22.13 
0 13.95 11.28 9.53 31.63 14.92 38.69 34.36 0 29.77 
35.38 41.6 24.03 22.38 43.62 47.51 67.97 20.02 35.38 0 
Dimension>19
Dimension>19
Bandera>13
Fitness Greedy Costo>198.84
Solucion Greedy Costo>8 3 2 0 1 5 10 4 0 9 7 0 6 0 0 0 0 0 0 
Linea Vacia>
Bandera>13
Fitness Greedy Costo>198.84
Solucion Greedy Costo>8 3 2 0 1 5 10 4 0 9 7 0 6 0 0 0 0 0 0 
Linea Vacia>
Dimension>19
Dimension>19
Bandera>13
Fitness Greedy Costo>198.84
Solucion Greedy Costo>8 3 2 0 1 5 10 4 0 9 7 0 6 0 0 0 0 0 0 
Linea Vacia>
Dimension>19
Bandera>13
Fitness Greedy Costo>198.84
Dimension>19
Bandera>13
Fitness Greedy Costo>198.84
Bandera>13
Fitness Greedy Costo>198.84
Matriz de Costos>
0 13.95 11.28 9.53 31.63 14.92 38.69 34.36 0 29.77 
10.61 0 21.98 20.5 16.57 6.47 29.74 46.19 10.61 35.65 
6.56 16.34 0 7.42 35 17.49 42.34 32.52 6.56 27.04 
8.3 18.02 0.59 0 36.55 19.16 44.23 25.87 8.3 20.75 
Dimension>19
Bandera>13
Fitness Greedy Costo>198.84
Solucion Greedy Costo>8 3 2 0 1 5 10 4 0 9 7 0 6 0 0 0 0 0 0 
Linea Vacia>
Matriz de Costos>
0 13.95 11.28 9.53 31.63 14.92 38.69 34.36 0 29.77 
10.61 0 21.98 20.5 16.57 6.47 29.74 46.19 10.61 35.65 
6.56 16.34 0 7.42 35 17.49 42.34 32.52 6.56 27.04 
8.3 18.02 0.59 0 36.55 19.16 44.23 25.87 8.3 20.75 
22.15 16.56 30.06 30.28 0 22.07 21.86 56.68 22.15 33.21 
Solucion Greedy Costo>8 3 2 0 1 5 10 4 0 9 7 0 6 0 0 0 0 0 0 
Linea Vacia>
Solucion Greedy Costo>8 3 2 0 1 5 10 4 0 9 7 0 6 0 0 0 0 0 0 
Linea Vacia>
Matriz de Costos>
Solucion Greedy Costo>8 3 2 0 1 5 10 4 0 9 7 0 6 0 0 0 0 0 0 
Linea Vacia>
22.15 16.56 30.06 30.28 0 22.07 21.86 56.68 22.15 33.21 
9.38 7.84 19.73 18.04 21.98 0 29.23 43.97 9.38 38.25 
34.11 27.62 45.05 43.15 17.53 21.83 0 71.55 34.11 55.17 
32.59 43.06 21.77 20.11 63.91 44.85 72.19 0 32.59 22.13 
0 13.95 11.28 9.53 31.63 14.92 38.69 34.36 0 29.77 
9.38 7.84 19.73 18.04 21.98 0 29.23 43.97 9.38 38.25 
34.11 27.62 45.05 43.15 17.53 21.83 0 71.55 34.11 55.17 
32.59 43.06 21.77 20.11 63.91 44.85 72.19 0 32.59 22.13 
0 13.95 11.28 9.53 31.63 14.92 38.69 34.36 0 29.77 
35.38 41.6 24.03 22.38 43.62 47.51 67.97 20.02 35.38 0 
Matriz de Costos>
0 13.95 11.28 9.53 31.63 14.92 38.69 34.36 0 29.77 
10.61 0 21.98 20.5 16.57 6.47 29.74 46.19 10.61 35.65 
6.56 16.34 0 7.42 35 17.49 42.34 32.52 6.56 27.04 
8.3 18.02 0.59 0 36.55 19.16 44.23 25.87 8.3 20.75 
Matriz de Costos>
0 13.95 11.28 9.53 31.63 14.92 38.69 34.36 0 29.77 
10.61 0 21.98 20.5 16.57 6.47 29.74 46.19 10.61 35.65 
6.56 16.34 0 7.42 35 17.49 42.34 32.52 6.56 27.04 
8.3 18.02 0.59 0 36.55 19.16 44.23 25.87 8.3 20.75 
0 13.95 11.28 9.53 31.63 14.92 38.69 34.36 0 29.77 
10.61 0 21.98 20.5 16.57 6.47 29.74 46.19 10.61 35.65 
6.56 16.34 0 7.42 35 17.49 42.34 32.52 6.56 27.04 
8.3 18.02 0.59 0 36.55 19.16 44.23 25.87 8.3 20.75 
22.15 16.56 30.06 30.28 0 22.07 21.86 56.68 22.15 33.21 
9.38 7.84 19.73 18.04 21.98 0 29.23 43.97 9.38 38.25 
34.11 27.62 45.05 43.15 17.53 21.83 0 71.55 34.11 55.17 
Matriz de Costos>
0 13.95 11.28 9.53 31.63 14.92 38.69 34.36 0 29.77 
10.61 0 21.98 20.5 16.57 6.47 29.74 46.19 10.61 35.65 
6.56 16.34 0 7.42 35 17.49 42.34 32.52 6.56 27.04 
35.38 41.6 24.03 22.38 43.62 47.51 67.97 20.02 35.38 0 
Matriz de Costos>
0 13.95 11.28 9.53 31.63 14.92 38.69 34.36 0 29.77 
10.61 0 21.98 20.5 16.57 6.47 29.74 46.19 10.61 35.65 
6.56 16.34 0 7.42 35 17.49 42.34 32.52 6.56 27.04 
8.3 18.02 0.59 0 36.55 19.16 44.23 25.87 8.3 20.75 
22.15 16.56 30.06 30.28 0 22.07 21.86 56.68 22.15 33.21 
9.38 7.84 19.73 18.04 21.98 0 29.23 43.97 9.38 38.25 
34.11 27.62 45.05 43.15 17.53 21.83 0 71.55 34.11 55.17 
22.15 16.56 30.06 30.28 0 22.07 21.86 56.68 22.15 33.21 
9.38 7.84 19.73 18.04 21.98 0 29.23 43.97 9.38 38.25 
34.11 27.62 45.05 43.15 17.53 21.83 0 71.55 34.11 55.17 
32.59 43.06 21.77 20.11 63.91 44.85 72.19 0 32.59 22.13 
0 13.95 11.28 9.53 31.63 14.92 38.69 34.36 0 29.77 
35.38 41.6 24.03 22.38 43.62 47.51 67.97 20.02 35.38 0 
22.15 16.56 30.06 30.28 0 22.07 21.86 56.68 22.15 33.21 
9.38 7.84 19.73 18.04 21.98 0 29.23 43.97 9.38 38.25 
34.11 27.62 45.05 43.15 17.53 21.83 0 71.55 34.11 55.17 
32.59 43.06 21.77 20.11 63.91 44.85 72.19 0 32.59 22.13 
0 13.95 11.28 9.53 31.63 14.92 38.69 34.36 0 29.77 
35.38 41.6 24.03 22.38 43.62 47.51 67.97 20.02 35.38 0 
32.59 43.06 21.77 20.11 63.91 44.85 72.19 0 32.59 22.13 
0 13.95 11.28 9.53 31.63 14.92 38.69 34.36 0 29.77 
35.38 41.6 24.03 22.38 43.62 47.51 67.97 20.02 35.38 0 
8.3 18.02 0.59 0 36.55 19.16 44.23 25.87 8.3 20.75 
22.15 16.56 30.06 30.28 0 22.07 21.86 56.68 22.15 33.21 
9.38 7.84 19.73 18.04 21.98 0 29.23 43.97 9.38 38.25 
34.11 27.62 45.05 43.15 17.53 21.83 0 71.55 34.11 55.17 
32.59 43.06 21.77 20.11 63.91 44.85 72.19 0 32.59 22.13 
32.59 43.06 21.77 20.11 63.91 44.85 72.19 0 32.59 22.13 
0 13.95 11.28 9.53 31.63 14.92 38.69 34.36 0 29.77 
35.38 41.6 24.03 22.38 43.62 47.51 67.97 20.02 35.38 0 
0 13.95 11.28 9.53 31.63 14.92 38.69 34.36 0 29.77 
35.38 41.6 24.03 22.38 43.62 47.51 67.97 20.02 35.38 0 
Dimension>19
Bandera>13
Fitness Greedy Costo>198.84
Solucion Greedy Costo>8 3 2 0 1 5 10 4 0 9 7 0 6 0 0 0 0 0 0 
Linea Vacia>
Matriz de Costos>
0 13.95 11.28 9.53 31.63 14.92 38.69 34.36 0 29.77 
10.61 0 21.98 20.5 16.57 6.47 29.74 46.19 10.61 35.65 
6.56 16.34 0 7.42 35 17.49 42.34 32.52 6.56 27.04 
8.3 18.02 0.59 0 36.55 19.16 44.23 25.87 8.3 20.75 
22.15 16.56 30.06 30.28 0 22.07 21.86 56.68 22.15 33.21 
9.38 7.84 19.73 18.04 21.98 0 29.23 43.97 9.38 38.25 
34.11 27.62 45.05 43.15 17.53 21.83 0 71.55 34.11 55.17 
32.59 43.06 21.77 20.11 63.91 44.85 72.19 0 32.59 22.13 
0 13.95 11.28 9.53 31.63 14.92 38.69 34.36 0 29.77 
Dimension>19
Bandera>13
Fitness Greedy Costo>198.84
Solucion Greedy Costo>8 3 2 0 1 5 10 4 0 9 7 0 6 0 0 0 0 0 0 
Linea Vacia>
Matriz de Costos>
0 13.95 11.28 9.53 31.63 14.92 38.69 34.36 0 29.77 
10.61 0 21.98 20.5 16.57 6.47 29.74 46.19 10.61 35.65 
6.56 16.34 0 7.42 35 17.49 42.34 32.52 6.56 27.04 
8.3 18.02 0.59 0 36.55 19.16 44.23 25.87 8.3 20.75 
22.15 16.56 30.06 30.28 0 22.07 21.86 56.68 22.15 33.21 
9.38 7.84 19.73 18.04 21.98 0 29.23 43.97 9.38 38.25 
34.11 27.62 45.05 43.15 17.53 21.83 0 71.55 34.11 55.17 
35.38 41.6 24.03 22.38 43.62 47.51 67.97 20.02 35.38 0 
32.59 43.06 21.77 20.11 63.91 44.85 72.19 0 32.59 22.13 
0 13.95 11.28 9.53 31.63 14.92 38.69 34.36 0 29.77 
35.38 41.6 24.03 22.38 43.62 47.51 67.97 20.02 35.38 0 
Dimension>19
Bandera>13
Fitness Greedy Costo>198.84
Solucion Greedy Costo>8 3 2 0 1 5 10 4 0 9 7 0 6 0 0 0 0 0 0 
Linea Vacia>
Dimension>19
Bandera>13
Fitness Greedy Costo>198.84
Solucion Greedy Costo>8 3 2 0 1 5 10 4 0 9 7 0 6 0 0 0 0 0 0 
Linea Vacia>
Matriz de Costos>
0 13.95 11.28 9.53 31.63 14.92 38.69 34.36 0 29.77 
10.61 0 21.98 20.5 16.57 6.47 29.74 46.19 10.61 35.65 
6.56 16.34 0 7.42 35 17.49 42.34 32.52 6.56 27.04 
Dimension>19
Bandera>13
Fitness Greedy Costo>198.84
Solucion Greedy Costo>8 3 2 0 1 5 10 4 0 9 7 0 6 0 0 0 0 0 0 
Linea Vacia>
Matriz de Costos>
0 13.95 11.28 9.53 31.63 14.92 38.69 34.36 0 29.77 
10.61 0 21.98 20.5 16.57 6.47 29.74 46.19 10.61 35.65 
6.56 16.34 0 7.42 35 17.49 42.34 32.52 6.56 27.04 
8.3 18.02 0.59 0 36.55 19.16 44.23 25.87 8.3 20.75 
22.15 16.56 30.06 30.28 0 22.07 21.86 56.68 22.15 33.21 
9.38 7.84 19.73 18.04 21.98 0 29.23 43.97 9.38 38.25 
34.11 27.62 45.05 43.15 17.53 21.83 0 71.55 34.11 55.17 
32.59 43.06 21.77 20.11 63.91 44.85 72.19 0 32.59 22.13 
0 13.95 11.28 9.53 31.63 14.92 38.69 34.36 0 29.77 
35.38 41.6 24.03 22.38 43.62 47.51 67.97 20.02 35.38 0 
8.3 18.02 0.59 0 36.55 19.16 44.23 25.87 8.3 20.75 
22.15 16.56 30.06 30.28 0 22.07 21.86 56.68 22.15 33.21 
9.38 7.84 19.73 18.04 21.98 0 29.23 43.97 9.38 38.25 
34.11 27.62 45.05 43.15 17.53 21.83 0 71.55 34.11 55.17 
32.59 43.06 21.77 20.11 63.91 44.85 72.19 0 32.59 22.13 
0 13.95 11.28 9.53 31.63 14.92 38.69 34.36 0 29.77 
35.38 41.6 24.03 22.38 43.62 47.51 67.97 20.02 35.38 0 
Matriz de Costos>
0 13.95 11.28 9.53 31.63 14.92 38.69 34.36 0 29.77 
10.61 0 21.98 20.5 16.57 6.47 29.74 46.19 10.61 35.65 
6.56 16.34 0 7.42 35 17.49 42.34 32.52 6.56 27.04 
8.3 18.02 0.59 0 36.55 19.16 44.23 25.87 8.3 20.75 
22.15 16.56 30.06 30.28 0 22.07 21.86 56.68 22.15 33.21 
9.38 7.84 19.73 18.04 21.98 0 29.23 43.97 9.38 38.25 
34.11 27.62 45.05 43.15 17.53 21.83 0 71.55 34.11 55.17 
32.59 43.06 21.77 20.11 63.91 44.85 72.19 0 32.59 22.13 
0 13.95 11.28 9.53 31.63 14.92 38.69 34.36 0 29.77 
35.38 41.6 24.03 22.38 43.62 47.51 67.97 20.02 35.38 0 
Dimension>19
Bandera>13
Fitness Greedy Costo>198.84
Solucion Greedy Costo>8 3 2 0 1 5 10 4 0 9 7 0 6 0 0 0 0 0 0 
Linea Vacia>
Matriz de Costos>
0 13.95 11.28 9.53 31.63 14.92 38.69 34.36 0 29.77 
10.61 0 21.98 20.5 16.57 6.47 29.74 46.19 10.61 35.65 
6.56 16.34 0 7.42 35 17.49 42.34 32.52 6.56 27.04 
8.3 18.02 0.59 0 36.55 19.16 44.23 25.87 8.3 20.75 
22.15 16.56 30.06 30.28 0 22.07 21.86 56.68 22.15 33.21 
9.38 7.84 19.73 18.04 21.98 0 29.23 43.97 9.38 38.25 
34.11 27.62 45.05 43.15 17.53 21.83 0 71.55 34.11 55.17 
32.59 43.06 21.77 20.11 63.91 44.85 72.19 0 32.59 22.13 
0 13.95 11.28 9.53 31.63 14.92 38.69 34.36 0 29.77 
35.38 41.6 24.03 22.38 43.62 47.51 67.97 20.02 35.38 0 
Dimension>19
Bandera>13
Fitness Greedy Costo>198.84
Solucion Greedy Costo>8 3 2 0 1 5 10 4 0 9 7 0 6 0 0 0 0 0 0 
Linea Vacia>
Dimension>19
Bandera>13
Fitness Greedy Costo>198.84
Solucion Greedy Costo>8 3 2 0 1 5 10 4 0 9 7 0 6 0 0 0 0 0 0 
Linea Vacia>
Matriz de Costos>
0 13.95 11.28 9.53 31.63 14.92 38.69 34.36 0 29.77 
10.61 0 21.98 20.5 16.57 6.47 29.74 46.19 10.61 35.65 
6.56 16.34 0 7.42 35 17.49 42.34 32.52 6.56 27.04 
8.3 18.02 0.59 0 36.55 19.16 44.23 25.87 8.3 20.75 
22.15 16.56 30.06 30.28 0 22.07 21.86 56.68 22.15 33.21 
9.38 7.84 19.73 18.04 21.98 0 29.23 43.97 9.38 38.25 
Matriz de Costos>
0 13.95 11.28 9.53 31.63 14.92 38.69 34.36 0 29.77 
10.61 0 21.98 20.5 16.57 6.47 29.74 46.19 10.61 35.65 
6.56 16.34 0 7.42 35 17.49 42.34 32.52 6.56 27.04 
8.3 18.02 0.59 0 36.55 19.16 44.23 25.87 8.3 20.75 
22.15 16.56 30.06 30.28 0 22.07 21.86 56.68 22.15 33.21 
9.38 7.84 19.73 18.04 21.98 0 29.23 43.97 9.38 38.25 
34.11 27.62 45.05 43.15 17.53 21.83 0 71.55 34.11 55.17 
34.11 27.62 45.05 43.15 17.53 21.83 0 71.55 34.11 55.17 
32.59 43.06 21.77 20.11 63.91 44.85 72.19 0 32.59 22.13 
0 13.95 11.28 9.53 31.63 14.92 38.69 34.36 0 29.77 
35.38 41.6 24.03 22.38 43.62 47.51 67.97 20.02 35.38 0 
32.59 43.06 21.77 20.11 63.91 44.85 72.19 0 32.59 22.13 
0 13.95 11.28 9.53 31.63 14.92 38.69 34.36 0 29.77 
35.38 41.6 24.03 22.38 43.62 47.51 67.97 20.02 35.38 0 
Dimension>19
Bandera>13
Fitness Greedy Costo>198.84
Solucion Greedy Costo>8 3 2 0 1 5 10 4 0 9 7 0 6 0 0 0 0 0 0 
Linea Vacia>
Matriz de Costos>
0 13.95 11.28 9.53 31.63 14.92 38.69 34.36 0 29.77 
10.61 0 21.98 20.5 16.57 6.47 29.74 46.19 10.61 35.65 
6.56 16.34 0 7.42 35 17.49 42.34 32.52 6.56 27.04 
8.3 18.02 0.59 0 36.55 19.16 44.23 25.87 8.3 20.75 
22.15 16.56 30.06 30.28 0 22.07 21.86 56.68 22.15 33.21 
9.38 7.84 19.73 18.04 21.98 0 29.23 43.97 9.38 38.25 
34.11 27.62 45.05 43.15 17.53 21.83 0 71.55 34.11 55.17 
32.59 43.06 21.77 20.11 63.91 44.85 72.19 0 32.59 22.13 
0 13.95 11.28 9.53 31.63 14.92 38.69 34.36 0 29.77 
35.38 41.6 24.03 22.38 43.62 47.51 67.97 20.02 35.38 0 
GEN 0 198.840000
GEN 0 198.840000
GREEDY 0 0.000000
TIEMPO 0 198.840000
GEN 0 198.840000
GREEDY 0 0.000000
TIEMPO 0 198.840000
GEN 0 198.840000
GREEDY 0 0.000000
TIEMPO 0 198.840000
GEN 0 198.840000
GREEDY 0 0.000000
TIEMPO 0 198.840000
GREEDY 0 0.000000
TIEMPO 0 193.650000
GREEDY 5 0.000804
GEN 0 198.840000
GREEDY 0 0.000000
GEN 0 198.840000
GREEDY 0 0.000000
TIEMPO 0 198.840000
TIEMPO 0 198.840000
GEN 0 195.710000
GREEDY 0 0.000000
TIEMPO 0 195.710000
GREEDY 5 0.002257
GEN 0 198.840000
GREEDY 0 0.000000
TIEMPO 0 198.840000
GREEDY 5 0.000884
GREEDY 5 0.004251
GREEDY 10 0.001861
GREEDY 5 0.005096
GREEDY 5 0.005093
GEN 0 198.840000
GREEDY 0 0.000000
TIEMPO 0 198.840000
GEN 0 198.840000
GREEDY 0 0.000000
TIEMPO 0 198.840000
GEN 0 198.840000
GREEDY 0 0.000000
TIEMPO 0 198.840000
GEN 0 198.840000
GREEDY 0 0.000000
TIEMPO 0 198.840000
GEN 0 198.840000
GREEDY 0 0.000000
TIEMPO 0 198.840000
GREEDY 5 0.002071
GREEDY 10 0.002574
GREEDY 5 0.002942
GREEDY 10 0.011683
GREEDY 5 0.012196
GREEDY 5 0.004351
GEN 0 198.840000
GREEDY 0 0.000000
TIEMPO 0 198.840000
GEN 0 198.840000
GREEDY 0 0.000000
TIEMPO 0 198.840000
GEN 0 198.840000
GREEDY 0 0.000000
GEN 0 198.840000
GREEDY 0 0.000000
TIEMPO 0 198.840000
TIEMPO 0 198.840000
GEN 0 195.190000
GREEDY 0 0.000000
TIEMPO 0 195.190000
GEN 0 198.840000
GREEDY 0 0.000000
GEN 0 195.190000
GREEDY 0 0.000000
TIEMPO 0 198.840000
TIEMPO 0 192.300000
GREEDY 5 0.000278
GREEDY 5 0.003338
GREEDY 5 0.004848
GEN 0 198.840000
GREEDY 0 0.000000
TIEMPO 0 198.840000
GREEDY 5 0.023507
GREEDY 10 0.024432
GREEDY 5 0.014242
GEN 0 198.840000
GREEDY 0 0.000000
TIEMPO 0 198.840000
GEN 0 198.840000
GREEDY 0 0.000000
TIEMPO 0 198.840000
GREEDY 5 0.021331
GREEDY 5 0.021246
GREEDY 5 0.001563
GREEDY 10 0.024772
GREEDY 10 0.034073
GREEDY 5 0.006131
GREEDY 10 0.021766
GREEDY 5 0.020741
GREEDY 5 0.027325
GREEDY 5 0.024007
GREEDY 10 0.024086
GREEDY 5 0.046505
GREEDY 10 0.049232
GREEDY 10 0.036398
GREEDY 10 0.043157
GREEDY 15 0.044255
GREEDY 5 0.043915
GREEDY 10 0.042302
GREEDY 10 0.051873
GREEDY 15 0.082600
GREEDY 10 0.095177
GREEDY 10 0.086325
GREEDY 10 0.105441
GREEDY 15 0.115946
GEN 2500 164.460000
GEN 2500 180.190000
GEN 2500 181.750000
GREEDY 10 0.149185
GREEDY 15 0.152306
GREEDY 15 0.144823
GEN 2500 169.760000
GEN 2500 169.760000
GREEDY 10 0.168367
GREEDY 15 0.168992
GEN 2500 169.760000
GREEDY 10 0.169187
GEN 2500 169.760000
GEN 2500 164.460000
GREEDY 15 0.188041
GREEDY 10 0.211960
GREEDY 15 0.224255
GEN 2500 169.270000
GREEDY 15 0.229924
GEN 2500 164.460000
GREEDY 10 0.251873
GEN 5000 164.460000
GEN 5000 164.460000
GEN 5000 169.760000
GEN 2500 175.670000
GEN 2500 164.460000
GEN 5000 164.460000
GEN 5000 169.760000
GEN 2500 169.760000
GEN 2500 175.670000
GEN 2500 180.220000
GEN 2500 177.770000
GEN 2500 175.670000
GEN 2500 175.670000
GEN 5000 164.460000
GEN 2500 180.220000
GEN 2500 169.760000
GEN 5000 176.050000
GEN 2500 164.460000
GEN 2500 164.460000
GEN 2500 169.270000
GEN 2500 180.220000
GEN 7500 164.460000
GREEDY 10 0.368763
GEN 5000 164.460000
GEN 7500 169.760000
GEN 7500 169.760000
GREEDY 10 0.424321
GEN 7500 164.460000
GEN 5000 169.760000
GEN 5000 169.760000
GEN 7500 164.460000
GEN 10000 164.460000
TIEMPO 0.469991 164.460000
GEN 5000 175.670000
GREEDY 15 0.480184
GEN 5000 164.460000
GEN 10000 169.760000
TIEMPO 0.507894 169.760000
GEN 5000 164.460000
GEN 7500 164.460000
GEN 5000 175.670000
GEN 5000 164.460000
GEN 5000 164.460000
GEN 10000 164.460000
TIEMPO 0.571260 164.460000
GEN 5000 169.760000
GEN 5000 169.760000
GEN 5000 169.760000
GEN 10000 169.760000
TIEMPO 0.566949 169.760000
GEN 5000 171.430000
GEN 10000 164.460000
TIEMPO 0.600449 164.460000
GEN 7500 176.050000
GEN 5000 169.760000
GEN 5000 169.760000
GEN 5000 164.460000
GEN 5000 180.220000
GEN 7500 164.460000
GEN 7500 169.760000
GEN 7500 169.760000
GEN 7500 169.760000
GREEDY 15 0.711045
GEN 10000 164.460000
TIEMPO 0.720599 164.460000
GEN 7500 164.460000
GREEDY 15 0.725850
GEN 7500 164.460000
GREEDY 10 0.724391
GEN 7500 164.460000
GEN 7500 169.760000
GEN 7500 164.460000
GEN 7500 169.760000
GEN 7500 169.760000
GEN 7500 169.760000
GEN 10000 164.460000
TIEMPO 0.774858 164.460000
GEN 7500 169.760000
GEN 7500 164.460000
GEN 7500 169.760000
GEN 10000 169.760000
TIEMPO 0.792765 169.760000
GEN 10000 164.460000
TIEMPO 0.797436 164.460000
GEN 7500 169.270000
GEN 7500 164.460000
GREEDY 15 0.797479
GEN 10000 169.760000
TIEMPO 0.824582 169.760000
GEN 10000 169.760000
TIEMPO 0.852162 169.760000
GEN 10000 164.460000
TIEMPO 0.847807 164.460000
GEN 10000 164.460000
TIEMPO 0.849147 164.460000
GEN 10000 169.760000
TIEMPO 0.852771 169.760000
GEN 10000 169.760000
TIEMPO 0.871230 169.760000
GEN 10000 164.460000
TIEMPO 0.880166 164.460000
GEN 10000 164.460000
TIEMPO 0.873195 164.460000
GEN 10000 169.760000
TIEMPO 0.891223 169.760000
GEN 10000 169.760000
TIEMPO 0.880891 169.760000
GEN 10000 164.460000
TIEMPO 0.898171 164.460000
GEN 10000 169.760000
TIEMPO 0.906280 169.760000
GEN 10000 169.760000
TIEMPO 0.901164 169.760000
GEN 10000 164.460000
TIEMPO 0.916724 164.460000
GEN 10000 164.460000
TIEMPO 0.904513 164.460000

 Current State ---------------------------------------------
Solution:  8 5 0 1 4 10 6 0 3 2 9 7 0 0 0 0 0 0 0 Fitness: 164.46

 :( ---------------------- THE END --------------- :) 
