Dimension>19
Bandera>13
Fitness Greedy Costo>198.84
Solucion Greedy Costo>8 3 2 0 1 5 10 4 0 9 7 0 6 0 0 0 0 0 0 
Linea Vacia>
Matriz de Costos>
0 13.95 11.28 9.53 31.63 14.92 38.69 34.36 0 29.77 
10.61 0 21.98 20.5 16.57 6.47 29.74 46.19 10.61 35.65 
6.56 16.34 0 7.42 35 17.49 42.34 32.52 6.56 27.04 
8.3 18.02 0.59 0 36.55 19.16 44.23 25.87 8.3 20.75 
22.15 16.56 30.06 30.28 0 22.07 21.86 56.68 22.15 33.21 
9.38 7.84 19.73 18.04 21.98 0 29.23 43.97 9.38 38.25 
34.11 27.62 45.05 43.15 17.53 21.83 0 71.55 34.11 55.17 
32.59 43.06 21.77 20.11 63.91 44.85 72.19 0 32.59 22.13 
0 13.95 11.28 9.53 31.63 14.92 38.69 34.36 0 29.77 
35.38 41.6 24.03 22.38 43.62 47.51 67.97 20.02 35.38 0 
Dimension>19
Bandera>13
Fitness Greedy Costo>198.84
Solucion Greedy Costo>8 3 2 0 1 5 10 4 0 9 7 0 6 0 0 0 0 0 0 
Linea Vacia>
Matriz de Costos>
0 13.95 11.28 9.53 31.63 14.92 38.69 34.36 0 29.77 
10.61 0 21.98 20.5 16.57 6.47 29.74 46.19 10.61 35.65 
6.56 16.34 0 7.42 35 17.49 42.34 32.52 6.56 27.04 
8.3 18.02 0.59 0 36.55 19.16 44.23 25.87 8.3 20.75 
22.15 16.56 30.06 30.28 0 22.07 21.86 56.68 22.15 33.21 
9.38 7.84 19.73 18.04 21.98 0 29.23 43.97 9.38 38.25 
34.11 27.62 45.05 43.15 17.53 21.83 0 71.55 34.11 55.17 
32.59 43.06 21.77 20.11 63.91 44.85 72.19 0 32.59 22.13 
0 13.95 11.28 9.53 31.63 14.92 38.69 34.36 0 29.77 
35.38 41.6 24.03 22.38 43.62 47.51 67.97 20.02 35.38 0 
Dimension>19
Bandera>13
Fitness Greedy Costo>198.84
Solucion Greedy Costo>8 3 2 0 1 5 10 4 0 9 7 0 6 0 0 0 0 0 0 
Linea Vacia>
Dimension>19
Bandera>13
Fitness Greedy Costo>198.84
Solucion Greedy Costo>8 3 2 0 1 5 10 4 0 9 7 0 6 0 0 0 0 0 0 
Linea Vacia>
Matriz de Costos>
0 13.95 11.28 9.53 31.63 14.92 38.69 34.36 0 29.77 
10.61 0 21.98 20.5 16.57 6.47 29.74 46.19 10.61 35.65 
6.56 16.34 0 7.42 35 17.49 42.34 32.52 6.56 27.04 
8.3 18.02 0.59 0 36.55 19.16 44.23 25.87 8.3 20.75 
Matriz de Costos>
22.15 16.56 30.06 30.28 0 22.07 21.86 56.68 22.15 33.21 
9.38 7.84 19.73 18.04 21.98 0 29.23 43.97 9.38 38.25 
0 13.95 11.28 9.53 31.63 14.92 38.69 34.36 0 29.77 
34.11 27.62 45.05 43.15 17.53 21.83 0 71.55 34.11 55.17 
32.59 43.06 21.77 20.11 63.91 44.85 72.19 0 32.59 22.13 
10.61 0 21.98 20.5 16.57 6.47 29.74 46.19 10.61 35.65 
0 13.95 11.28 9.53 31.63 14.92 38.69 34.36 0 29.77 
35.38 41.6 24.03 22.38 43.62 47.51 67.97 20.02 35.38 0 
6.56 16.34 0 7.42 35 17.49 42.34 32.52 6.56 27.04 
8.3 18.02 0.59 0 36.55 19.16 44.23 25.87 8.3 20.75 
22.15 16.56 30.06 30.28 0 22.07 21.86 56.68 22.15 33.21 
9.38 7.84 19.73 18.04 21.98 0 29.23 43.97 9.38 38.25 
34.11 27.62 45.05 43.15 17.53 21.83 0 71.55 34.11 55.17 
32.59 43.06 21.77 20.11 63.91 44.85 72.19 0 32.59 22.13 
0 13.95 11.28 9.53 31.63 14.92 38.69 34.36 0 29.77 
35.38 41.6 24.03 22.38 43.62 47.51 67.97 20.02 35.38 0 
Dimension>19
Bandera>13
Fitness Greedy Costo>198.84
Solucion Greedy Costo>8 3 2 0 1 5 10 4 0 9 7 0 6 0 0 0 0 0 0 
Linea Vacia>
Matriz de Costos>
0 13.95 11.28 9.53 31.63 14.92 38.69 34.36 0 29.77 
10.61 0 21.98 20.5 16.57 6.47 29.74 46.19 10.61 35.65 
6.56 16.34 0 7.42 35 17.49 42.34 32.52 6.56 27.04 
8.3 18.02 0.59 0 36.55 19.16 44.23 25.87 8.3 20.75 
22.15 16.56 30.06 30.28 0 22.07 21.86 56.68 22.15 33.21 
9.38 7.84 19.73 18.04 21.98 0 29.23 43.97 9.38 38.25 
34.11 27.62 45.05 43.15 17.53 21.83 0 71.55 34.11 55.17 
32.59 43.06 21.77 20.11 63.91 44.85 72.19 0 32.59 22.13 
0 13.95 11.28 9.53 31.63 14.92 38.69 34.36 0 29.77 
35.38 41.6 24.03 22.38 43.62 47.51 67.97 20.02 35.38 0 
Dimension>19
Bandera>13
Fitness Greedy Costo>198.84
Solucion Greedy Costo>8 3 2 0 1 5 10 4 0 9 7 0 6 0 0 0 0 0 0 
Linea Vacia>
Matriz de Costos>
0 13.95 11.28 9.53 31.63 14.92 38.69 34.36 0 29.77 
10.61 0 21.98 20.5 16.57 6.47 29.74 46.19 10.61 35.65 
6.56 16.34 0 7.42 35 17.49 42.34 32.52 6.56 27.04 
8.3 18.02 0.59 0 36.55 19.16 44.23 25.87 8.3 20.75 
22.15 16.56 30.06 30.28 0 22.07 21.86 56.68 22.15 33.21 
9.38 7.84 19.73 18.04 21.98 0 29.23 43.97 9.38 38.25 
34.11 27.62 45.05 43.15 17.53 21.83 0 71.55 34.11 55.17 
32.59 43.06 21.77 20.11 63.91 44.85 72.19 0 32.59 22.13 
0 13.95 11.28 9.53 31.63 14.92 38.69 34.36 0 29.77 
35.38 41.6 24.03 22.38 43.62 47.51 67.97 20.02 35.38 0 
Dimension>19
Bandera>13
Fitness Greedy Costo>198.84
Solucion Greedy Costo>8 3 2 0 1 5 10 4 0 9 7 0 6 0 0 0 0 0 0 
Linea Vacia>
Dimension>19
Matriz de Costos>
0 13.95 11.28 9.53 31.63 14.92 38.69 34.36 0 29.77 
Dimension>19
10.61 0 21.98 20.5 16.57 6.47 29.74 46.19 10.61 35.65 
6.56 16.34 0 7.42 35 17.49 42.34 32.52 6.56 27.04 
8.3 18.02 0.59 0 36.55 19.16 44.23 25.87 8.3 20.75 
Bandera>13
Fitness Greedy Costo>198.84
Solucion Greedy Costo>8 3 2 0 1 5 10 4 0 9 7 0 6 0 0 0 0 0 0 
Linea Vacia>
Bandera>13
Fitness Greedy Costo>198.84
22.15 16.56 30.06 30.28 0 22.07 21.86 56.68 22.15 33.21 
9.38 7.84 19.73 18.04 21.98 0 29.23 43.97 9.38 38.25 
34.11 27.62 45.05 43.15 17.53 21.83 0 71.55 34.11 55.17 
Solucion Greedy Costo>8 3 2 0 1 5 10 4 0 9 7 0 6 0 0 0 0 0 0 
Linea Vacia>
32.59 43.06 21.77 20.11 63.91 44.85 72.19 0 32.59 22.13 
0 13.95 11.28 9.53 31.63 14.92 38.69 34.36 0 29.77 
35.38 41.6 24.03 22.38 43.62 47.51 67.97 20.02 35.38 0 
Matriz de Costos>
0 13.95 11.28 9.53 31.63 14.92 38.69 34.36 0 29.77 
10.61 0 21.98 20.5 16.57 6.47 29.74 46.19 10.61 35.65 
6.56 16.34 0 7.42 35 17.49 42.34 32.52 6.56 27.04 
8.3 18.02 0.59 0 36.55 19.16 44.23 25.87 8.3 20.75 
22.15 16.56 30.06 30.28 0 22.07 21.86 56.68 22.15 33.21 
9.38 7.84 19.73 18.04 21.98 0 29.23 43.97 9.38 38.25 
34.11 27.62 45.05 43.15 17.53 21.83 0 71.55 34.11 55.17 
32.59 43.06 21.77 20.11 63.91 44.85 72.19 0 32.59 22.13 
0 13.95 11.28 9.53 31.63 14.92 38.69 34.36 0 29.77 
35.38 41.6 24.03 22.38 43.62 47.51 67.97 20.02 35.38 0 
Matriz de Costos>
0 13.95 11.28 9.53 31.63 14.92 38.69 34.36 0 29.77 
10.61 0 21.98 20.5 16.57 6.47 29.74 46.19 10.61 35.65 
6.56 16.34 0 7.42 35 17.49 42.34 32.52 6.56 27.04 
8.3 18.02 0.59 0 36.55 19.16 44.23 25.87 8.3 20.75 
22.15 16.56 30.06 30.28 0 22.07 21.86 56.68 22.15 33.21 
9.38 7.84 19.73 18.04 21.98 0 29.23 43.97 9.38 38.25 
34.11 27.62 45.05 43.15 17.53 21.83 0 71.55 34.11 55.17 
32.59 43.06 21.77 20.11 63.91 44.85 72.19 0 32.59 22.13 
0 13.95 11.28 9.53 31.63 14.92 38.69 34.36 0 29.77 
35.38 41.6 24.03 22.38 43.62 47.51 67.97 20.02 35.38 0 
Dimension>19
Bandera>13
Fitness Greedy Costo>198.84
Solucion Greedy Costo>8 3 2 0 1 5 10 4 0 9 7 0 6 0 0 0 0 0 0 
Linea Vacia>
Matriz de Costos>
0 13.95 11.28 9.53 31.63 14.92 38.69 34.36 0 29.77 
10.61 0 21.98 20.5 16.57 6.47 29.74 46.19 10.61 35.65 
6.56 16.34 0 7.42 35 17.49 42.34 32.52 6.56 27.04 
8.3 18.02 0.59 0 36.55 19.16 44.23 25.87 8.3 20.75 
22.15 16.56 30.06 30.28 0 22.07 21.86 56.68 22.15 33.21 
Dimension>19
9.38 7.84 19.73 18.04 21.98 0 29.23 43.97 9.38 38.25 
34.11 27.62 45.05 43.15 17.53 21.83 0 71.55 34.11 55.17 
32.59 43.06 21.77 20.11 63.91 44.85 72.19 0 32.59 22.13 
0 13.95 11.28 9.53 31.63 14.92 38.69 34.36 0 29.77 
35.38 41.6 24.03 22.38 43.62 47.51 67.97 20.02 35.38 0 
Bandera>13
Fitness Greedy Costo>198.84
Solucion Greedy Costo>8 3 2 0 1 5 10 4 0 9 7 0 6 0 0 0 0 0 0 
Linea Vacia>
Matriz de Costos>
0 13.95 11.28 9.53 31.63 14.92 38.69 34.36 0 29.77 
10.61 0 21.98 20.5 16.57 6.47 29.74 46.19 10.61 35.65 
6.56 16.34 0 7.42 35 17.49 42.34 32.52 6.56 27.04 
8.3 18.02 0.59 0 36.55 19.16 44.23 25.87 8.3 20.75 
22.15 16.56 30.06 30.28 0 22.07 21.86 56.68 22.15 33.21 
9.38 7.84 19.73 18.04 21.98 0 29.23 43.97 9.38 38.25 
34.11 27.62 45.05 43.15 17.53 21.83 0 71.55 34.11 55.17 
32.59 43.06 21.77 20.11 63.91 44.85 72.19 0 32.59 22.13 
0 13.95 11.28 9.53 31.63 14.92 38.69 34.36 0 29.77 
35.38 41.6 24.03 22.38 43.62 47.51 67.97 20.02 35.38 0 
Dimension>19
Bandera>13
Fitness Greedy Costo>198.84
Solucion Greedy Costo>8 3 2 0 1 5 10 4 0 9 7 0 6 0 0 0 0 0 0 
Linea Vacia>
Dimension>19
Bandera>13
Fitness Greedy Costo>198.84
Solucion Greedy Costo>8 3 2 0 1 5 10 4 0 9 7 0 6 0 0 0 0 0 0 
Linea Vacia>
Dimension>19
Bandera>13
Fitness Greedy Costo>198.84
Solucion Greedy Costo>8 3 2 0 1 5 10 4 0 9 7 0 6 0 0 0 0 0 0 
Linea Vacia>
Matriz de Costos>
0 13.95 11.28 9.53 31.63 14.92 38.69 34.36 0 29.77 
10.61 0 21.98 20.5 16.57 6.47 29.74 46.19 10.61 35.65 
6.56 16.34 0 7.42 35 17.49 42.34 32.52 6.56 27.04 
8.3 18.02 0.59 0 36.55 19.16 44.23 25.87 8.3 20.75 
Dimension>19
Matriz de Costos>
0 13.95 11.28 9.53 31.63 14.92 38.69 34.36 0 29.77 
Matriz de Costos>
0 13.95 11.28 9.53 31.63 14.92 38.69 34.36 0 29.77 
22.15 16.56 30.06 30.28 0 22.07 21.86 56.68 22.15 33.21 
9.38 7.84 19.73 18.04 21.98 0 29.23 43.97 9.38 38.25 
10.61 0 21.98 20.5 16.57 6.47 29.74 46.19 10.61 35.65 
10.61 0 21.98 20.5 16.57 6.47 29.74 46.19 10.61 35.65 
34.11 27.62 45.05 43.15 17.53 21.83 0 71.55 34.11 55.17 
32.59 43.06 21.77 20.11 63.91 44.85 72.19 0 32.59 22.13 
Bandera>13
Fitness Greedy Costo>198.84
6.56 16.34 0 7.42 35 17.49 42.34 32.52 6.56 27.04 
8.3 18.02 0.59 0 36.55 19.16 44.23 25.87 8.3 20.75 
22.15 16.56 30.06 30.28 0 22.07 21.86 56.68 22.15 33.21 
9.38 7.84 19.73 18.04 21.98 0 29.23 43.97 9.38 38.25 
6.56 16.34 0 7.42 35 17.49 42.34 32.52 6.56 27.04 
8.3 18.02 0.59 0 36.55 19.16 44.23 25.87 8.3 20.75 
22.15 16.56 30.06 30.28 0 22.07 21.86 56.68 22.15 33.21 
9.38 7.84 19.73 18.04 21.98 0 29.23 43.97 9.38 38.25 
0 13.95 11.28 9.53 31.63 14.92 38.69 34.36 0 29.77 
35.38 41.6 24.03 22.38 43.62 47.51 67.97 20.02 35.38 0 
Solucion Greedy Costo>8 3 2 0 1 5 10 4 0 9 7 0 6 0 0 0 0 0 0 
Linea Vacia>
34.11 27.62 45.05 43.15 17.53 21.83 0 71.55 34.11 55.17 
32.59 43.06 21.77 20.11 63.91 44.85 72.19 0 32.59 22.13 
0 13.95 11.28 9.53 31.63 14.92 38.69 34.36 0 29.77 
34.11 27.62 45.05 43.15 17.53 21.83 0 71.55 34.11 55.17 
32.59 43.06 21.77 20.11 63.91 44.85 72.19 0 32.59 22.13 
0 13.95 11.28 9.53 31.63 14.92 38.69 34.36 0 29.77 
35.38 41.6 24.03 22.38 43.62 47.51 67.97 20.02 35.38 0 
35.38 41.6 24.03 22.38 43.62 47.51 67.97 20.02 35.38 0 
Dimension>19
Bandera>13
Fitness Greedy Costo>198.84
Matriz de Costos>
Solucion Greedy Costo>8 3 2 0 1 5 10 4 0 9 7 0 6 0 0 0 0 0 0 
Linea Vacia>
0 13.95 11.28 9.53 31.63 14.92 38.69 34.36 0 29.77 
10.61 0 21.98 20.5 16.57 6.47 29.74 46.19 10.61 35.65 
Matriz de Costos>
0 13.95 11.28 9.53 31.63 14.92 38.69 34.36 0 29.77 
Dimension>19
6.56 16.34 0 7.42 35 17.49 42.34 32.52 6.56 27.04 
8.3 18.02 0.59 0 36.55 19.16 44.23 25.87 8.3 20.75 
10.61 0 21.98 20.5 16.57 6.47 29.74 46.19 10.61 35.65 
6.56 16.34 0 7.42 35 17.49 42.34 32.52 6.56 27.04 
8.3 18.02 0.59 0 36.55 19.16 44.23 25.87 8.3 20.75 
22.15 16.56 30.06 30.28 0 22.07 21.86 56.68 22.15 33.21 
22.15 16.56 30.06 30.28 0 22.07 21.86 56.68 22.15 33.21 
9.38 7.84 19.73 18.04 21.98 0 29.23 43.97 9.38 38.25 
34.11 27.62 45.05 43.15 17.53 21.83 0 71.55 34.11 55.17 
Bandera>13
Fitness Greedy Costo>198.84
Solucion Greedy Costo>8 3 2 0 1 5 10 4 0 9 7 0 6 0 0 0 0 0 0 
Linea Vacia>
9.38 7.84 19.73 18.04 21.98 0 29.23 43.97 9.38 38.25 
34.11 27.62 45.05 43.15 17.53 21.83 0 71.55 34.11 55.17 
32.59 43.06 21.77 20.11 63.91 44.85 72.19 0 32.59 22.13 
0 13.95 11.28 9.53 31.63 14.92 38.69 34.36 0 29.77 
35.38 41.6 24.03 22.38 43.62 47.51 67.97 20.02 35.38 0 
Matriz de Costos>
0 13.95 11.28 9.53 31.63 14.92 38.69 34.36 0 29.77 
10.61 0 21.98 20.5 16.57 6.47 29.74 46.19 10.61 35.65 
32.59 43.06 21.77 20.11 63.91 44.85 72.19 0 32.59 22.13 
0 13.95 11.28 9.53 31.63 14.92 38.69 34.36 0 29.77 
35.38 41.6 24.03 22.38 43.62 47.51 67.97 20.02 35.38 0 
6.56 16.34 0 7.42 35 17.49 42.34 32.52 6.56 27.04 
8.3 18.02 0.59 0 36.55 19.16 44.23 25.87 8.3 20.75 
22.15 16.56 30.06 30.28 0 22.07 21.86 56.68 22.15 33.21 
9.38 7.84 19.73 18.04 21.98 0 29.23 43.97 9.38 38.25 
34.11 27.62 45.05 43.15 17.53 21.83 0 71.55 34.11 55.17 
32.59 43.06 21.77 20.11 63.91 44.85 72.19 0 32.59 22.13 
0 13.95 11.28 9.53 31.63 14.92 38.69 34.36 0 29.77 
35.38 41.6 24.03 22.38 43.62 47.51 67.97 20.02 35.38 0 
Dimension>19
Bandera>13
Fitness Greedy Costo>198.84
Solucion Greedy Costo>8 3 2 0 1 5 10 4 0 9 7 0 6 0 0 0 0 0 0 
Linea Vacia>
Matriz de Costos>
0 13.95 11.28 9.53 31.63 14.92 38.69 34.36 0 29.77 
10.61 0 21.98 20.5 16.57 6.47 29.74 46.19 10.61 35.65 
6.56 16.34 0 7.42 35 17.49 42.34 32.52 6.56 27.04 
8.3 18.02 0.59 0 36.55 19.16 44.23 25.87 8.3 20.75 
22.15 16.56 30.06 30.28 0 22.07 21.86 56.68 22.15 33.21 
Dimension>19
9.38 7.84 19.73 18.04 21.98 0 29.23 43.97 9.38 38.25 
34.11 27.62 45.05 43.15 17.53 21.83 0 71.55 34.11 55.17 
32.59 43.06 21.77 20.11 63.91 44.85 72.19 0 32.59 22.13 
0 13.95 11.28 9.53 31.63 14.92 38.69 34.36 0 29.77 
Bandera>13
Fitness Greedy Costo>198.84
Solucion Greedy Costo>8 3 2 0 1 5 10 4 0 9 7 0 6 0 0 0 0 0 0 
Linea Vacia>
35.38 41.6 24.03 22.38 43.62 47.51 67.97 20.02 35.38 0 
Dimension>19
Bandera>13
Fitness Greedy Costo>198.84
Solucion Greedy Costo>8 3 2 0 1 5 10 4 0 9 7 0 6 0 0 0 0 0 0 
Linea Vacia>
Matriz de Costos>
0 13.95 11.28 9.53 31.63 14.92 38.69 34.36 0 29.77 
10.61 0 21.98 20.5 16.57 6.47 29.74 46.19 10.61 35.65 
6.56 16.34 0 7.42 35 17.49 42.34 32.52 6.56 27.04 
8.3 18.02 0.59 0 36.55 19.16 44.23 25.87 8.3 20.75 
22.15 16.56 30.06 30.28 0 22.07 21.86 56.68 22.15 33.21 
Matriz de Costos>
0 13.95 11.28 9.53 31.63 14.92 38.69 34.36 0 29.77 
10.61 0 21.98 20.5 16.57 6.47 29.74 46.19 10.61 35.65 
6.56 16.34 0 7.42 35 17.49 42.34 32.52 6.56 27.04 
Dimension>19
Bandera>13
Fitness Greedy Costo>198.84
Dimension>19
9.38 7.84 19.73 18.04 21.98 0 29.23 43.97 9.38 38.25 
34.11 27.62 45.05 43.15 17.53 21.83 0 71.55 34.11 55.17 
32.59 43.06 21.77 20.11 63.91 44.85 72.19 0 32.59 22.13 
0 13.95 11.28 9.53 31.63 14.92 38.69 34.36 0 29.77 
8.3 18.02 0.59 0 36.55 19.16 44.23 25.87 8.3 20.75 
22.15 16.56 30.06 30.28 0 22.07 21.86 56.68 22.15 33.21 
9.38 7.84 19.73 18.04 21.98 0 29.23 43.97 9.38 38.25 
34.11 27.62 45.05 43.15 17.53 21.83 0 71.55 34.11 55.17 
Solucion Greedy Costo>8 3 2 0 1 5 10 4 0 9 7 0 6 0 0 0 0 0 0 
Linea Vacia>
Bandera>13
Fitness Greedy Costo>198.84
35.38 41.6 24.03 22.38 43.62 47.51 67.97 20.02 35.38 0 
32.59 43.06 21.77 20.11 63.91 44.85 72.19 0 32.59 22.13 
0 13.95 11.28 9.53 31.63 14.92 38.69 34.36 0 29.77 
35.38 41.6 24.03 22.38 43.62 47.51 67.97 20.02 35.38 0 
Matriz de Costos>
0 13.95 11.28 9.53 31.63 14.92 38.69 34.36 0 29.77 
10.61 0 21.98 20.5 16.57 6.47 29.74 46.19 10.61 35.65 
6.56 16.34 0 7.42 35 17.49 42.34 32.52 6.56 27.04 
Solucion Greedy Costo>8 3 2 0 1 5 10 4 0 9 7 0 6 0 0 0 0 0 0 
Linea Vacia>
8.3 18.02 0.59 0 36.55 19.16 44.23 25.87 8.3 20.75 
22.15 16.56 30.06 30.28 0 22.07 21.86 56.68 22.15 33.21 
9.38 7.84 19.73 18.04 21.98 0 29.23 43.97 9.38 38.25 
34.11 27.62 45.05 43.15 17.53 21.83 0 71.55 34.11 55.17 
32.59 43.06 21.77 20.11 63.91 44.85 72.19 0 32.59 22.13 
0 13.95 11.28 9.53 31.63 14.92 38.69 34.36 0 29.77 
35.38 41.6 24.03 22.38 43.62 47.51 67.97 20.02 35.38 0 
Matriz de Costos>
0 13.95 11.28 9.53 31.63 14.92 38.69 34.36 0 29.77 
10.61 0 21.98 20.5 16.57 6.47 29.74 46.19 10.61 35.65 
6.56 16.34 0 7.42 35 17.49 42.34 32.52 6.56 27.04 
8.3 18.02 0.59 0 36.55 19.16 44.23 25.87 8.3 20.75 
22.15 16.56 30.06 30.28 0 22.07 21.86 56.68 22.15 33.21 
9.38 7.84 19.73 18.04 21.98 0 29.23 43.97 9.38 38.25 
34.11 27.62 45.05 43.15 17.53 21.83 0 71.55 34.11 55.17 
32.59 43.06 21.77 20.11 63.91 44.85 72.19 0 32.59 22.13 
0 13.95 11.28 9.53 31.63 14.92 38.69 34.36 0 29.77 
35.38 41.6 24.03 22.38 43.62 47.51 67.97 20.02 35.38 0 
Dimension>19
Bandera>13
Fitness Greedy Costo>198.84
Solucion Greedy Costo>8 3 2 0 1 5 10 4 0 9 7 0 6 0 0 0 0 0 0 
Linea Vacia>
Dimension>19
Matriz de Costos>
0 13.95 11.28 9.53 31.63 14.92 38.69 34.36 0 29.77 
10.61 0 21.98 20.5 16.57 6.47 29.74 46.19 10.61 35.65 
6.56 16.34 0 7.42 35 17.49 42.34 32.52 6.56 27.04 
8.3 18.02 0.59 0 36.55 19.16 44.23 25.87 8.3 20.75 
22.15 16.56 30.06 30.28 0 22.07 21.86 56.68 22.15 33.21 
Bandera>13
Fitness Greedy Costo>198.84
Solucion Greedy Costo>8 3 2 0 1 5 10 4 0 9 7 0 6 0 0 0 0 0 0 
Linea Vacia>
9.38 7.84 19.73 18.04 21.98 0 29.23 43.97 9.38 38.25 
34.11 27.62 45.05 43.15 17.53 21.83 0 71.55 34.11 55.17 
32.59 43.06 21.77 20.11 63.91 44.85 72.19 0 32.59 22.13 
0 13.95 11.28 9.53 31.63 14.92 38.69 34.36 0 29.77 
Dimension>19
35.38 41.6 24.03 22.38 43.62 47.51 67.97 20.02 35.38 0 
Bandera>13
Fitness Greedy Costo>198.84
Solucion Greedy Costo>8 3 2 0 1 5 10 4 0 9 7 0 6 0 0 0 0 0 0 
Matriz de Costos>
0 13.95 11.28 9.53 31.63 14.92 38.69 34.36 0 29.77 
10.61 0 21.98 20.5 16.57 6.47 29.74 46.19 10.61 35.65 
6.56 16.34 0 7.42 35 17.49 42.34 32.52 6.56 27.04 
Linea Vacia>
8.3 18.02 0.59 0 36.55 19.16 44.23 25.87 8.3 20.75 
22.15 16.56 30.06 30.28 0 22.07 21.86 56.68 22.15 33.21 
9.38 7.84 19.73 18.04 21.98 0 29.23 43.97 9.38 38.25 
34.11 27.62 45.05 43.15 17.53 21.83 0 71.55 34.11 55.17 
Matriz de Costos>
0 13.95 11.28 9.53 31.63 14.92 38.69 34.36 0 29.77 
10.61 0 21.98 20.5 16.57 6.47 29.74 46.19 10.61 35.65 
32.59 43.06 21.77 20.11 63.91 44.85 72.19 0 32.59 22.13 
0 13.95 11.28 9.53 31.63 14.92 38.69 34.36 0 29.77 
6.56 16.34 0 7.42 35 17.49 42.34 32.52 6.56 27.04 
8.3 18.02 0.59 0 36.55 19.16 44.23 25.87 8.3 20.75 
35.38 41.6 24.03 22.38 43.62 47.51 67.97 20.02 35.38 0 
22.15 16.56 30.06 30.28 0 22.07 21.86 56.68 22.15 33.21 
9.38 7.84 19.73 18.04 21.98 0 29.23 43.97 9.38 38.25 
34.11 27.62 45.05 43.15 17.53 21.83 0 71.55 34.11 55.17 
32.59 43.06 21.77 20.11 63.91 44.85 72.19 0 32.59 22.13 
0 13.95 11.28 9.53 31.63 14.92 38.69 34.36 0 29.77 
35.38 41.6 24.03 22.38 43.62 47.51 67.97 20.02 35.38 0 
GEN 0 198.840000
GREEDY 0 0.000000
GEN 0 198.840000
GREEDY 0 0.000000
GEN 0 198.840000
GREEDY 0 0.000000
GEN 0 198.840000
GREEDY 0 0.000000
GEN 0 195.190000
GREEDY 0 0.000000
GEN 0 198.840000
GREEDY 0 0.000000
GEN 0 198.840000
GREEDY 0 0.000000
GEN 0 198.840000
GREEDY 0 0.000000
GEN 0 192.120000
GREEDY 0 0.000000
TIEMPO 0 198.840000
GEN 0 198.840000
GREEDY 0 0.000000
TIEMPO 0 198.840000
GEN 0 198.840000
GREEDY 0 0.000000
TIEMPO 0 198.840000
GEN 0 198.840000
GREEDY 0 0.000000
GEN 0 198.840000
GREEDY 0 0.000000
GEN 0 198.840000
GREEDY 0 0.000000
GEN 0 198.840000
GREEDY 0 0.000000
GEN 0 198.840000
GREEDY 0 0.000000
TIEMPO 0 198.840000
GEN 0 198.840000
GREEDY 0 0.000000
TIEMPO 0 198.840000
GEN 0 195.190000
GREEDY 0 0.000000
TIEMPO 0 195.190000
TIEMPO 0 198.840000
GEN 0 195.190000
GREEDY 0 0.000000
GEN 0 198.840000
GREEDY 0 0.000000
TIEMPO 0 198.840000
TIEMPO 0 198.840000
GEN 0 198.840000
GREEDY 0 0.000000
TIEMPO 0 192.120000
TIEMPO 0 198.840000
TIEMPO 0 198.840000
TIEMPO 0 198.840000
TIEMPO 0 198.840000
TIEMPO 0 198.840000
TIEMPO 0 192.300000
TIEMPO 0 198.840000
TIEMPO 0 198.840000
TIEMPO 0 198.840000
TIEMPO 0 195.190000
TIEMPO 0 198.840000
GREEDY 5 0.000351
GREEDY 5 0.000705
GREEDY 10 0.001524
GEN 0 195.710000
GREEDY 0 0.000000
TIEMPO 0 195.710000
GREEDY 5 0.001920
GREEDY 5 0.002773
GREEDY 5 0.002873
GREEDY 5 0.003178
GREEDY 5 0.004168
GREEDY 10 0.004189
GREEDY 5 0.004196
GREEDY 5 0.004627
GREEDY 5 0.004769
GREEDY 5 0.005518
GREEDY 5 0.005941
GREEDY 10 0.006639
GEN 0 198.840000
GREEDY 0 0.000000
GREEDY 5 0.007948
TIEMPO 0 198.840000
GREEDY 5 0.008073
GREEDY 10 0.009098
GEN 0 198.840000
GREEDY 0 0.000000
TIEMPO 0 198.840000
GREEDY 5 0.012071
GREEDY 5 0.013023
GREEDY 5 0.014260
GREEDY 5 0.014352
GREEDY 5 0.015503
GREEDY 5 0.015538
GREEDY 5 0.015881
GREEDY 10 0.016240
GREEDY 5 0.017978
GREEDY 10 0.020883
GREEDY 10 0.021108
GREEDY 10 0.020301
GREEDY 10 0.022724
GREEDY 15 0.023840
GREEDY 5 0.024136
GREEDY 10 0.025681
GREEDY 15 0.028434
GREEDY 10 0.028580
GREEDY 10 0.028643
GREEDY 10 0.028777
GREEDY 5 0.028829
GREEDY 15 0.031915
GREEDY 15 0.046042
GREEDY 10 0.047986
GREEDY 10 0.048260
GREEDY 15 0.052251
GREEDY 10 0.057088
GREEDY 10 0.060684
GREEDY 10 0.087677
GEN 2500 175.670000
GREEDY 10 0.111558
GREEDY 15 0.112155
GREEDY 15 0.115676
GREEDY 10 0.117190
GEN 2500 175.670000
GEN 2500 169.270000
GEN 2500 164.460000
GEN 2500 169.760000
GEN 2500 180.190000
GEN 2500 169.760000
GEN 2500 169.760000
GEN 2500 164.460000
GEN 2500 164.460000
GREEDY 10 0.128825
GREEDY 15 0.134713
GEN 2500 164.460000
GEN 2500 169.760000
GEN 2500 180.220000
GEN 2500 164.460000
GEN 2500 164.460000
GEN 2500 177.770000
GREEDY 10 0.166894
GREEDY 10 0.168445
GREEDY 15 0.171418
GREEDY 15 0.187595
GEN 2500 175.670000
GEN 2500 175.670000
GEN 2500 169.760000
GEN 2500 175.670000
GEN 2500 164.460000
GEN 2500 175.670000
GEN 5000 169.760000
GEN 5000 175.670000
GEN 5000 164.460000
GEN 5000 164.460000
GEN 5000 164.460000
GEN 5000 169.760000
GEN 5000 164.460000
GEN 5000 164.460000
GEN 5000 169.760000
GEN 5000 164.460000
GEN 5000 169.760000
GEN 5000 171.430000
GREEDY 15 0.264893
GREEDY 15 0.265407
GEN 2500 180.220000
GEN 5000 164.460000
GEN 2500 164.460000
GEN 5000 169.760000
GEN 5000 164.460000
GEN 5000 164.460000
GEN 7500 169.760000
GREEDY 15 0.349204
GEN 5000 169.760000
GEN 5000 169.760000
GEN 7500 169.760000
GEN 5000 175.670000
GREEDY 15 0.359364
GEN 5000 164.460000
GEN 5000 169.760000
GEN 5000 169.760000
GEN 7500 164.460000
GEN 7500 164.460000
GEN 7500 164.460000
GEN 7500 164.460000
GEN 7500 164.460000
GEN 7500 164.460000
GEN 7500 164.460000
GEN 7500 164.460000
GEN 7500 164.460000
GEN 7500 169.760000
GEN 7500 169.760000
GEN 5000 180.220000
GEN 7500 164.460000
GEN 5000 164.460000
GEN 7500 164.460000
GEN 7500 164.460000
GEN 10000 169.760000
TIEMPO 0.423870 169.760000
GEN 10000 169.760000
TIEMPO 0.460323 169.760000
GEN 7500 169.760000
GEN 7500 169.760000
GEN 7500 169.760000
GEN 10000 164.460000
TIEMPO 0.486228 164.460000
GEN 10000 164.460000
TIEMPO 0.487089 164.460000
GEN 7500 169.760000
GEN 7500 164.460000
GEN 10000 164.460000
TIEMPO 0.492166 164.460000
GEN 10000 164.460000
TIEMPO 0.496634 164.460000
GEN 10000 164.460000
TIEMPO 0.501031 164.460000
GEN 10000 164.460000
TIEMPO 0.503102 164.460000
GEN 10000 164.460000
TIEMPO 0.502073 164.460000
GEN 10000 169.760000
TIEMPO 0.503967 169.760000
GEN 10000 164.460000
TIEMPO 0.506568 164.460000
GEN 10000 169.760000
TIEMPO 0.506626 169.760000
GEN 10000 164.460000
TIEMPO 0.507075 164.460000
GEN 10000 164.460000
TIEMPO 0.510055 164.460000
GEN 10000 164.460000
TIEMPO 0.517577 164.460000
GEN 7500 180.220000
GEN 7500 169.760000
GEN 7500 164.460000
GEN 10000 164.460000
TIEMPO 0.546206 164.460000
GEN 10000 169.760000
TIEMPO 0.585550 169.760000
GEN 10000 169.760000
TIEMPO 0.611132 169.760000
GEN 10000 169.760000
TIEMPO 0.615461 169.760000
GEN 10000 169.760000
TIEMPO 0.617299 169.760000
GEN 10000 164.460000
TIEMPO 0.619580 164.460000
GEN 10000 180.220000
TIEMPO 0.635134 180.220000
GEN 10000 169.760000
TIEMPO 0.636914 169.760000
GEN 10000 164.460000
TIEMPO 0.669977 164.460000

 Current State ---------------------------------------------
Solution:  1 4 10 6 0 3 2 9 7 0 0 8 5 0 0 0 0 0 0 Fitness: 164.46

 :( ---------------------- THE END --------------- :) 
