Dimension>17
Bandera>13
Fitness Greedy Costo>169.71
Solucion Greedy Costo>2 8 7 5 0 3 6 4 0 9 1 0 0 0 0 0 0 
Linea Vacia>
Matriz de Costos>
0 50.13 1.81 10.62 46.09 15.01 14.02 5 4.76 
48.35 0 46.35 59.85 87.9 34.01 61.69 44.88 43.63 
1.89 46.62 0 10.66 46.19 11.51 13.53 3.27 3.04 
12.62 57.27 11.7 0 42.71 24.36 8.65 12.08 17.66 
42.11 88.23 42.3 41.61 0 53.06 32.37 39.01 49.51 
13.96 34.85 11.93 22.78 58.18 0 25.49 10.64 15.03 
10.63 60.43 10.8 4.02 34.65 20.57 0 9.43 16.31 
4.17 48.83 3.58 11.81 43.35 10.44 14.81 0 5.37 
3.65 43.65 1.8 13 48.65 11.98 17.03 3.28 0 
Dimension>17
Bandera>13
Fitness Greedy Costo>169.71
Solucion Greedy Costo>2 8 7 5 0 3 6 4 0 9 1 0 0 0 0 0 0 
Linea Vacia>
Matriz de Costos>
0 50.13 1.81 10.62 46.09 15.01 14.02 5 4.76 
48.35 0 46.35 59.85 87.9 34.01 61.69 44.88 43.63 
1.89 46.62 0 10.66 46.19 11.51 13.53 3.27 3.04 
12.62 57.27 11.7 0 42.71 24.36 8.65 12.08 17.66 
42.11 88.23 42.3 41.61 0 53.06 32.37 39.01 49.51 
13.96 34.85 11.93 22.78 58.18 0 25.49 10.64 15.03 
10.63 60.43 10.8 4.02 34.65 20.57 0 9.43 16.31 
4.17 48.83 3.58 11.81 43.35 10.44 14.81 0 5.37 
3.65 43.65 1.8 13 48.65 11.98 17.03 3.28 0 
Dimension>17
Bandera>13
Fitness Greedy Costo>169.71
Solucion Greedy Costo>2 8 7 5 0 3 6 4 0 9 1 0 0 0 0 0 0 
Linea Vacia>
Matriz de Costos>
0 50.13 1.81 10.62 46.09 15.01 14.02 5 4.76 
48.35 0 46.35 59.85 87.9 34.01 61.69 44.88 43.63 
1.89 46.62 0 10.66 46.19 11.51 13.53 3.27 3.04 
12.62 57.27 11.7 0 42.71 24.36 8.65 12.08 17.66 
42.11 88.23 42.3 41.61 0 53.06 32.37 39.01 49.51 
13.96 34.85 11.93 22.78 58.18 0 25.49 10.64 15.03 
10.63 60.43 10.8 4.02 34.65 20.57 0 9.43 16.31 
4.17 48.83 3.58 11.81 43.35 10.44 14.81 0 5.37 
3.65 43.65 1.8 13 48.65 11.98 17.03 3.28 0 
Dimension>17
Bandera>13
Fitness Greedy Costo>169.71
Solucion Greedy Costo>2 8 7 5 0 3 6 4 0 9 1 0 0 0 0 0 0 
Linea Vacia>
Matriz de Costos>
0 50.13 1.81 10.62 46.09 15.01 14.02 5 4.76 
48.35 0 46.35 59.85 87.9 34.01 61.69 44.88 43.63 
1.89 46.62 0 10.66 46.19 11.51 13.53 3.27 3.04 
12.62 57.27 11.7 0 42.71 24.36 8.65 12.08 17.66 
42.11 88.23 42.3 41.61 0 53.06 32.37 39.01 49.51 
13.96 34.85 11.93 22.78 58.18 0 25.49 10.64 15.03 
10.63 60.43 10.8 4.02 34.65 20.57 0 9.43 16.31 
4.17 48.83 3.58 11.81 43.35 10.44 14.81 0 5.37 
3.65 43.65 1.8 13 48.65 11.98 17.03 3.28 0 
Dimension>17
Dimension>17
Bandera>13
Fitness Greedy Costo>169.71
Solucion Greedy Costo>2 8 7 5 0 3 6 4 0 9 1 0 0 0 0 0 0 
Linea Vacia>
Bandera>13
Fitness Greedy Costo>169.71
Solucion Greedy Costo>2 8 7 5 0 3 6 4 0 9 1 0 0 0 0 0 0 
Linea Vacia>
Matriz de Costos>
0 50.13 1.81 10.62 46.09 15.01 14.02 5 4.76 
48.35 0 46.35 59.85 87.9 34.01 61.69 44.88 43.63 
1.89 46.62 0 10.66 46.19 11.51 13.53 3.27 3.04 
Matriz de Costos>
0 50.13 1.81 10.62 46.09 15.01 14.02 5 4.76 
48.35 0 46.35 59.85 87.9 34.01 61.69 44.88 43.63 
1.89 46.62 0 10.66 46.19 11.51 13.53 3.27 3.04 
12.62 57.27 11.7 0 42.71 24.36 8.65 12.08 17.66 
42.11 88.23 42.3 41.61 0 53.06 32.37 39.01 49.51 
12.62 57.27 11.7 0 42.71 24.36 8.65 12.08 17.66 
42.11 88.23 42.3 41.61 0 53.06 32.37 39.01 49.51 
13.96 34.85 11.93 22.78 58.18 0 25.49 10.64 15.03 
10.63 60.43 10.8 4.02 34.65 20.57 0 9.43 16.31 
4.17 48.83 3.58 11.81 43.35 10.44 14.81 0 5.37 
3.65 43.65 1.8 13 48.65 11.98 17.03 3.28 0 
Dimension>17
Bandera>13
Fitness Greedy Costo>169.71
Solucion Greedy Costo>2 8 7 5 0 3 6 4 0 9 1 0 0 0 0 0 0 
Linea Vacia>
13.96 34.85 11.93 22.78 58.18 0 25.49 10.64 15.03 
10.63 60.43 10.8 4.02 34.65 20.57 0 9.43 16.31 
4.17 48.83 3.58 11.81 43.35 10.44 14.81 0 5.37 
3.65 43.65 1.8 13 48.65 11.98 17.03 3.28 0 
Matriz de Costos>
0 50.13 1.81 10.62 46.09 15.01 14.02 5 4.76 
48.35 0 46.35 59.85 87.9 34.01 61.69 44.88 43.63 
1.89 46.62 0 10.66 46.19 11.51 13.53 3.27 3.04 
12.62 57.27 11.7 0 42.71 24.36 8.65 12.08 17.66 
42.11 88.23 42.3 41.61 0 53.06 32.37 39.01 49.51 
13.96 34.85 11.93 22.78 58.18 0 25.49 10.64 15.03 
10.63 60.43 10.8 4.02 34.65 20.57 0 9.43 16.31 
4.17 48.83 3.58 11.81 43.35 10.44 14.81 0 5.37 
3.65 43.65 1.8 13 48.65 11.98 17.03 3.28 0 
Dimension>17
Bandera>13
Fitness Greedy Costo>169.71
Solucion Greedy Costo>2 8 7 5 0 3 6 4 0 9 1 0 0 0 0 0 0 
Linea Vacia>
Matriz de Costos>
0 50.13 1.81 10.62 46.09 15.01 14.02 5 4.76 
48.35 0 46.35 59.85 87.9 34.01 61.69 44.88 43.63 
1.89 46.62 0 10.66 46.19 11.51 13.53 3.27 3.04 
12.62 57.27 11.7 0 42.71 24.36 8.65 12.08 17.66 
42.11 88.23 42.3 41.61 0 53.06 32.37 39.01 49.51 
13.96 34.85 11.93 22.78 58.18 0 25.49 10.64 15.03 
10.63 60.43 10.8 4.02 34.65 20.57 0 9.43 16.31 
4.17 48.83 3.58 11.81 43.35 10.44 14.81 0 5.37 
3.65 43.65 1.8 13 48.65 11.98 17.03 3.28 0 
Dimension>17
Bandera>13
Fitness Greedy Costo>169.71
Solucion Greedy Costo>2 8 7 5 0 3 6 4 0 9 1 0 0 0 0 0 0 
Linea Vacia>
Matriz de Costos>
0 50.13 1.81 10.62 46.09 15.01 14.02 5 4.76 
48.35 0 46.35 59.85 87.9 34.01 61.69 44.88 43.63 
1.89 46.62 0 10.66 46.19 11.51 13.53 3.27 3.04 
12.62 57.27 11.7 0 42.71 24.36 8.65 12.08 17.66 
42.11 88.23 42.3 41.61 0 53.06 32.37 39.01 49.51 
13.96 34.85 11.93 22.78 58.18 0 25.49 10.64 15.03 
10.63 60.43 10.8 4.02 34.65 20.57 0 9.43 16.31 
4.17 48.83 3.58 11.81 43.35 10.44 14.81 0 5.37 
3.65 43.65 1.8 13 48.65 11.98 17.03 3.28 0 
Dimension>17
Bandera>13
Fitness Greedy Costo>169.71
Solucion Greedy Costo>2 8 7 5 0 3 6 4 0 9 1 0 0 0 0 0 0 
Linea Vacia>
Matriz de Costos>
0 50.13 1.81 10.62 46.09 15.01 14.02 5 4.76 
48.35 0 46.35 59.85 87.9 34.01 61.69 44.88 43.63 
1.89 46.62 0 10.66 46.19 11.51 13.53 3.27 3.04 
12.62 57.27 11.7 0 42.71 24.36 8.65 12.08 17.66 
42.11 88.23 42.3 41.61 0 53.06 32.37 39.01 49.51 
13.96 34.85 11.93 22.78 58.18 0 25.49 10.64 15.03 
10.63 60.43 10.8 4.02 34.65 20.57 0 9.43 16.31 
4.17 48.83 3.58 11.81 43.35 10.44 14.81 0 5.37 
3.65 43.65 1.8 13 48.65 11.98 17.03 3.28 0 
Dimension>17
Bandera>13
Fitness Greedy Costo>169.71
Solucion Greedy Costo>2 8 7 5 0 3 6 4 0 9 1 0 0 0 0 0 0 
Linea Vacia>
Matriz de Costos>
0 50.13 1.81 10.62 46.09 15.01 14.02 5 4.76 
48.35 0 46.35 59.85 87.9 34.01 61.69 44.88 43.63 
1.89 46.62 0 10.66 46.19 11.51 13.53 3.27 3.04 
12.62 57.27 11.7 0 42.71 24.36 8.65 12.08 17.66 
42.11 88.23 42.3 41.61 0 53.06 32.37 39.01 49.51 
13.96 34.85 11.93 22.78 58.18 0 25.49 10.64 15.03 
10.63 60.43 10.8 4.02 34.65 20.57 0 9.43 16.31 
4.17 48.83 3.58 11.81 43.35 10.44 14.81 0 5.37 
3.65 43.65 1.8 13 48.65 11.98 17.03 3.28 0 
Dimension>17
Bandera>13
Fitness Greedy Costo>169.71
Solucion Greedy Costo>2 8 7 5 0 3 6 4 0 9 1 0 0 0 0 0 0 
Linea Vacia>
Matriz de Costos>
0 50.13 1.81 10.62 46.09 15.01 14.02 5 4.76 
48.35 0 46.35 59.85 87.9 34.01 61.69 44.88 43.63 
1.89 46.62 0 10.66 46.19 11.51 13.53 3.27 3.04 
12.62 57.27 11.7 0 42.71 24.36 8.65 12.08 17.66 
42.11 88.23 42.3 41.61 0 53.06 32.37 39.01 49.51 
13.96 34.85 11.93 22.78 58.18 0 25.49 10.64 15.03 
10.63 60.43 10.8 4.02 34.65 20.57 0 9.43 16.31 
4.17 48.83 3.58 11.81 43.35 10.44 14.81 0 5.37 
3.65 43.65 1.8 13 48.65 11.98 17.03 3.28 0 
Dimension>17
Dimension>17
Bandera>13
Fitness Greedy Costo>169.71
Solucion Greedy Costo>2 8 7 5 0 3 6 4 0 9 1 0 0 0 0 0 0 
Linea Vacia>
Bandera>13
Fitness Greedy Costo>169.71
Solucion Greedy Costo>2 8 7 5 0 3 6 4 0 9 1 0 0 0 0 0 0 
Linea Vacia>
Matriz de Costos>
0 50.13 1.81 10.62 46.09 15.01 14.02 5 4.76 
48.35 0 46.35 59.85 87.9 34.01 61.69 44.88 43.63 
1.89 46.62 0 10.66 46.19 11.51 13.53 3.27 3.04 
12.62 57.27 11.7 0 42.71 24.36 8.65 12.08 17.66 
Matriz de Costos>
0 50.13 1.81 10.62 46.09 15.01 14.02 5 4.76 
42.11 88.23 42.3 41.61 0 53.06 32.37 39.01 49.51 
13.96 34.85 11.93 22.78 58.18 0 25.49 10.64 15.03 
48.35 0 46.35 59.85 87.9 34.01 61.69 44.88 43.63 
10.63 60.43 10.8 4.02 34.65 20.57 0 9.43 16.31 
4.17 48.83 3.58 11.81 43.35 10.44 14.81 0 5.37 
3.65 43.65 1.8 13 48.65 11.98 17.03 3.28 0 
1.89 46.62 0 10.66 46.19 11.51 13.53 3.27 3.04 
12.62 57.27 11.7 0 42.71 24.36 8.65 12.08 17.66 
42.11 88.23 42.3 41.61 0 53.06 32.37 39.01 49.51 
13.96 34.85 11.93 22.78 58.18 0 25.49 10.64 15.03 
10.63 60.43 10.8 4.02 34.65 20.57 0 9.43 16.31 
4.17 48.83 3.58 11.81 43.35 10.44 14.81 0 5.37 
3.65 43.65 1.8 13 48.65 11.98 17.03 3.28 0 
Dimension>17
Bandera>13
Fitness Greedy Costo>169.71
Solucion Greedy Costo>2 8 7 5 0 3 6 4 0 9 1 0 0 0 0 0 0 
Linea Vacia>
Dimension>17
Matriz de Costos>
0 50.13 1.81 10.62 46.09 15.01 14.02 5 4.76 
48.35 0 46.35 59.85 87.9 34.01 61.69 44.88 43.63 
Bandera>13
Fitness Greedy Costo>169.71
1.89 46.62 0 10.66 46.19 11.51 13.53 3.27 3.04 
12.62 57.27 11.7 0 42.71 24.36 8.65 12.08 17.66 
Solucion Greedy Costo>2 8 7 5 0 3 6 4 0 9 1 0 0 0 0 0 0 
Linea Vacia>
42.11 88.23 42.3 41.61 0 53.06 32.37 39.01 49.51 
13.96 34.85 11.93 22.78 58.18 0 25.49 10.64 15.03 
10.63 60.43 10.8 4.02 34.65 20.57 0 9.43 16.31 
4.17 48.83 3.58 11.81 43.35 10.44 14.81 0 5.37 
3.65 43.65 1.8 13 48.65 11.98 17.03 3.28 0 
Matriz de Costos>
0 50.13 1.81 10.62 46.09 15.01 14.02 5 4.76 
48.35 0 46.35 59.85 87.9 34.01 61.69 44.88 43.63 
1.89 46.62 0 10.66 46.19 11.51 13.53 3.27 3.04 
12.62 57.27 11.7 0 42.71 24.36 8.65 12.08 17.66 
42.11 88.23 42.3 41.61 0 53.06 32.37 39.01 49.51 
13.96 34.85 11.93 22.78 58.18 0 25.49 10.64 15.03 
10.63 60.43 10.8 4.02 34.65 20.57 0 9.43 16.31 
4.17 48.83 3.58 11.81 43.35 10.44 14.81 0 5.37 
3.65 43.65 1.8 13 48.65 11.98 17.03 3.28 0 
Dimension>17
Bandera>13
Fitness Greedy Costo>169.71
Solucion Greedy Costo>2 8 7 5 0 3 6 4 0 9 1 0 0 0 0 0 0 
Linea Vacia>
Matriz de Costos>
0 50.13 1.81 10.62 46.09 15.01 14.02 5 4.76 
48.35 0 46.35 59.85 87.9 34.01 61.69 44.88 43.63 
1.89 46.62 0 10.66 46.19 11.51 13.53 3.27 3.04 
12.62 57.27 11.7 0 42.71 24.36 8.65 12.08 17.66 
42.11 88.23 42.3 41.61 0 53.06 32.37 39.01 49.51 
13.96 34.85 11.93 22.78 58.18 0 25.49 10.64 15.03 
10.63 60.43 10.8 4.02 34.65 20.57 0 9.43 16.31 
4.17 48.83 3.58 11.81 43.35 10.44 14.81 0 5.37 
3.65 43.65 1.8 13 48.65 11.98 17.03 3.28 0 
Dimension>17
Bandera>13
Fitness Greedy Costo>169.71
Solucion Greedy Costo>2 8 7 5 0 3 6 4 0 9 1 0 0 0 0 0 0 
Linea Vacia>
Matriz de Costos>
0 50.13 1.81 10.62 46.09 15.01 14.02 5 4.76 
48.35 0 46.35 59.85 87.9 34.01 61.69 44.88 43.63 
1.89 46.62 0 10.66 46.19 11.51 13.53 3.27 3.04 
12.62 57.27 11.7 0 42.71 24.36 8.65 12.08 17.66 
42.11 88.23 42.3 41.61 0 53.06 32.37 39.01 49.51 
13.96 34.85 11.93 22.78 58.18 0 25.49 10.64 15.03 
10.63 60.43 10.8 4.02 34.65 20.57 0 9.43 16.31 
4.17 48.83 3.58 11.81 43.35 10.44 14.81 0 5.37 
3.65 43.65 1.8 13 48.65 11.98 17.03 3.28 0 
Dimension>17
Bandera>13
Fitness Greedy Costo>169.71
Solucion Greedy Costo>2 8 7 5 0 3 6 4 0 9 1 0 0 0 0 0 0 
Linea Vacia>
Matriz de Costos>
0 50.13 1.81 10.62 46.09 15.01 14.02 5 4.76 
48.35 0 46.35 59.85 87.9 34.01 61.69 44.88 43.63 
1.89 46.62 0 10.66 46.19 11.51 13.53 3.27 3.04 
12.62 57.27 11.7 0 42.71 24.36 8.65 12.08 17.66 
42.11 88.23 42.3 41.61 0 53.06 32.37 39.01 49.51 
13.96 34.85 11.93 22.78 58.18 0 25.49 10.64 15.03 
10.63 60.43 10.8 4.02 34.65 20.57 0 9.43 16.31 
4.17 48.83 3.58 11.81 43.35 10.44 14.81 0 5.37 
3.65 43.65 1.8 13 48.65 11.98 17.03 3.28 0 
Dimension>17
Bandera>13
Fitness Greedy Costo>169.71
Solucion Greedy Costo>2 8 7 5 0 3 6 4 0 9 1 0 0 0 0 0 0 
Linea Vacia>
Matriz de Costos>
0 50.13 1.81 10.62 46.09 15.01 14.02 5 4.76 
48.35 0 46.35 59.85 87.9 34.01 61.69 44.88 43.63 
Dimension>17
1.89 46.62 0 10.66 46.19 11.51 13.53 3.27 3.04 
Dimension>17
Bandera>13
Fitness Greedy Costo>169.71
Solucion Greedy Costo>2 8 7 5 0 3 6 4 0 9 1 0 0 0 0 0 0 
Dimension>17
12.62 57.27 11.7 0 42.71 24.36 8.65 12.08 17.66 
42.11 88.23 42.3 41.61 0 53.06 32.37 39.01 49.51 
Bandera>13
Fitness Greedy Costo>169.71
Solucion Greedy Costo>2 8 7 5 0 3 6 4 0 9 1 0 0 0 0 0 0 
Linea Vacia>
Linea Vacia>
13.96 34.85 11.93 22.78 58.18 0 25.49 10.64 15.03 
Matriz de Costos>
0 50.13 1.81 10.62 46.09 15.01 14.02 5 4.76 
Bandera>13
10.63 60.43 10.8 4.02 34.65 20.57 0 9.43 16.31 
4.17 48.83 3.58 11.81 43.35 10.44 14.81 0 5.37 
48.35 0 46.35 59.85 87.9 34.01 61.69 44.88 43.63 
1.89 46.62 0 10.66 46.19 11.51 13.53 3.27 3.04 
12.62 57.27 11.7 0 42.71 24.36 8.65 12.08 17.66 
42.11 88.23 42.3 41.61 0 53.06 32.37 39.01 49.51 
Fitness Greedy Costo>169.71
Solucion Greedy Costo>2 8 7 5 0 3 6 4 0 9 1 0 0 0 0 0 0 
Linea Vacia>
3.65 43.65 1.8 13 48.65 11.98 17.03 3.28 0 
Matriz de Costos>
0 50.13 1.81 10.62 46.09 15.01 14.02 5 4.76 
48.35 0 46.35 59.85 87.9 34.01 61.69 44.88 43.63 
13.96 34.85 11.93 22.78 58.18 0 25.49 10.64 15.03 
10.63 60.43 10.8 4.02 34.65 20.57 0 9.43 16.31 
4.17 48.83 3.58 11.81 43.35 10.44 14.81 0 5.37 
3.65 43.65 1.8 13 48.65 11.98 17.03 3.28 0 
1.89 46.62 0 10.66 46.19 11.51 13.53 3.27 3.04 
12.62 57.27 11.7 0 42.71 24.36 8.65 12.08 17.66 
42.11 88.23 42.3 41.61 0 53.06 32.37 39.01 49.51 
13.96 34.85 11.93 22.78 58.18 0 25.49 10.64 15.03 
10.63 60.43 10.8 4.02 34.65 20.57 0 9.43 16.31 
4.17 48.83 3.58 11.81 43.35 10.44 14.81 0 5.37 
Matriz de Costos>
0 50.13 1.81 10.62 46.09 15.01 14.02 5 4.76 
3.65 43.65 1.8 13 48.65 11.98 17.03 3.28 0 
48.35 0 46.35 59.85 87.9 34.01 61.69 44.88 43.63 
1.89 46.62 0 10.66 46.19 11.51 13.53 3.27 3.04 
12.62 57.27 11.7 0 42.71 24.36 8.65 12.08 17.66 
42.11 88.23 42.3 41.61 0 53.06 32.37 39.01 49.51 
13.96 34.85 11.93 22.78 58.18 0 25.49 10.64 15.03 
10.63 60.43 10.8 4.02 34.65 20.57 0 9.43 16.31 
4.17 48.83 3.58 11.81 43.35 10.44 14.81 0 5.37 
3.65 43.65 1.8 13 48.65 11.98 17.03 3.28 0 
Dimension>17
Bandera>13
Fitness Greedy Costo>169.71
Solucion Greedy Costo>2 8 7 5 0 3 6 4 0 9 1 0 0 0 0 0 0 
Linea Vacia>
Dimension>17
Matriz de Costos>
0 50.13 1.81 10.62 46.09 15.01 14.02 5 4.76 
Bandera>13
Fitness Greedy Costo>169.71
48.35 0 46.35 59.85 87.9 34.01 61.69 44.88 43.63 
1.89 46.62 0 10.66 46.19 11.51 13.53 3.27 3.04 
Solucion Greedy Costo>2 8 7 5 0 3 6 4 0 9 1 0 0 0 0 0 0 
Linea Vacia>
12.62 57.27 11.7 0 42.71 24.36 8.65 12.08 17.66 
42.11 88.23 42.3 41.61 0 53.06 32.37 39.01 49.51 
13.96 34.85 11.93 22.78 58.18 0 25.49 10.64 15.03 
Matriz de Costos>
0 50.13 1.81 10.62 46.09 15.01 14.02 5 4.76 
48.35 0 46.35 59.85 87.9 34.01 61.69 44.88 43.63 
10.63 60.43 10.8 4.02 34.65 20.57 0 9.43 16.31 
4.17 48.83 3.58 11.81 43.35 10.44 14.81 0 5.37 
3.65 43.65 1.8 13 48.65 11.98 17.03 3.28 0 
1.89 46.62 0 10.66 46.19 11.51 13.53 3.27 3.04 
12.62 57.27 11.7 0 42.71 24.36 8.65 12.08 17.66 
42.11 88.23 42.3 41.61 0 53.06 32.37 39.01 49.51 
13.96 34.85 11.93 22.78 58.18 0 25.49 10.64 15.03 
10.63 60.43 10.8 4.02 34.65 20.57 0 9.43 16.31 
4.17 48.83 3.58 11.81 43.35 10.44 14.81 0 5.37 
3.65 43.65 1.8 13 48.65 11.98 17.03 3.28 0 
GEN 0 169.710000
GEN 0 169.710000
GREEDY 0 0.000000
GEN 0 169.710000
GREEDY 0 0.000000
GEN 0 169.710000
GREEDY 0 0.000000
GEN 0 169.710000
GREEDY 0 0.000000
TIEMPO 0 169.710000
TIEMPO 0 169.710000
GEN 0 169.710000
GREEDY 0 0.000000
GEN 0 169.710000
GREEDY 0 0.000000
TIEMPO 0 169.710000
TIEMPO 0 169.710000
GEN 0 169.710000
GREEDY 0 0.000000
TIEMPO 0 169.710000
TIEMPO 0 169.710000
TIEMPO 0 169.710000
GREEDY 0 0.000000
GEN 0 169.710000
GREEDY 0 0.000000
TIEMPO 0 169.710000
TIEMPO 0 169.710000
GEN 0 169.710000
GEN 0 169.710000
GREEDY 0 0.000000
GEN 0 169.710000
GREEDY 0 0.000000
GEN 0 169.710000
GREEDY 0 0.000000
GEN 0 169.710000
GREEDY 0 0.000000
TIEMPO 0 169.710000
TIEMPO 0 169.710000
TIEMPO 0 169.710000
TIEMPO 0 169.710000
GREEDY 0 0.000000
TIEMPO 0 169.710000
GEN 0 169.710000
GREEDY 0 0.000000
TIEMPO 0 169.710000
GREEDY 5 0.006268
GEN 0 169.710000
GREEDY 0 0.000000
TIEMPO 0 169.710000
GEN 0 169.710000
GREEDY 0 0.000000
GEN 0 169.710000
GREEDY 0 0.000000
TIEMPO 0 169.710000
TIEMPO 0 169.710000
GEN 0 169.710000
GREEDY 0 0.000000
TIEMPO 0 169.710000
GEN 0 169.710000
GREEDY 0 0.000000
TIEMPO 0 169.710000
GEN 0 169.710000
GREEDY 0 0.000000
TIEMPO 0 169.710000
GEN 0 169.710000
GREEDY 0 0.000000
TIEMPO 0 169.710000
GEN 0 169.710000
GREEDY 0 0.000000
TIEMPO 0 169.710000
GEN 0 169.710000
GREEDY 0 0.000000
TIEMPO 0 169.710000
GREEDY 5 0.045337
GEN 2500 169.710000
GEN 2500 165.470000
GEN 2500 161.510000
GEN 2500 160.440000
GEN 2500 163.290000
GEN 2500 163.290000
GREEDY 5 0.165386
GREEDY 5 0.180532
GEN 2500 163.290000
GEN 5000 160.440000
GEN 5000 165.470000
GEN 2500 169.710000
GEN 2500 161.510000
GEN 2500 161.510000
GEN 2500 163.290000
GEN 2500 163.290000
GEN 2500 165.470000
GEN 5000 161.510000
GEN 5000 163.290000
GEN 2500 165.470000
GEN 2500 163.290000
GEN 2500 169.710000
GEN 2500 160.440000
GEN 2500 160.440000
GEN 2500 165.470000
GEN 2500 163.290000
GEN 2500 165.470000
GREEDY 5 0.290830
GEN 7500 160.440000
GEN 2500 163.290000
GEN 5000 160.440000
GEN 2500 163.290000
GEN 5000 163.290000
GREEDY 5 0.330328
GEN 2500 169.710000
GEN 5000 160.440000
GEN 7500 163.290000
GEN 7500 165.470000
GEN 5000 163.290000
GEN 5000 161.510000
GEN 5000 163.290000
GREEDY 5 0.420859
GEN 10000 160.440000
TIEMPO 0.427142 160.440000
GEN 7500 161.510000
GREEDY 5 0.436723
GEN 10000 163.290000
TIEMPO 0.443317 163.290000
GEN 5000 165.470000
GEN 5000 165.470000
GEN 7500 160.440000
GEN 7500 160.440000
GEN 5000 160.440000
GEN 10000 163.290000
TIEMPO 0.469631 163.290000
GEN 7500 160.440000
GEN 5000 163.290000
GEN 5000 161.510000
GEN 5000 163.290000
GEN 5000 165.470000
GEN 5000 160.440000
GEN 5000 160.440000
GEN 10000 160.440000
TIEMPO 0.545157 160.440000
GEN 5000 163.290000
GEN 10000 160.440000
TIEMPO 0.551416 160.440000
GEN 5000 163.290000
GEN 10000 161.510000
TIEMPO 0.560045 161.510000
GEN 5000 163.290000
GEN 7500 165.470000
GEN 7500 163.290000
GEN 10000 160.440000
TIEMPO 0.571950 160.440000
GEN 7500 163.290000
GEN 7500 160.440000
GEN 5000 161.510000
GREEDY 5 0.571126
GEN 5000 169.710000
GEN 7500 165.470000
GEN 7500 163.290000
GEN 7500 160.440000
GEN 7500 161.510000
GREEDY 5 0.648339
GEN 7500 163.290000
GEN 7500 163.290000
GEN 10000 165.470000
TIEMPO 0.678597 165.470000
GEN 7500 160.440000
GREEDY 5 0.701600
GEN 10000 163.290000
TIEMPO 0.720365 163.290000
GEN 7500 163.290000
GREEDY 5 0.722148
GEN 7500 160.440000
GEN 10000 161.510000
TIEMPO 0.764379 161.510000
GEN 7500 160.440000
GEN 7500 160.440000
GEN 7500 161.510000
GEN 10000 165.470000
TIEMPO 0.787983 165.470000
GEN 7500 160.440000
GEN 10000 163.290000
TIEMPO 0.803109 163.290000
GEN 10000 163.290000
TIEMPO 0.808701 163.290000
GEN 10000 163.290000
TIEMPO 0.812200 163.290000
GEN 10000 160.440000
TIEMPO 0.823854 160.440000
GEN 10000 160.440000
TIEMPO 0.844685 160.440000
GEN 10000 160.440000
TIEMPO 0.875850 160.440000
GEN 10000 163.290000
TIEMPO 0.883571 163.290000
GEN 10000 160.440000
TIEMPO 0.888007 160.440000
GEN 10000 160.440000
TIEMPO 0.889591 160.440000
GEN 10000 161.510000
TIEMPO 0.957915 161.510000
TIEMPO 1 160.440000
GEN 10000 160.440000
TIEMPO 1.012115 160.440000
TIEMPO 1 160.440000
TIEMPO 1 160.440000
GEN 10000 160.440000
TIEMPO 1.010210 160.440000
GEN 10000 160.440000
TIEMPO 1.009965 160.440000

 Current State ---------------------------------------------
Solution:  7 5 9 1 0 3 6 4 0 2 8 0 0 0 0 0 0 Fitness: 160.44

 :( ---------------------- THE END --------------- :) 
