Dimension>17
Bandera>13
Fitness Greedy Costo>169.71
Solucion Greedy Costo>2 8 7 5 0 3 6 4 0 9 1 0 0 0 0 0 0 
Linea Vacia>
Dimension>17
Matriz de Costos>
0 50.13 1.81 10.62 46.09 15.01 14.02 5 4.76 
48.35 0 46.35 59.85 87.9 34.01 61.69 44.88 43.63 
1.89 46.62 0 10.66 46.19 11.51 13.53 3.27 3.04 
12.62 57.27 11.7 0 42.71 24.36 8.65 12.08 17.66 
42.11 88.23 42.3 41.61 0 53.06 32.37 39.01 49.51 
Bandera>13
Fitness Greedy Costo>169.71
Solucion Greedy Costo>2 8 7 5 0 3 6 4 0 9 1 0 0 0 0 0 0 
Linea Vacia>
13.96 34.85 11.93 22.78 58.18 0 25.49 10.64 15.03 
10.63 60.43 10.8 4.02 34.65 20.57 0 9.43 16.31 
4.17 48.83 3.58 11.81 43.35 10.44 14.81 0 5.37 
3.65 43.65 1.8 13 48.65 11.98 17.03 3.28 0 
Matriz de Costos>
0 50.13 1.81 10.62 46.09 15.01 14.02 5 4.76 
48.35 0 46.35 59.85 87.9 34.01 61.69 44.88 43.63 
1.89 46.62 0 10.66 46.19 11.51 13.53 3.27 3.04 
12.62 57.27 11.7 0 42.71 24.36 8.65 12.08 17.66 
42.11 88.23 42.3 41.61 0 53.06 32.37 39.01 49.51 
13.96 34.85 11.93 22.78 58.18 0 25.49 10.64 15.03 
10.63 60.43 10.8 4.02 34.65 20.57 0 9.43 16.31 
4.17 48.83 3.58 11.81 43.35 10.44 14.81 0 5.37 
3.65 43.65 1.8 13 48.65 11.98 17.03 3.28 0 
Dimension>17
Bandera>13
Fitness Greedy Costo>169.71
Solucion Greedy Costo>2 8 7 5 0 3 6 4 0 9 1 0 0 0 0 0 0 
Linea Vacia>
Matriz de Costos>
0 50.13 1.81 10.62 46.09 15.01 14.02 5 4.76 
48.35 0 46.35 59.85 87.9 34.01 61.69 44.88 43.63 
1.89 46.62 0 10.66 46.19 11.51 13.53 3.27 3.04 
12.62 57.27 11.7 0 42.71 24.36 8.65 12.08 17.66 
42.11 88.23 42.3 41.61 0 53.06 32.37 39.01 49.51 
13.96 34.85 11.93 22.78 58.18 0 25.49 10.64 15.03 
10.63 60.43 10.8 4.02 34.65 20.57 0 9.43 16.31 
4.17 48.83 3.58 11.81 43.35 10.44 14.81 0 5.37 
3.65 43.65 1.8 13 48.65 11.98 17.03 3.28 0 
Dimension>17
Bandera>13
Fitness Greedy Costo>169.71
Dimension>17
Solucion Greedy Costo>2 8 7 5 0 3 6 4 0 9 1 0 0 0 0 0 0 
Linea Vacia>
Dimension>17
Bandera>13
Fitness Greedy Costo>169.71
Matriz de Costos>
0 50.13 1.81 10.62 46.09 15.01 14.02 5 4.76 
Solucion Greedy Costo>2 8 7 5 0 3 6 4 0 9 1 0 0 0 0 0 0 
Linea Vacia>
48.35 0 46.35 59.85 87.9 34.01 61.69 44.88 43.63 
1.89 46.62 0 10.66 46.19 11.51 13.53 3.27 3.04 
12.62 57.27 11.7 0 42.71 24.36 8.65 12.08 17.66 
Bandera>13
Fitness Greedy Costo>169.71
Solucion Greedy Costo>2 8 7 5 0 3 6 4 0 9 1 0 0 0 0 0 0 
Linea Vacia>
Dimension>17
42.11 88.23 42.3 41.61 0 53.06 32.37 39.01 49.51 
13.96 34.85 11.93 22.78 58.18 0 25.49 10.64 15.03 
10.63 60.43 10.8 4.02 34.65 20.57 0 9.43 16.31 
4.17 48.83 3.58 11.81 43.35 10.44 14.81 0 5.37 
Bandera>13
Fitness Greedy Costo>169.71
Solucion Greedy Costo>2 8 7 5 0 3 6 4 0 9 1 0 0 0 0 0 0 
Linea Vacia>
Dimension>17
Matriz de Costos>
0 50.13 1.81 10.62 46.09 15.01 14.02 5 4.76 
48.35 0 46.35 59.85 87.9 34.01 61.69 44.88 43.63 
Dimension>17
Bandera>13
3.65 43.65 1.8 13 48.65 11.98 17.03 3.28 0 
Bandera>13
Fitness Greedy Costo>169.71
1.89 46.62 0 10.66 46.19 11.51 13.53 3.27 3.04 
12.62 57.27 11.7 0 42.71 24.36 8.65 12.08 17.66 
Fitness Greedy Costo>169.71
Solucion Greedy Costo>2 8 7 5 0 3 6 4 0 9 1 0 0 0 0 0 0 
Linea Vacia>
Matriz de Costos>
0 50.13 1.81 10.62 46.09 15.01 14.02 5 4.76 
Matriz de Costos>
0 50.13 1.81 10.62 46.09 15.01 14.02 5 4.76 
48.35 0 46.35 59.85 87.9 34.01 61.69 44.88 43.63 
1.89 46.62 0 10.66 46.19 11.51 13.53 3.27 3.04 
Solucion Greedy Costo>2 8 7 5 0 3 6 4 0 9 1 0 0 0 0 0 0 
Linea Vacia>
Dimension>17
Bandera>13
Fitness Greedy Costo>169.71
42.11 88.23 42.3 41.61 0 53.06 32.37 39.01 49.51 
13.96 34.85 11.93 22.78 58.18 0 25.49 10.64 15.03 
10.63 60.43 10.8 4.02 34.65 20.57 0 9.43 16.31 
4.17 48.83 3.58 11.81 43.35 10.44 14.81 0 5.37 
Matriz de Costos>
0 50.13 1.81 10.62 46.09 15.01 14.02 5 4.76 
48.35 0 46.35 59.85 87.9 34.01 61.69 44.88 43.63 
1.89 46.62 0 10.66 46.19 11.51 13.53 3.27 3.04 
12.62 57.27 11.7 0 42.71 24.36 8.65 12.08 17.66 
12.62 57.27 11.7 0 42.71 24.36 8.65 12.08 17.66 
42.11 88.23 42.3 41.61 0 53.06 32.37 39.01 49.51 
13.96 34.85 11.93 22.78 58.18 0 25.49 10.64 15.03 
10.63 60.43 10.8 4.02 34.65 20.57 0 9.43 16.31 
4.17 48.83 3.58 11.81 43.35 10.44 14.81 0 5.37 
Solucion Greedy Costo>2 8 7 5 0 3 6 4 0 9 1 0 0 0 0 0 0 
Linea Vacia>
3.65 43.65 1.8 13 48.65 11.98 17.03 3.28 0 
48.35 0 46.35 59.85 87.9 34.01 61.69 44.88 43.63 
1.89 46.62 0 10.66 46.19 11.51 13.53 3.27 3.04 
12.62 57.27 11.7 0 42.71 24.36 8.65 12.08 17.66 
42.11 88.23 42.3 41.61 0 53.06 32.37 39.01 49.51 
Dimension>17
42.11 88.23 42.3 41.61 0 53.06 32.37 39.01 49.51 
13.96 34.85 11.93 22.78 58.18 0 25.49 10.64 15.03 
3.65 43.65 1.8 13 48.65 11.98 17.03 3.28 0 
Matriz de Costos>
0 50.13 1.81 10.62 46.09 15.01 14.02 5 4.76 
Dimension>17
Bandera>13
Fitness Greedy Costo>169.71
13.96 34.85 11.93 22.78 58.18 0 25.49 10.64 15.03 
10.63 60.43 10.8 4.02 34.65 20.57 0 9.43 16.31 
4.17 48.83 3.58 11.81 43.35 10.44 14.81 0 5.37 
3.65 43.65 1.8 13 48.65 11.98 17.03 3.28 0 
Bandera>13
Fitness Greedy Costo>169.71
Solucion Greedy Costo>2 8 7 5 0 3 6 4 0 9 1 0 0 0 0 0 0 
Linea Vacia>
10.63 60.43 10.8 4.02 34.65 20.57 0 9.43 16.31 
4.17 48.83 3.58 11.81 43.35 10.44 14.81 0 5.37 
3.65 43.65 1.8 13 48.65 11.98 17.03 3.28 0 
48.35 0 46.35 59.85 87.9 34.01 61.69 44.88 43.63 
1.89 46.62 0 10.66 46.19 11.51 13.53 3.27 3.04 
12.62 57.27 11.7 0 42.71 24.36 8.65 12.08 17.66 
Matriz de Costos>
0 50.13 1.81 10.62 46.09 15.01 14.02 5 4.76 
48.35 0 46.35 59.85 87.9 34.01 61.69 44.88 43.63 
1.89 46.62 0 10.66 46.19 11.51 13.53 3.27 3.04 
12.62 57.27 11.7 0 42.71 24.36 8.65 12.08 17.66 
42.11 88.23 42.3 41.61 0 53.06 32.37 39.01 49.51 
13.96 34.85 11.93 22.78 58.18 0 25.49 10.64 15.03 
Dimension>17
Solucion Greedy Costo>2 8 7 5 0 3 6 4 0 9 1 0 0 0 0 0 0 
Linea Vacia>
Matriz de Costos>
42.11 88.23 42.3 41.61 0 53.06 32.37 39.01 49.51 
13.96 34.85 11.93 22.78 58.18 0 25.49 10.64 15.03 
10.63 60.43 10.8 4.02 34.65 20.57 0 9.43 16.31 
4.17 48.83 3.58 11.81 43.35 10.44 14.81 0 5.37 
3.65 43.65 1.8 13 48.65 11.98 17.03 3.28 0 
Bandera>13
Fitness Greedy Costo>169.71
Solucion Greedy Costo>2 8 7 5 0 3 6 4 0 9 1 0 0 0 0 0 0 
Linea Vacia>
Dimension>17
Matriz de Costos>
0 50.13 1.81 10.62 46.09 15.01 14.02 5 4.76 
48.35 0 46.35 59.85 87.9 34.01 61.69 44.88 43.63 
1.89 46.62 0 10.66 46.19 11.51 13.53 3.27 3.04 
12.62 57.27 11.7 0 42.71 24.36 8.65 12.08 17.66 
0 50.13 1.81 10.62 46.09 15.01 14.02 5 4.76 
48.35 0 46.35 59.85 87.9 34.01 61.69 44.88 43.63 
1.89 46.62 0 10.66 46.19 11.51 13.53 3.27 3.04 
10.63 60.43 10.8 4.02 34.65 20.57 0 9.43 16.31 
4.17 48.83 3.58 11.81 43.35 10.44 14.81 0 5.37 
Bandera>13
Fitness Greedy Costo>169.71
42.11 88.23 42.3 41.61 0 53.06 32.37 39.01 49.51 
13.96 34.85 11.93 22.78 58.18 0 25.49 10.64 15.03 
12.62 57.27 11.7 0 42.71 24.36 8.65 12.08 17.66 
42.11 88.23 42.3 41.61 0 53.06 32.37 39.01 49.51 
13.96 34.85 11.93 22.78 58.18 0 25.49 10.64 15.03 
3.65 43.65 1.8 13 48.65 11.98 17.03 3.28 0 
Matriz de Costos>
0 50.13 1.81 10.62 46.09 15.01 14.02 5 4.76 
48.35 0 46.35 59.85 87.9 34.01 61.69 44.88 43.63 
1.89 46.62 0 10.66 46.19 11.51 13.53 3.27 3.04 
Solucion Greedy Costo>2 8 7 5 0 3 6 4 0 9 1 0 0 0 0 0 0 
Linea Vacia>
10.63 60.43 10.8 4.02 34.65 20.57 0 9.43 16.31 
4.17 48.83 3.58 11.81 43.35 10.44 14.81 0 5.37 
3.65 43.65 1.8 13 48.65 11.98 17.03 3.28 0 
10.63 60.43 10.8 4.02 34.65 20.57 0 9.43 16.31 
4.17 48.83 3.58 11.81 43.35 10.44 14.81 0 5.37 
3.65 43.65 1.8 13 48.65 11.98 17.03 3.28 0 
12.62 57.27 11.7 0 42.71 24.36 8.65 12.08 17.66 
42.11 88.23 42.3 41.61 0 53.06 32.37 39.01 49.51 
13.96 34.85 11.93 22.78 58.18 0 25.49 10.64 15.03 
10.63 60.43 10.8 4.02 34.65 20.57 0 9.43 16.31 
4.17 48.83 3.58 11.81 43.35 10.44 14.81 0 5.37 
3.65 43.65 1.8 13 48.65 11.98 17.03 3.28 0 
Matriz de Costos>
0 50.13 1.81 10.62 46.09 15.01 14.02 5 4.76 
48.35 0 46.35 59.85 87.9 34.01 61.69 44.88 43.63 
1.89 46.62 0 10.66 46.19 11.51 13.53 3.27 3.04 
12.62 57.27 11.7 0 42.71 24.36 8.65 12.08 17.66 
42.11 88.23 42.3 41.61 0 53.06 32.37 39.01 49.51 
13.96 34.85 11.93 22.78 58.18 0 25.49 10.64 15.03 
10.63 60.43 10.8 4.02 34.65 20.57 0 9.43 16.31 
4.17 48.83 3.58 11.81 43.35 10.44 14.81 0 5.37 
3.65 43.65 1.8 13 48.65 11.98 17.03 3.28 0 
Dimension>17
Bandera>13
Fitness Greedy Costo>169.71
Solucion Greedy Costo>2 8 7 5 0 3 6 4 0 9 1 0 0 0 0 0 0 
Linea Vacia>
Matriz de Costos>
0 50.13 1.81 10.62 46.09 15.01 14.02 5 4.76 
48.35 0 46.35 59.85 87.9 34.01 61.69 44.88 43.63 
1.89 46.62 0 10.66 46.19 11.51 13.53 3.27 3.04 
12.62 57.27 11.7 0 42.71 24.36 8.65 12.08 17.66 
42.11 88.23 42.3 41.61 0 53.06 32.37 39.01 49.51 
13.96 34.85 11.93 22.78 58.18 0 25.49 10.64 15.03 
10.63 60.43 10.8 4.02 34.65 20.57 0 9.43 16.31 
4.17 48.83 3.58 11.81 43.35 10.44 14.81 0 5.37 
3.65 43.65 1.8 13 48.65 11.98 17.03 3.28 0 
Dimension>17
Bandera>13
Fitness Greedy Costo>169.71
Dimension>17
Bandera>13
Fitness Greedy Costo>169.71
Solucion Greedy Costo>2 8 7 5 0 3 6 4 0 9 1 0 0 0 0 0 0 
Linea Vacia>
Solucion Greedy Costo>2 8 7 5 0 3 6 4 0 9 1 0 0 0 0 0 0 
Linea Vacia>
Matriz de Costos>
0 50.13 1.81 10.62 46.09 15.01 14.02 5 4.76 
48.35 0 46.35 59.85 87.9 34.01 61.69 44.88 43.63 
1.89 46.62 0 10.66 46.19 11.51 13.53 3.27 3.04 
12.62 57.27 11.7 0 42.71 24.36 8.65 12.08 17.66 
42.11 88.23 42.3 41.61 0 53.06 32.37 39.01 49.51 
13.96 34.85 11.93 22.78 58.18 0 25.49 10.64 15.03 
10.63 60.43 10.8 4.02 34.65 20.57 0 9.43 16.31 
4.17 48.83 3.58 11.81 43.35 10.44 14.81 0 5.37 
Matriz de Costos>
0 50.13 1.81 10.62 46.09 15.01 14.02 5 4.76 
48.35 0 46.35 59.85 87.9 34.01 61.69 44.88 43.63 
1.89 46.62 0 10.66 46.19 11.51 13.53 3.27 3.04 
12.62 57.27 11.7 0 42.71 24.36 8.65 12.08 17.66 
42.11 88.23 42.3 41.61 0 53.06 32.37 39.01 49.51 
13.96 34.85 11.93 22.78 58.18 0 25.49 10.64 15.03 
3.65 43.65 1.8 13 48.65 11.98 17.03 3.28 0 
10.63 60.43 10.8 4.02 34.65 20.57 0 9.43 16.31 
4.17 48.83 3.58 11.81 43.35 10.44 14.81 0 5.37 
3.65 43.65 1.8 13 48.65 11.98 17.03 3.28 0 
Dimension>17
Bandera>13
Fitness Greedy Costo>169.71
Solucion Greedy Costo>2 8 7 5 0 3 6 4 0 9 1 0 0 0 0 0 0 
Linea Vacia>
Matriz de Costos>
0 50.13 1.81 10.62 46.09 15.01 14.02 5 4.76 
48.35 0 46.35 59.85 87.9 34.01 61.69 44.88 43.63 
1.89 46.62 0 10.66 46.19 11.51 13.53 3.27 3.04 
12.62 57.27 11.7 0 42.71 24.36 8.65 12.08 17.66 
Dimension>17
Bandera>13
Fitness Greedy Costo>169.71
Solucion Greedy Costo>2 8 7 5 0 3 6 4 0 9 1 0 0 0 0 0 0 
Linea Vacia>
Matriz de Costos>
0 50.13 1.81 10.62 46.09 15.01 14.02 5 4.76 
48.35 0 46.35 59.85 87.9 34.01 61.69 44.88 43.63 
1.89 46.62 0 10.66 46.19 11.51 13.53 3.27 3.04 
12.62 57.27 11.7 0 42.71 24.36 8.65 12.08 17.66 
42.11 88.23 42.3 41.61 0 53.06 32.37 39.01 49.51 
13.96 34.85 11.93 22.78 58.18 0 25.49 10.64 15.03 
10.63 60.43 10.8 4.02 34.65 20.57 0 9.43 16.31 
4.17 48.83 3.58 11.81 43.35 10.44 14.81 0 5.37 
3.65 43.65 1.8 13 48.65 11.98 17.03 3.28 0 
42.11 88.23 42.3 41.61 0 53.06 32.37 39.01 49.51 
13.96 34.85 11.93 22.78 58.18 0 25.49 10.64 15.03 
10.63 60.43 10.8 4.02 34.65 20.57 0 9.43 16.31 
4.17 48.83 3.58 11.81 43.35 10.44 14.81 0 5.37 
3.65 43.65 1.8 13 48.65 11.98 17.03 3.28 0 
Dimension>17
Bandera>13
Fitness Greedy Costo>169.71
Solucion Greedy Costo>2 8 7 5 0 3 6 4 0 9 1 0 0 0 0 0 0 
Linea Vacia>
Matriz de Costos>
0 50.13 1.81 10.62 46.09 15.01 14.02 5 4.76 
48.35 0 46.35 59.85 87.9 34.01 61.69 44.88 43.63 
1.89 46.62 0 10.66 46.19 11.51 13.53 3.27 3.04 
12.62 57.27 11.7 0 42.71 24.36 8.65 12.08 17.66 
42.11 88.23 42.3 41.61 0 53.06 32.37 39.01 49.51 
13.96 34.85 11.93 22.78 58.18 0 25.49 10.64 15.03 
10.63 60.43 10.8 4.02 34.65 20.57 0 9.43 16.31 
4.17 48.83 3.58 11.81 43.35 10.44 14.81 0 5.37 
3.65 43.65 1.8 13 48.65 11.98 17.03 3.28 0 
Dimension>17
Bandera>13
Fitness Greedy Costo>169.71
Solucion Greedy Costo>2 8 7 5 0 3 6 4 0 9 1 0 0 0 0 0 0 
Linea Vacia>
Matriz de Costos>
0 50.13 1.81 10.62 46.09 15.01 14.02 5 4.76 
48.35 0 46.35 59.85 87.9 34.01 61.69 44.88 43.63 
1.89 46.62 0 10.66 46.19 11.51 13.53 3.27 3.04 
12.62 57.27 11.7 0 42.71 24.36 8.65 12.08 17.66 
42.11 88.23 42.3 41.61 0 53.06 32.37 39.01 49.51 
13.96 34.85 11.93 22.78 58.18 0 25.49 10.64 15.03 
10.63 60.43 10.8 4.02 34.65 20.57 0 9.43 16.31 
4.17 48.83 3.58 11.81 43.35 10.44 14.81 0 5.37 
3.65 43.65 1.8 13 48.65 11.98 17.03 3.28 0 
Dimension>17
Bandera>13
Fitness Greedy Costo>169.71
Solucion Greedy Costo>2 8 7 5 0 3 6 4 0 9 1 0 0 0 0 0 0 
Linea Vacia>
Dimension>17
Bandera>13
Fitness Greedy Costo>169.71
Solucion Greedy Costo>2 8 7 5 0 3 6 4 0 9 1 0 0 0 0 0 0 
Linea Vacia>
Dimension>17
Matriz de Costos>
0 50.13 1.81 10.62 46.09 15.01 14.02 5 4.76 
48.35 0 46.35 59.85 87.9 34.01 61.69 44.88 43.63 
Matriz de Costos>
0 50.13 1.81 10.62 46.09 15.01 14.02 5 4.76 
48.35 0 46.35 59.85 87.9 34.01 61.69 44.88 43.63 
1.89 46.62 0 10.66 46.19 11.51 13.53 3.27 3.04 
12.62 57.27 11.7 0 42.71 24.36 8.65 12.08 17.66 
42.11 88.23 42.3 41.61 0 53.06 32.37 39.01 49.51 
1.89 46.62 0 10.66 46.19 11.51 13.53 3.27 3.04 
12.62 57.27 11.7 0 42.71 24.36 8.65 12.08 17.66 
42.11 88.23 42.3 41.61 0 53.06 32.37 39.01 49.51 
13.96 34.85 11.93 22.78 58.18 0 25.49 10.64 15.03 
10.63 60.43 10.8 4.02 34.65 20.57 0 9.43 16.31 
4.17 48.83 3.58 11.81 43.35 10.44 14.81 0 5.37 
13.96 34.85 11.93 22.78 58.18 0 25.49 10.64 15.03 
10.63 60.43 10.8 4.02 34.65 20.57 0 9.43 16.31 
4.17 48.83 3.58 11.81 43.35 10.44 14.81 0 5.37 
3.65 43.65 1.8 13 48.65 11.98 17.03 3.28 0 
Bandera>13
Fitness Greedy Costo>169.71
3.65 43.65 1.8 13 48.65 11.98 17.03 3.28 0 
Solucion Greedy Costo>2 8 7 5 0 3 6 4 0 9 1 0 0 0 0 0 0 
Linea Vacia>
Dimension>17
Matriz de Costos>
0 50.13 1.81 10.62 46.09 15.01 14.02 5 4.76 
48.35 0 46.35 59.85 87.9 34.01 61.69 44.88 43.63 
Bandera>13
Fitness Greedy Costo>169.71
Solucion Greedy Costo>2 8 7 5 0 3 6 4 0 9 1 0 0 0 0 0 0 
Linea Vacia>
1.89 46.62 0 10.66 46.19 11.51 13.53 3.27 3.04 
12.62 57.27 11.7 0 42.71 24.36 8.65 12.08 17.66 
42.11 88.23 42.3 41.61 0 53.06 32.37 39.01 49.51 
13.96 34.85 11.93 22.78 58.18 0 25.49 10.64 15.03 
10.63 60.43 10.8 4.02 34.65 20.57 0 9.43 16.31 
Matriz de Costos>
0 50.13 1.81 10.62 46.09 15.01 14.02 5 4.76 
4.17 48.83 3.58 11.81 43.35 10.44 14.81 0 5.37 
3.65 43.65 1.8 13 48.65 11.98 17.03 3.28 0 
48.35 0 46.35 59.85 87.9 34.01 61.69 44.88 43.63 
1.89 46.62 0 10.66 46.19 11.51 13.53 3.27 3.04 
12.62 57.27 11.7 0 42.71 24.36 8.65 12.08 17.66 
42.11 88.23 42.3 41.61 0 53.06 32.37 39.01 49.51 
13.96 34.85 11.93 22.78 58.18 0 25.49 10.64 15.03 
10.63 60.43 10.8 4.02 34.65 20.57 0 9.43 16.31 
4.17 48.83 3.58 11.81 43.35 10.44 14.81 0 5.37 
3.65 43.65 1.8 13 48.65 11.98 17.03 3.28 0 
GEN 0 169.710000
GEN 0 169.710000
GREEDY 0 0.000000
GEN 0 169.710000
GREEDY 0 0.000000
GEN 0 169.710000
GREEDY 0 0.000000
TIEMPO 0 169.710000
TIEMPO 0 169.710000
TIEMPO 0 169.710000
GREEDY 0 0.000000
TIEMPO 0 169.710000
GEN 0 169.710000
GREEDY 0 0.000000
GEN 0 169.710000
GREEDY 0 0.000000
TIEMPO 0 169.710000
TIEMPO 0 169.710000
GEN 0 169.710000
GREEDY 0 0.000000
GEN 0 169.710000
GREEDY 0 0.000000
TIEMPO 0 169.710000
TIEMPO 0 169.710000
GEN 0 169.710000
GREEDY 0 0.000000
GEN 0 169.710000
GREEDY 0 0.000000
GEN 0 169.710000
GREEDY 0 0.000000
TIEMPO 0 169.710000
GEN 0 169.710000
GREEDY 0 0.000000
TIEMPO 0 169.710000
TIEMPO 0 169.710000
TIEMPO 0 169.710000
GEN 0 169.710000
GREEDY 0 0.000000
GEN 0 169.710000
GREEDY 0 0.000000
GEN 0 169.710000
GREEDY 0 0.000000
GEN 0 169.710000
GREEDY 0 0.000000
TIEMPO 0 169.710000
TIEMPO 0 169.710000
TIEMPO 0 169.710000
TIEMPO 0 169.710000
GEN 0 169.710000
GREEDY 0 0.000000
TIEMPO 0 169.710000
GEN 0 169.710000
GREEDY 0 0.000000
GEN 0 169.710000
GREEDY 0 0.000000
TIEMPO 0 169.710000
TIEMPO 0 169.710000
GEN 0 169.710000
GREEDY 0 0.000000
TIEMPO 0 169.710000
GEN 0 169.710000
GREEDY 0 0.000000
GEN 0 169.710000
GREEDY 0 0.000000
TIEMPO 0 169.710000
TIEMPO 0 169.710000
GEN 0 169.710000
GREEDY 0 0.000000
TIEMPO 0 169.710000
GEN 0 169.710000
GREEDY 0 0.000000
TIEMPO 0 169.710000
GREEDY 5 0.055904
GREEDY 5 0.079617
GREEDY 5 0.087418
GEN 2500 169.710000
GEN 2500 161.510000
GEN 2500 160.440000
GEN 2500 163.290000
GEN 2500 160.440000
GEN 2500 169.710000
GEN 2500 163.290000
GEN 2500 163.290000
GEN 2500 161.510000
GEN 2500 163.290000
GEN 2500 165.470000
GEN 2500 163.290000
GEN 2500 165.470000
GEN 2500 161.510000
GEN 2500 169.710000
GEN 5000 161.510000
GEN 2500 165.470000
GEN 2500 165.470000
GEN 2500 163.290000
GEN 2500 169.710000
GEN 2500 161.510000
GEN 2500 160.440000
GEN 5000 163.290000
GEN 5000 160.440000
GEN 5000 160.440000
GEN 2500 169.710000
GEN 7500 161.510000
GEN 5000 161.510000
GEN 2500 163.290000
GEN 2500 163.290000
GEN 5000 163.290000
GEN 5000 165.470000
GEN 7500 160.440000
GREEDY 5 0.406447
GEN 5000 160.440000
GEN 5000 165.470000
GEN 5000 161.510000
GREEDY 5 0.446442
GREEDY 5 0.449340
GEN 5000 160.440000
GEN 5000 160.440000
GEN 7500 160.440000
GEN 7500 163.290000
GEN 5000 163.290000
GEN 5000 161.510000
GEN 5000 161.510000
GEN 10000 161.510000
TIEMPO 0.477380 161.510000
GEN 5000 165.470000
GEN 5000 163.290000
GEN 5000 160.440000
GEN 5000 165.470000
GEN 5000 165.470000
GREEDY 5 0.482087
GEN 5000 163.290000
GEN 7500 165.470000
GEN 7500 161.510000
GEN 10000 160.440000
TIEMPO 0.497209 160.440000
GEN 7500 163.290000
GEN 7500 160.440000
GEN 7500 161.510000
GEN 7500 161.510000
GEN 10000 160.440000
TIEMPO 0.562842 160.440000
GEN 5000 163.290000
GEN 5000 163.290000
GEN 5000 163.290000
GEN 10000 165.470000
TIEMPO 0.573764 165.470000
GREEDY 5 0.586805
GEN 10000 163.290000
TIEMPO 0.587530 163.290000
GEN 10000 161.510000
TIEMPO 0.617142 161.510000
GREEDY 5 0.616168
GEN 7500 163.290000
GEN 7500 161.510000
GEN 10000 163.290000
TIEMPO 0.619789 163.290000
GEN 7500 165.470000
GEN 7500 165.470000
GEN 7500 160.440000
GEN 7500 160.440000
GEN 7500 160.440000
GEN 7500 160.440000
GEN 10000 160.440000
TIEMPO 0.640353 160.440000
GEN 10000 161.510000
TIEMPO 0.652607 161.510000
GEN 7500 160.440000
GEN 7500 163.290000
GEN 7500 165.470000
GEN 10000 161.510000
TIEMPO 0.657243 161.510000
GEN 7500 163.290000
GEN 7500 163.290000
GEN 10000 163.290000
TIEMPO 0.723240 163.290000
GEN 10000 165.470000
TIEMPO 0.733716 165.470000
GEN 7500 160.440000
GEN 10000 161.510000
TIEMPO 0.738040 161.510000
GEN 10000 160.440000
TIEMPO 0.735140 160.440000
GEN 10000 160.440000
TIEMPO 0.748911 160.440000
GEN 10000 160.440000
TIEMPO 0.756762 160.440000
GEN 10000 160.440000
TIEMPO 0.759227 160.440000
GEN 10000 160.440000
TIEMPO 0.763743 160.440000
GEN 10000 163.290000
TIEMPO 0.762526 163.290000
GEN 10000 163.290000
TIEMPO 0.778852 163.290000
GEN 10000 163.290000
TIEMPO 0.791500 163.290000
GEN 10000 165.470000
TIEMPO 0.794417 165.470000
GEN 10000 160.440000
TIEMPO 0.889398 160.440000
GEN 10000 163.290000
TIEMPO 0.958520 163.290000

 Current State ---------------------------------------------
Solution:  7 5 9 1 0 3 6 4 0 2 8 0 0 0 0 0 0 Fitness: 160.44

 :( ---------------------- THE END --------------- :) 
