Dimension>17
Bandera>13
Fitness Greedy Costo>169.71
Solucion Greedy Costo>2 8 7 5 0 3 6 4 0 9 1 0 0 0 0 0 0 
Linea Vacia>
Matriz de Costos>
0 50.13 1.81 10.62 46.09 15.01 14.02 5 4.76 
48.35 0 46.35 59.85 87.9 34.01 61.69 44.88 43.63 
1.89 46.62 0 10.66 46.19 11.51 13.53 3.27 3.04 
12.62 57.27 11.7 0 42.71 24.36 8.65 12.08 17.66 
42.11 88.23 42.3 41.61 0 53.06 32.37 39.01 49.51 
13.96 34.85 11.93 22.78 58.18 0 25.49 10.64 15.03 
10.63 60.43 10.8 4.02 34.65 20.57 0 9.43 16.31 
4.17 48.83 3.58 11.81 43.35 10.44 14.81 0 5.37 
3.65 43.65 1.8 13 48.65 11.98 17.03 3.28 0 
Dimension>17
Bandera>13
Dimension>17
Fitness Greedy Costo>169.71
Solucion Greedy Costo>2 8 7 5 0 3 6 4 0 9 1 0 0 0 0 0 0 
Linea Vacia>
Dimension>17
Bandera>13
Fitness Greedy Costo>169.71
Solucion Greedy Costo>2 8 7 5 0 3 6 4 0 9 1 0 0 0 0 0 0 
Linea Vacia>
Matriz de Costos>
0 50.13 1.81 10.62 46.09 15.01 14.02 5 4.76 
48.35 0 46.35 59.85 87.9 34.01 61.69 44.88 43.63 
1.89 46.62 0 10.66 46.19 11.51 13.53 3.27 3.04 
12.62 57.27 11.7 0 42.71 24.36 8.65 12.08 17.66 
42.11 88.23 42.3 41.61 0 53.06 32.37 39.01 49.51 
13.96 34.85 11.93 22.78 58.18 0 25.49 10.64 15.03 
10.63 60.43 10.8 4.02 34.65 20.57 0 9.43 16.31 
Bandera>13
Fitness Greedy Costo>169.71
Solucion Greedy Costo>2 8 7 5 0 3 6 4 0 9 1 0 0 0 0 0 0 
Linea Vacia>
Matriz de Costos>
0 50.13 1.81 10.62 46.09 15.01 14.02 5 4.76 
48.35 0 46.35 59.85 87.9 34.01 61.69 44.88 43.63 
4.17 48.83 3.58 11.81 43.35 10.44 14.81 0 5.37 
3.65 43.65 1.8 13 48.65 11.98 17.03 3.28 0 
1.89 46.62 0 10.66 46.19 11.51 13.53 3.27 3.04 
12.62 57.27 11.7 0 42.71 24.36 8.65 12.08 17.66 
42.11 88.23 42.3 41.61 0 53.06 32.37 39.01 49.51 
13.96 34.85 11.93 22.78 58.18 0 25.49 10.64 15.03 
10.63 60.43 10.8 4.02 34.65 20.57 0 9.43 16.31 
4.17 48.83 3.58 11.81 43.35 10.44 14.81 0 5.37 
Matriz de Costos>
0 50.13 1.81 10.62 46.09 15.01 14.02 5 4.76 
3.65 43.65 1.8 13 48.65 11.98 17.03 3.28 0 
48.35 0 46.35 59.85 87.9 34.01 61.69 44.88 43.63 
1.89 46.62 0 10.66 46.19 11.51 13.53 3.27 3.04 
12.62 57.27 11.7 0 42.71 24.36 8.65 12.08 17.66 
42.11 88.23 42.3 41.61 0 53.06 32.37 39.01 49.51 
13.96 34.85 11.93 22.78 58.18 0 25.49 10.64 15.03 
10.63 60.43 10.8 4.02 34.65 20.57 0 9.43 16.31 
4.17 48.83 3.58 11.81 43.35 10.44 14.81 0 5.37 
3.65 43.65 1.8 13 48.65 11.98 17.03 3.28 0 
Dimension>17
Bandera>13
Fitness Greedy Costo>169.71
Solucion Greedy Costo>2 8 7 5 0 3 6 4 0 9 1 0 0 0 0 0 0 
Linea Vacia>
Matriz de Costos>
0 50.13 1.81 10.62 46.09 15.01 14.02 5 4.76 
48.35 0 46.35 59.85 87.9 34.01 61.69 44.88 43.63 
1.89 46.62 0 10.66 46.19 11.51 13.53 3.27 3.04 
12.62 57.27 11.7 0 42.71 24.36 8.65 12.08 17.66 
42.11 88.23 42.3 41.61 0 53.06 32.37 39.01 49.51 
13.96 34.85 11.93 22.78 58.18 0 25.49 10.64 15.03 
10.63 60.43 10.8 4.02 34.65 20.57 0 9.43 16.31 
4.17 48.83 3.58 11.81 43.35 10.44 14.81 0 5.37 
3.65 43.65 1.8 13 48.65 11.98 17.03 3.28 0 
Dimension>17
Bandera>13
Fitness Greedy Costo>169.71
Solucion Greedy Costo>2 8 7 5 0 3 6 4 0 9 1 0 0 0 0 0 0 
Linea Vacia>
Matriz de Costos>
0 50.13 1.81 10.62 46.09 15.01 14.02 5 4.76 
48.35 0 46.35 59.85 87.9 34.01 61.69 44.88 43.63 
1.89 46.62 0 10.66 46.19 11.51 13.53 3.27 3.04 
12.62 57.27 11.7 0 42.71 24.36 8.65 12.08 17.66 
42.11 88.23 42.3 41.61 0 53.06 32.37 39.01 49.51 
13.96 34.85 11.93 22.78 58.18 0 25.49 10.64 15.03 
10.63 60.43 10.8 4.02 34.65 20.57 0 9.43 16.31 
4.17 48.83 3.58 11.81 43.35 10.44 14.81 0 5.37 
3.65 43.65 1.8 13 48.65 11.98 17.03 3.28 0 
Dimension>17
Bandera>13
Fitness Greedy Costo>169.71
Dimension>17
Bandera>13
Fitness Greedy Costo>169.71
Solucion Greedy Costo>2 8 7 5 0 3 6 4 0 9 1 0 0 0 0 0 0 
Linea Vacia>
Solucion Greedy Costo>2 8 7 5 0 3 6 4 0 9 1 0 0 0 0 0 0 
Linea Vacia>
Matriz de Costos>
Matriz de Costos>
0 50.13 1.81 10.62 46.09 15.01 14.02 5 4.76 
48.35 0 46.35 59.85 87.9 34.01 61.69 44.88 43.63 
0 50.13 1.81 10.62 46.09 15.01 14.02 5 4.76 
48.35 0 46.35 59.85 87.9 34.01 61.69 44.88 43.63 
1.89 46.62 0 10.66 46.19 11.51 13.53 3.27 3.04 
1.89 46.62 0 10.66 46.19 11.51 13.53 3.27 3.04 
12.62 57.27 11.7 0 42.71 24.36 8.65 12.08 17.66 
42.11 88.23 42.3 41.61 0 53.06 32.37 39.01 49.51 
12.62 57.27 11.7 0 42.71 24.36 8.65 12.08 17.66 
13.96 34.85 11.93 22.78 58.18 0 25.49 10.64 15.03 
10.63 60.43 10.8 4.02 34.65 20.57 0 9.43 16.31 
4.17 48.83 3.58 11.81 43.35 10.44 14.81 0 5.37 
42.11 88.23 42.3 41.61 0 53.06 32.37 39.01 49.51 
13.96 34.85 11.93 22.78 58.18 0 25.49 10.64 15.03 
3.65 43.65 1.8 13 48.65 11.98 17.03 3.28 0 
10.63 60.43 10.8 4.02 34.65 20.57 0 9.43 16.31 
4.17 48.83 3.58 11.81 43.35 10.44 14.81 0 5.37 
3.65 43.65 1.8 13 48.65 11.98 17.03 3.28 0 
Dimension>17
Bandera>13
Fitness Greedy Costo>169.71
Solucion Greedy Costo>2 8 7 5 0 3 6 4 0 9 1 0 0 0 0 0 0 
Linea Vacia>
Matriz de Costos>
0 50.13 1.81 10.62 46.09 15.01 14.02 5 4.76 
48.35 0 46.35 59.85 87.9 34.01 61.69 44.88 43.63 
1.89 46.62 0 10.66 46.19 11.51 13.53 3.27 3.04 
12.62 57.27 11.7 0 42.71 24.36 8.65 12.08 17.66 
42.11 88.23 42.3 41.61 0 53.06 32.37 39.01 49.51 
13.96 34.85 11.93 22.78 58.18 0 25.49 10.64 15.03 
10.63 60.43 10.8 4.02 34.65 20.57 0 9.43 16.31 
4.17 48.83 3.58 11.81 43.35 10.44 14.81 0 5.37 
3.65 43.65 1.8 13 48.65 11.98 17.03 3.28 0 
Dimension>17
Bandera>13
Fitness Greedy Costo>169.71
Solucion Greedy Costo>2 8 7 5 0 3 6 4 0 9 1 0 0 0 0 0 0 
Linea Vacia>
Matriz de Costos>
0 50.13 1.81 10.62 46.09 15.01 14.02 5 4.76 
48.35 0 46.35 59.85 87.9 34.01 61.69 44.88 43.63 
1.89 46.62 0 10.66 46.19 11.51 13.53 3.27 3.04 
12.62 57.27 11.7 0 42.71 24.36 8.65 12.08 17.66 
42.11 88.23 42.3 41.61 0 53.06 32.37 39.01 49.51 
13.96 34.85 11.93 22.78 58.18 0 25.49 10.64 15.03 
10.63 60.43 10.8 4.02 34.65 20.57 0 9.43 16.31 
4.17 48.83 3.58 11.81 43.35 10.44 14.81 0 5.37 
3.65 43.65 1.8 13 48.65 11.98 17.03 3.28 0 
Dimension>17
Bandera>13
Fitness Greedy Costo>169.71
Solucion Greedy Costo>2 8 7 5 0 3 6 4 0 9 1 0 0 0 0 0 0 
Linea Vacia>
Matriz de Costos>
0 50.13 1.81 10.62 46.09 15.01 14.02 5 4.76 
48.35 0 46.35 59.85 87.9 34.01 61.69 44.88 43.63 
1.89 46.62 0 10.66 46.19 11.51 13.53 3.27 3.04 
12.62 57.27 11.7 0 42.71 24.36 8.65 12.08 17.66 
42.11 88.23 42.3 41.61 0 53.06 32.37 39.01 49.51 
13.96 34.85 11.93 22.78 58.18 0 25.49 10.64 15.03 
10.63 60.43 10.8 4.02 34.65 20.57 0 9.43 16.31 
4.17 48.83 3.58 11.81 43.35 10.44 14.81 0 5.37 
3.65 43.65 1.8 13 48.65 11.98 17.03 3.28 0 
Dimension>17
Bandera>13
Fitness Greedy Costo>169.71
Solucion Greedy Costo>2 8 7 5 0 3 6 4 0 9 1 0 0 0 0 0 0 
Linea Vacia>
Matriz de Costos>
0 50.13 1.81 10.62 46.09 15.01 14.02 5 4.76 
48.35 0 46.35 59.85 87.9 34.01 61.69 44.88 43.63 
1.89 46.62 0 10.66 46.19 11.51 13.53 3.27 3.04 
12.62 57.27 11.7 0 42.71 24.36 8.65 12.08 17.66 
42.11 88.23 42.3 41.61 0 53.06 32.37 39.01 49.51 
13.96 34.85 11.93 22.78 58.18 0 25.49 10.64 15.03 
10.63 60.43 10.8 4.02 34.65 20.57 0 9.43 16.31 
4.17 48.83 3.58 11.81 43.35 10.44 14.81 0 5.37 
3.65 43.65 1.8 13 48.65 11.98 17.03 3.28 0 
Dimension>17
Bandera>13
Fitness Greedy Costo>169.71
Solucion Greedy Costo>2 8 7 5 0 3 6 4 0 9 1 0 0 0 0 0 0 
Linea Vacia>
Matriz de Costos>
0 50.13 1.81 10.62 46.09 15.01 14.02 5 4.76 
48.35 0 46.35 59.85 87.9 34.01 61.69 44.88 43.63 
1.89 46.62 0 10.66 46.19 11.51 13.53 3.27 3.04 
12.62 57.27 11.7 0 42.71 24.36 8.65 12.08 17.66 
42.11 88.23 42.3 41.61 0 53.06 32.37 39.01 49.51 
13.96 34.85 11.93 22.78 58.18 0 25.49 10.64 15.03 
10.63 60.43 10.8 4.02 34.65 20.57 0 9.43 16.31 
4.17 48.83 3.58 11.81 43.35 10.44 14.81 0 5.37 
3.65 43.65 1.8 13 48.65 11.98 17.03 3.28 0 
Dimension>17
Bandera>13
Fitness Greedy Costo>169.71
Solucion Greedy Costo>2 8 7 5 0 3 6 4 0 9 1 0 0 0 0 0 0 
Linea Vacia>
Matriz de Costos>
0 50.13 1.81 10.62 46.09 15.01 14.02 5 4.76 
48.35 0 46.35 59.85 87.9 34.01 61.69 44.88 43.63 
1.89 46.62 0 10.66 46.19 11.51 13.53 3.27 3.04 
12.62 57.27 11.7 0 42.71 24.36 8.65 12.08 17.66 
42.11 88.23 42.3 41.61 0 53.06 32.37 39.01 49.51 
13.96 34.85 11.93 22.78 58.18 0 25.49 10.64 15.03 
10.63 60.43 10.8 4.02 34.65 20.57 0 9.43 16.31 
4.17 48.83 3.58 11.81 43.35 10.44 14.81 0 5.37 
3.65 43.65 1.8 13 48.65 11.98 17.03 3.28 0 
Dimension>17
Bandera>13
Fitness Greedy Costo>169.71
Solucion Greedy Costo>2 8 7 5 0 3 6 4 0 9 1 0 0 0 0 0 0 
Linea Vacia>
Matriz de Costos>
0 50.13 1.81 10.62 46.09 15.01 14.02 5 4.76 
48.35 0 46.35 59.85 87.9 34.01 61.69 44.88 43.63 
1.89 46.62 0 10.66 46.19 11.51 13.53 3.27 3.04 
12.62 57.27 11.7 0 42.71 24.36 8.65 12.08 17.66 
42.11 88.23 42.3 41.61 0 53.06 32.37 39.01 49.51 
13.96 34.85 11.93 22.78 58.18 0 25.49 10.64 15.03 
10.63 60.43 10.8 4.02 34.65 20.57 0 9.43 16.31 
4.17 48.83 3.58 11.81 43.35 10.44 14.81 0 5.37 
3.65 43.65 1.8 13 48.65 11.98 17.03 3.28 0 
Dimension>17
Bandera>13
Fitness Greedy Costo>169.71
Solucion Greedy Costo>2 8 7 5 0 3 6 4 0 9 1 0 0 0 0 0 0 
Linea Vacia>
Matriz de Costos>
0 50.13 1.81 10.62 46.09 15.01 14.02 5 4.76 
48.35 0 46.35 59.85 87.9 34.01 61.69 44.88 43.63 
1.89 46.62 0 10.66 46.19 11.51 13.53 3.27 3.04 
12.62 57.27 11.7 0 42.71 24.36 8.65 12.08 17.66 
42.11 88.23 42.3 41.61 0 53.06 32.37 39.01 49.51 
13.96 34.85 11.93 22.78 58.18 0 25.49 10.64 15.03 
10.63 60.43 10.8 4.02 34.65 20.57 0 9.43 16.31 
4.17 48.83 3.58 11.81 43.35 10.44 14.81 0 5.37 
3.65 43.65 1.8 13 48.65 11.98 17.03 3.28 0 
Dimension>17
Bandera>13
Fitness Greedy Costo>169.71
Solucion Greedy Costo>2 8 7 5 0 3 6 4 0 9 1 0 0 0 0 0 0 
Linea Vacia>
Matriz de Costos>
0 50.13 1.81 10.62 46.09 15.01 14.02 5 4.76 
48.35 0 46.35 59.85 87.9 34.01 61.69 44.88 43.63 
Dimension>17
1.89 46.62 0 10.66 46.19 11.51 13.53 3.27 3.04 
12.62 57.27 11.7 0 42.71 24.36 8.65 12.08 17.66 
42.11 88.23 42.3 41.61 0 53.06 32.37 39.01 49.51 
Bandera>13
Fitness Greedy Costo>169.71
Solucion Greedy Costo>2 8 7 5 0 3 6 4 0 9 1 0 0 0 0 0 0 
Linea Vacia>
13.96 34.85 11.93 22.78 58.18 0 25.49 10.64 15.03 
10.63 60.43 10.8 4.02 34.65 20.57 0 9.43 16.31 
4.17 48.83 3.58 11.81 43.35 10.44 14.81 0 5.37 
3.65 43.65 1.8 13 48.65 11.98 17.03 3.28 0 
Matriz de Costos>
0 50.13 1.81 10.62 46.09 15.01 14.02 5 4.76 
48.35 0 46.35 59.85 87.9 34.01 61.69 44.88 43.63 
1.89 46.62 0 10.66 46.19 11.51 13.53 3.27 3.04 
12.62 57.27 11.7 0 42.71 24.36 8.65 12.08 17.66 
42.11 88.23 42.3 41.61 0 53.06 32.37 39.01 49.51 
13.96 34.85 11.93 22.78 58.18 0 25.49 10.64 15.03 
10.63 60.43 10.8 4.02 34.65 20.57 0 9.43 16.31 
4.17 48.83 3.58 11.81 43.35 10.44 14.81 0 5.37 
3.65 43.65 1.8 13 48.65 11.98 17.03 3.28 0 
Dimension>17
Bandera>13
Fitness Greedy Costo>169.71
Solucion Greedy Costo>2 8 7 5 0 3 6 4 0 9 1 0 0 0 0 0 0 
Linea Vacia>
Matriz de Costos>
0 50.13 1.81 10.62 46.09 15.01 14.02 5 4.76 
48.35 0 46.35 59.85 87.9 34.01 61.69 44.88 43.63 
1.89 46.62 0 10.66 46.19 11.51 13.53 3.27 3.04 
12.62 57.27 11.7 0 42.71 24.36 8.65 12.08 17.66 
42.11 88.23 42.3 41.61 0 53.06 32.37 39.01 49.51 
13.96 34.85 11.93 22.78 58.18 0 25.49 10.64 15.03 
10.63 60.43 10.8 4.02 34.65 20.57 0 9.43 16.31 
4.17 48.83 3.58 11.81 43.35 10.44 14.81 0 5.37 
3.65 43.65 1.8 13 48.65 11.98 17.03 3.28 0 
Dimension>17
Bandera>13
Fitness Greedy Costo>169.71
Solucion Greedy Costo>2 8 7 5 0 3 6 4 0 9 1 0 0 0 0 0 0 
Linea Vacia>
Matriz de Costos>
0 50.13 1.81 10.62 46.09 15.01 14.02 5 4.76 
48.35 0 46.35 59.85 87.9 34.01 61.69 44.88 43.63 
1.89 46.62 0 10.66 46.19 11.51 13.53 3.27 3.04 
12.62 57.27 11.7 0 42.71 24.36 8.65 12.08 17.66 
42.11 88.23 42.3 41.61 0 53.06 32.37 39.01 49.51 
13.96 34.85 11.93 22.78 58.18 0 25.49 10.64 15.03 
10.63 60.43 10.8 4.02 34.65 20.57 0 9.43 16.31 
4.17 48.83 3.58 11.81 43.35 10.44 14.81 0 5.37 
3.65 43.65 1.8 13 48.65 11.98 17.03 3.28 0 
Dimension>17
Bandera>13
Fitness Greedy Costo>169.71
Solucion Greedy Costo>2 8 7 5 0 3 6 4 0 9 1 0 0 0 0 0 0 
Linea Vacia>
Matriz de Costos>
0 50.13 1.81 10.62 46.09 15.01 14.02 5 4.76 
48.35 0 46.35 59.85 87.9 34.01 61.69 44.88 43.63 
1.89 46.62 0 10.66 46.19 11.51 13.53 3.27 3.04 
12.62 57.27 11.7 0 42.71 24.36 8.65 12.08 17.66 
42.11 88.23 42.3 41.61 0 53.06 32.37 39.01 49.51 
13.96 34.85 11.93 22.78 58.18 0 25.49 10.64 15.03 
10.63 60.43 10.8 4.02 34.65 20.57 0 9.43 16.31 
4.17 48.83 3.58 11.81 43.35 10.44 14.81 0 5.37 
3.65 43.65 1.8 13 48.65 11.98 17.03 3.28 0 
Dimension>17
Bandera>13
Fitness Greedy Costo>169.71
Solucion Greedy Costo>2 8 7 5 0 3 6 4 0 9 1 0 0 0 0 0 0 
Linea Vacia>
Matriz de Costos>
0 50.13 1.81 10.62 46.09 15.01 14.02 5 4.76 
48.35 0 46.35 59.85 87.9 34.01 61.69 44.88 43.63 
1.89 46.62 0 10.66 46.19 11.51 13.53 3.27 3.04 
12.62 57.27 11.7 0 42.71 24.36 8.65 12.08 17.66 
42.11 88.23 42.3 41.61 0 53.06 32.37 39.01 49.51 
13.96 34.85 11.93 22.78 58.18 0 25.49 10.64 15.03 
10.63 60.43 10.8 4.02 34.65 20.57 0 9.43 16.31 
4.17 48.83 3.58 11.81 43.35 10.44 14.81 0 5.37 
3.65 43.65 1.8 13 48.65 11.98 17.03 3.28 0 
Dimension>17
Bandera>13
Fitness Greedy Costo>169.71
Solucion Greedy Costo>2 8 7 5 0 3 6 4 0 9 1 0 0 0 0 0 0 
Linea Vacia>
Matriz de Costos>
0 50.13 1.81 10.62 46.09 15.01 14.02 5 4.76 
48.35 0 46.35 59.85 87.9 34.01 61.69 44.88 43.63 
1.89 46.62 0 10.66 46.19 11.51 13.53 3.27 3.04 
12.62 57.27 11.7 0 42.71 24.36 8.65 12.08 17.66 
42.11 88.23 42.3 41.61 0 53.06 32.37 39.01 49.51 
13.96 34.85 11.93 22.78 58.18 0 25.49 10.64 15.03 
10.63 60.43 10.8 4.02 34.65 20.57 0 9.43 16.31 
4.17 48.83 3.58 11.81 43.35 10.44 14.81 0 5.37 
3.65 43.65 1.8 13 48.65 11.98 17.03 3.28 0 
Dimension>17
Bandera>13
Fitness Greedy Costo>169.71
Solucion Greedy Costo>2 8 7 5 0 3 6 4 0 9 1 0 0 0 0 0 0 
Linea Vacia>
Matriz de Costos>
0 50.13 1.81 10.62 46.09 15.01 14.02 5 4.76 
48.35 0 46.35 59.85 87.9 34.01 61.69 44.88 43.63 
1.89 46.62 0 10.66 46.19 11.51 13.53 3.27 3.04 
12.62 57.27 11.7 0 42.71 24.36 8.65 12.08 17.66 
42.11 88.23 42.3 41.61 0 53.06 32.37 39.01 49.51 
13.96 34.85 11.93 22.78 58.18 0 25.49 10.64 15.03 
10.63 60.43 10.8 4.02 34.65 20.57 0 9.43 16.31 
4.17 48.83 3.58 11.81 43.35 10.44 14.81 0 5.37 
3.65 43.65 1.8 13 48.65 11.98 17.03 3.28 0 
Dimension>17
Bandera>13
Fitness Greedy Costo>169.71
Solucion Greedy Costo>2 8 7 5 0 3 6 4 0 9 1 0 0 0 0 0 0 
Linea Vacia>
Matriz de Costos>
0 50.13 1.81 10.62 46.09 15.01 14.02 5 4.76 
48.35 0 46.35 59.85 87.9 34.01 61.69 44.88 43.63 
1.89 46.62 0 10.66 46.19 11.51 13.53 3.27 3.04 
12.62 57.27 11.7 0 42.71 24.36 8.65 12.08 17.66 
42.11 88.23 42.3 41.61 0 53.06 32.37 39.01 49.51 
13.96 34.85 11.93 22.78 58.18 0 25.49 10.64 15.03 
10.63 60.43 10.8 4.02 34.65 20.57 0 9.43 16.31 
4.17 48.83 3.58 11.81 43.35 10.44 14.81 0 5.37 
3.65 43.65 1.8 13 48.65 11.98 17.03 3.28 0 
GEN 0 169.710000
GREEDY 0 0.000000
GEN 0 169.710000
GREEDY 0 0.000000
GEN 0 169.710000
TIEMPO 0 169.710000
TIEMPO 0 169.710000
GEN 0 169.710000
GREEDY 0 0.000000
TIEMPO 0 169.710000
GREEDY 0 0.000000
TIEMPO 0 169.710000
GEN 0 169.710000
GREEDY 0 0.000000
GEN 0 169.710000
GREEDY 0 0.000000
TIEMPO 0 169.710000
TIEMPO 0 169.710000
GEN 0 169.710000
GREEDY 0 0.000000
TIEMPO 0 169.710000
GEN 0 169.710000
GREEDY 0 0.000000
TIEMPO 0 169.710000
GEN 0 169.710000
GREEDY 0 0.000000
GEN 0 169.710000
GREEDY 0 0.000000
GEN 0 169.710000
GREEDY 0 0.000000
TIEMPO 0 169.710000
TIEMPO 0 169.710000
GEN 0 169.710000
TIEMPO 0 169.710000
GREEDY 0 0.000000
TIEMPO 0 169.710000
GEN 0 169.710000
GREEDY 0 0.000000
GEN 0 169.710000
GREEDY 0 0.000000
TIEMPO 0 169.710000
TIEMPO 0 169.710000
GEN 0 169.710000
GREEDY 0 0.000000
TIEMPO 0 169.710000
GEN 0 169.710000
GREEDY 0 0.000000
TIEMPO 0 169.710000
GEN 0 169.710000
GREEDY 0 0.000000
TIEMPO 0 169.710000
GEN 0 169.710000
GREEDY 0 0.000000
TIEMPO 0 169.710000
GEN 0 169.710000
GREEDY 0 0.000000
TIEMPO 0 169.710000
GEN 0 169.710000
GREEDY 0 0.000000
TIEMPO 0 169.710000
GEN 0 169.710000
GREEDY 0 0.000000
TIEMPO 0 169.710000
GEN 0 169.710000
GREEDY 0 0.000000
TIEMPO 0 169.710000
GEN 0 169.710000
GREEDY 0 0.000000
TIEMPO 0 169.710000
GEN 0 169.710000
GREEDY 0 0.000000
TIEMPO 0 169.710000
GREEDY 5 0.024342
GREEDY 5 0.077328
GREEDY 5 0.094111
GEN 2500 161.510000
GEN 2500 160.440000
GEN 2500 165.470000
GEN 2500 161.510000
GEN 2500 165.470000
GEN 2500 169.710000
GEN 2500 160.440000
GEN 5000 161.510000
GEN 2500 163.290000
GEN 2500 163.290000
GEN 2500 163.290000
GEN 2500 161.510000
GEN 2500 163.290000
GEN 2500 161.510000
GEN 2500 163.290000
GEN 5000 160.440000
GEN 7500 161.510000
GEN 5000 165.470000
GEN 2500 165.470000
GEN 2500 165.470000
GEN 2500 165.470000
GEN 5000 163.290000
GEN 5000 160.440000
GEN 2500 163.290000
GEN 2500 169.710000
GEN 5000 161.510000
GEN 2500 169.710000
GEN 5000 165.470000
GEN 2500 160.440000
GEN 2500 163.290000
GEN 5000 163.290000
GEN 2500 161.510000
GEN 10000 161.510000
TIEMPO 0.314841 161.510000
GEN 5000 161.510000
GREEDY 5 0.323982
GEN 5000 163.290000
GEN 7500 160.440000
GEN 2500 165.470000
GEN 5000 161.510000
GEN 5000 163.290000
GEN 7500 163.290000
GEN 7500 160.440000
GEN 5000 163.290000
GEN 7500 165.470000
GEN 5000 163.290000
GEN 7500 161.510000
GREEDY 5 0.407074
GEN 7500 160.440000
GEN 7500 160.440000
GEN 10000 163.290000
TIEMPO 0.434582 163.290000
GEN 10000 160.440000
TIEMPO 0.439131 160.440000
GEN 5000 165.470000
GEN 5000 165.470000
GREEDY 5 0.466449
GEN 10000 160.440000
TIEMPO 0.477162 160.440000
GEN 7500 163.290000
GEN 7500 161.510000
GEN 7500 163.290000
GEN 7500 165.470000
GEN 10000 165.470000
TIEMPO 0.503302 165.470000
GEN 7500 163.290000
GEN 5000 165.470000
GEN 10000 161.510000
TIEMPO 0.535620 161.510000
GEN 5000 165.470000
GEN 5000 163.290000
GEN 10000 160.440000
TIEMPO 0.518044 160.440000
GEN 5000 160.440000
GEN 10000 160.440000
TIEMPO 0.528599 160.440000
GEN 5000 160.440000
GEN 7500 163.290000
GREEDY 5 0.547133
GEN 5000 163.290000
GREEDY 5 0.546205
GEN 5000 161.510000
GEN 7500 165.470000
GEN 7500 160.440000
GEN 5000 165.470000
GEN 10000 163.290000
TIEMPO 0.591644 163.290000
GEN 10000 161.510000
TIEMPO 0.593375 161.510000
GEN 10000 163.290000
TIEMPO 0.589869 163.290000
GEN 10000 163.290000
TIEMPO 0.628552 163.290000
GEN 10000 163.290000
TIEMPO 0.636777 163.290000
GEN 10000 165.470000
TIEMPO 0.669256 165.470000
GEN 10000 160.440000
TIEMPO 0.666305 160.440000
GEN 7500 165.470000
GEN 10000 165.470000
TIEMPO 0.723198 165.470000
GEN 7500 161.510000
GEN 7500 160.440000
GEN 7500 160.440000
GEN 7500 160.440000
GEN 7500 163.290000
GEN 7500 161.510000
GEN 7500 165.470000
GEN 10000 163.290000
TIEMPO 0.909495 163.290000
GEN 10000 165.470000
TIEMPO 0.972545 165.470000
TIEMPO 1 160.440000
TIEMPO 1 160.440000
GEN 10000 160.440000
TIEMPO 1.009349 160.440000
TIEMPO 1 161.510000
TIEMPO 1 160.440000
GEN 10000 160.440000
TIEMPO 1.001716 160.440000
TIEMPO 1 161.510000
TIEMPO 1 163.290000
GEN 10000 161.510000
TIEMPO 1.014081 161.510000
GEN 10000 160.440000
TIEMPO 1.036951 160.440000
GEN 10000 163.290000
TIEMPO 1.035071 163.290000
GEN 10000 161.510000
TIEMPO 1.041142 161.510000

 Current State ---------------------------------------------
Solution:  0 3 6 4 0 7 5 9 1 0 2 8 0 0 0 0 0 Fitness: 160.44

 :( ---------------------- THE END --------------- :) 
