Dimension>39
Bandera>13
Fitness Greedy Costo>347.58
Solucion Greedy Costo>2 9 12 11 0 6 10 3 0 7 13 5 8 0 17 16 14 15 0 4 20 18 19 0 1 0 0 0 0 0 0 0 0 0 0 0 0 0 0 
Linea Vacia>
Matriz de Costos>
0 50.13 1.81 10.62 46.09 15.01 8.3 12.02 21.42 3.48 14.02 5 4.76 27.53 53.47 60.88 40.38 38.52 46.09 65.78 
48.35 0 46.35 59.85 87.9 34.01 53.91 34.28 38.86 45.25 61.69 44.88 43.63 27.5 44.45 55.98 33.6 32.03 73.69 57.74 
1.89 46.62 0 10.66 46.19 11.51 8.34 8.2 18.02 1.69 13.53 3.27 3.04 24.24 49.98 57.5 36.97 35.41 42.52 62.46 
12.62 57.27 11.7 0 42.71 24.36 11.58 18.48 30.49 12.99 8.65 12.08 17.66 33.56 64.09 71.28 51.42 49.57 58.86 74.69 
42.11 88.23 42.3 41.61 0 53.06 37.86 57.16 53.15 44.92 32.37 39.01 49.51 76.51 40.32 33.48 52.2 50.34 23.66 27.89 
13.96 34.85 11.93 24.1 58.18 0 19.32 13.29 4.68 10.84 25.49 10.64 15.03 16.54 37.21 43.38 25.96 24.32 35.69 49.78 
6.3 55.38 6.47 10.78 39.36 16.56 0 18.14 22.93 8.13 7.69 4.39 12.34 34.62 53.38 58.02 42.02 40.11 40.65 65.19 
15.03 39.46 11.46 24.27 62.08 18.56 22.32 0 23.81 9.5 29.1 14.59 8 13.51 57.46 64.54 44.44 42.54 51.66 69.79 
16.22 35.34 14.21 26.28 58.09 0.9 21.54 15.57 0 13.14 27.66 12.94 17.29 18.78 35.4 43.33 24.05 22.4 35.91 47.62 
3.53 45.43 1.66 13.47 47.43 10.93 9.11 6.97 17.46 0 15.99 3.2 2.36 23.09 49.31 56.85 36.44 34.87 41.85 61.8 
10.63 60.43 10.8 4.02 34.65 20.57 4.09 21.54 26.83 12.14 0 9.43 16.31 36.43 60.65 67.97 47.73 45.85 50.51 66.79 
4.17 48.83 3.58 11.81 43.35 10.44 5.26 12.06 16.98 3.65 14.81 0 5.37 28.23 48.84 56.39 36.01 34.44 40.56 61.36 
3.65 43.65 1.8 13 48.65 11.98 10.16 5.36 18.48 1.57 17.03 3.28 0 21.58 50.56 58.07 37.42 35.86 43.09 63.02 
23.76 30.69 20.34 31.81 69.49 9.91 30.4 6.94 15.37 18.46 36.42 22.14 16.98 0 48.82 55.28 35.9 34.33 46.25 61.36 
50.77 45.05 48.79 62.35 43.47 32.12 51.9 50.5 32.57 47.69 55.57 47.31 52.28 42.3 0 13.95 11.28 9.53 29.69 14.92 
57.01 57.58 55.08 68.33 33.97 35.68 56.14 57.09 36.09 54.02 59.84 53.64 58.5 48.06 10.61 0 21.98 20.5 16.57 6.47 
46.81 43.15 46.28 59.55 47.28 27.02 45.99 46.8 27.5 45.18 48.4 44.8 49.8 38.09 6.56 16.34 0 7.42 35 17.49 
40.35 36.14 38.28 52.26 49.14 26.58 46.12 40.01 27.92 37.15 50.52 36.92 41.88 32.97 8.3 18.02 0.59 0 36.55 19.16 
42.11 70.74 40.23 52.11 26.63 26.27 38.85 42.71 26.8 39.29 42 39.08 43.58 47.94 22.15 16.56 30.06 30.28 0 22.07 
60.6 55.5 58.71 71.96 33.48 42.62 64.48 60.42 42.77 57.65 69.1 57.26 62.12 52.32 9.38 7.84 19.73 18.04 21.98 0 
Dimension>39
Bandera>13
Fitness Greedy Costo>347.58
Solucion Greedy Costo>2 9 12 11 0 6 10 3 0 7 13 5 8 0 17 16 14 15 0 4 20 18 19 0 1 0 0 0 0 0 0 0 0 0 0 0 0 0 0 
Linea Vacia>
Matriz de Costos>
0 50.13 1.81 10.62 46.09 15.01 8.3 12.02 21.42 3.48 14.02 5 4.76 27.53 53.47 60.88 40.38 38.52 46.09 65.78 
48.35 0 46.35 59.85 87.9 34.01 53.91 34.28 38.86 45.25 61.69 44.88 43.63 27.5 44.45 55.98 33.6 32.03 73.69 57.74 
1.89 46.62 0 10.66 46.19 11.51 8.34 8.2 18.02 1.69 13.53 3.27 3.04 24.24 49.98 57.5 36.97 35.41 42.52 62.46 
12.62 57.27 11.7 0 42.71 24.36 11.58 18.48 30.49 12.99 8.65 12.08 17.66 33.56 64.09 71.28 51.42 49.57 58.86 74.69 
42.11 88.23 42.3 41.61 0 53.06 37.86 57.16 53.15 44.92 32.37 39.01 49.51 76.51 40.32 33.48 52.2 50.34 23.66 27.89 
13.96 34.85 11.93 24.1 58.18 0 19.32 13.29 4.68 10.84 25.49 10.64 15.03 16.54 37.21 43.38 25.96 24.32 35.69 49.78 
6.3 55.38 6.47 10.78 39.36 16.56 0 18.14 22.93 8.13 7.69 4.39 12.34 34.62 53.38 58.02 42.02 40.11 40.65 65.19 
15.03 39.46 11.46 24.27 62.08 18.56 22.32 0 23.81 9.5 29.1 14.59 8 13.51 57.46 64.54 44.44 42.54 51.66 69.79 
16.22 35.34 14.21 26.28 58.09 0.9 21.54 15.57 0 13.14 27.66 12.94 17.29 18.78 35.4 43.33 24.05 22.4 35.91 47.62 
3.53 45.43 1.66 13.47 47.43 10.93 9.11 6.97 17.46 0 15.99 3.2 2.36 23.09 49.31 56.85 36.44 34.87 41.85 61.8 
10.63 60.43 10.8 4.02 34.65 20.57 4.09 21.54 26.83 12.14 0 9.43 16.31 36.43 60.65 67.97 47.73 45.85 50.51 66.79 
4.17 48.83 3.58 11.81 43.35 10.44 5.26 12.06 16.98 3.65 14.81 0 5.37 28.23 48.84 56.39 36.01 34.44 40.56 61.36 
3.65 43.65 1.8 13 48.65 11.98 10.16 5.36 18.48 1.57 17.03 3.28 0 21.58 50.56 58.07 37.42 35.86 43.09 63.02 
23.76 30.69 20.34 31.81 69.49 9.91 30.4 6.94 15.37 18.46 36.42 22.14 16.98 0 48.82 55.28 35.9 34.33 46.25 61.36 
50.77 45.05 48.79 62.35 43.47 32.12 51.9 50.5 32.57 47.69 55.57 47.31 52.28 42.3 0 13.95 11.28 9.53 29.69 14.92 
57.01 57.58 55.08 68.33 33.97 35.68 56.14 57.09 36.09 54.02 59.84 53.64 58.5 48.06 10.61 0 21.98 20.5 16.57 6.47 
46.81 43.15 46.28 59.55 47.28 27.02 45.99 46.8 27.5 45.18 48.4 44.8 49.8 38.09 6.56 16.34 0 7.42 35 17.49 
40.35 36.14 38.28 52.26 49.14 26.58 46.12 40.01 27.92 37.15 50.52 36.92 41.88 32.97 8.3 18.02 0.59 0 36.55 19.16 
42.11 70.74 40.23 52.11 26.63 26.27 38.85 42.71 26.8 39.29 42 39.08 43.58 47.94 22.15 16.56 30.06 30.28 0 22.07 
60.6 55.5 58.71 71.96 33.48 42.62 64.48 60.42 42.77 57.65 69.1 57.26 62.12 52.32 9.38 7.84 19.73 18.04 21.98 0 
Dimension>39
Bandera>13
Fitness Greedy Costo>347.58
Solucion Greedy Costo>2 9 12 11 0 6 10 3 0 7 13 5 8 0 17 16 14 15 0 4 20 18 19 0 1 0 0 0 0 0 0 0 0 0 0 0 0 0 0 
Linea Vacia>
Matriz de Costos>
0 50.13 1.81 10.62 46.09 15.01 8.3 12.02 21.42 3.48 14.02 5 4.76 27.53 53.47 60.88 40.38 38.52 46.09 65.78 
48.35 0 46.35 59.85 87.9 34.01 53.91 34.28 38.86 45.25 61.69 44.88 43.63 27.5 44.45 55.98 33.6 32.03 73.69 57.74 
1.89 46.62 0 10.66 46.19 11.51 8.34 8.2 18.02 1.69 13.53 3.27 3.04 24.24 49.98 57.5 36.97 35.41 42.52 62.46 
12.62 57.27 11.7 0 42.71 24.36 11.58 18.48 30.49 12.99 8.65 12.08 17.66 33.56 64.09 71.28 51.42 49.57 58.86 74.69 
42.11 88.23 42.3 41.61 0 53.06 37.86 57.16 53.15 44.92 32.37 39.01 49.51 76.51 40.32 33.48 52.2 50.34 23.66 27.89 
13.96 34.85 11.93 24.1 58.18 0 19.32 13.29 4.68 10.84 25.49 10.64 15.03 16.54 37.21 43.38 25.96 24.32 35.69 49.78 
6.3 55.38 6.47 10.78 39.36 16.56 0 18.14 22.93 8.13 7.69 4.39 12.34 34.62 53.38 58.02 42.02 40.11 40.65 65.19 
15.03 39.46 11.46 24.27 62.08 18.56 22.32 0 23.81 9.5 29.1 14.59 8 13.51 57.46 64.54 44.44 42.54 51.66 69.79 
16.22 35.34 14.21 26.28 58.09 0.9 21.54 15.57 0 13.14 27.66 12.94 17.29 18.78 35.4 43.33 24.05 22.4 35.91 47.62 
3.53 45.43 1.66 13.47 47.43 10.93 9.11 6.97 17.46 0 15.99 3.2 2.36 23.09 49.31 56.85 36.44 34.87 41.85 61.8 
10.63 60.43 10.8 4.02 34.65 20.57 4.09 21.54 26.83 12.14 0 9.43 16.31 36.43 60.65 67.97 47.73 45.85 50.51 66.79 
4.17 48.83 3.58 11.81 43.35 10.44 5.26 12.06 16.98 3.65 14.81 0 5.37 28.23 48.84 56.39 36.01 34.44 40.56 61.36 
3.65 43.65 1.8 13 48.65 11.98 10.16 5.36 18.48 1.57 17.03 3.28 0 21.58 50.56 58.07 37.42 35.86 43.09 63.02 
23.76 30.69 20.34 31.81 69.49 9.91 30.4 6.94 15.37 18.46 36.42 22.14 16.98 0 48.82 55.28 35.9 34.33 46.25 61.36 
50.77 45.05 48.79 62.35 43.47 32.12 51.9 50.5 32.57 47.69 55.57 47.31 52.28 42.3 0 13.95 11.28 9.53 29.69 14.92 
57.01 57.58 55.08 68.33 33.97 35.68 56.14 57.09 36.09 54.02 59.84 53.64 58.5 48.06 10.61 0 21.98 20.5 16.57 6.47 
46.81 43.15 46.28 59.55 47.28 27.02 45.99 46.8 27.5 45.18 48.4 44.8 49.8 38.09 6.56 16.34 0 7.42 35 17.49 
40.35 36.14 38.28 52.26 49.14 26.58 46.12 40.01 27.92 37.15 50.52 36.92 41.88 32.97 8.3 18.02 0.59 0 36.55 19.16 
Dimension>39
Bandera>13
Fitness Greedy Costo>347.58
42.11 70.74 40.23 52.11 26.63 26.27 38.85 42.71 26.8 39.29 42 39.08 43.58 47.94 22.15 16.56 30.06 30.28 0 22.07 
Solucion Greedy Costo>2 9 12 11 0 6 10 3 0 7 13 5 8 0 17 16 14 15 0 4 20 18 19 0 1 0 0 0 0 0 0 0 0 0 0 0 0 0 0 
Linea Vacia>
60.6 55.5 58.71 71.96 33.48 42.62 64.48 60.42 42.77 57.65 69.1 57.26 62.12 52.32 9.38 7.84 19.73 18.04 21.98 0 
Matriz de Costos>
0 50.13 1.81 10.62 46.09 15.01 8.3 12.02 21.42 3.48 14.02 5 4.76 27.53 53.47 60.88 40.38 38.52 46.09 65.78 
48.35 0 46.35 59.85 87.9 34.01 53.91 34.28 38.86 45.25 61.69 44.88 43.63 27.5 44.45 55.98 33.6 32.03 73.69 57.74 
1.89 46.62 0 10.66 46.19 11.51 8.34 8.2 18.02 1.69 13.53 3.27 3.04 24.24 49.98 57.5 36.97 35.41 42.52 62.46 
12.62 57.27 11.7 0 42.71 24.36 11.58 18.48 30.49 12.99 8.65 12.08 17.66 33.56 64.09 71.28 51.42 49.57 58.86 74.69 
42.11 88.23 42.3 41.61 0 53.06 37.86 57.16 53.15 44.92 32.37 39.01 49.51 76.51 40.32 33.48 52.2 50.34 23.66 27.89 
13.96 34.85 11.93 24.1 58.18 0 19.32 13.29 4.68 10.84 25.49 10.64 15.03 16.54 37.21 43.38 25.96 24.32 35.69 49.78 
6.3 55.38 6.47 10.78 39.36 16.56 0 18.14 22.93 8.13 7.69 4.39 12.34 34.62 53.38 58.02 42.02 40.11 40.65 65.19 
15.03 39.46 11.46 24.27 62.08 18.56 22.32 0 23.81 9.5 29.1 14.59 8 13.51 57.46 64.54 44.44 42.54 51.66 69.79 
16.22 35.34 14.21 26.28 58.09 0.9 21.54 15.57 0 13.14 27.66 12.94 17.29 18.78 35.4 43.33 24.05 22.4 35.91 47.62 
3.53 45.43 1.66 13.47 47.43 10.93 9.11 6.97 17.46 0 15.99 3.2 2.36 23.09 49.31 56.85 36.44 34.87 41.85 61.8 
10.63 60.43 10.8 4.02 34.65 20.57 4.09 21.54 26.83 12.14 0 9.43 16.31 36.43 60.65 67.97 47.73 45.85 50.51 66.79 
4.17 48.83 3.58 11.81 43.35 10.44 5.26 12.06 16.98 3.65 14.81 0 5.37 28.23 48.84 56.39 36.01 34.44 40.56 61.36 
3.65 43.65 1.8 13 48.65 11.98 10.16 5.36 18.48 1.57 17.03 3.28 0 21.58 50.56 58.07 37.42 35.86 43.09 63.02 
23.76 30.69 20.34 31.81 69.49 9.91 30.4 6.94 15.37 18.46 36.42 22.14 16.98 0 48.82 55.28 35.9 34.33 46.25 61.36 
50.77 45.05 48.79 62.35 43.47 32.12 51.9 50.5 32.57 47.69 55.57 47.31 52.28 42.3 0 13.95 11.28 9.53 29.69 14.92 
57.01 57.58 55.08 68.33 33.97 35.68 56.14 57.09 36.09 54.02 59.84 53.64 58.5 48.06 10.61 0 21.98 20.5 16.57 6.47 
46.81 43.15 46.28 59.55 47.28 27.02 45.99 46.8 27.5 45.18 48.4 44.8 49.8 38.09 6.56 16.34 0 7.42 35 17.49 
40.35 36.14 38.28 52.26 49.14 26.58 46.12 40.01 27.92 37.15 50.52 36.92 41.88 32.97 8.3 18.02 0.59 0 36.55 19.16 
42.11 70.74 40.23 52.11 26.63 26.27 38.85 42.71 26.8 39.29 42 39.08 43.58 47.94 22.15 16.56 30.06 30.28 0 22.07 
60.6 55.5 58.71 71.96 33.48 42.62 64.48 60.42 42.77 57.65 69.1 57.26 62.12 52.32 9.38 7.84 19.73 18.04 21.98 0 
Dimension>39
Bandera>13
Fitness Greedy Costo>347.58
Dimension>39
Bandera>13
Fitness Greedy Costo>347.58
Solucion Greedy Costo>2 9 12 11 0 6 10 3 0 7 13 5 8 0 17 16 14 15 0 4 20 18 19 0 1 0 0 0 0 0 0 0 0 0 0 0 0 0 0 
Linea Vacia>
Solucion Greedy Costo>2 9 12 11 0 6 10 3 0 7 13 5 8 0 17 16 14 15 0 4 20 18 19 0 1 0 0 0 0 0 0 0 0 0 0 0 0 0 0 
Linea Vacia>
Dimension>39
Matriz de Costos>
0 50.13 1.81 10.62 46.09 15.01 8.3 12.02 21.42 3.48 14.02 5 4.76 27.53 53.47 60.88 40.38 38.52 46.09 65.78 
Dimension>39
Bandera>13
48.35 0 46.35 59.85 87.9 34.01 53.91 34.28 38.86 45.25 61.69 44.88 43.63 27.5 44.45 55.98 33.6 32.03 73.69 57.74 
Fitness Greedy Costo>347.58
Matriz de Costos>
0 50.13 1.81 10.62 46.09 15.01 8.3 12.02 21.42 3.48 14.02 5 4.76 27.53 53.47 60.88 40.38 38.52 46.09 65.78 
Bandera>13
Fitness Greedy Costo>347.58
1.89 46.62 0 10.66 46.19 11.51 8.34 8.2 18.02 1.69 13.53 3.27 3.04 24.24 49.98 57.5 36.97 35.41 42.52 62.46 
Solucion Greedy Costo>2 9 12 11 0 6 10 3 0 7 13 5 8 0 17 16 14 15 0 4 20 18 19 0 1 0 0 0 0 0 0 0 0 0 0 0 0 0 0 
Linea Vacia>
48.35 0 46.35 59.85 87.9 34.01 53.91 34.28 38.86 45.25 61.69 44.88 43.63 27.5 44.45 55.98 33.6 32.03 73.69 57.74 
1.89 46.62 0 10.66 46.19 11.51 8.34 8.2 18.02 1.69 13.53 3.27 3.04 24.24 49.98 57.5 36.97 35.41 42.52 62.46 
Dimension>39
Dimension>39
Bandera>13
Solucion Greedy Costo>2 9 12 11 0 6 10 3 0 7 13 5 8 0 17 16 14 15 0 4 20 18 19 0 1 0 0 0 0 0 0 0 0 0 0 0 0 0 0 
Linea Vacia>
12.62 57.27 11.7 0 42.71 24.36 11.58 18.48 30.49 12.99 8.65 12.08 17.66 33.56 64.09 71.28 51.42 49.57 58.86 74.69 
42.11 88.23 42.3 41.61 0 53.06 37.86 57.16 53.15 44.92 32.37 39.01 49.51 76.51 40.32 33.48 52.2 50.34 23.66 27.89 
12.62 57.27 11.7 0 42.71 24.36 11.58 18.48 30.49 12.99 8.65 12.08 17.66 33.56 64.09 71.28 51.42 49.57 58.86 74.69 
42.11 88.23 42.3 41.61 0 53.06 37.86 57.16 53.15 44.92 32.37 39.01 49.51 76.51 40.32 33.48 52.2 50.34 23.66 27.89 
Bandera>13
Fitness Greedy Costo>347.58
Solucion Greedy Costo>2 9 12 11 0 6 10 3 0 7 13 5 8 0 17 16 14 15 0 4 20 18 19 0 1 0 0 0 0 0 0 0 0 0 0 0 0 0 0 
Linea Vacia>
Fitness Greedy Costo>347.58
Solucion Greedy Costo>2 9 12 11 0 6 10 3 0 7 13 5 8 0 17 16 14 15 0 4 20 18 19 0 1 0 0 0 0 0 0 0 0 0 0 0 0 0 0 
Linea Vacia>
13.96 34.85 11.93 24.1 58.18 0 19.32 13.29 4.68 10.84 25.49 10.64 15.03 16.54 37.21 43.38 25.96 24.32 35.69 49.78 
13.96 34.85 11.93 24.1 58.18 0 19.32 13.29 4.68 10.84 25.49 10.64 15.03 16.54 37.21 43.38 25.96 24.32 35.69 49.78 
6.3 55.38 6.47 10.78 39.36 16.56 0 18.14 22.93 8.13 7.69 4.39 12.34 34.62 53.38 58.02 42.02 40.11 40.65 65.19 
15.03 39.46 11.46 24.27 62.08 18.56 22.32 0 23.81 9.5 29.1 14.59 8 13.51 57.46 64.54 44.44 42.54 51.66 69.79 
6.3 55.38 6.47 10.78 39.36 16.56 0 18.14 22.93 8.13 7.69 4.39 12.34 34.62 53.38 58.02 42.02 40.11 40.65 65.19 
15.03 39.46 11.46 24.27 62.08 18.56 22.32 0 23.81 9.5 29.1 14.59 8 13.51 57.46 64.54 44.44 42.54 51.66 69.79 
16.22 35.34 14.21 26.28 58.09 0.9 21.54 15.57 0 13.14 27.66 12.94 17.29 18.78 35.4 43.33 24.05 22.4 35.91 47.62 
3.53 45.43 1.66 13.47 47.43 10.93 9.11 6.97 17.46 0 15.99 3.2 2.36 23.09 49.31 56.85 36.44 34.87 41.85 61.8 
16.22 35.34 14.21 26.28 58.09 0.9 21.54 15.57 0 13.14 27.66 12.94 17.29 18.78 35.4 43.33 24.05 22.4 35.91 47.62 
3.53 45.43 1.66 13.47 47.43 10.93 9.11 6.97 17.46 0 15.99 3.2 2.36 23.09 49.31 56.85 36.44 34.87 41.85 61.8 
10.63 60.43 10.8 4.02 34.65 20.57 4.09 21.54 26.83 12.14 0 9.43 16.31 36.43 60.65 67.97 47.73 45.85 50.51 66.79 
4.17 48.83 3.58 11.81 43.35 10.44 5.26 12.06 16.98 3.65 14.81 0 5.37 28.23 48.84 56.39 36.01 34.44 40.56 61.36 
10.63 60.43 10.8 4.02 34.65 20.57 4.09 21.54 26.83 12.14 0 9.43 16.31 36.43 60.65 67.97 47.73 45.85 50.51 66.79 
4.17 48.83 3.58 11.81 43.35 10.44 5.26 12.06 16.98 3.65 14.81 0 5.37 28.23 48.84 56.39 36.01 34.44 40.56 61.36 
3.65 43.65 1.8 13 48.65 11.98 10.16 5.36 18.48 1.57 17.03 3.28 0 21.58 50.56 58.07 37.42 35.86 43.09 63.02 
Matriz de Costos>
23.76 30.69 20.34 31.81 69.49 9.91 30.4 6.94 15.37 18.46 36.42 22.14 16.98 0 48.82 55.28 35.9 34.33 46.25 61.36 
Matriz de Costos>
0 50.13 1.81 10.62 46.09 15.01 8.3 12.02 21.42 3.48 14.02 5 4.76 27.53 53.47 60.88 40.38 38.52 46.09 65.78 
Matriz de Costos>
0 50.13 1.81 10.62 46.09 15.01 8.3 12.02 21.42 3.48 14.02 5 4.76 27.53 53.47 60.88 40.38 38.52 46.09 65.78 
3.65 43.65 1.8 13 48.65 11.98 10.16 5.36 18.48 1.57 17.03 3.28 0 21.58 50.56 58.07 37.42 35.86 43.09 63.02 
23.76 30.69 20.34 31.81 69.49 9.91 30.4 6.94 15.37 18.46 36.42 22.14 16.98 0 48.82 55.28 35.9 34.33 46.25 61.36 
50.77 45.05 48.79 62.35 43.47 32.12 51.9 50.5 32.57 47.69 55.57 47.31 52.28 42.3 0 13.95 11.28 9.53 29.69 14.92 
57.01 57.58 55.08 68.33 33.97 35.68 56.14 57.09 36.09 54.02 59.84 53.64 58.5 48.06 10.61 0 21.98 20.5 16.57 6.47 
48.35 0 46.35 59.85 87.9 34.01 53.91 34.28 38.86 45.25 61.69 44.88 43.63 27.5 44.45 55.98 33.6 32.03 73.69 57.74 
1.89 46.62 0 10.66 46.19 11.51 8.34 8.2 18.02 1.69 13.53 3.27 3.04 24.24 49.98 57.5 36.97 35.41 42.52 62.46 
0 50.13 1.81 10.62 46.09 15.01 8.3 12.02 21.42 3.48 14.02 5 4.76 27.53 53.47 60.88 40.38 38.52 46.09 65.78 
46.81 43.15 46.28 59.55 47.28 27.02 45.99 46.8 27.5 45.18 48.4 44.8 49.8 38.09 6.56 16.34 0 7.42 35 17.49 
48.35 0 46.35 59.85 87.9 34.01 53.91 34.28 38.86 45.25 61.69 44.88 43.63 27.5 44.45 55.98 33.6 32.03 73.69 57.74 
1.89 46.62 0 10.66 46.19 11.51 8.34 8.2 18.02 1.69 13.53 3.27 3.04 24.24 49.98 57.5 36.97 35.41 42.52 62.46 
50.77 45.05 48.79 62.35 43.47 32.12 51.9 50.5 32.57 47.69 55.57 47.31 52.28 42.3 0 13.95 11.28 9.53 29.69 14.92 
57.01 57.58 55.08 68.33 33.97 35.68 56.14 57.09 36.09 54.02 59.84 53.64 58.5 48.06 10.61 0 21.98 20.5 16.57 6.47 
48.35 0 46.35 59.85 87.9 34.01 53.91 34.28 38.86 45.25 61.69 44.88 43.63 27.5 44.45 55.98 33.6 32.03 73.69 57.74 
1.89 46.62 0 10.66 46.19 11.51 8.34 8.2 18.02 1.69 13.53 3.27 3.04 24.24 49.98 57.5 36.97 35.41 42.52 62.46 
40.35 36.14 38.28 52.26 49.14 26.58 46.12 40.01 27.92 37.15 50.52 36.92 41.88 32.97 8.3 18.02 0.59 0 36.55 19.16 
42.11 70.74 40.23 52.11 26.63 26.27 38.85 42.71 26.8 39.29 42 39.08 43.58 47.94 22.15 16.56 30.06 30.28 0 22.07 
12.62 57.27 11.7 0 42.71 24.36 11.58 18.48 30.49 12.99 8.65 12.08 17.66 33.56 64.09 71.28 51.42 49.57 58.86 74.69 
42.11 88.23 42.3 41.61 0 53.06 37.86 57.16 53.15 44.92 32.37 39.01 49.51 76.51 40.32 33.48 52.2 50.34 23.66 27.89 
12.62 57.27 11.7 0 42.71 24.36 11.58 18.48 30.49 12.99 8.65 12.08 17.66 33.56 64.09 71.28 51.42 49.57 58.86 74.69 
42.11 88.23 42.3 41.61 0 53.06 37.86 57.16 53.15 44.92 32.37 39.01 49.51 76.51 40.32 33.48 52.2 50.34 23.66 27.89 
13.96 34.85 11.93 24.1 58.18 0 19.32 13.29 4.68 10.84 25.49 10.64 15.03 16.54 37.21 43.38 25.96 24.32 35.69 49.78 
Matriz de Costos>
46.81 43.15 46.28 59.55 47.28 27.02 45.99 46.8 27.5 45.18 48.4 44.8 49.8 38.09 6.56 16.34 0 7.42 35 17.49 
12.62 57.27 11.7 0 42.71 24.36 11.58 18.48 30.49 12.99 8.65 12.08 17.66 33.56 64.09 71.28 51.42 49.57 58.86 74.69 
60.6 55.5 58.71 71.96 33.48 42.62 64.48 60.42 42.77 57.65 69.1 57.26 62.12 52.32 9.38 7.84 19.73 18.04 21.98 0 
13.96 34.85 11.93 24.1 58.18 0 19.32 13.29 4.68 10.84 25.49 10.64 15.03 16.54 37.21 43.38 25.96 24.32 35.69 49.78 
6.3 55.38 6.47 10.78 39.36 16.56 0 18.14 22.93 8.13 7.69 4.39 12.34 34.62 53.38 58.02 42.02 40.11 40.65 65.19 
0 50.13 1.81 10.62 46.09 15.01 8.3 12.02 21.42 3.48 14.02 5 4.76 27.53 53.47 60.88 40.38 38.52 46.09 65.78 
40.35 36.14 38.28 52.26 49.14 26.58 46.12 40.01 27.92 37.15 50.52 36.92 41.88 32.97 8.3 18.02 0.59 0 36.55 19.16 
42.11 70.74 40.23 52.11 26.63 26.27 38.85 42.71 26.8 39.29 42 39.08 43.58 47.94 22.15 16.56 30.06 30.28 0 22.07 
42.11 88.23 42.3 41.61 0 53.06 37.86 57.16 53.15 44.92 32.37 39.01 49.51 76.51 40.32 33.48 52.2 50.34 23.66 27.89 
13.96 34.85 11.93 24.1 58.18 0 19.32 13.29 4.68 10.84 25.49 10.64 15.03 16.54 37.21 43.38 25.96 24.32 35.69 49.78 
15.03 39.46 11.46 24.27 62.08 18.56 22.32 0 23.81 9.5 29.1 14.59 8 13.51 57.46 64.54 44.44 42.54 51.66 69.79 
6.3 55.38 6.47 10.78 39.36 16.56 0 18.14 22.93 8.13 7.69 4.39 12.34 34.62 53.38 58.02 42.02 40.11 40.65 65.19 
15.03 39.46 11.46 24.27 62.08 18.56 22.32 0 23.81 9.5 29.1 14.59 8 13.51 57.46 64.54 44.44 42.54 51.66 69.79 
16.22 35.34 14.21 26.28 58.09 0.9 21.54 15.57 0 13.14 27.66 12.94 17.29 18.78 35.4 43.33 24.05 22.4 35.91 47.62 
48.35 0 46.35 59.85 87.9 34.01 53.91 34.28 38.86 45.25 61.69 44.88 43.63 27.5 44.45 55.98 33.6 32.03 73.69 57.74 
60.6 55.5 58.71 71.96 33.48 42.62 64.48 60.42 42.77 57.65 69.1 57.26 62.12 52.32 9.38 7.84 19.73 18.04 21.98 0 
16.22 35.34 14.21 26.28 58.09 0.9 21.54 15.57 0 13.14 27.66 12.94 17.29 18.78 35.4 43.33 24.05 22.4 35.91 47.62 
3.53 45.43 1.66 13.47 47.43 10.93 9.11 6.97 17.46 0 15.99 3.2 2.36 23.09 49.31 56.85 36.44 34.87 41.85 61.8 
3.53 45.43 1.66 13.47 47.43 10.93 9.11 6.97 17.46 0 15.99 3.2 2.36 23.09 49.31 56.85 36.44 34.87 41.85 61.8 
10.63 60.43 10.8 4.02 34.65 20.57 4.09 21.54 26.83 12.14 0 9.43 16.31 36.43 60.65 67.97 47.73 45.85 50.51 66.79 
1.89 46.62 0 10.66 46.19 11.51 8.34 8.2 18.02 1.69 13.53 3.27 3.04 24.24 49.98 57.5 36.97 35.41 42.52 62.46 
6.3 55.38 6.47 10.78 39.36 16.56 0 18.14 22.93 8.13 7.69 4.39 12.34 34.62 53.38 58.02 42.02 40.11 40.65 65.19 
15.03 39.46 11.46 24.27 62.08 18.56 22.32 0 23.81 9.5 29.1 14.59 8 13.51 57.46 64.54 44.44 42.54 51.66 69.79 
10.63 60.43 10.8 4.02 34.65 20.57 4.09 21.54 26.83 12.14 0 9.43 16.31 36.43 60.65 67.97 47.73 45.85 50.51 66.79 
4.17 48.83 3.58 11.81 43.35 10.44 5.26 12.06 16.98 3.65 14.81 0 5.37 28.23 48.84 56.39 36.01 34.44 40.56 61.36 
12.62 57.27 11.7 0 42.71 24.36 11.58 18.48 30.49 12.99 8.65 12.08 17.66 33.56 64.09 71.28 51.42 49.57 58.86 74.69 
16.22 35.34 14.21 26.28 58.09 0.9 21.54 15.57 0 13.14 27.66 12.94 17.29 18.78 35.4 43.33 24.05 22.4 35.91 47.62 
4.17 48.83 3.58 11.81 43.35 10.44 5.26 12.06 16.98 3.65 14.81 0 5.37 28.23 48.84 56.39 36.01 34.44 40.56 61.36 
3.65 43.65 1.8 13 48.65 11.98 10.16 5.36 18.48 1.57 17.03 3.28 0 21.58 50.56 58.07 37.42 35.86 43.09 63.02 
3.53 45.43 1.66 13.47 47.43 10.93 9.11 6.97 17.46 0 15.99 3.2 2.36 23.09 49.31 56.85 36.44 34.87 41.85 61.8 
3.65 43.65 1.8 13 48.65 11.98 10.16 5.36 18.48 1.57 17.03 3.28 0 21.58 50.56 58.07 37.42 35.86 43.09 63.02 
23.76 30.69 20.34 31.81 69.49 9.91 30.4 6.94 15.37 18.46 36.42 22.14 16.98 0 48.82 55.28 35.9 34.33 46.25 61.36 
23.76 30.69 20.34 31.81 69.49 9.91 30.4 6.94 15.37 18.46 36.42 22.14 16.98 0 48.82 55.28 35.9 34.33 46.25 61.36 
50.77 45.05 48.79 62.35 43.47 32.12 51.9 50.5 32.57 47.69 55.57 47.31 52.28 42.3 0 13.95 11.28 9.53 29.69 14.92 
42.11 88.23 42.3 41.61 0 53.06 37.86 57.16 53.15 44.92 32.37 39.01 49.51 76.51 40.32 33.48 52.2 50.34 23.66 27.89 
13.96 34.85 11.93 24.1 58.18 0 19.32 13.29 4.68 10.84 25.49 10.64 15.03 16.54 37.21 43.38 25.96 24.32 35.69 49.78 
10.63 60.43 10.8 4.02 34.65 20.57 4.09 21.54 26.83 12.14 0 9.43 16.31 36.43 60.65 67.97 47.73 45.85 50.51 66.79 
4.17 48.83 3.58 11.81 43.35 10.44 5.26 12.06 16.98 3.65 14.81 0 5.37 28.23 48.84 56.39 36.01 34.44 40.56 61.36 
50.77 45.05 48.79 62.35 43.47 32.12 51.9 50.5 32.57 47.69 55.57 47.31 52.28 42.3 0 13.95 11.28 9.53 29.69 14.92 
57.01 57.58 55.08 68.33 33.97 35.68 56.14 57.09 36.09 54.02 59.84 53.64 58.5 48.06 10.61 0 21.98 20.5 16.57 6.47 
57.01 57.58 55.08 68.33 33.97 35.68 56.14 57.09 36.09 54.02 59.84 53.64 58.5 48.06 10.61 0 21.98 20.5 16.57 6.47 
46.81 43.15 46.28 59.55 47.28 27.02 45.99 46.8 27.5 45.18 48.4 44.8 49.8 38.09 6.56 16.34 0 7.42 35 17.49 
6.3 55.38 6.47 10.78 39.36 16.56 0 18.14 22.93 8.13 7.69 4.39 12.34 34.62 53.38 58.02 42.02 40.11 40.65 65.19 
3.65 43.65 1.8 13 48.65 11.98 10.16 5.36 18.48 1.57 17.03 3.28 0 21.58 50.56 58.07 37.42 35.86 43.09 63.02 
23.76 30.69 20.34 31.81 69.49 9.91 30.4 6.94 15.37 18.46 36.42 22.14 16.98 0 48.82 55.28 35.9 34.33 46.25 61.36 
46.81 43.15 46.28 59.55 47.28 27.02 45.99 46.8 27.5 45.18 48.4 44.8 49.8 38.09 6.56 16.34 0 7.42 35 17.49 
40.35 36.14 38.28 52.26 49.14 26.58 46.12 40.01 27.92 37.15 50.52 36.92 41.88 32.97 8.3 18.02 0.59 0 36.55 19.16 
40.35 36.14 38.28 52.26 49.14 26.58 46.12 40.01 27.92 37.15 50.52 36.92 41.88 32.97 8.3 18.02 0.59 0 36.55 19.16 
42.11 70.74 40.23 52.11 26.63 26.27 38.85 42.71 26.8 39.29 42 39.08 43.58 47.94 22.15 16.56 30.06 30.28 0 22.07 
15.03 39.46 11.46 24.27 62.08 18.56 22.32 0 23.81 9.5 29.1 14.59 8 13.51 57.46 64.54 44.44 42.54 51.66 69.79 
42.11 70.74 40.23 52.11 26.63 26.27 38.85 42.71 26.8 39.29 42 39.08 43.58 47.94 22.15 16.56 30.06 30.28 0 22.07 
60.6 55.5 58.71 71.96 33.48 42.62 64.48 60.42 42.77 57.65 69.1 57.26 62.12 52.32 9.38 7.84 19.73 18.04 21.98 0 
60.6 55.5 58.71 71.96 33.48 42.62 64.48 60.42 42.77 57.65 69.1 57.26 62.12 52.32 9.38 7.84 19.73 18.04 21.98 0 
16.22 35.34 14.21 26.28 58.09 0.9 21.54 15.57 0 13.14 27.66 12.94 17.29 18.78 35.4 43.33 24.05 22.4 35.91 47.62 
50.77 45.05 48.79 62.35 43.47 32.12 51.9 50.5 32.57 47.69 55.57 47.31 52.28 42.3 0 13.95 11.28 9.53 29.69 14.92 
57.01 57.58 55.08 68.33 33.97 35.68 56.14 57.09 36.09 54.02 59.84 53.64 58.5 48.06 10.61 0 21.98 20.5 16.57 6.47 
3.53 45.43 1.66 13.47 47.43 10.93 9.11 6.97 17.46 0 15.99 3.2 2.36 23.09 49.31 56.85 36.44 34.87 41.85 61.8 
46.81 43.15 46.28 59.55 47.28 27.02 45.99 46.8 27.5 45.18 48.4 44.8 49.8 38.09 6.56 16.34 0 7.42 35 17.49 
40.35 36.14 38.28 52.26 49.14 26.58 46.12 40.01 27.92 37.15 50.52 36.92 41.88 32.97 8.3 18.02 0.59 0 36.55 19.16 
10.63 60.43 10.8 4.02 34.65 20.57 4.09 21.54 26.83 12.14 0 9.43 16.31 36.43 60.65 67.97 47.73 45.85 50.51 66.79 
4.17 48.83 3.58 11.81 43.35 10.44 5.26 12.06 16.98 3.65 14.81 0 5.37 28.23 48.84 56.39 36.01 34.44 40.56 61.36 
42.11 70.74 40.23 52.11 26.63 26.27 38.85 42.71 26.8 39.29 42 39.08 43.58 47.94 22.15 16.56 30.06 30.28 0 22.07 
60.6 55.5 58.71 71.96 33.48 42.62 64.48 60.42 42.77 57.65 69.1 57.26 62.12 52.32 9.38 7.84 19.73 18.04 21.98 0 
3.65 43.65 1.8 13 48.65 11.98 10.16 5.36 18.48 1.57 17.03 3.28 0 21.58 50.56 58.07 37.42 35.86 43.09 63.02 
23.76 30.69 20.34 31.81 69.49 9.91 30.4 6.94 15.37 18.46 36.42 22.14 16.98 0 48.82 55.28 35.9 34.33 46.25 61.36 
50.77 45.05 48.79 62.35 43.47 32.12 51.9 50.5 32.57 47.69 55.57 47.31 52.28 42.3 0 13.95 11.28 9.53 29.69 14.92 
57.01 57.58 55.08 68.33 33.97 35.68 56.14 57.09 36.09 54.02 59.84 53.64 58.5 48.06 10.61 0 21.98 20.5 16.57 6.47 
46.81 43.15 46.28 59.55 47.28 27.02 45.99 46.8 27.5 45.18 48.4 44.8 49.8 38.09 6.56 16.34 0 7.42 35 17.49 
40.35 36.14 38.28 52.26 49.14 26.58 46.12 40.01 27.92 37.15 50.52 36.92 41.88 32.97 8.3 18.02 0.59 0 36.55 19.16 
42.11 70.74 40.23 52.11 26.63 26.27 38.85 42.71 26.8 39.29 42 39.08 43.58 47.94 22.15 16.56 30.06 30.28 0 22.07 
60.6 55.5 58.71 71.96 33.48 42.62 64.48 60.42 42.77 57.65 69.1 57.26 62.12 52.32 9.38 7.84 19.73 18.04 21.98 0 
Dimension>39
Bandera>13
Dimension>39
Bandera>13
Dimension>39
Bandera>13
Fitness Greedy Costo>347.58
Dimension>39
Fitness Greedy Costo>347.58
Solucion Greedy Costo>2 9 12 11 0 6 10 3 0 7 13 5 8 0 17 16 14 15 0 4 20 18 19 0 1 0 0 0 0 0 0 0 0 0 0 0 0 0 0 
Linea Vacia>
Bandera>13
Fitness Greedy Costo>347.58
Solucion Greedy Costo>2 9 12 11 0 6 10 3 0 7 13 5 8 0 17 16 14 15 0 4 20 18 19 0 1 0 0 0 0 0 0 0 0 0 0 0 0 0 0 
Linea Vacia>
Fitness Greedy Costo>347.58
Solucion Greedy Costo>2 9 12 11 0 6 10 3 0 7 13 5 8 0 17 16 14 15 0 4 20 18 19 0 1 0 0 0 0 0 0 0 0 0 0 0 0 0 0 
Linea Vacia>
Solucion Greedy Costo>2 9 12 11 0 6 10 3 0 7 13 5 8 0 17 16 14 15 0 4 20 18 19 0 1 0 0 0 0 0 0 0 0 0 0 0 0 0 0 
Linea Vacia>
Dimension>39
Bandera>13
Fitness Greedy Costo>347.58
Solucion Greedy Costo>2 9 12 11 0 6 10 3 0 7 13 5 8 0 17 16 14 15 0 4 20 18 19 0 1 0 0 0 0 0 0 0 0 0 0 0 0 0 0 
Linea Vacia>
Matriz de Costos>
Matriz de Costos>
0 50.13 1.81 10.62 46.09 15.01 8.3 12.02 21.42 3.48 14.02 5 4.76 27.53 53.47 60.88 40.38 38.52 46.09 65.78 
48.35 0 46.35 59.85 87.9 34.01 53.91 34.28 38.86 45.25 61.69 44.88 43.63 27.5 44.45 55.98 33.6 32.03 73.69 57.74 
0 50.13 1.81 10.62 46.09 15.01 8.3 12.02 21.42 3.48 14.02 5 4.76 27.53 53.47 60.88 40.38 38.52 46.09 65.78 
48.35 0 46.35 59.85 87.9 34.01 53.91 34.28 38.86 45.25 61.69 44.88 43.63 27.5 44.45 55.98 33.6 32.03 73.69 57.74 
Matriz de Costos>
1.89 46.62 0 10.66 46.19 11.51 8.34 8.2 18.02 1.69 13.53 3.27 3.04 24.24 49.98 57.5 36.97 35.41 42.52 62.46 
12.62 57.27 11.7 0 42.71 24.36 11.58 18.48 30.49 12.99 8.65 12.08 17.66 33.56 64.09 71.28 51.42 49.57 58.86 74.69 
0 50.13 1.81 10.62 46.09 15.01 8.3 12.02 21.42 3.48 14.02 5 4.76 27.53 53.47 60.88 40.38 38.52 46.09 65.78 
1.89 46.62 0 10.66 46.19 11.51 8.34 8.2 18.02 1.69 13.53 3.27 3.04 24.24 49.98 57.5 36.97 35.41 42.52 62.46 
12.62 57.27 11.7 0 42.71 24.36 11.58 18.48 30.49 12.99 8.65 12.08 17.66 33.56 64.09 71.28 51.42 49.57 58.86 74.69 
42.11 88.23 42.3 41.61 0 53.06 37.86 57.16 53.15 44.92 32.37 39.01 49.51 76.51 40.32 33.48 52.2 50.34 23.66 27.89 
42.11 88.23 42.3 41.61 0 53.06 37.86 57.16 53.15 44.92 32.37 39.01 49.51 76.51 40.32 33.48 52.2 50.34 23.66 27.89 
13.96 34.85 11.93 24.1 58.18 0 19.32 13.29 4.68 10.84 25.49 10.64 15.03 16.54 37.21 43.38 25.96 24.32 35.69 49.78 
Matriz de Costos>
0 50.13 1.81 10.62 46.09 15.01 8.3 12.02 21.42 3.48 14.02 5 4.76 27.53 53.47 60.88 40.38 38.52 46.09 65.78 
48.35 0 46.35 59.85 87.9 34.01 53.91 34.28 38.86 45.25 61.69 44.88 43.63 27.5 44.45 55.98 33.6 32.03 73.69 57.74 
1.89 46.62 0 10.66 46.19 11.51 8.34 8.2 18.02 1.69 13.53 3.27 3.04 24.24 49.98 57.5 36.97 35.41 42.52 62.46 
13.96 34.85 11.93 24.1 58.18 0 19.32 13.29 4.68 10.84 25.49 10.64 15.03 16.54 37.21 43.38 25.96 24.32 35.69 49.78 
6.3 55.38 6.47 10.78 39.36 16.56 0 18.14 22.93 8.13 7.69 4.39 12.34 34.62 53.38 58.02 42.02 40.11 40.65 65.19 
6.3 55.38 6.47 10.78 39.36 16.56 0 18.14 22.93 8.13 7.69 4.39 12.34 34.62 53.38 58.02 42.02 40.11 40.65 65.19 
15.03 39.46 11.46 24.27 62.08 18.56 22.32 0 23.81 9.5 29.1 14.59 8 13.51 57.46 64.54 44.44 42.54 51.66 69.79 
48.35 0 46.35 59.85 87.9 34.01 53.91 34.28 38.86 45.25 61.69 44.88 43.63 27.5 44.45 55.98 33.6 32.03 73.69 57.74 
1.89 46.62 0 10.66 46.19 11.51 8.34 8.2 18.02 1.69 13.53 3.27 3.04 24.24 49.98 57.5 36.97 35.41 42.52 62.46 
12.62 57.27 11.7 0 42.71 24.36 11.58 18.48 30.49 12.99 8.65 12.08 17.66 33.56 64.09 71.28 51.42 49.57 58.86 74.69 
42.11 88.23 42.3 41.61 0 53.06 37.86 57.16 53.15 44.92 32.37 39.01 49.51 76.51 40.32 33.48 52.2 50.34 23.66 27.89 
Matriz de Costos>
0 50.13 1.81 10.62 46.09 15.01 8.3 12.02 21.42 3.48 14.02 5 4.76 27.53 53.47 60.88 40.38 38.52 46.09 65.78 
13.96 34.85 11.93 24.1 58.18 0 19.32 13.29 4.68 10.84 25.49 10.64 15.03 16.54 37.21 43.38 25.96 24.32 35.69 49.78 
15.03 39.46 11.46 24.27 62.08 18.56 22.32 0 23.81 9.5 29.1 14.59 8 13.51 57.46 64.54 44.44 42.54 51.66 69.79 
16.22 35.34 14.21 26.28 58.09 0.9 21.54 15.57 0 13.14 27.66 12.94 17.29 18.78 35.4 43.33 24.05 22.4 35.91 47.62 
3.53 45.43 1.66 13.47 47.43 10.93 9.11 6.97 17.46 0 15.99 3.2 2.36 23.09 49.31 56.85 36.44 34.87 41.85 61.8 
16.22 35.34 14.21 26.28 58.09 0.9 21.54 15.57 0 13.14 27.66 12.94 17.29 18.78 35.4 43.33 24.05 22.4 35.91 47.62 
3.53 45.43 1.66 13.47 47.43 10.93 9.11 6.97 17.46 0 15.99 3.2 2.36 23.09 49.31 56.85 36.44 34.87 41.85 61.8 
10.63 60.43 10.8 4.02 34.65 20.57 4.09 21.54 26.83 12.14 0 9.43 16.31 36.43 60.65 67.97 47.73 45.85 50.51 66.79 
4.17 48.83 3.58 11.81 43.35 10.44 5.26 12.06 16.98 3.65 14.81 0 5.37 28.23 48.84 56.39 36.01 34.44 40.56 61.36 
48.35 0 46.35 59.85 87.9 34.01 53.91 34.28 38.86 45.25 61.69 44.88 43.63 27.5 44.45 55.98 33.6 32.03 73.69 57.74 
1.89 46.62 0 10.66 46.19 11.51 8.34 8.2 18.02 1.69 13.53 3.27 3.04 24.24 49.98 57.5 36.97 35.41 42.52 62.46 
12.62 57.27 11.7 0 42.71 24.36 11.58 18.48 30.49 12.99 8.65 12.08 17.66 33.56 64.09 71.28 51.42 49.57 58.86 74.69 
42.11 88.23 42.3 41.61 0 53.06 37.86 57.16 53.15 44.92 32.37 39.01 49.51 76.51 40.32 33.48 52.2 50.34 23.66 27.89 
13.96 34.85 11.93 24.1 58.18 0 19.32 13.29 4.68 10.84 25.49 10.64 15.03 16.54 37.21 43.38 25.96 24.32 35.69 49.78 
6.3 55.38 6.47 10.78 39.36 16.56 0 18.14 22.93 8.13 7.69 4.39 12.34 34.62 53.38 58.02 42.02 40.11 40.65 65.19 
15.03 39.46 11.46 24.27 62.08 18.56 22.32 0 23.81 9.5 29.1 14.59 8 13.51 57.46 64.54 44.44 42.54 51.66 69.79 
10.63 60.43 10.8 4.02 34.65 20.57 4.09 21.54 26.83 12.14 0 9.43 16.31 36.43 60.65 67.97 47.73 45.85 50.51 66.79 
4.17 48.83 3.58 11.81 43.35 10.44 5.26 12.06 16.98 3.65 14.81 0 5.37 28.23 48.84 56.39 36.01 34.44 40.56 61.36 
3.65 43.65 1.8 13 48.65 11.98 10.16 5.36 18.48 1.57 17.03 3.28 0 21.58 50.56 58.07 37.42 35.86 43.09 63.02 
16.22 35.34 14.21 26.28 58.09 0.9 21.54 15.57 0 13.14 27.66 12.94 17.29 18.78 35.4 43.33 24.05 22.4 35.91 47.62 
23.76 30.69 20.34 31.81 69.49 9.91 30.4 6.94 15.37 18.46 36.42 22.14 16.98 0 48.82 55.28 35.9 34.33 46.25 61.36 
50.77 45.05 48.79 62.35 43.47 32.12 51.9 50.5 32.57 47.69 55.57 47.31 52.28 42.3 0 13.95 11.28 9.53 29.69 14.92 
3.65 43.65 1.8 13 48.65 11.98 10.16 5.36 18.48 1.57 17.03 3.28 0 21.58 50.56 58.07 37.42 35.86 43.09 63.02 
23.76 30.69 20.34 31.81 69.49 9.91 30.4 6.94 15.37 18.46 36.42 22.14 16.98 0 48.82 55.28 35.9 34.33 46.25 61.36 
50.77 45.05 48.79 62.35 43.47 32.12 51.9 50.5 32.57 47.69 55.57 47.31 52.28 42.3 0 13.95 11.28 9.53 29.69 14.92 
57.01 57.58 55.08 68.33 33.97 35.68 56.14 57.09 36.09 54.02 59.84 53.64 58.5 48.06 10.61 0 21.98 20.5 16.57 6.47 
12.62 57.27 11.7 0 42.71 24.36 11.58 18.48 30.49 12.99 8.65 12.08 17.66 33.56 64.09 71.28 51.42 49.57 58.86 74.69 
42.11 88.23 42.3 41.61 0 53.06 37.86 57.16 53.15 44.92 32.37 39.01 49.51 76.51 40.32 33.48 52.2 50.34 23.66 27.89 
13.96 34.85 11.93 24.1 58.18 0 19.32 13.29 4.68 10.84 25.49 10.64 15.03 16.54 37.21 43.38 25.96 24.32 35.69 49.78 
6.3 55.38 6.47 10.78 39.36 16.56 0 18.14 22.93 8.13 7.69 4.39 12.34 34.62 53.38 58.02 42.02 40.11 40.65 65.19 
15.03 39.46 11.46 24.27 62.08 18.56 22.32 0 23.81 9.5 29.1 14.59 8 13.51 57.46 64.54 44.44 42.54 51.66 69.79 
16.22 35.34 14.21 26.28 58.09 0.9 21.54 15.57 0 13.14 27.66 12.94 17.29 18.78 35.4 43.33 24.05 22.4 35.91 47.62 
3.53 45.43 1.66 13.47 47.43 10.93 9.11 6.97 17.46 0 15.99 3.2 2.36 23.09 49.31 56.85 36.44 34.87 41.85 61.8 
10.63 60.43 10.8 4.02 34.65 20.57 4.09 21.54 26.83 12.14 0 9.43 16.31 36.43 60.65 67.97 47.73 45.85 50.51 66.79 
57.01 57.58 55.08 68.33 33.97 35.68 56.14 57.09 36.09 54.02 59.84 53.64 58.5 48.06 10.61 0 21.98 20.5 16.57 6.47 
46.81 43.15 46.28 59.55 47.28 27.02 45.99 46.8 27.5 45.18 48.4 44.8 49.8 38.09 6.56 16.34 0 7.42 35 17.49 
46.81 43.15 46.28 59.55 47.28 27.02 45.99 46.8 27.5 45.18 48.4 44.8 49.8 38.09 6.56 16.34 0 7.42 35 17.49 
40.35 36.14 38.28 52.26 49.14 26.58 46.12 40.01 27.92 37.15 50.52 36.92 41.88 32.97 8.3 18.02 0.59 0 36.55 19.16 
4.17 48.83 3.58 11.81 43.35 10.44 5.26 12.06 16.98 3.65 14.81 0 5.37 28.23 48.84 56.39 36.01 34.44 40.56 61.36 
6.3 55.38 6.47 10.78 39.36 16.56 0 18.14 22.93 8.13 7.69 4.39 12.34 34.62 53.38 58.02 42.02 40.11 40.65 65.19 
15.03 39.46 11.46 24.27 62.08 18.56 22.32 0 23.81 9.5 29.1 14.59 8 13.51 57.46 64.54 44.44 42.54 51.66 69.79 
16.22 35.34 14.21 26.28 58.09 0.9 21.54 15.57 0 13.14 27.66 12.94 17.29 18.78 35.4 43.33 24.05 22.4 35.91 47.62 
3.53 45.43 1.66 13.47 47.43 10.93 9.11 6.97 17.46 0 15.99 3.2 2.36 23.09 49.31 56.85 36.44 34.87 41.85 61.8 
10.63 60.43 10.8 4.02 34.65 20.57 4.09 21.54 26.83 12.14 0 9.43 16.31 36.43 60.65 67.97 47.73 45.85 50.51 66.79 
3.65 43.65 1.8 13 48.65 11.98 10.16 5.36 18.48 1.57 17.03 3.28 0 21.58 50.56 58.07 37.42 35.86 43.09 63.02 
23.76 30.69 20.34 31.81 69.49 9.91 30.4 6.94 15.37 18.46 36.42 22.14 16.98 0 48.82 55.28 35.9 34.33 46.25 61.36 
40.35 36.14 38.28 52.26 49.14 26.58 46.12 40.01 27.92 37.15 50.52 36.92 41.88 32.97 8.3 18.02 0.59 0 36.55 19.16 
42.11 70.74 40.23 52.11 26.63 26.27 38.85 42.71 26.8 39.29 42 39.08 43.58 47.94 22.15 16.56 30.06 30.28 0 22.07 
60.6 55.5 58.71 71.96 33.48 42.62 64.48 60.42 42.77 57.65 69.1 57.26 62.12 52.32 9.38 7.84 19.73 18.04 21.98 0 
42.11 70.74 40.23 52.11 26.63 26.27 38.85 42.71 26.8 39.29 42 39.08 43.58 47.94 22.15 16.56 30.06 30.28 0 22.07 
60.6 55.5 58.71 71.96 33.48 42.62 64.48 60.42 42.77 57.65 69.1 57.26 62.12 52.32 9.38 7.84 19.73 18.04 21.98 0 
4.17 48.83 3.58 11.81 43.35 10.44 5.26 12.06 16.98 3.65 14.81 0 5.37 28.23 48.84 56.39 36.01 34.44 40.56 61.36 
3.65 43.65 1.8 13 48.65 11.98 10.16 5.36 18.48 1.57 17.03 3.28 0 21.58 50.56 58.07 37.42 35.86 43.09 63.02 
50.77 45.05 48.79 62.35 43.47 32.12 51.9 50.5 32.57 47.69 55.57 47.31 52.28 42.3 0 13.95 11.28 9.53 29.69 14.92 
3.53 45.43 1.66 13.47 47.43 10.93 9.11 6.97 17.46 0 15.99 3.2 2.36 23.09 49.31 56.85 36.44 34.87 41.85 61.8 
10.63 60.43 10.8 4.02 34.65 20.57 4.09 21.54 26.83 12.14 0 9.43 16.31 36.43 60.65 67.97 47.73 45.85 50.51 66.79 
57.01 57.58 55.08 68.33 33.97 35.68 56.14 57.09 36.09 54.02 59.84 53.64 58.5 48.06 10.61 0 21.98 20.5 16.57 6.47 
4.17 48.83 3.58 11.81 43.35 10.44 5.26 12.06 16.98 3.65 14.81 0 5.37 28.23 48.84 56.39 36.01 34.44 40.56 61.36 
23.76 30.69 20.34 31.81 69.49 9.91 30.4 6.94 15.37 18.46 36.42 22.14 16.98 0 48.82 55.28 35.9 34.33 46.25 61.36 
50.77 45.05 48.79 62.35 43.47 32.12 51.9 50.5 32.57 47.69 55.57 47.31 52.28 42.3 0 13.95 11.28 9.53 29.69 14.92 
46.81 43.15 46.28 59.55 47.28 27.02 45.99 46.8 27.5 45.18 48.4 44.8 49.8 38.09 6.56 16.34 0 7.42 35 17.49 
3.65 43.65 1.8 13 48.65 11.98 10.16 5.36 18.48 1.57 17.03 3.28 0 21.58 50.56 58.07 37.42 35.86 43.09 63.02 
40.35 36.14 38.28 52.26 49.14 26.58 46.12 40.01 27.92 37.15 50.52 36.92 41.88 32.97 8.3 18.02 0.59 0 36.55 19.16 
42.11 70.74 40.23 52.11 26.63 26.27 38.85 42.71 26.8 39.29 42 39.08 43.58 47.94 22.15 16.56 30.06 30.28 0 22.07 
23.76 30.69 20.34 31.81 69.49 9.91 30.4 6.94 15.37 18.46 36.42 22.14 16.98 0 48.82 55.28 35.9 34.33 46.25 61.36 
57.01 57.58 55.08 68.33 33.97 35.68 56.14 57.09 36.09 54.02 59.84 53.64 58.5 48.06 10.61 0 21.98 20.5 16.57 6.47 
46.81 43.15 46.28 59.55 47.28 27.02 45.99 46.8 27.5 45.18 48.4 44.8 49.8 38.09 6.56 16.34 0 7.42 35 17.49 
50.77 45.05 48.79 62.35 43.47 32.12 51.9 50.5 32.57 47.69 55.57 47.31 52.28 42.3 0 13.95 11.28 9.53 29.69 14.92 
60.6 55.5 58.71 71.96 33.48 42.62 64.48 60.42 42.77 57.65 69.1 57.26 62.12 52.32 9.38 7.84 19.73 18.04 21.98 0 
57.01 57.58 55.08 68.33 33.97 35.68 56.14 57.09 36.09 54.02 59.84 53.64 58.5 48.06 10.61 0 21.98 20.5 16.57 6.47 
40.35 36.14 38.28 52.26 49.14 26.58 46.12 40.01 27.92 37.15 50.52 36.92 41.88 32.97 8.3 18.02 0.59 0 36.55 19.16 
46.81 43.15 46.28 59.55 47.28 27.02 45.99 46.8 27.5 45.18 48.4 44.8 49.8 38.09 6.56 16.34 0 7.42 35 17.49 
42.11 70.74 40.23 52.11 26.63 26.27 38.85 42.71 26.8 39.29 42 39.08 43.58 47.94 22.15 16.56 30.06 30.28 0 22.07 
40.35 36.14 38.28 52.26 49.14 26.58 46.12 40.01 27.92 37.15 50.52 36.92 41.88 32.97 8.3 18.02 0.59 0 36.55 19.16 
60.6 55.5 58.71 71.96 33.48 42.62 64.48 60.42 42.77 57.65 69.1 57.26 62.12 52.32 9.38 7.84 19.73 18.04 21.98 0 
42.11 70.74 40.23 52.11 26.63 26.27 38.85 42.71 26.8 39.29 42 39.08 43.58 47.94 22.15 16.56 30.06 30.28 0 22.07 
60.6 55.5 58.71 71.96 33.48 42.62 64.48 60.42 42.77 57.65 69.1 57.26 62.12 52.32 9.38 7.84 19.73 18.04 21.98 0 
Dimension>39
Bandera>13
Fitness Greedy Costo>347.58
Solucion Greedy Costo>2 9 12 11 0 6 10 3 0 7 13 5 8 0 17 16 14 15 0 4 20 18 19 0 1 0 0 0 0 0 0 0 0 0 0 0 0 0 0 
Linea Vacia>
Matriz de Costos>
0 50.13 1.81 10.62 46.09 15.01 8.3 12.02 21.42 3.48 14.02 5 4.76 27.53 53.47 60.88 40.38 38.52 46.09 65.78 
48.35 0 46.35 59.85 87.9 34.01 53.91 34.28 38.86 45.25 61.69 44.88 43.63 27.5 44.45 55.98 33.6 32.03 73.69 57.74 
1.89 46.62 0 10.66 46.19 11.51 8.34 8.2 18.02 1.69 13.53 3.27 3.04 24.24 49.98 57.5 36.97 35.41 42.52 62.46 
12.62 57.27 11.7 0 42.71 24.36 11.58 18.48 30.49 12.99 8.65 12.08 17.66 33.56 64.09 71.28 51.42 49.57 58.86 74.69 
42.11 88.23 42.3 41.61 0 53.06 37.86 57.16 53.15 44.92 32.37 39.01 49.51 76.51 40.32 33.48 52.2 50.34 23.66 27.89 
13.96 34.85 11.93 24.1 58.18 0 19.32 13.29 4.68 10.84 25.49 10.64 15.03 16.54 37.21 43.38 25.96 24.32 35.69 49.78 
6.3 55.38 6.47 10.78 39.36 16.56 0 18.14 22.93 8.13 7.69 4.39 12.34 34.62 53.38 58.02 42.02 40.11 40.65 65.19 
15.03 39.46 11.46 24.27 62.08 18.56 22.32 0 23.81 9.5 29.1 14.59 8 13.51 57.46 64.54 44.44 42.54 51.66 69.79 
16.22 35.34 14.21 26.28 58.09 0.9 21.54 15.57 0 13.14 27.66 12.94 17.29 18.78 35.4 43.33 24.05 22.4 35.91 47.62 
3.53 45.43 1.66 13.47 47.43 10.93 9.11 6.97 17.46 0 15.99 3.2 2.36 23.09 49.31 56.85 36.44 34.87 41.85 61.8 
10.63 60.43 10.8 4.02 34.65 20.57 4.09 21.54 26.83 12.14 0 9.43 16.31 36.43 60.65 67.97 47.73 45.85 50.51 66.79 
4.17 48.83 3.58 11.81 43.35 10.44 5.26 12.06 16.98 3.65 14.81 0 5.37 28.23 48.84 56.39 36.01 34.44 40.56 61.36 
3.65 43.65 1.8 13 48.65 11.98 10.16 5.36 18.48 1.57 17.03 3.28 0 21.58 50.56 58.07 37.42 35.86 43.09 63.02 
23.76 30.69 20.34 31.81 69.49 9.91 30.4 6.94 15.37 18.46 36.42 22.14 16.98 0 48.82 55.28 35.9 34.33 46.25 61.36 
50.77 45.05 48.79 62.35 43.47 32.12 51.9 50.5 32.57 47.69 55.57 47.31 52.28 42.3 0 13.95 11.28 9.53 29.69 14.92 
57.01 57.58 55.08 68.33 33.97 35.68 56.14 57.09 36.09 54.02 59.84 53.64 58.5 48.06 10.61 0 21.98 20.5 16.57 6.47 
46.81 43.15 46.28 59.55 47.28 27.02 45.99 46.8 27.5 45.18 48.4 44.8 49.8 38.09 6.56 16.34 0 7.42 35 17.49 
40.35 36.14 38.28 52.26 49.14 26.58 46.12 40.01 27.92 37.15 50.52 36.92 41.88 32.97 8.3 18.02 0.59 0 36.55 19.16 
42.11 70.74 40.23 52.11 26.63 26.27 38.85 42.71 26.8 39.29 42 39.08 43.58 47.94 22.15 16.56 30.06 30.28 0 22.07 
60.6 55.5 58.71 71.96 33.48 42.62 64.48 60.42 42.77 57.65 69.1 57.26 62.12 52.32 9.38 7.84 19.73 18.04 21.98 0 
Dimension>39
Bandera>13
Fitness Greedy Costo>347.58
Solucion Greedy Costo>2 9 12 11 0 6 10 3 0 7 13 5 8 0 17 16 14 15 0 4 20 18 19 0 1 0 0 0 0 0 0 0 0 0 0 0 0 0 0 
Linea Vacia>
Matriz de Costos>
0 50.13 1.81 10.62 46.09 15.01 8.3 12.02 21.42 3.48 14.02 5 4.76 27.53 53.47 60.88 40.38 38.52 46.09 65.78 
48.35 0 46.35 59.85 87.9 34.01 53.91 34.28 38.86 45.25 61.69 44.88 43.63 27.5 44.45 55.98 33.6 32.03 73.69 57.74 
1.89 46.62 0 10.66 46.19 11.51 8.34 8.2 18.02 1.69 13.53 3.27 3.04 24.24 49.98 57.5 36.97 35.41 42.52 62.46 
12.62 57.27 11.7 0 42.71 24.36 11.58 18.48 30.49 12.99 8.65 12.08 17.66 33.56 64.09 71.28 51.42 49.57 58.86 74.69 
42.11 88.23 42.3 41.61 0 53.06 37.86 57.16 53.15 44.92 32.37 39.01 49.51 76.51 40.32 33.48 52.2 50.34 23.66 27.89 
13.96 34.85 11.93 24.1 58.18 0 19.32 13.29 4.68 10.84 25.49 10.64 15.03 16.54 37.21 43.38 25.96 24.32 35.69 49.78 
6.3 55.38 6.47 10.78 39.36 16.56 0 18.14 22.93 8.13 7.69 4.39 12.34 34.62 53.38 58.02 42.02 40.11 40.65 65.19 
15.03 39.46 11.46 24.27 62.08 18.56 22.32 0 23.81 9.5 29.1 14.59 8 13.51 57.46 64.54 44.44 42.54 51.66 69.79 
16.22 35.34 14.21 26.28 58.09 0.9 21.54 15.57 0 13.14 27.66 12.94 17.29 18.78 35.4 43.33 24.05 22.4 35.91 47.62 
3.53 45.43 1.66 13.47 47.43 10.93 9.11 6.97 17.46 0 15.99 3.2 2.36 23.09 49.31 56.85 36.44 34.87 41.85 61.8 
10.63 60.43 10.8 4.02 34.65 20.57 4.09 21.54 26.83 12.14 0 9.43 16.31 36.43 60.65 67.97 47.73 45.85 50.51 66.79 
4.17 48.83 3.58 11.81 43.35 10.44 5.26 12.06 16.98 3.65 14.81 0 5.37 28.23 48.84 56.39 36.01 34.44 40.56 61.36 
Dimension>39
3.65 43.65 1.8 13 48.65 11.98 10.16 5.36 18.48 1.57 17.03 3.28 0 21.58 50.56 58.07 37.42 35.86 43.09 63.02 
23.76 30.69 20.34 31.81 69.49 9.91 30.4 6.94 15.37 18.46 36.42 22.14 16.98 0 48.82 55.28 35.9 34.33 46.25 61.36 
Bandera>13
Fitness Greedy Costo>347.58
50.77 45.05 48.79 62.35 43.47 32.12 51.9 50.5 32.57 47.69 55.57 47.31 52.28 42.3 0 13.95 11.28 9.53 29.69 14.92 
57.01 57.58 55.08 68.33 33.97 35.68 56.14 57.09 36.09 54.02 59.84 53.64 58.5 48.06 10.61 0 21.98 20.5 16.57 6.47 
46.81 43.15 46.28 59.55 47.28 27.02 45.99 46.8 27.5 45.18 48.4 44.8 49.8 38.09 6.56 16.34 0 7.42 35 17.49 
Solucion Greedy Costo>2 9 12 11 0 6 10 3 0 7 13 5 8 0 17 16 14 15 0 4 20 18 19 0 1 0 0 0 0 0 0 0 0 0 0 0 0 0 0 
Linea Vacia>
40.35 36.14 38.28 52.26 49.14 26.58 46.12 40.01 27.92 37.15 50.52 36.92 41.88 32.97 8.3 18.02 0.59 0 36.55 19.16 
42.11 70.74 40.23 52.11 26.63 26.27 38.85 42.71 26.8 39.29 42 39.08 43.58 47.94 22.15 16.56 30.06 30.28 0 22.07 
60.6 55.5 58.71 71.96 33.48 42.62 64.48 60.42 42.77 57.65 69.1 57.26 62.12 52.32 9.38 7.84 19.73 18.04 21.98 0 
Matriz de Costos>
0 50.13 1.81 10.62 46.09 15.01 8.3 12.02 21.42 3.48 14.02 5 4.76 27.53 53.47 60.88 40.38 38.52 46.09 65.78 
48.35 0 46.35 59.85 87.9 34.01 53.91 34.28 38.86 45.25 61.69 44.88 43.63 27.5 44.45 55.98 33.6 32.03 73.69 57.74 
1.89 46.62 0 10.66 46.19 11.51 8.34 8.2 18.02 1.69 13.53 3.27 3.04 24.24 49.98 57.5 36.97 35.41 42.52 62.46 
12.62 57.27 11.7 0 42.71 24.36 11.58 18.48 30.49 12.99 8.65 12.08 17.66 33.56 64.09 71.28 51.42 49.57 58.86 74.69 
42.11 88.23 42.3 41.61 0 53.06 37.86 57.16 53.15 44.92 32.37 39.01 49.51 76.51 40.32 33.48 52.2 50.34 23.66 27.89 
13.96 34.85 11.93 24.1 58.18 0 19.32 13.29 4.68 10.84 25.49 10.64 15.03 16.54 37.21 43.38 25.96 24.32 35.69 49.78 
6.3 55.38 6.47 10.78 39.36 16.56 0 18.14 22.93 8.13 7.69 4.39 12.34 34.62 53.38 58.02 42.02 40.11 40.65 65.19 
15.03 39.46 11.46 24.27 62.08 18.56 22.32 0 23.81 9.5 29.1 14.59 8 13.51 57.46 64.54 44.44 42.54 51.66 69.79 
16.22 35.34 14.21 26.28 58.09 0.9 21.54 15.57 0 13.14 27.66 12.94 17.29 18.78 35.4 43.33 24.05 22.4 35.91 47.62 
3.53 45.43 1.66 13.47 47.43 10.93 9.11 6.97 17.46 0 15.99 3.2 2.36 23.09 49.31 56.85 36.44 34.87 41.85 61.8 
10.63 60.43 10.8 4.02 34.65 20.57 4.09 21.54 26.83 12.14 0 9.43 16.31 36.43 60.65 67.97 47.73 45.85 50.51 66.79 
Dimension>39
4.17 48.83 3.58 11.81 43.35 10.44 5.26 12.06 16.98 3.65 14.81 0 5.37 28.23 48.84 56.39 36.01 34.44 40.56 61.36 
Bandera>13
Fitness Greedy Costo>347.58
3.65 43.65 1.8 13 48.65 11.98 10.16 5.36 18.48 1.57 17.03 3.28 0 21.58 50.56 58.07 37.42 35.86 43.09 63.02 
Solucion Greedy Costo>2 9 12 11 0 6 10 3 0 7 13 5 8 0 17 16 14 15 0 4 20 18 19 0 1 0 0 0 0 0 0 0 0 0 0 0 0 0 0 
Linea Vacia>
23.76 30.69 20.34 31.81 69.49 9.91 30.4 6.94 15.37 18.46 36.42 22.14 16.98 0 48.82 55.28 35.9 34.33 46.25 61.36 
50.77 45.05 48.79 62.35 43.47 32.12 51.9 50.5 32.57 47.69 55.57 47.31 52.28 42.3 0 13.95 11.28 9.53 29.69 14.92 
57.01 57.58 55.08 68.33 33.97 35.68 56.14 57.09 36.09 54.02 59.84 53.64 58.5 48.06 10.61 0 21.98 20.5 16.57 6.47 
46.81 43.15 46.28 59.55 47.28 27.02 45.99 46.8 27.5 45.18 48.4 44.8 49.8 38.09 6.56 16.34 0 7.42 35 17.49 
40.35 36.14 38.28 52.26 49.14 26.58 46.12 40.01 27.92 37.15 50.52 36.92 41.88 32.97 8.3 18.02 0.59 0 36.55 19.16 
Matriz de Costos>
0 50.13 1.81 10.62 46.09 15.01 8.3 12.02 21.42 3.48 14.02 5 4.76 27.53 53.47 60.88 40.38 38.52 46.09 65.78 
42.11 70.74 40.23 52.11 26.63 26.27 38.85 42.71 26.8 39.29 42 39.08 43.58 47.94 22.15 16.56 30.06 30.28 0 22.07 
48.35 0 46.35 59.85 87.9 34.01 53.91 34.28 38.86 45.25 61.69 44.88 43.63 27.5 44.45 55.98 33.6 32.03 73.69 57.74 
1.89 46.62 0 10.66 46.19 11.51 8.34 8.2 18.02 1.69 13.53 3.27 3.04 24.24 49.98 57.5 36.97 35.41 42.52 62.46 
60.6 55.5 58.71 71.96 33.48 42.62 64.48 60.42 42.77 57.65 69.1 57.26 62.12 52.32 9.38 7.84 19.73 18.04 21.98 0 
12.62 57.27 11.7 0 42.71 24.36 11.58 18.48 30.49 12.99 8.65 12.08 17.66 33.56 64.09 71.28 51.42 49.57 58.86 74.69 
42.11 88.23 42.3 41.61 0 53.06 37.86 57.16 53.15 44.92 32.37 39.01 49.51 76.51 40.32 33.48 52.2 50.34 23.66 27.89 
13.96 34.85 11.93 24.1 58.18 0 19.32 13.29 4.68 10.84 25.49 10.64 15.03 16.54 37.21 43.38 25.96 24.32 35.69 49.78 
6.3 55.38 6.47 10.78 39.36 16.56 0 18.14 22.93 8.13 7.69 4.39 12.34 34.62 53.38 58.02 42.02 40.11 40.65 65.19 
15.03 39.46 11.46 24.27 62.08 18.56 22.32 0 23.81 9.5 29.1 14.59 8 13.51 57.46 64.54 44.44 42.54 51.66 69.79 
16.22 35.34 14.21 26.28 58.09 0.9 21.54 15.57 0 13.14 27.66 12.94 17.29 18.78 35.4 43.33 24.05 22.4 35.91 47.62 
3.53 45.43 1.66 13.47 47.43 10.93 9.11 6.97 17.46 0 15.99 3.2 2.36 23.09 49.31 56.85 36.44 34.87 41.85 61.8 
10.63 60.43 10.8 4.02 34.65 20.57 4.09 21.54 26.83 12.14 0 9.43 16.31 36.43 60.65 67.97 47.73 45.85 50.51 66.79 
4.17 48.83 3.58 11.81 43.35 10.44 5.26 12.06 16.98 3.65 14.81 0 5.37 28.23 48.84 56.39 36.01 34.44 40.56 61.36 
3.65 43.65 1.8 13 48.65 11.98 10.16 5.36 18.48 1.57 17.03 3.28 0 21.58 50.56 58.07 37.42 35.86 43.09 63.02 
23.76 30.69 20.34 31.81 69.49 9.91 30.4 6.94 15.37 18.46 36.42 22.14 16.98 0 48.82 55.28 35.9 34.33 46.25 61.36 
50.77 45.05 48.79 62.35 43.47 32.12 51.9 50.5 32.57 47.69 55.57 47.31 52.28 42.3 0 13.95 11.28 9.53 29.69 14.92 
57.01 57.58 55.08 68.33 33.97 35.68 56.14 57.09 36.09 54.02 59.84 53.64 58.5 48.06 10.61 0 21.98 20.5 16.57 6.47 
46.81 43.15 46.28 59.55 47.28 27.02 45.99 46.8 27.5 45.18 48.4 44.8 49.8 38.09 6.56 16.34 0 7.42 35 17.49 
40.35 36.14 38.28 52.26 49.14 26.58 46.12 40.01 27.92 37.15 50.52 36.92 41.88 32.97 8.3 18.02 0.59 0 36.55 19.16 
42.11 70.74 40.23 52.11 26.63 26.27 38.85 42.71 26.8 39.29 42 39.08 43.58 47.94 22.15 16.56 30.06 30.28 0 22.07 
60.6 55.5 58.71 71.96 33.48 42.62 64.48 60.42 42.77 57.65 69.1 57.26 62.12 52.32 9.38 7.84 19.73 18.04 21.98 0 
Dimension>39
Bandera>13
Fitness Greedy Costo>347.58
Solucion Greedy Costo>2 9 12 11 0 6 10 3 0 7 13 5 8 0 17 16 14 15 0 4 20 18 19 0 1 0 0 0 0 0 0 0 0 0 0 0 0 0 0 
Linea Vacia>
Matriz de Costos>
0 50.13 1.81 10.62 46.09 15.01 8.3 12.02 21.42 3.48 14.02 5 4.76 27.53 53.47 60.88 40.38 38.52 46.09 65.78 
48.35 0 46.35 59.85 87.9 34.01 53.91 34.28 38.86 45.25 61.69 44.88 43.63 27.5 44.45 55.98 33.6 32.03 73.69 57.74 
1.89 46.62 0 10.66 46.19 11.51 8.34 8.2 18.02 1.69 13.53 3.27 3.04 24.24 49.98 57.5 36.97 35.41 42.52 62.46 
12.62 57.27 11.7 0 42.71 24.36 11.58 18.48 30.49 12.99 8.65 12.08 17.66 33.56 64.09 71.28 51.42 49.57 58.86 74.69 
42.11 88.23 42.3 41.61 0 53.06 37.86 57.16 53.15 44.92 32.37 39.01 49.51 76.51 40.32 33.48 52.2 50.34 23.66 27.89 
13.96 34.85 11.93 24.1 58.18 0 19.32 13.29 4.68 10.84 25.49 10.64 15.03 16.54 37.21 43.38 25.96 24.32 35.69 49.78 
6.3 55.38 6.47 10.78 39.36 16.56 0 18.14 22.93 8.13 7.69 4.39 12.34 34.62 53.38 58.02 42.02 40.11 40.65 65.19 
15.03 39.46 11.46 24.27 62.08 18.56 22.32 0 23.81 9.5 29.1 14.59 8 13.51 57.46 64.54 44.44 42.54 51.66 69.79 
16.22 35.34 14.21 26.28 58.09 0.9 21.54 15.57 0 13.14 27.66 12.94 17.29 18.78 35.4 43.33 24.05 22.4 35.91 47.62 
3.53 45.43 1.66 13.47 47.43 10.93 9.11 6.97 17.46 0 15.99 3.2 2.36 23.09 49.31 56.85 36.44 34.87 41.85 61.8 
10.63 60.43 10.8 4.02 34.65 20.57 4.09 21.54 26.83 12.14 0 9.43 16.31 36.43 60.65 67.97 47.73 45.85 50.51 66.79 
4.17 48.83 3.58 11.81 43.35 10.44 5.26 12.06 16.98 3.65 14.81 0 5.37 28.23 48.84 56.39 36.01 34.44 40.56 61.36 
3.65 43.65 1.8 13 48.65 11.98 10.16 5.36 18.48 1.57 17.03 3.28 0 21.58 50.56 58.07 37.42 35.86 43.09 63.02 
23.76 30.69 20.34 31.81 69.49 9.91 30.4 6.94 15.37 18.46 36.42 22.14 16.98 0 48.82 55.28 35.9 34.33 46.25 61.36 
50.77 45.05 48.79 62.35 43.47 32.12 51.9 50.5 32.57 47.69 55.57 47.31 52.28 42.3 0 13.95 11.28 9.53 29.69 14.92 
57.01 57.58 55.08 68.33 33.97 35.68 56.14 57.09 36.09 54.02 59.84 53.64 58.5 48.06 10.61 0 21.98 20.5 16.57 6.47 
46.81 43.15 46.28 59.55 47.28 27.02 45.99 46.8 27.5 45.18 48.4 44.8 49.8 38.09 6.56 16.34 0 7.42 35 17.49 
40.35 36.14 38.28 52.26 49.14 26.58 46.12 40.01 27.92 37.15 50.52 36.92 41.88 32.97 8.3 18.02 0.59 0 36.55 19.16 
42.11 70.74 40.23 52.11 26.63 26.27 38.85 42.71 26.8 39.29 42 39.08 43.58 47.94 22.15 16.56 30.06 30.28 0 22.07 
60.6 55.5 58.71 71.96 33.48 42.62 64.48 60.42 42.77 57.65 69.1 57.26 62.12 52.32 9.38 7.84 19.73 18.04 21.98 0 
Dimension>39
Bandera>13
Fitness Greedy Costo>347.58
Solucion Greedy Costo>2 9 12 11 0 6 10 3 0 7 13 5 8 0 17 16 14 15 0 4 20 18 19 0 1 0 0 0 0 0 0 0 0 0 0 0 0 0 0 
Linea Vacia>
Matriz de Costos>
0 50.13 1.81 10.62 46.09 15.01 8.3 12.02 21.42 3.48 14.02 5 4.76 27.53 53.47 60.88 40.38 38.52 46.09 65.78 
48.35 0 46.35 59.85 87.9 34.01 53.91 34.28 38.86 45.25 61.69 44.88 43.63 27.5 44.45 55.98 33.6 32.03 73.69 57.74 
1.89 46.62 0 10.66 46.19 11.51 8.34 8.2 18.02 1.69 13.53 3.27 3.04 24.24 49.98 57.5 36.97 35.41 42.52 62.46 
12.62 57.27 11.7 0 42.71 24.36 11.58 18.48 30.49 12.99 8.65 12.08 17.66 33.56 64.09 71.28 51.42 49.57 58.86 74.69 
42.11 88.23 42.3 41.61 0 53.06 37.86 57.16 53.15 44.92 32.37 39.01 49.51 76.51 40.32 33.48 52.2 50.34 23.66 27.89 
13.96 34.85 11.93 24.1 58.18 0 19.32 13.29 4.68 10.84 25.49 10.64 15.03 16.54 37.21 43.38 25.96 24.32 35.69 49.78 
6.3 55.38 6.47 10.78 39.36 16.56 0 18.14 22.93 8.13 7.69 4.39 12.34 34.62 53.38 58.02 42.02 40.11 40.65 65.19 
15.03 39.46 11.46 24.27 62.08 18.56 22.32 0 23.81 9.5 29.1 14.59 8 13.51 57.46 64.54 44.44 42.54 51.66 69.79 
16.22 35.34 14.21 26.28 58.09 0.9 21.54 15.57 0 13.14 27.66 12.94 17.29 18.78 35.4 43.33 24.05 22.4 35.91 47.62 
3.53 45.43 1.66 13.47 47.43 10.93 9.11 6.97 17.46 0 15.99 3.2 2.36 23.09 49.31 56.85 36.44 34.87 41.85 61.8 
10.63 60.43 10.8 4.02 34.65 20.57 4.09 21.54 26.83 12.14 0 9.43 16.31 36.43 60.65 67.97 47.73 45.85 50.51 66.79 
4.17 48.83 3.58 11.81 43.35 10.44 5.26 12.06 16.98 3.65 14.81 0 5.37 28.23 48.84 56.39 36.01 34.44 40.56 61.36 
3.65 43.65 1.8 13 48.65 11.98 10.16 5.36 18.48 1.57 17.03 3.28 0 21.58 50.56 58.07 37.42 35.86 43.09 63.02 
23.76 30.69 20.34 31.81 69.49 9.91 30.4 6.94 15.37 18.46 36.42 22.14 16.98 0 48.82 55.28 35.9 34.33 46.25 61.36 
50.77 45.05 48.79 62.35 43.47 32.12 51.9 50.5 32.57 47.69 55.57 47.31 52.28 42.3 0 13.95 11.28 9.53 29.69 14.92 
57.01 57.58 55.08 68.33 33.97 35.68 56.14 57.09 36.09 54.02 59.84 53.64 58.5 48.06 10.61 0 21.98 20.5 16.57 6.47 
46.81 43.15 46.28 59.55 47.28 27.02 45.99 46.8 27.5 45.18 48.4 44.8 49.8 38.09 6.56 16.34 0 7.42 35 17.49 
40.35 36.14 38.28 52.26 49.14 26.58 46.12 40.01 27.92 37.15 50.52 36.92 41.88 32.97 8.3 18.02 0.59 0 36.55 19.16 
42.11 70.74 40.23 52.11 26.63 26.27 38.85 42.71 26.8 39.29 42 39.08 43.58 47.94 22.15 16.56 30.06 30.28 0 22.07 
60.6 55.5 58.71 71.96 33.48 42.62 64.48 60.42 42.77 57.65 69.1 57.26 62.12 52.32 9.38 7.84 19.73 18.04 21.98 0 
Dimension>39
Dimension>39
Bandera>13
Fitness Greedy Costo>347.58
Bandera>13
Fitness Greedy Costo>347.58
Solucion Greedy Costo>2 9 12 11 0 6 10 3 0 7 13 5 8 0 17 16 14 15 0 4 20 18 19 0 1 0 0 0 0 0 0 0 0 0 0 0 0 0 0 
Linea Vacia>
Solucion Greedy Costo>2 9 12 11 0 6 10 3 0 7 13 5 8 0 17 16 14 15 0 4 20 18 19 0 1 0 0 0 0 0 0 0 0 0 0 0 0 0 0 
Linea Vacia>
Dimension>39
Bandera>13
Fitness Greedy Costo>347.58
Solucion Greedy Costo>2 9 12 11 0 6 10 3 0 7 13 5 8 0 17 16 14 15 0 4 20 18 19 0 1 0 0 0 0 0 0 0 0 0 0 0 0 0 0 
Linea Vacia>
Matriz de Costos>
0 50.13 1.81 10.62 46.09 15.01 8.3 12.02 21.42 3.48 14.02 5 4.76 27.53 53.47 60.88 40.38 38.52 46.09 65.78 
48.35 0 46.35 59.85 87.9 34.01 53.91 34.28 38.86 45.25 61.69 44.88 43.63 27.5 44.45 55.98 33.6 32.03 73.69 57.74 
1.89 46.62 0 10.66 46.19 11.51 8.34 8.2 18.02 1.69 13.53 3.27 3.04 24.24 49.98 57.5 36.97 35.41 42.52 62.46 
Dimension>39
Bandera>13
Fitness Greedy Costo>347.58
Matriz de Costos>
0 50.13 1.81 10.62 46.09 15.01 8.3 12.02 21.42 3.48 14.02 5 4.76 27.53 53.47 60.88 40.38 38.52 46.09 65.78 
48.35 0 46.35 59.85 87.9 34.01 53.91 34.28 38.86 45.25 61.69 44.88 43.63 27.5 44.45 55.98 33.6 32.03 73.69 57.74 
1.89 46.62 0 10.66 46.19 11.51 8.34 8.2 18.02 1.69 13.53 3.27 3.04 24.24 49.98 57.5 36.97 35.41 42.52 62.46 
12.62 57.27 11.7 0 42.71 24.36 11.58 18.48 30.49 12.99 8.65 12.08 17.66 33.56 64.09 71.28 51.42 49.57 58.86 74.69 
12.62 57.27 11.7 0 42.71 24.36 11.58 18.48 30.49 12.99 8.65 12.08 17.66 33.56 64.09 71.28 51.42 49.57 58.86 74.69 
42.11 88.23 42.3 41.61 0 53.06 37.86 57.16 53.15 44.92 32.37 39.01 49.51 76.51 40.32 33.48 52.2 50.34 23.66 27.89 
Solucion Greedy Costo>2 9 12 11 0 6 10 3 0 7 13 5 8 0 17 16 14 15 0 4 20 18 19 0 1 0 0 0 0 0 0 0 0 0 0 0 0 0 0 
Linea Vacia>
42.11 88.23 42.3 41.61 0 53.06 37.86 57.16 53.15 44.92 32.37 39.01 49.51 76.51 40.32 33.48 52.2 50.34 23.66 27.89 
13.96 34.85 11.93 24.1 58.18 0 19.32 13.29 4.68 10.84 25.49 10.64 15.03 16.54 37.21 43.38 25.96 24.32 35.69 49.78 
13.96 34.85 11.93 24.1 58.18 0 19.32 13.29 4.68 10.84 25.49 10.64 15.03 16.54 37.21 43.38 25.96 24.32 35.69 49.78 
6.3 55.38 6.47 10.78 39.36 16.56 0 18.14 22.93 8.13 7.69 4.39 12.34 34.62 53.38 58.02 42.02 40.11 40.65 65.19 
15.03 39.46 11.46 24.27 62.08 18.56 22.32 0 23.81 9.5 29.1 14.59 8 13.51 57.46 64.54 44.44 42.54 51.66 69.79 
16.22 35.34 14.21 26.28 58.09 0.9 21.54 15.57 0 13.14 27.66 12.94 17.29 18.78 35.4 43.33 24.05 22.4 35.91 47.62 
6.3 55.38 6.47 10.78 39.36 16.56 0 18.14 22.93 8.13 7.69 4.39 12.34 34.62 53.38 58.02 42.02 40.11 40.65 65.19 
15.03 39.46 11.46 24.27 62.08 18.56 22.32 0 23.81 9.5 29.1 14.59 8 13.51 57.46 64.54 44.44 42.54 51.66 69.79 
16.22 35.34 14.21 26.28 58.09 0.9 21.54 15.57 0 13.14 27.66 12.94 17.29 18.78 35.4 43.33 24.05 22.4 35.91 47.62 
3.53 45.43 1.66 13.47 47.43 10.93 9.11 6.97 17.46 0 15.99 3.2 2.36 23.09 49.31 56.85 36.44 34.87 41.85 61.8 
10.63 60.43 10.8 4.02 34.65 20.57 4.09 21.54 26.83 12.14 0 9.43 16.31 36.43 60.65 67.97 47.73 45.85 50.51 66.79 
3.53 45.43 1.66 13.47 47.43 10.93 9.11 6.97 17.46 0 15.99 3.2 2.36 23.09 49.31 56.85 36.44 34.87 41.85 61.8 
10.63 60.43 10.8 4.02 34.65 20.57 4.09 21.54 26.83 12.14 0 9.43 16.31 36.43 60.65 67.97 47.73 45.85 50.51 66.79 
4.17 48.83 3.58 11.81 43.35 10.44 5.26 12.06 16.98 3.65 14.81 0 5.37 28.23 48.84 56.39 36.01 34.44 40.56 61.36 
4.17 48.83 3.58 11.81 43.35 10.44 5.26 12.06 16.98 3.65 14.81 0 5.37 28.23 48.84 56.39 36.01 34.44 40.56 61.36 
3.65 43.65 1.8 13 48.65 11.98 10.16 5.36 18.48 1.57 17.03 3.28 0 21.58 50.56 58.07 37.42 35.86 43.09 63.02 
3.65 43.65 1.8 13 48.65 11.98 10.16 5.36 18.48 1.57 17.03 3.28 0 21.58 50.56 58.07 37.42 35.86 43.09 63.02 
23.76 30.69 20.34 31.81 69.49 9.91 30.4 6.94 15.37 18.46 36.42 22.14 16.98 0 48.82 55.28 35.9 34.33 46.25 61.36 
23.76 30.69 20.34 31.81 69.49 9.91 30.4 6.94 15.37 18.46 36.42 22.14 16.98 0 48.82 55.28 35.9 34.33 46.25 61.36 
50.77 45.05 48.79 62.35 43.47 32.12 51.9 50.5 32.57 47.69 55.57 47.31 52.28 42.3 0 13.95 11.28 9.53 29.69 14.92 
50.77 45.05 48.79 62.35 43.47 32.12 51.9 50.5 32.57 47.69 55.57 47.31 52.28 42.3 0 13.95 11.28 9.53 29.69 14.92 
57.01 57.58 55.08 68.33 33.97 35.68 56.14 57.09 36.09 54.02 59.84 53.64 58.5 48.06 10.61 0 21.98 20.5 16.57 6.47 
57.01 57.58 55.08 68.33 33.97 35.68 56.14 57.09 36.09 54.02 59.84 53.64 58.5 48.06 10.61 0 21.98 20.5 16.57 6.47 
46.81 43.15 46.28 59.55 47.28 27.02 45.99 46.8 27.5 45.18 48.4 44.8 49.8 38.09 6.56 16.34 0 7.42 35 17.49 
Matriz de Costos>
46.81 43.15 46.28 59.55 47.28 27.02 45.99 46.8 27.5 45.18 48.4 44.8 49.8 38.09 6.56 16.34 0 7.42 35 17.49 
40.35 36.14 38.28 52.26 49.14 26.58 46.12 40.01 27.92 37.15 50.52 36.92 41.88 32.97 8.3 18.02 0.59 0 36.55 19.16 
0 50.13 1.81 10.62 46.09 15.01 8.3 12.02 21.42 3.48 14.02 5 4.76 27.53 53.47 60.88 40.38 38.52 46.09 65.78 
40.35 36.14 38.28 52.26 49.14 26.58 46.12 40.01 27.92 37.15 50.52 36.92 41.88 32.97 8.3 18.02 0.59 0 36.55 19.16 
42.11 70.74 40.23 52.11 26.63 26.27 38.85 42.71 26.8 39.29 42 39.08 43.58 47.94 22.15 16.56 30.06 30.28 0 22.07 
42.11 70.74 40.23 52.11 26.63 26.27 38.85 42.71 26.8 39.29 42 39.08 43.58 47.94 22.15 16.56 30.06 30.28 0 22.07 
48.35 0 46.35 59.85 87.9 34.01 53.91 34.28 38.86 45.25 61.69 44.88 43.63 27.5 44.45 55.98 33.6 32.03 73.69 57.74 
60.6 55.5 58.71 71.96 33.48 42.62 64.48 60.42 42.77 57.65 69.1 57.26 62.12 52.32 9.38 7.84 19.73 18.04 21.98 0 
Matriz de Costos>
60.6 55.5 58.71 71.96 33.48 42.62 64.48 60.42 42.77 57.65 69.1 57.26 62.12 52.32 9.38 7.84 19.73 18.04 21.98 0 
1.89 46.62 0 10.66 46.19 11.51 8.34 8.2 18.02 1.69 13.53 3.27 3.04 24.24 49.98 57.5 36.97 35.41 42.52 62.46 
0 50.13 1.81 10.62 46.09 15.01 8.3 12.02 21.42 3.48 14.02 5 4.76 27.53 53.47 60.88 40.38 38.52 46.09 65.78 
12.62 57.27 11.7 0 42.71 24.36 11.58 18.48 30.49 12.99 8.65 12.08 17.66 33.56 64.09 71.28 51.42 49.57 58.86 74.69 
48.35 0 46.35 59.85 87.9 34.01 53.91 34.28 38.86 45.25 61.69 44.88 43.63 27.5 44.45 55.98 33.6 32.03 73.69 57.74 
42.11 88.23 42.3 41.61 0 53.06 37.86 57.16 53.15 44.92 32.37 39.01 49.51 76.51 40.32 33.48 52.2 50.34 23.66 27.89 
1.89 46.62 0 10.66 46.19 11.51 8.34 8.2 18.02 1.69 13.53 3.27 3.04 24.24 49.98 57.5 36.97 35.41 42.52 62.46 
13.96 34.85 11.93 24.1 58.18 0 19.32 13.29 4.68 10.84 25.49 10.64 15.03 16.54 37.21 43.38 25.96 24.32 35.69 49.78 
12.62 57.27 11.7 0 42.71 24.36 11.58 18.48 30.49 12.99 8.65 12.08 17.66 33.56 64.09 71.28 51.42 49.57 58.86 74.69 
6.3 55.38 6.47 10.78 39.36 16.56 0 18.14 22.93 8.13 7.69 4.39 12.34 34.62 53.38 58.02 42.02 40.11 40.65 65.19 
42.11 88.23 42.3 41.61 0 53.06 37.86 57.16 53.15 44.92 32.37 39.01 49.51 76.51 40.32 33.48 52.2 50.34 23.66 27.89 
15.03 39.46 11.46 24.27 62.08 18.56 22.32 0 23.81 9.5 29.1 14.59 8 13.51 57.46 64.54 44.44 42.54 51.66 69.79 
13.96 34.85 11.93 24.1 58.18 0 19.32 13.29 4.68 10.84 25.49 10.64 15.03 16.54 37.21 43.38 25.96 24.32 35.69 49.78 
16.22 35.34 14.21 26.28 58.09 0.9 21.54 15.57 0 13.14 27.66 12.94 17.29 18.78 35.4 43.33 24.05 22.4 35.91 47.62 
3.53 45.43 1.66 13.47 47.43 10.93 9.11 6.97 17.46 0 15.99 3.2 2.36 23.09 49.31 56.85 36.44 34.87 41.85 61.8 
6.3 55.38 6.47 10.78 39.36 16.56 0 18.14 22.93 8.13 7.69 4.39 12.34 34.62 53.38 58.02 42.02 40.11 40.65 65.19 
15.03 39.46 11.46 24.27 62.08 18.56 22.32 0 23.81 9.5 29.1 14.59 8 13.51 57.46 64.54 44.44 42.54 51.66 69.79 
10.63 60.43 10.8 4.02 34.65 20.57 4.09 21.54 26.83 12.14 0 9.43 16.31 36.43 60.65 67.97 47.73 45.85 50.51 66.79 
16.22 35.34 14.21 26.28 58.09 0.9 21.54 15.57 0 13.14 27.66 12.94 17.29 18.78 35.4 43.33 24.05 22.4 35.91 47.62 
4.17 48.83 3.58 11.81 43.35 10.44 5.26 12.06 16.98 3.65 14.81 0 5.37 28.23 48.84 56.39 36.01 34.44 40.56 61.36 
3.53 45.43 1.66 13.47 47.43 10.93 9.11 6.97 17.46 0 15.99 3.2 2.36 23.09 49.31 56.85 36.44 34.87 41.85 61.8 
3.65 43.65 1.8 13 48.65 11.98 10.16 5.36 18.48 1.57 17.03 3.28 0 21.58 50.56 58.07 37.42 35.86 43.09 63.02 
10.63 60.43 10.8 4.02 34.65 20.57 4.09 21.54 26.83 12.14 0 9.43 16.31 36.43 60.65 67.97 47.73 45.85 50.51 66.79 
23.76 30.69 20.34 31.81 69.49 9.91 30.4 6.94 15.37 18.46 36.42 22.14 16.98 0 48.82 55.28 35.9 34.33 46.25 61.36 
50.77 45.05 48.79 62.35 43.47 32.12 51.9 50.5 32.57 47.69 55.57 47.31 52.28 42.3 0 13.95 11.28 9.53 29.69 14.92 
4.17 48.83 3.58 11.81 43.35 10.44 5.26 12.06 16.98 3.65 14.81 0 5.37 28.23 48.84 56.39 36.01 34.44 40.56 61.36 
3.65 43.65 1.8 13 48.65 11.98 10.16 5.36 18.48 1.57 17.03 3.28 0 21.58 50.56 58.07 37.42 35.86 43.09 63.02 
23.76 30.69 20.34 31.81 69.49 9.91 30.4 6.94 15.37 18.46 36.42 22.14 16.98 0 48.82 55.28 35.9 34.33 46.25 61.36 
57.01 57.58 55.08 68.33 33.97 35.68 56.14 57.09 36.09 54.02 59.84 53.64 58.5 48.06 10.61 0 21.98 20.5 16.57 6.47 
46.81 43.15 46.28 59.55 47.28 27.02 45.99 46.8 27.5 45.18 48.4 44.8 49.8 38.09 6.56 16.34 0 7.42 35 17.49 
50.77 45.05 48.79 62.35 43.47 32.12 51.9 50.5 32.57 47.69 55.57 47.31 52.28 42.3 0 13.95 11.28 9.53 29.69 14.92 
57.01 57.58 55.08 68.33 33.97 35.68 56.14 57.09 36.09 54.02 59.84 53.64 58.5 48.06 10.61 0 21.98 20.5 16.57 6.47 
40.35 36.14 38.28 52.26 49.14 26.58 46.12 40.01 27.92 37.15 50.52 36.92 41.88 32.97 8.3 18.02 0.59 0 36.55 19.16 
46.81 43.15 46.28 59.55 47.28 27.02 45.99 46.8 27.5 45.18 48.4 44.8 49.8 38.09 6.56 16.34 0 7.42 35 17.49 
42.11 70.74 40.23 52.11 26.63 26.27 38.85 42.71 26.8 39.29 42 39.08 43.58 47.94 22.15 16.56 30.06 30.28 0 22.07 
60.6 55.5 58.71 71.96 33.48 42.62 64.48 60.42 42.77 57.65 69.1 57.26 62.12 52.32 9.38 7.84 19.73 18.04 21.98 0 
40.35 36.14 38.28 52.26 49.14 26.58 46.12 40.01 27.92 37.15 50.52 36.92 41.88 32.97 8.3 18.02 0.59 0 36.55 19.16 
42.11 70.74 40.23 52.11 26.63 26.27 38.85 42.71 26.8 39.29 42 39.08 43.58 47.94 22.15 16.56 30.06 30.28 0 22.07 
60.6 55.5 58.71 71.96 33.48 42.62 64.48 60.42 42.77 57.65 69.1 57.26 62.12 52.32 9.38 7.84 19.73 18.04 21.98 0 
GEN 0 645.570000
GEN 0 626.550000
GEN 0 641.210000
GEN 0 674.230000
GEN 0 656.580000
GEN 0 640.760000
TIEMPO 0 645.570000
TIEMPO 0 626.550000
GEN 0 661.310000
TIEMPO 0 621.200000
TIEMPO 0 623.160000
TIEMPO 0 640.760000
TIEMPO 0 656.580000
TIEMPO 0 649.630000
GEN 0 647.140000
GEN 0 646.400000
GEN 0 706.880000
GEN 0 695.780000
GEN 0 696.490000
TIEMPO 0 586.150000
TIEMPO 0 646.400000
TIEMPO 0 672.010000
TIEMPO 0 695.780000
TIEMPO 0 636.550000
GEN 0 677.490000
GEN 0 625.760000
GEN 0 725.010000
GEN 0 650.880000
GEN 0 641.540000
GEN 0 679.490000
GEN 0 672.300000
GEN 0 664.950000
GEN 0 657.990000
TIEMPO 0 658.070000
TIEMPO 0 625.760000
TIEMPO 0 725.010000
TIEMPO 0 650.880000
TIEMPO 0 641.540000
TIEMPO 0 636.340000
TIEMPO 0 665.460000
TIEMPO 0 652.290000
TIEMPO 0 657.990000
GEN 0 692.790000
TIEMPO 0 686.110000
GEN 0 636.920000
TIEMPO 0 596.200000
GEN 0 630.580000
TIEMPO 0 626.460000
GREEDY 0 0.102347
GREEDY 0 0.106632
GREEDY 0 0.180223
GREEDY 5 0.179630
GREEDY 0 0.180292
GEN 2500 357.890000
GEN 2500 347.910000
GEN 2500 348.220000
GREEDY 0 0.199203
GEN 2500 352.310000
GREEDY 0 0.207728
GEN 2500 329.570000
GREEDY 0 0.210797
GEN 2500 360.200000
GEN 2500 332.780000
GEN 2500 349.560000
GEN 2500 349.240000
GEN 2500 353.590000
GREEDY 5 0.230316
GREEDY 0 0.241235
GREEDY 0 0.225387
GEN 2500 357.150000
GEN 2500 356.620000
GEN 2500 343.150000
GEN 2500 345.450000
GREEDY 0 0.236683
GEN 2500 346.770000
GEN 2500 352.520000
GEN 2500 344.050000
GEN 2500 347.560000
GREEDY 0 0.287444
GREEDY 0 0.296222
GEN 2500 335.250000
GREEDY 0 0.317911
GEN 2500 356.470000
GREEDY 5 0.338883
GREEDY 0 0.342506
GEN 2500 349.440000
GREEDY 0 0.338426
GREEDY 5 0.337726
GREEDY 10 0.346610
GEN 2500 311.250000
GEN 2500 356.660000
GEN 5000 357.890000
GEN 5000 352.300000
GEN 2500 383.180000
GEN 5000 346.130000
GEN 5000 329.570000
GEN 5000 337.710000
GEN 5000 360.200000
GREEDY 5 0.429471
GEN 5000 344.840000
GEN 5000 349.560000
GEN 5000 334.600000
GEN 5000 331.820000
GEN 5000 328.090000
GEN 5000 343.360000
GEN 5000 354.080000
GEN 5000 333.780000
GEN 5000 352.520000
GEN 5000 328.660000
GEN 5000 347.560000
GEN 5000 330.500000
GEN 5000 356.470000
GEN 5000 326.990000
GEN 5000 311.250000
GEN 7500 357.890000
GEN 7500 352.300000
GEN 7500 346.130000
GEN 5000 354.910000
GEN 5000 336.260000
GEN 7500 360.200000
GEN 5000 373.790000
GREEDY 10 0.631026
GEN 7500 344.840000
GEN 7500 329.570000
GEN 7500 334.600000
GEN 7500 337.710000
GEN 7500 347.910000
GEN 7500 354.080000
GEN 7500 331.820000
GEN 7500 306.040000
GEN 7500 343.360000
GEN 7500 331.980000
GEN 7500 350.470000
GEN 7500 356.470000
GEN 7500 326.990000
GEN 7500 311.250000
GEN 7500 347.560000
GEN 7500 326.320000
GEN 7500 330.500000
GEN 10000 357.890000
TIEMPO 0.757850 357.890000
GEN 10000 350.950000
TIEMPO 0.767313 350.950000
GEN 10000 346.130000
TIEMPO 0.796139 346.130000
GREEDY 0 0.798780
GEN 10000 360.200000
TIEMPO 0.808613 360.200000
GEN 10000 344.840000
TIEMPO 0.823259 344.840000
GEN 7500 354.910000
GREEDY 5 0.842722
GEN 10000 334.600000
TIEMPO 0.841123 334.600000
GEN 10000 329.570000
TIEMPO 0.854232 329.570000
GEN 10000 354.080000
TIEMPO 0.854397 354.080000
GEN 7500 373.790000
GREEDY 0 0.870367
GEN 10000 337.710000
TIEMPO 0.885471 337.710000
GEN 10000 340.710000
TIEMPO 0.891811 340.710000
GEN 10000 331.820000
TIEMPO 0.917091 331.820000
GEN 10000 306.040000
TIEMPO 0.925739 306.040000
GEN 10000 343.360000
TIEMPO 0.928253 343.360000
GEN 10000 356.470000
TIEMPO 0.922783 356.470000
GEN 10000 326.990000
TIEMPO 0.929714 326.990000
GEN 10000 319.160000
TIEMPO 0.941459 319.160000
GEN 10000 311.250000
TIEMPO 0.938971 311.250000
GEN 10000 335.730000
TIEMPO 0.966229 335.730000
GEN 10000 337.620000
TIEMPO 0.978382 337.620000
GEN 10000 330.500000
TIEMPO 0.978229 330.500000
GEN 10000 326.320000
TIEMPO 0.977170 326.320000
TIEMPO 1 354.910000
TIEMPO 1 373.790000
TIEMPO 1 334.940000
GEN 10000 354.910000
TIEMPO 1.072477 354.910000
GEN 10000 373.790000
TIEMPO 1.091804 373.790000
GEN 7500 334.940000
GEN 10000 334.940000
TIEMPO 1.550131 334.940000

 Current State ---------------------------------------------
Solution:  17 16 14 19 0 12 7 13 1 0 2 9 5 8 0 0 4 20 18 15 0 11 6 10 3 0 0 0 0 0 0 0 0 0 0 0 0 0 0 Fitness: 306.04

 :( ---------------------- THE END --------------- :) 
