Dimension>19
Bandera>13
Fitness Greedy Costo>138.46
Solucion Greedy Costo>1 2 5 3 0 6 8 0 7 9 10 0 4 0 0 0 0 0 0 
Linea Vacia>
Matriz de Costos>
0 1.9 6.48 8.03 31.35 4.79 6.52 8.45 10.44 10.56 
3.93 0 5.9 7.45 32.38 7.38 9.82 12.49 13.69 14.57 
3.29 8.63 0 1.95 39.92 1.9 16.05 15.21 19.8 5.11 
4.09 9.6 0.3 0 40.92 2.18 16.99 16.14 20.73 6.06 
31.83 28.14 36.73 38.06 0 37.58 34.42 44.27 28.97 43.16 
1.34 3.29 3.27 4.05 35.27 0 10.86 10.03 14.7 7.8 
10.38 6.4 16.85 17.55 40.23 11.79 0 14.83 6.52 17.4 
9.03 12.99 17 15.74 42.78 9.53 18.65 0 23.93 4.77 
11.09 2.72 14.76 16.25 35.89 16.16 3.04 23.59 0 23.09 
12.95 18.24 8.76 8.43 48.51 8.65 22.93 5.45 28.93 0 
Dimension>19
Bandera>13
Fitness Greedy Costo>138.46
Solucion Greedy Costo>1 2 5 3 0 6 8 0 7 9 10 0 4 0 0 0 0 0 0 
Linea Vacia>
Matriz de Costos>
0 1.9 6.48 8.03 31.35 4.79 6.52 8.45 10.44 10.56 
3.93 0 5.9 7.45 32.38 7.38 9.82 12.49 13.69 14.57 
3.29 8.63 0 1.95 39.92 1.9 16.05 15.21 19.8 5.11 
4.09 9.6 0.3 0 40.92 2.18 16.99 16.14 20.73 6.06 
31.83 28.14 36.73 38.06 0 37.58 34.42 44.27 28.97 43.16 
1.34 3.29 3.27 4.05 35.27 0 10.86 10.03 14.7 7.8 
10.38 6.4 16.85 17.55 40.23 11.79 0 14.83 6.52 17.4 
9.03 12.99 17 15.74 42.78 9.53 18.65 0 23.93 4.77 
11.09 2.72 14.76 16.25 35.89 16.16 3.04 23.59 0 23.09 
12.95 18.24 8.76 8.43 48.51 8.65 22.93 5.45 28.93 0 
Dimension>19
Dimension>19
Bandera>13
Fitness Greedy Costo>138.46
Solucion Greedy Costo>1 2 5 3 0 6 8 0 7 9 10 0 4 0 0 0 0 0 0 
Linea Vacia>
Bandera>13
Fitness Greedy Costo>138.46
Solucion Greedy Costo>1 2 5 3 0 6 8 0 7 9 10 0 4 0 0 0 0 0 0 
Linea Vacia>
Matriz de Costos>
0 1.9 6.48 8.03 31.35 4.79 6.52 8.45 10.44 10.56 
3.93 0 5.9 7.45 32.38 7.38 9.82 12.49 13.69 14.57 
3.29 8.63 0 1.95 39.92 1.9 16.05 15.21 19.8 5.11 
Matriz de Costos>
4.09 9.6 0.3 0 40.92 2.18 16.99 16.14 20.73 6.06 
31.83 28.14 36.73 38.06 0 37.58 34.42 44.27 28.97 43.16 
0 1.9 6.48 8.03 31.35 4.79 6.52 8.45 10.44 10.56 
3.93 0 5.9 7.45 32.38 7.38 9.82 12.49 13.69 14.57 
1.34 3.29 3.27 4.05 35.27 0 10.86 10.03 14.7 7.8 
10.38 6.4 16.85 17.55 40.23 11.79 0 14.83 6.52 17.4 
9.03 12.99 17 15.74 42.78 9.53 18.65 0 23.93 4.77 
3.29 8.63 0 1.95 39.92 1.9 16.05 15.21 19.8 5.11 
4.09 9.6 0.3 0 40.92 2.18 16.99 16.14 20.73 6.06 
11.09 2.72 14.76 16.25 35.89 16.16 3.04 23.59 0 23.09 
12.95 18.24 8.76 8.43 48.51 8.65 22.93 5.45 28.93 0 
31.83 28.14 36.73 38.06 0 37.58 34.42 44.27 28.97 43.16 
1.34 3.29 3.27 4.05 35.27 0 10.86 10.03 14.7 7.8 
10.38 6.4 16.85 17.55 40.23 11.79 0 14.83 6.52 17.4 
9.03 12.99 17 15.74 42.78 9.53 18.65 0 23.93 4.77 
11.09 2.72 14.76 16.25 35.89 16.16 3.04 23.59 0 23.09 
12.95 18.24 8.76 8.43 48.51 8.65 22.93 5.45 28.93 0 
Dimension>19
Bandera>13
Fitness Greedy Costo>138.46
Solucion Greedy Costo>1 2 5 3 0 6 8 0 7 9 10 0 4 0 0 0 0 0 0 
Linea Vacia>
Matriz de Costos>
0 1.9 6.48 8.03 31.35 4.79 6.52 8.45 10.44 10.56 
3.93 0 5.9 7.45 32.38 7.38 9.82 12.49 13.69 14.57 
3.29 8.63 0 1.95 39.92 1.9 16.05 15.21 19.8 5.11 
4.09 9.6 0.3 0 40.92 2.18 16.99 16.14 20.73 6.06 
31.83 28.14 36.73 38.06 0 37.58 34.42 44.27 28.97 43.16 
1.34 3.29 3.27 4.05 35.27 0 10.86 10.03 14.7 7.8 
10.38 6.4 16.85 17.55 40.23 11.79 0 14.83 6.52 17.4 
9.03 12.99 17 15.74 42.78 9.53 18.65 0 23.93 4.77 
11.09 2.72 14.76 16.25 35.89 16.16 3.04 23.59 0 23.09 
12.95 18.24 8.76 8.43 48.51 8.65 22.93 5.45 28.93 0 
Dimension>19
Bandera>13
Fitness Greedy Costo>138.46
Solucion Greedy Costo>1 2 5 3 0 6 8 0 7 9 10 0 4 0 0 0 0 0 0 
Linea Vacia>
Matriz de Costos>
0 1.9 6.48 8.03 31.35 4.79 6.52 8.45 10.44 10.56 
3.93 0 5.9 7.45 32.38 7.38 9.82 12.49 13.69 14.57 
Dimension>19
3.29 8.63 0 1.95 39.92 1.9 16.05 15.21 19.8 5.11 
4.09 9.6 0.3 0 40.92 2.18 16.99 16.14 20.73 6.06 
31.83 28.14 36.73 38.06 0 37.58 34.42 44.27 28.97 43.16 
1.34 3.29 3.27 4.05 35.27 0 10.86 10.03 14.7 7.8 
Bandera>13
Fitness Greedy Costo>138.46
Solucion Greedy Costo>1 2 5 3 0 6 8 0 7 9 10 0 4 0 0 0 0 0 0 
Linea Vacia>
10.38 6.4 16.85 17.55 40.23 11.79 0 14.83 6.52 17.4 
9.03 12.99 17 15.74 42.78 9.53 18.65 0 23.93 4.77 
Dimension>19
11.09 2.72 14.76 16.25 35.89 16.16 3.04 23.59 0 23.09 
12.95 18.24 8.76 8.43 48.51 8.65 22.93 5.45 28.93 0 
Matriz de Costos>
0 1.9 6.48 8.03 31.35 4.79 6.52 8.45 10.44 10.56 
3.93 0 5.9 7.45 32.38 7.38 9.82 12.49 13.69 14.57 
3.29 8.63 0 1.95 39.92 1.9 16.05 15.21 19.8 5.11 
4.09 9.6 0.3 0 40.92 2.18 16.99 16.14 20.73 6.06 
31.83 28.14 36.73 38.06 0 37.58 34.42 44.27 28.97 43.16 
Bandera>13
Fitness Greedy Costo>138.46
1.34 3.29 3.27 4.05 35.27 0 10.86 10.03 14.7 7.8 
10.38 6.4 16.85 17.55 40.23 11.79 0 14.83 6.52 17.4 
9.03 12.99 17 15.74 42.78 9.53 18.65 0 23.93 4.77 
11.09 2.72 14.76 16.25 35.89 16.16 3.04 23.59 0 23.09 
Dimension>19
Solucion Greedy Costo>1 2 5 3 0 6 8 0 7 9 10 0 4 0 0 0 0 0 0 
Linea Vacia>
12.95 18.24 8.76 8.43 48.51 8.65 22.93 5.45 28.93 0 
Bandera>13
Fitness Greedy Costo>138.46
Solucion Greedy Costo>1 2 5 3 0 6 8 0 7 9 10 0 4 0 0 0 0 0 0 
Linea Vacia>
Matriz de Costos>
0 1.9 6.48 8.03 31.35 4.79 6.52 8.45 10.44 10.56 
3.93 0 5.9 7.45 32.38 7.38 9.82 12.49 13.69 14.57 
3.29 8.63 0 1.95 39.92 1.9 16.05 15.21 19.8 5.11 
4.09 9.6 0.3 0 40.92 2.18 16.99 16.14 20.73 6.06 
Matriz de Costos>
31.83 28.14 36.73 38.06 0 37.58 34.42 44.27 28.97 43.16 
1.34 3.29 3.27 4.05 35.27 0 10.86 10.03 14.7 7.8 
0 1.9 6.48 8.03 31.35 4.79 6.52 8.45 10.44 10.56 
10.38 6.4 16.85 17.55 40.23 11.79 0 14.83 6.52 17.4 
9.03 12.99 17 15.74 42.78 9.53 18.65 0 23.93 4.77 
3.93 0 5.9 7.45 32.38 7.38 9.82 12.49 13.69 14.57 
3.29 8.63 0 1.95 39.92 1.9 16.05 15.21 19.8 5.11 
4.09 9.6 0.3 0 40.92 2.18 16.99 16.14 20.73 6.06 
31.83 28.14 36.73 38.06 0 37.58 34.42 44.27 28.97 43.16 
11.09 2.72 14.76 16.25 35.89 16.16 3.04 23.59 0 23.09 
12.95 18.24 8.76 8.43 48.51 8.65 22.93 5.45 28.93 0 
1.34 3.29 3.27 4.05 35.27 0 10.86 10.03 14.7 7.8 
10.38 6.4 16.85 17.55 40.23 11.79 0 14.83 6.52 17.4 
9.03 12.99 17 15.74 42.78 9.53 18.65 0 23.93 4.77 
11.09 2.72 14.76 16.25 35.89 16.16 3.04 23.59 0 23.09 
12.95 18.24 8.76 8.43 48.51 8.65 22.93 5.45 28.93 0 
Dimension>19
Bandera>13
Fitness Greedy Costo>138.46
Solucion Greedy Costo>1 2 5 3 0 6 8 0 7 9 10 0 4 0 0 0 0 0 0 
Linea Vacia>
Dimension>19
Bandera>13
Fitness Greedy Costo>138.46
Solucion Greedy Costo>1 2 5 3 0 6 8 0 7 9 10 0 4 0 0 0 0 0 0 
Linea Vacia>
Matriz de Costos>
0 1.9 6.48 8.03 31.35 4.79 6.52 8.45 10.44 10.56 
3.93 0 5.9 7.45 32.38 7.38 9.82 12.49 13.69 14.57 
Dimension>19
3.29 8.63 0 1.95 39.92 1.9 16.05 15.21 19.8 5.11 
4.09 9.6 0.3 0 40.92 2.18 16.99 16.14 20.73 6.06 
31.83 28.14 36.73 38.06 0 37.58 34.42 44.27 28.97 43.16 
1.34 3.29 3.27 4.05 35.27 0 10.86 10.03 14.7 7.8 
10.38 6.4 16.85 17.55 40.23 11.79 0 14.83 6.52 17.4 
Matriz de Costos>
0 1.9 6.48 8.03 31.35 4.79 6.52 8.45 10.44 10.56 
3.93 0 5.9 7.45 32.38 7.38 9.82 12.49 13.69 14.57 
3.29 8.63 0 1.95 39.92 1.9 16.05 15.21 19.8 5.11 
4.09 9.6 0.3 0 40.92 2.18 16.99 16.14 20.73 6.06 
31.83 28.14 36.73 38.06 0 37.58 34.42 44.27 28.97 43.16 
Bandera>13
9.03 12.99 17 15.74 42.78 9.53 18.65 0 23.93 4.77 
11.09 2.72 14.76 16.25 35.89 16.16 3.04 23.59 0 23.09 
12.95 18.24 8.76 8.43 48.51 8.65 22.93 5.45 28.93 0 
1.34 3.29 3.27 4.05 35.27 0 10.86 10.03 14.7 7.8 
10.38 6.4 16.85 17.55 40.23 11.79 0 14.83 6.52 17.4 
9.03 12.99 17 15.74 42.78 9.53 18.65 0 23.93 4.77 
Fitness Greedy Costo>138.46
Solucion Greedy Costo>1 2 5 3 0 6 8 0 7 9 10 0 4 0 0 0 0 0 0 
Linea Vacia>
11.09 2.72 14.76 16.25 35.89 16.16 3.04 23.59 0 23.09 
12.95 18.24 8.76 8.43 48.51 8.65 22.93 5.45 28.93 0 
Matriz de Costos>
0 1.9 6.48 8.03 31.35 4.79 6.52 8.45 10.44 10.56 
3.93 0 5.9 7.45 32.38 7.38 9.82 12.49 13.69 14.57 
3.29 8.63 0 1.95 39.92 1.9 16.05 15.21 19.8 5.11 
4.09 9.6 0.3 0 40.92 2.18 16.99 16.14 20.73 6.06 
31.83 28.14 36.73 38.06 0 37.58 34.42 44.27 28.97 43.16 
Dimension>19
1.34 3.29 3.27 4.05 35.27 0 10.86 10.03 14.7 7.8 
10.38 6.4 16.85 17.55 40.23 11.79 0 14.83 6.52 17.4 
9.03 12.99 17 15.74 42.78 9.53 18.65 0 23.93 4.77 
Dimension>19
Bandera>13
Fitness Greedy Costo>138.46
Solucion Greedy Costo>1 2 5 3 0 6 8 0 7 9 10 0 4 0 0 0 0 0 0 
Linea Vacia>
Bandera>13
Fitness Greedy Costo>138.46
Solucion Greedy Costo>1 2 5 3 0 6 8 0 7 9 10 0 4 0 0 0 0 0 0 
Linea Vacia>
Matriz de Costos>
11.09 2.72 14.76 16.25 35.89 16.16 3.04 23.59 0 23.09 
12.95 18.24 8.76 8.43 48.51 8.65 22.93 5.45 28.93 0 
0 1.9 6.48 8.03 31.35 4.79 6.52 8.45 10.44 10.56 
3.93 0 5.9 7.45 32.38 7.38 9.82 12.49 13.69 14.57 
3.29 8.63 0 1.95 39.92 1.9 16.05 15.21 19.8 5.11 
4.09 9.6 0.3 0 40.92 2.18 16.99 16.14 20.73 6.06 
31.83 28.14 36.73 38.06 0 37.58 34.42 44.27 28.97 43.16 
1.34 3.29 3.27 4.05 35.27 0 10.86 10.03 14.7 7.8 
10.38 6.4 16.85 17.55 40.23 11.79 0 14.83 6.52 17.4 
Matriz de Costos>
0 1.9 6.48 8.03 31.35 4.79 6.52 8.45 10.44 10.56 
3.93 0 5.9 7.45 32.38 7.38 9.82 12.49 13.69 14.57 
3.29 8.63 0 1.95 39.92 1.9 16.05 15.21 19.8 5.11 
4.09 9.6 0.3 0 40.92 2.18 16.99 16.14 20.73 6.06 
31.83 28.14 36.73 38.06 0 37.58 34.42 44.27 28.97 43.16 
1.34 3.29 3.27 4.05 35.27 0 10.86 10.03 14.7 7.8 
10.38 6.4 16.85 17.55 40.23 11.79 0 14.83 6.52 17.4 
9.03 12.99 17 15.74 42.78 9.53 18.65 0 23.93 4.77 
9.03 12.99 17 15.74 42.78 9.53 18.65 0 23.93 4.77 
11.09 2.72 14.76 16.25 35.89 16.16 3.04 23.59 0 23.09 
12.95 18.24 8.76 8.43 48.51 8.65 22.93 5.45 28.93 0 
11.09 2.72 14.76 16.25 35.89 16.16 3.04 23.59 0 23.09 
12.95 18.24 8.76 8.43 48.51 8.65 22.93 5.45 28.93 0 
Dimension>19
Bandera>13
Fitness Greedy Costo>138.46
Solucion Greedy Costo>1 2 5 3 0 6 8 0 7 9 10 0 4 0 0 0 0 0 0 
Linea Vacia>
Dimension>19
Matriz de Costos>
0 1.9 6.48 8.03 31.35 4.79 6.52 8.45 10.44 10.56 
3.93 0 5.9 7.45 32.38 7.38 9.82 12.49 13.69 14.57 
3.29 8.63 0 1.95 39.92 1.9 16.05 15.21 19.8 5.11 
4.09 9.6 0.3 0 40.92 2.18 16.99 16.14 20.73 6.06 
31.83 28.14 36.73 38.06 0 37.58 34.42 44.27 28.97 43.16 
1.34 3.29 3.27 4.05 35.27 0 10.86 10.03 14.7 7.8 
10.38 6.4 16.85 17.55 40.23 11.79 0 14.83 6.52 17.4 
9.03 12.99 17 15.74 42.78 9.53 18.65 0 23.93 4.77 
11.09 2.72 14.76 16.25 35.89 16.16 3.04 23.59 0 23.09 
12.95 18.24 8.76 8.43 48.51 8.65 22.93 5.45 28.93 0 
Bandera>13
Fitness Greedy Costo>138.46
Solucion Greedy Costo>1 2 5 3 0 6 8 0 7 9 10 0 4 0 0 0 0 0 0 
Linea Vacia>
Matriz de Costos>
0 1.9 6.48 8.03 31.35 4.79 6.52 8.45 10.44 10.56 
3.93 0 5.9 7.45 32.38 7.38 9.82 12.49 13.69 14.57 
3.29 8.63 0 1.95 39.92 1.9 16.05 15.21 19.8 5.11 
4.09 9.6 0.3 0 40.92 2.18 16.99 16.14 20.73 6.06 
31.83 28.14 36.73 38.06 0 37.58 34.42 44.27 28.97 43.16 
1.34 3.29 3.27 4.05 35.27 0 10.86 10.03 14.7 7.8 
Dimension>19
Bandera>13
Fitness Greedy Costo>138.46
Solucion Greedy Costo>1 2 5 3 0 6 8 0 7 9 10 0 4 0 0 0 0 0 0 
Linea Vacia>
Matriz de Costos>
0 1.9 6.48 8.03 31.35 4.79 6.52 8.45 10.44 10.56 
3.93 0 5.9 7.45 32.38 7.38 9.82 12.49 13.69 14.57 
3.29 8.63 0 1.95 39.92 1.9 16.05 15.21 19.8 5.11 
4.09 9.6 0.3 0 40.92 2.18 16.99 16.14 20.73 6.06 
31.83 28.14 36.73 38.06 0 37.58 34.42 44.27 28.97 43.16 
1.34 3.29 3.27 4.05 35.27 0 10.86 10.03 14.7 7.8 
10.38 6.4 16.85 17.55 40.23 11.79 0 14.83 6.52 17.4 
9.03 12.99 17 15.74 42.78 9.53 18.65 0 23.93 4.77 
11.09 2.72 14.76 16.25 35.89 16.16 3.04 23.59 0 23.09 
12.95 18.24 8.76 8.43 48.51 8.65 22.93 5.45 28.93 0 
10.38 6.4 16.85 17.55 40.23 11.79 0 14.83 6.52 17.4 
9.03 12.99 17 15.74 42.78 9.53 18.65 0 23.93 4.77 
11.09 2.72 14.76 16.25 35.89 16.16 3.04 23.59 0 23.09 
12.95 18.24 8.76 8.43 48.51 8.65 22.93 5.45 28.93 0 
Dimension>19
Bandera>13
Fitness Greedy Costo>138.46
Solucion Greedy Costo>1 2 5 3 0 6 8 0 7 9 10 0 4 0 0 0 0 0 0 
Linea Vacia>
Matriz de Costos>
0 1.9 6.48 8.03 31.35 4.79 6.52 8.45 10.44 10.56 
3.93 0 5.9 7.45 32.38 7.38 9.82 12.49 13.69 14.57 
3.29 8.63 0 1.95 39.92 1.9 16.05 15.21 19.8 5.11 
4.09 9.6 0.3 0 40.92 2.18 16.99 16.14 20.73 6.06 
31.83 28.14 36.73 38.06 0 37.58 34.42 44.27 28.97 43.16 
1.34 3.29 3.27 4.05 35.27 0 10.86 10.03 14.7 7.8 
10.38 6.4 16.85 17.55 40.23 11.79 0 14.83 6.52 17.4 
9.03 12.99 17 15.74 42.78 9.53 18.65 0 23.93 4.77 
11.09 2.72 14.76 16.25 35.89 16.16 3.04 23.59 0 23.09 
12.95 18.24 8.76 8.43 48.51 8.65 22.93 5.45 28.93 0 
Dimension>19
Bandera>13
Fitness Greedy Costo>138.46
Solucion Greedy Costo>1 2 5 3 0 6 8 0 7 9 10 0 4 0 0 0 0 0 0 
Linea Vacia>
Matriz de Costos>
0 1.9 6.48 8.03 31.35 4.79 6.52 8.45 10.44 10.56 
3.93 0 5.9 7.45 32.38 7.38 9.82 12.49 13.69 14.57 
3.29 8.63 0 1.95 39.92 1.9 16.05 15.21 19.8 5.11 
4.09 9.6 0.3 0 40.92 2.18 16.99 16.14 20.73 6.06 
31.83 28.14 36.73 38.06 0 37.58 34.42 44.27 28.97 43.16 
1.34 3.29 3.27 4.05 35.27 0 10.86 10.03 14.7 7.8 
10.38 6.4 16.85 17.55 40.23 11.79 0 14.83 6.52 17.4 
9.03 12.99 17 15.74 42.78 9.53 18.65 0 23.93 4.77 
11.09 2.72 14.76 16.25 35.89 16.16 3.04 23.59 0 23.09 
12.95 18.24 8.76 8.43 48.51 8.65 22.93 5.45 28.93 0 
Dimension>19
Bandera>13
Fitness Greedy Costo>138.46
Solucion Greedy Costo>1 2 5 3 0 6 8 0 7 9 10 0 4 0 0 0 0 0 0 
Linea Vacia>
Matriz de Costos>
0 1.9 6.48 8.03 31.35 4.79 6.52 8.45 10.44 10.56 
3.93 0 5.9 7.45 32.38 7.38 9.82 12.49 13.69 14.57 
3.29 8.63 0 1.95 39.92 1.9 16.05 15.21 19.8 5.11 
4.09 9.6 0.3 0 40.92 2.18 16.99 16.14 20.73 6.06 
31.83 28.14 36.73 38.06 0 37.58 34.42 44.27 28.97 43.16 
1.34 3.29 3.27 4.05 35.27 0 10.86 10.03 14.7 7.8 
10.38 6.4 16.85 17.55 40.23 11.79 0 14.83 6.52 17.4 
9.03 12.99 17 15.74 42.78 9.53 18.65 0 23.93 4.77 
11.09 2.72 14.76 16.25 35.89 16.16 3.04 23.59 0 23.09 
12.95 18.24 8.76 8.43 48.51 8.65 22.93 5.45 28.93 0 
Dimension>19
Bandera>13
Fitness Greedy Costo>138.46
Solucion Greedy Costo>1 2 5 3 0 6 8 0 7 9 10 0 4 0 0 0 0 0 0 
Linea Vacia>
Dimension>19
Bandera>13
Fitness Greedy Costo>138.46
Matriz de Costos>
0 1.9 6.48 8.03 31.35 4.79 6.52 8.45 10.44 10.56 
3.93 0 5.9 7.45 32.38 7.38 9.82 12.49 13.69 14.57 
Dimension>19
Solucion Greedy Costo>1 2 5 3 0 6 8 0 7 9 10 0 4 0 0 0 0 0 0 
Linea Vacia>
3.29 8.63 0 1.95 39.92 1.9 16.05 15.21 19.8 5.11 
4.09 9.6 0.3 0 40.92 2.18 16.99 16.14 20.73 6.06 
Bandera>13
Fitness Greedy Costo>138.46
Solucion Greedy Costo>1 2 5 3 0 6 8 0 7 9 10 0 4 0 0 0 0 0 0 
Linea Vacia>
Matriz de Costos>
0 1.9 6.48 8.03 31.35 4.79 6.52 8.45 10.44 10.56 
3.93 0 5.9 7.45 32.38 7.38 9.82 12.49 13.69 14.57 
31.83 28.14 36.73 38.06 0 37.58 34.42 44.27 28.97 43.16 
1.34 3.29 3.27 4.05 35.27 0 10.86 10.03 14.7 7.8 
3.29 8.63 0 1.95 39.92 1.9 16.05 15.21 19.8 5.11 
4.09 9.6 0.3 0 40.92 2.18 16.99 16.14 20.73 6.06 
10.38 6.4 16.85 17.55 40.23 11.79 0 14.83 6.52 17.4 
9.03 12.99 17 15.74 42.78 9.53 18.65 0 23.93 4.77 
31.83 28.14 36.73 38.06 0 37.58 34.42 44.27 28.97 43.16 
1.34 3.29 3.27 4.05 35.27 0 10.86 10.03 14.7 7.8 
10.38 6.4 16.85 17.55 40.23 11.79 0 14.83 6.52 17.4 
11.09 2.72 14.76 16.25 35.89 16.16 3.04 23.59 0 23.09 
Matriz de Costos>
0 1.9 6.48 8.03 31.35 4.79 6.52 8.45 10.44 10.56 
3.93 0 5.9 7.45 32.38 7.38 9.82 12.49 13.69 14.57 
3.29 8.63 0 1.95 39.92 1.9 16.05 15.21 19.8 5.11 
9.03 12.99 17 15.74 42.78 9.53 18.65 0 23.93 4.77 
11.09 2.72 14.76 16.25 35.89 16.16 3.04 23.59 0 23.09 
12.95 18.24 8.76 8.43 48.51 8.65 22.93 5.45 28.93 0 
12.95 18.24 8.76 8.43 48.51 8.65 22.93 5.45 28.93 0 
4.09 9.6 0.3 0 40.92 2.18 16.99 16.14 20.73 6.06 
31.83 28.14 36.73 38.06 0 37.58 34.42 44.27 28.97 43.16 
1.34 3.29 3.27 4.05 35.27 0 10.86 10.03 14.7 7.8 
Dimension>19
Dimension>19
10.38 6.4 16.85 17.55 40.23 11.79 0 14.83 6.52 17.4 
9.03 12.99 17 15.74 42.78 9.53 18.65 0 23.93 4.77 
11.09 2.72 14.76 16.25 35.89 16.16 3.04 23.59 0 23.09 
12.95 18.24 8.76 8.43 48.51 8.65 22.93 5.45 28.93 0 
Bandera>13
Fitness Greedy Costo>138.46
Bandera>13
Fitness Greedy Costo>138.46
Solucion Greedy Costo>1 2 5 3 0 6 8 0 7 9 10 0 4 0 0 0 0 0 0 
Linea Vacia>
Solucion Greedy Costo>1 2 5 3 0 6 8 0 7 9 10 0 4 0 0 0 0 0 0 
Linea Vacia>
Matriz de Costos>
0 1.9 6.48 8.03 31.35 4.79 6.52 8.45 10.44 10.56 
3.93 0 5.9 7.45 32.38 7.38 9.82 12.49 13.69 14.57 
3.29 8.63 0 1.95 39.92 1.9 16.05 15.21 19.8 5.11 
4.09 9.6 0.3 0 40.92 2.18 16.99 16.14 20.73 6.06 
31.83 28.14 36.73 38.06 0 37.58 34.42 44.27 28.97 43.16 
1.34 3.29 3.27 4.05 35.27 0 10.86 10.03 14.7 7.8 
10.38 6.4 16.85 17.55 40.23 11.79 0 14.83 6.52 17.4 
9.03 12.99 17 15.74 42.78 9.53 18.65 0 23.93 4.77 
11.09 2.72 14.76 16.25 35.89 16.16 3.04 23.59 0 23.09 
12.95 18.24 8.76 8.43 48.51 8.65 22.93 5.45 28.93 0 
Matriz de Costos>
0 1.9 6.48 8.03 31.35 4.79 6.52 8.45 10.44 10.56 
3.93 0 5.9 7.45 32.38 7.38 9.82 12.49 13.69 14.57 
3.29 8.63 0 1.95 39.92 1.9 16.05 15.21 19.8 5.11 
4.09 9.6 0.3 0 40.92 2.18 16.99 16.14 20.73 6.06 
31.83 28.14 36.73 38.06 0 37.58 34.42 44.27 28.97 43.16 
1.34 3.29 3.27 4.05 35.27 0 10.86 10.03 14.7 7.8 
10.38 6.4 16.85 17.55 40.23 11.79 0 14.83 6.52 17.4 
9.03 12.99 17 15.74 42.78 9.53 18.65 0 23.93 4.77 
11.09 2.72 14.76 16.25 35.89 16.16 3.04 23.59 0 23.09 
12.95 18.24 8.76 8.43 48.51 8.65 22.93 5.45 28.93 0 
GEN 0 198.440000
GEN 0 176.240000
GEN 0 180.160000
TIEMPO 0 175.450000
GEN 0 177.050000
TIEMPO 0 198.440000
TIEMPO 0 174.840000
TIEMPO 0 176.470000
GREEDY 0 0.001257
GREEDY 0 0.001412
GREEDY 0 0.001547
GREEDY 5 0.001641
GREEDY 0 0.003500
GEN 0 182.360000
TIEMPO 0 179.940000
GEN 0 152.630000
TIEMPO 0 152.630000
GEN 0 184.310000
TIEMPO 0 184.310000
GREEDY 0 0.000489
GREEDY 0 0.003086
GREEDY 5 0.003483
GREEDY 5 0.011651
GEN 0 183.470000
TIEMPO 0 183.470000
GEN 0 191.860000
TIEMPO 0 186.850000
GEN 0 159.800000
TIEMPO 0 159.800000
GEN 0 180.770000
TIEMPO 0 164.460000
GEN 0 183.820000
TIEMPO 0 173.280000
GEN 0 189.410000
TIEMPO 0 184.790000
GREEDY 0 0.000645
GEN 0 170.770000
TIEMPO 0 170.770000
GREEDY 5 0.002109
GREEDY 0 0.002520
GREEDY 0 0.002618
GREEDY 0 0.002569
GREEDY 5 0.002873
GEN 0 167.970000
TIEMPO 0 167.970000
GEN 0 162.770000
TIEMPO 0 162.770000
GREEDY 0 0.003791
GREEDY 0 0.003767
GREEDY 0 0.002598
GEN 0 180.620000
GEN 0 180.950000
GEN 0 180.620000
TIEMPO 0 172.770000
GEN 0 199.260000
TIEMPO 0 180.950000
TIEMPO 0 186.520000
TIEMPO 0 164.680000
GREEDY 0 0.003825
GREEDY 5 0.004332
GREEDY 5 0.004611
GEN 0 194.790000
TIEMPO 0 192.530000
GREEDY 0 0.002618
GREEDY 5 0.003737
GREEDY 10 0.023892
GEN 0 177.410000
GEN 0 177.220000
GEN 0 187.200000
TIEMPO 0 177.220000
TIEMPO 0 176.630000
TIEMPO 0 171.360000
GREEDY 0 0.006846
GREEDY 0 0.001322
GREEDY 5 0.007472
GREEDY 0 0.006085
GREEDY 5 0.006286
GREEDY 10 0.006340
GREEDY 0 0.002593
GREEDY 5 0.002842
GREEDY 0 0.003072
GREEDY 10 0.009095
GREEDY 5 0.003186
GREEDY 5 0.003447
GREEDY 10 0.013917
GREEDY 0 0.021224
GREEDY 5 0.036023
GREEDY 0 0.019736
GREEDY 5 0.031485
GREEDY 10 0.043106
GREEDY 10 0.030171
GREEDY 0 0.024856
GREEDY 5 0.032083
GREEDY 10 0.032145
GREEDY 5 0.029002
GREEDY 0 0.043540
GREEDY 5 0.040845
GREEDY 10 0.041762
GREEDY 5 0.055652
GREEDY 10 0.056534
GREEDY 10 0.064280
GREEDY 10 0.070379
GREEDY 5 0.085146
GEN 2500 122.920000
GREEDY 10 0.075960
GREEDY 5 0.084069
GREEDY 10 0.089490
GEN 2500 122.460000
GEN 2500 124.450000
GREEDY 10 0.093407
GEN 2500 127.780000
GREEDY 10 0.132230
GREEDY 5 0.126088
GEN 2500 118.450000
GREEDY 10 0.124648
GEN 2500 122.460000
GREEDY 5 0.132514
GREEDY 10 0.124329
GREEDY 10 0.171448
GEN 2500 118.450000
GREEDY 10 0.175550
GEN 5000 122.920000
GEN 5000 122.460000
GEN 5000 118.450000
GREEDY 10 0.213841
GEN 2500 122.920000
GEN 5000 118.450000
GREEDY 5 0.248994
GEN 5000 118.450000
GREEDY 10 0.250481
GEN 2500 118.450000
GEN 2500 118.450000
GEN 2500 118.450000
GEN 2500 118.450000
GEN 2500 118.450000
GEN 7500 118.450000
GEN 5000 122.460000
GEN 7500 122.460000
GEN 7500 118.450000
GEN 5000 118.450000
GEN 2500 127.620000
GEN 7500 118.450000
GEN 7500 118.450000
GEN 2500 121.180000
GEN 2500 118.450000
GEN 10000 118.450000
TIEMPO 0.400733 118.450000
GEN 7500 122.460000
GEN 2500 125.030000
GREEDY 10 0.395884
GEN 2500 118.450000
GEN 10000 122.460000
TIEMPO 0.394692 122.460000
GEN 2500 124.570000
GEN 10000 118.450000
TIEMPO 0.396755 118.450000
GEN 2500 122.460000
GEN 7500 118.450000
GEN 2500 121.180000
GEN 10000 118.450000
TIEMPO 0.442379 118.450000
GEN 10000 118.450000
TIEMPO 0.468583 118.450000
GEN 2500 127.780000
GEN 2500 118.450000
GEN 2500 118.450000
GEN 10000 122.460000
TIEMPO 0.502994 122.460000
GEN 5000 118.450000
GEN 5000 118.450000
GEN 5000 118.450000
GEN 5000 118.450000
GEN 10000 118.450000
TIEMPO 0.536281 118.450000
GEN 5000 121.180000
GEN 5000 122.460000
GEN 5000 118.450000
GEN 5000 118.450000
GEN 5000 122.460000
GEN 5000 121.180000
GEN 7500 118.450000
GEN 7500 118.450000
GEN 5000 118.450000
GEN 7500 118.450000
GEN 5000 125.030000
GEN 7500 118.450000
GEN 5000 124.570000
GREEDY 10 0.825419
GEN 5000 121.180000
GEN 5000 122.460000
GEN 7500 121.180000
GEN 5000 118.450000
GEN 5000 118.450000
GEN 7500 118.450000
GEN 7500 122.460000
GEN 7500 118.450000
GEN 7500 118.450000
TIEMPO 1 118.450000
TIEMPO 1 118.450000
TIEMPO 1 118.450000
TIEMPO 1 121.180000
TIEMPO 1 118.450000
TIEMPO 1 118.450000
TIEMPO 1 121.180000
TIEMPO 1 118.450000
TIEMPO 1 118.450000
TIEMPO 1 118.450000
TIEMPO 1 118.450000
TIEMPO 1 118.450000
TIEMPO 1 118.450000
GEN 10000 118.450000
TIEMPO 1.011126 118.450000
TIEMPO 1 125.030000
TIEMPO 1 122.460000
TIEMPO 1 124.570000
TIEMPO 1 118.450000
GEN 10000 118.450000
TIEMPO 1.023367 118.450000
GEN 10000 118.450000
TIEMPO 1.033300 118.450000
GEN 10000 118.450000
TIEMPO 1.030591 118.450000
GEN 7500 121.180000
GEN 7500 118.450000
GEN 7500 124.570000
GEN 7500 118.450000
GEN 7500 125.030000
GEN 10000 118.450000
TIEMPO 1.129605 118.450000
GEN 7500 118.450000
GEN 7500 118.450000
GEN 7500 118.450000
GEN 10000 122.460000
TIEMPO 1.140325 122.460000
GEN 10000 121.180000
TIEMPO 1.155089 121.180000
GEN 10000 118.450000
TIEMPO 1.175973 118.450000
GEN 10000 118.450000
TIEMPO 1.186957 118.450000
GEN 10000 118.450000
TIEMPO 1.212177 118.450000
GEN 10000 121.180000
TIEMPO 1.223254 121.180000
GEN 10000 125.030000
TIEMPO 1.221567 125.030000
GEN 10000 118.450000
TIEMPO 1.240356 118.450000
GEN 10000 118.450000
TIEMPO 1.262567 118.450000
GEN 10000 124.570000
TIEMPO 1.239302 124.570000
GEN 10000 118.450000
TIEMPO 1.244936 118.450000
GEN 10000 118.450000
TIEMPO 1.268486 118.450000

 Current State ---------------------------------------------
Solution:  6 8 1 4 0 7 9 0 0 5 3 2 10 0 0 0 0 0 0 Fitness: 118.45

 :( ---------------------- THE END --------------- :) 
