Dimension>19
Bandera>13
Fitness Greedy Costo>138.46
Solucion Greedy Costo>1 2 5 3 0 6 8 0 7 9 10 0 4 0 0 0 0 0 0 
Linea Vacia>
Matriz de Costos>
0 1.9 6.48 8.03 31.35 4.79 6.52 8.45 10.44 10.56 
3.93 0 5.9 7.45 32.38 7.38 9.82 12.49 13.69 14.57 
3.29 8.63 0 1.95 39.92 1.9 16.05 15.21 19.8 5.11 
4.09 9.6 0.3 0 40.92 2.18 16.99 16.14 20.73 6.06 
31.83 28.14 36.73 38.06 0 37.58 34.42 44.27 28.97 43.16 
1.34 3.29 3.27 4.05 35.27 0 10.86 10.03 14.7 7.8 
10.38 6.4 16.85 17.55 40.23 11.79 0 14.83 6.52 17.4 
9.03 12.99 17 15.74 42.78 9.53 18.65 0 23.93 4.77 
11.09 2.72 14.76 16.25 35.89 16.16 3.04 23.59 0 23.09 
12.95 18.24 8.76 8.43 48.51 8.65 22.93 5.45 28.93 0 
Dimension>19
Bandera>13
Fitness Greedy Costo>138.46
Solucion Greedy Costo>1 2 5 3 0 6 8 0 7 9 10 0 4 0 0 0 0 0 0 
Linea Vacia>
Matriz de Costos>
0 1.9 6.48 8.03 31.35 4.79 6.52 8.45 10.44 10.56 
3.93 0 5.9 7.45 32.38 7.38 9.82 12.49 13.69 14.57 
3.29 8.63 0 1.95 39.92 1.9 16.05 15.21 19.8 5.11 
4.09 9.6 0.3 0 40.92 2.18 16.99 16.14 20.73 6.06 
31.83 28.14 36.73 38.06 0 37.58 34.42 44.27 28.97 43.16 
1.34 3.29 3.27 4.05 35.27 0 10.86 10.03 14.7 7.8 
10.38 6.4 16.85 17.55 40.23 11.79 0 14.83 6.52 17.4 
9.03 12.99 17 15.74 42.78 9.53 18.65 0 23.93 4.77 
11.09 2.72 14.76 16.25 35.89 16.16 3.04 23.59 0 23.09 
12.95 18.24 8.76 8.43 48.51 8.65 22.93 5.45 28.93 0 
Dimension>19
Bandera>13
Fitness Greedy Costo>138.46
Solucion Greedy Costo>1 2 5 3 0 6 8 0 7 9 10 0 4 0 0 0 0 0 0 
Linea Vacia>
Matriz de Costos>
0 1.9 6.48 8.03 31.35 4.79 6.52 8.45 10.44 10.56 
3.93 0 5.9 7.45 32.38 7.38 9.82 12.49 13.69 14.57 
3.29 8.63 0 1.95 39.92 1.9 16.05 15.21 19.8 5.11 
4.09 9.6 0.3 0 40.92 2.18 16.99 16.14 20.73 6.06 
31.83 28.14 36.73 38.06 0 37.58 34.42 44.27 28.97 43.16 
1.34 3.29 3.27 4.05 35.27 0 10.86 10.03 14.7 7.8 
10.38 6.4 16.85 17.55 40.23 11.79 0 14.83 6.52 17.4 
9.03 12.99 17 15.74 42.78 9.53 18.65 0 23.93 4.77 
11.09 2.72 14.76 16.25 35.89 16.16 3.04 23.59 0 23.09 
12.95 18.24 8.76 8.43 48.51 8.65 22.93 5.45 28.93 0 
Dimension>19
Bandera>13
Fitness Greedy Costo>138.46
Solucion Greedy Costo>1 2 5 3 0 6 8 0 7 9 10 0 4 0 0 0 0 0 0 
Linea Vacia>
Matriz de Costos>
0 1.9 6.48 8.03 31.35 4.79 6.52 8.45 10.44 10.56 
3.93 0 5.9 7.45 32.38 7.38 9.82 12.49 13.69 14.57 
Dimension>19
Bandera>13
Dimension>19
Bandera>13
Fitness Greedy Costo>138.46
Solucion Greedy Costo>1 2 5 3 0 6 8 0 7 9 10 0 4 0 0 0 0 0 0 
Linea Vacia>
3.29 8.63 0 1.95 39.92 1.9 16.05 15.21 19.8 5.11 
4.09 9.6 0.3 0 40.92 2.18 16.99 16.14 20.73 6.06 
31.83 28.14 36.73 38.06 0 37.58 34.42 44.27 28.97 43.16 
Fitness Greedy Costo>138.46
Solucion Greedy Costo>1 2 5 3 0 6 8 0 7 9 10 0 4 0 0 0 0 0 0 
Linea Vacia>
1.34 3.29 3.27 4.05 35.27 0 10.86 10.03 14.7 7.8 
10.38 6.4 16.85 17.55 40.23 11.79 0 14.83 6.52 17.4 
9.03 12.99 17 15.74 42.78 9.53 18.65 0 23.93 4.77 
11.09 2.72 14.76 16.25 35.89 16.16 3.04 23.59 0 23.09 
12.95 18.24 8.76 8.43 48.51 8.65 22.93 5.45 28.93 0 
Matriz de Costos>
0 1.9 6.48 8.03 31.35 4.79 6.52 8.45 10.44 10.56 
3.93 0 5.9 7.45 32.38 7.38 9.82 12.49 13.69 14.57 
3.29 8.63 0 1.95 39.92 1.9 16.05 15.21 19.8 5.11 
Matriz de Costos>
0 1.9 6.48 8.03 31.35 4.79 6.52 8.45 10.44 10.56 
3.93 0 5.9 7.45 32.38 7.38 9.82 12.49 13.69 14.57 
3.29 8.63 0 1.95 39.92 1.9 16.05 15.21 19.8 5.11 
4.09 9.6 0.3 0 40.92 2.18 16.99 16.14 20.73 6.06 
31.83 28.14 36.73 38.06 0 37.58 34.42 44.27 28.97 43.16 
4.09 9.6 0.3 0 40.92 2.18 16.99 16.14 20.73 6.06 
31.83 28.14 36.73 38.06 0 37.58 34.42 44.27 28.97 43.16 
1.34 3.29 3.27 4.05 35.27 0 10.86 10.03 14.7 7.8 
10.38 6.4 16.85 17.55 40.23 11.79 0 14.83 6.52 17.4 
1.34 3.29 3.27 4.05 35.27 0 10.86 10.03 14.7 7.8 
10.38 6.4 16.85 17.55 40.23 11.79 0 14.83 6.52 17.4 
9.03 12.99 17 15.74 42.78 9.53 18.65 0 23.93 4.77 
9.03 12.99 17 15.74 42.78 9.53 18.65 0 23.93 4.77 
11.09 2.72 14.76 16.25 35.89 16.16 3.04 23.59 0 23.09 
12.95 18.24 8.76 8.43 48.51 8.65 22.93 5.45 28.93 0 
11.09 2.72 14.76 16.25 35.89 16.16 3.04 23.59 0 23.09 
12.95 18.24 8.76 8.43 48.51 8.65 22.93 5.45 28.93 0 
Dimension>19
Bandera>13
Fitness Greedy Costo>138.46
Solucion Greedy Costo>1 2 5 3 0 6 8 0 7 9 10 0 4 0 0 0 0 0 0 
Linea Vacia>
Dimension>19
Bandera>13
Fitness Greedy Costo>138.46
Matriz de Costos>
0 1.9 6.48 8.03 31.35 4.79 6.52 8.45 10.44 10.56 
3.93 0 5.9 7.45 32.38 7.38 9.82 12.49 13.69 14.57 
3.29 8.63 0 1.95 39.92 1.9 16.05 15.21 19.8 5.11 
Solucion Greedy Costo>1 2 5 3 0 6 8 0 7 9 10 0 4 0 0 0 0 0 0 
Linea Vacia>
4.09 9.6 0.3 0 40.92 2.18 16.99 16.14 20.73 6.06 
31.83 28.14 36.73 38.06 0 37.58 34.42 44.27 28.97 43.16 
1.34 3.29 3.27 4.05 35.27 0 10.86 10.03 14.7 7.8 
10.38 6.4 16.85 17.55 40.23 11.79 0 14.83 6.52 17.4 
9.03 12.99 17 15.74 42.78 9.53 18.65 0 23.93 4.77 
Matriz de Costos>
11.09 2.72 14.76 16.25 35.89 16.16 3.04 23.59 0 23.09 
0 1.9 6.48 8.03 31.35 4.79 6.52 8.45 10.44 10.56 
12.95 18.24 8.76 8.43 48.51 8.65 22.93 5.45 28.93 0 
3.93 0 5.9 7.45 32.38 7.38 9.82 12.49 13.69 14.57 
Dimension>19
3.29 8.63 0 1.95 39.92 1.9 16.05 15.21 19.8 5.11 
4.09 9.6 0.3 0 40.92 2.18 16.99 16.14 20.73 6.06 
Bandera>13
Fitness Greedy Costo>138.46
31.83 28.14 36.73 38.06 0 37.58 34.42 44.27 28.97 43.16 
1.34 3.29 3.27 4.05 35.27 0 10.86 10.03 14.7 7.8 
Solucion Greedy Costo>1 2 5 3 0 6 8 0 7 9 10 0 4 0 0 0 0 0 0 
Linea Vacia>
10.38 6.4 16.85 17.55 40.23 11.79 0 14.83 6.52 17.4 
9.03 12.99 17 15.74 42.78 9.53 18.65 0 23.93 4.77 
Dimension>19
11.09 2.72 14.76 16.25 35.89 16.16 3.04 23.59 0 23.09 
Bandera>13
Fitness Greedy Costo>138.46
12.95 18.24 8.76 8.43 48.51 8.65 22.93 5.45 28.93 0 
Solucion Greedy Costo>1 2 5 3 0 6 8 0 7 9 10 0 4 0 0 0 0 0 0 
Linea Vacia>
Matriz de Costos>
0 1.9 6.48 8.03 31.35 4.79 6.52 8.45 10.44 10.56 
3.93 0 5.9 7.45 32.38 7.38 9.82 12.49 13.69 14.57 
3.29 8.63 0 1.95 39.92 1.9 16.05 15.21 19.8 5.11 
4.09 9.6 0.3 0 40.92 2.18 16.99 16.14 20.73 6.06 
Matriz de Costos>
0 1.9 6.48 8.03 31.35 4.79 6.52 8.45 10.44 10.56 
3.93 0 5.9 7.45 32.38 7.38 9.82 12.49 13.69 14.57 
3.29 8.63 0 1.95 39.92 1.9 16.05 15.21 19.8 5.11 
4.09 9.6 0.3 0 40.92 2.18 16.99 16.14 20.73 6.06 
31.83 28.14 36.73 38.06 0 37.58 34.42 44.27 28.97 43.16 
Dimension>19
Dimension>19
31.83 28.14 36.73 38.06 0 37.58 34.42 44.27 28.97 43.16 
1.34 3.29 3.27 4.05 35.27 0 10.86 10.03 14.7 7.8 
10.38 6.4 16.85 17.55 40.23 11.79 0 14.83 6.52 17.4 
1.34 3.29 3.27 4.05 35.27 0 10.86 10.03 14.7 7.8 
9.03 12.99 17 15.74 42.78 9.53 18.65 0 23.93 4.77 
11.09 2.72 14.76 16.25 35.89 16.16 3.04 23.59 0 23.09 
Bandera>13
Fitness Greedy Costo>138.46
Solucion Greedy Costo>1 2 5 3 0 6 8 0 7 9 10 0 4 0 0 0 0 0 0 
Linea Vacia>
10.38 6.4 16.85 17.55 40.23 11.79 0 14.83 6.52 17.4 
12.95 18.24 8.76 8.43 48.51 8.65 22.93 5.45 28.93 0 
Bandera>13
Fitness Greedy Costo>138.46
9.03 12.99 17 15.74 42.78 9.53 18.65 0 23.93 4.77 
11.09 2.72 14.76 16.25 35.89 16.16 3.04 23.59 0 23.09 
Solucion Greedy Costo>1 2 5 3 0 6 8 0 7 9 10 0 4 0 0 0 0 0 0 
Linea Vacia>
Matriz de Costos>
0 1.9 6.48 8.03 31.35 4.79 6.52 8.45 10.44 10.56 
3.93 0 5.9 7.45 32.38 7.38 9.82 12.49 13.69 14.57 
12.95 18.24 8.76 8.43 48.51 8.65 22.93 5.45 28.93 0 
3.29 8.63 0 1.95 39.92 1.9 16.05 15.21 19.8 5.11 
4.09 9.6 0.3 0 40.92 2.18 16.99 16.14 20.73 6.06 
31.83 28.14 36.73 38.06 0 37.58 34.42 44.27 28.97 43.16 
1.34 3.29 3.27 4.05 35.27 0 10.86 10.03 14.7 7.8 
10.38 6.4 16.85 17.55 40.23 11.79 0 14.83 6.52 17.4 
9.03 12.99 17 15.74 42.78 9.53 18.65 0 23.93 4.77 
Matriz de Costos>
11.09 2.72 14.76 16.25 35.89 16.16 3.04 23.59 0 23.09 
12.95 18.24 8.76 8.43 48.51 8.65 22.93 5.45 28.93 0 
0 1.9 6.48 8.03 31.35 4.79 6.52 8.45 10.44 10.56 
3.93 0 5.9 7.45 32.38 7.38 9.82 12.49 13.69 14.57 
3.29 8.63 0 1.95 39.92 1.9 16.05 15.21 19.8 5.11 
4.09 9.6 0.3 0 40.92 2.18 16.99 16.14 20.73 6.06 
31.83 28.14 36.73 38.06 0 37.58 34.42 44.27 28.97 43.16 
1.34 3.29 3.27 4.05 35.27 0 10.86 10.03 14.7 7.8 
10.38 6.4 16.85 17.55 40.23 11.79 0 14.83 6.52 17.4 
9.03 12.99 17 15.74 42.78 9.53 18.65 0 23.93 4.77 
11.09 2.72 14.76 16.25 35.89 16.16 3.04 23.59 0 23.09 
12.95 18.24 8.76 8.43 48.51 8.65 22.93 5.45 28.93 0 
Dimension>19
Dimension>19
Bandera>13
Fitness Greedy Costo>138.46
Solucion Greedy Costo>1 2 5 3 0 6 8 0 7 9 10 0 4 0 0 0 0 0 0 
Linea Vacia>
Dimension>19
Bandera>13
Fitness Greedy Costo>138.46
Solucion Greedy Costo>1 2 5 3 0 6 8 0 7 9 10 0 4 0 0 0 0 0 0 
Linea Vacia>
Dimension>19
Bandera>13
Fitness Greedy Costo>138.46
Solucion Greedy Costo>1 2 5 3 0 6 8 0 7 9 10 0 4 0 0 0 0 0 0 
Linea Vacia>
Bandera>13
Fitness Greedy Costo>138.46
Solucion Greedy Costo>1 2 5 3 0 6 8 0 7 9 10 0 4 0 0 0 0 0 0 
Linea Vacia>
Matriz de Costos>
0 1.9 6.48 8.03 31.35 4.79 6.52 8.45 10.44 10.56 
3.93 0 5.9 7.45 32.38 7.38 9.82 12.49 13.69 14.57 
Matriz de Costos>
0 1.9 6.48 8.03 31.35 4.79 6.52 8.45 10.44 10.56 
3.93 0 5.9 7.45 32.38 7.38 9.82 12.49 13.69 14.57 
3.29 8.63 0 1.95 39.92 1.9 16.05 15.21 19.8 5.11 
4.09 9.6 0.3 0 40.92 2.18 16.99 16.14 20.73 6.06 
Matriz de Costos>
0 1.9 6.48 8.03 31.35 4.79 6.52 8.45 10.44 10.56 
3.93 0 5.9 7.45 32.38 7.38 9.82 12.49 13.69 14.57 
3.29 8.63 0 1.95 39.92 1.9 16.05 15.21 19.8 5.11 
3.29 8.63 0 1.95 39.92 1.9 16.05 15.21 19.8 5.11 
4.09 9.6 0.3 0 40.92 2.18 16.99 16.14 20.73 6.06 
31.83 28.14 36.73 38.06 0 37.58 34.42 44.27 28.97 43.16 
31.83 28.14 36.73 38.06 0 37.58 34.42 44.27 28.97 43.16 
1.34 3.29 3.27 4.05 35.27 0 10.86 10.03 14.7 7.8 
10.38 6.4 16.85 17.55 40.23 11.79 0 14.83 6.52 17.4 
4.09 9.6 0.3 0 40.92 2.18 16.99 16.14 20.73 6.06 
31.83 28.14 36.73 38.06 0 37.58 34.42 44.27 28.97 43.16 
1.34 3.29 3.27 4.05 35.27 0 10.86 10.03 14.7 7.8 
10.38 6.4 16.85 17.55 40.23 11.79 0 14.83 6.52 17.4 
Matriz de Costos>
0 1.9 6.48 8.03 31.35 4.79 6.52 8.45 10.44 10.56 
3.93 0 5.9 7.45 32.38 7.38 9.82 12.49 13.69 14.57 
1.34 3.29 3.27 4.05 35.27 0 10.86 10.03 14.7 7.8 
10.38 6.4 16.85 17.55 40.23 11.79 0 14.83 6.52 17.4 
9.03 12.99 17 15.74 42.78 9.53 18.65 0 23.93 4.77 
11.09 2.72 14.76 16.25 35.89 16.16 3.04 23.59 0 23.09 
12.95 18.24 8.76 8.43 48.51 8.65 22.93 5.45 28.93 0 
3.29 8.63 0 1.95 39.92 1.9 16.05 15.21 19.8 5.11 
9.03 12.99 17 15.74 42.78 9.53 18.65 0 23.93 4.77 
11.09 2.72 14.76 16.25 35.89 16.16 3.04 23.59 0 23.09 
9.03 12.99 17 15.74 42.78 9.53 18.65 0 23.93 4.77 
11.09 2.72 14.76 16.25 35.89 16.16 3.04 23.59 0 23.09 
12.95 18.24 8.76 8.43 48.51 8.65 22.93 5.45 28.93 0 
4.09 9.6 0.3 0 40.92 2.18 16.99 16.14 20.73 6.06 
31.83 28.14 36.73 38.06 0 37.58 34.42 44.27 28.97 43.16 
12.95 18.24 8.76 8.43 48.51 8.65 22.93 5.45 28.93 0 
Dimension>19
1.34 3.29 3.27 4.05 35.27 0 10.86 10.03 14.7 7.8 
10.38 6.4 16.85 17.55 40.23 11.79 0 14.83 6.52 17.4 
Bandera>13
Fitness Greedy Costo>138.46
Solucion Greedy Costo>1 2 5 3 0 6 8 0 7 9 10 0 4 0 0 0 0 0 0 
Linea Vacia>
9.03 12.99 17 15.74 42.78 9.53 18.65 0 23.93 4.77 
11.09 2.72 14.76 16.25 35.89 16.16 3.04 23.59 0 23.09 
12.95 18.24 8.76 8.43 48.51 8.65 22.93 5.45 28.93 0 
Dimension>19
Matriz de Costos>
0 1.9 6.48 8.03 31.35 4.79 6.52 8.45 10.44 10.56 
3.93 0 5.9 7.45 32.38 7.38 9.82 12.49 13.69 14.57 
Dimension>19
Bandera>13
Fitness Greedy Costo>138.46
Solucion Greedy Costo>1 2 5 3 0 6 8 0 7 9 10 0 4 0 0 0 0 0 0 
Linea Vacia>
3.29 8.63 0 1.95 39.92 1.9 16.05 15.21 19.8 5.11 
4.09 9.6 0.3 0 40.92 2.18 16.99 16.14 20.73 6.06 
31.83 28.14 36.73 38.06 0 37.58 34.42 44.27 28.97 43.16 
1.34 3.29 3.27 4.05 35.27 0 10.86 10.03 14.7 7.8 
Bandera>13
Fitness Greedy Costo>138.46
Solucion Greedy Costo>1 2 5 3 0 6 8 0 7 9 10 0 4 0 0 0 0 0 0 
Linea Vacia>
10.38 6.4 16.85 17.55 40.23 11.79 0 14.83 6.52 17.4 
9.03 12.99 17 15.74 42.78 9.53 18.65 0 23.93 4.77 
11.09 2.72 14.76 16.25 35.89 16.16 3.04 23.59 0 23.09 
Matriz de Costos>
0 1.9 6.48 8.03 31.35 4.79 6.52 8.45 10.44 10.56 
12.95 18.24 8.76 8.43 48.51 8.65 22.93 5.45 28.93 0 
3.93 0 5.9 7.45 32.38 7.38 9.82 12.49 13.69 14.57 
3.29 8.63 0 1.95 39.92 1.9 16.05 15.21 19.8 5.11 
4.09 9.6 0.3 0 40.92 2.18 16.99 16.14 20.73 6.06 
31.83 28.14 36.73 38.06 0 37.58 34.42 44.27 28.97 43.16 
1.34 3.29 3.27 4.05 35.27 0 10.86 10.03 14.7 7.8 
10.38 6.4 16.85 17.55 40.23 11.79 0 14.83 6.52 17.4 
Matriz de Costos>
0 1.9 6.48 8.03 31.35 4.79 6.52 8.45 10.44 10.56 
3.93 0 5.9 7.45 32.38 7.38 9.82 12.49 13.69 14.57 
3.29 8.63 0 1.95 39.92 1.9 16.05 15.21 19.8 5.11 
4.09 9.6 0.3 0 40.92 2.18 16.99 16.14 20.73 6.06 
31.83 28.14 36.73 38.06 0 37.58 34.42 44.27 28.97 43.16 
9.03 12.99 17 15.74 42.78 9.53 18.65 0 23.93 4.77 
11.09 2.72 14.76 16.25 35.89 16.16 3.04 23.59 0 23.09 
12.95 18.24 8.76 8.43 48.51 8.65 22.93 5.45 28.93 0 
Dimension>19
Bandera>13
1.34 3.29 3.27 4.05 35.27 0 10.86 10.03 14.7 7.8 
10.38 6.4 16.85 17.55 40.23 11.79 0 14.83 6.52 17.4 
9.03 12.99 17 15.74 42.78 9.53 18.65 0 23.93 4.77 
Fitness Greedy Costo>138.46
Solucion Greedy Costo>1 2 5 3 0 6 8 0 7 9 10 0 4 0 0 0 0 0 0 
Linea Vacia>
11.09 2.72 14.76 16.25 35.89 16.16 3.04 23.59 0 23.09 
12.95 18.24 8.76 8.43 48.51 8.65 22.93 5.45 28.93 0 
Dimension>19
Bandera>13
Fitness Greedy Costo>138.46
Solucion Greedy Costo>1 2 5 3 0 6 8 0 7 9 10 0 4 0 0 0 0 0 0 
Linea Vacia>
Matriz de Costos>
0 1.9 6.48 8.03 31.35 4.79 6.52 8.45 10.44 10.56 
3.93 0 5.9 7.45 32.38 7.38 9.82 12.49 13.69 14.57 
3.29 8.63 0 1.95 39.92 1.9 16.05 15.21 19.8 5.11 
4.09 9.6 0.3 0 40.92 2.18 16.99 16.14 20.73 6.06 
Matriz de Costos>
0 1.9 6.48 8.03 31.35 4.79 6.52 8.45 10.44 10.56 
3.93 0 5.9 7.45 32.38 7.38 9.82 12.49 13.69 14.57 
3.29 8.63 0 1.95 39.92 1.9 16.05 15.21 19.8 5.11 
4.09 9.6 0.3 0 40.92 2.18 16.99 16.14 20.73 6.06 
Dimension>19
Bandera>13
Fitness Greedy Costo>138.46
Solucion Greedy Costo>1 2 5 3 0 6 8 0 7 9 10 0 4 0 0 0 0 0 0 
Linea Vacia>
31.83 28.14 36.73 38.06 0 37.58 34.42 44.27 28.97 43.16 
1.34 3.29 3.27 4.05 35.27 0 10.86 10.03 14.7 7.8 
10.38 6.4 16.85 17.55 40.23 11.79 0 14.83 6.52 17.4 
9.03 12.99 17 15.74 42.78 9.53 18.65 0 23.93 4.77 
31.83 28.14 36.73 38.06 0 37.58 34.42 44.27 28.97 43.16 
1.34 3.29 3.27 4.05 35.27 0 10.86 10.03 14.7 7.8 
10.38 6.4 16.85 17.55 40.23 11.79 0 14.83 6.52 17.4 
9.03 12.99 17 15.74 42.78 9.53 18.65 0 23.93 4.77 
11.09 2.72 14.76 16.25 35.89 16.16 3.04 23.59 0 23.09 
Matriz de Costos>
0 1.9 6.48 8.03 31.35 4.79 6.52 8.45 10.44 10.56 
3.93 0 5.9 7.45 32.38 7.38 9.82 12.49 13.69 14.57 
3.29 8.63 0 1.95 39.92 1.9 16.05 15.21 19.8 5.11 
4.09 9.6 0.3 0 40.92 2.18 16.99 16.14 20.73 6.06 
31.83 28.14 36.73 38.06 0 37.58 34.42 44.27 28.97 43.16 
11.09 2.72 14.76 16.25 35.89 16.16 3.04 23.59 0 23.09 
12.95 18.24 8.76 8.43 48.51 8.65 22.93 5.45 28.93 0 
Dimension>19
Bandera>13
Fitness Greedy Costo>138.46
12.95 18.24 8.76 8.43 48.51 8.65 22.93 5.45 28.93 0 
1.34 3.29 3.27 4.05 35.27 0 10.86 10.03 14.7 7.8 
10.38 6.4 16.85 17.55 40.23 11.79 0 14.83 6.52 17.4 
9.03 12.99 17 15.74 42.78 9.53 18.65 0 23.93 4.77 
11.09 2.72 14.76 16.25 35.89 16.16 3.04 23.59 0 23.09 
12.95 18.24 8.76 8.43 48.51 8.65 22.93 5.45 28.93 0 
Solucion Greedy Costo>1 2 5 3 0 6 8 0 7 9 10 0 4 0 0 0 0 0 0 
Linea Vacia>
Matriz de Costos>
0 1.9 6.48 8.03 31.35 4.79 6.52 8.45 10.44 10.56 
3.93 0 5.9 7.45 32.38 7.38 9.82 12.49 13.69 14.57 
3.29 8.63 0 1.95 39.92 1.9 16.05 15.21 19.8 5.11 
4.09 9.6 0.3 0 40.92 2.18 16.99 16.14 20.73 6.06 
31.83 28.14 36.73 38.06 0 37.58 34.42 44.27 28.97 43.16 
1.34 3.29 3.27 4.05 35.27 0 10.86 10.03 14.7 7.8 
10.38 6.4 16.85 17.55 40.23 11.79 0 14.83 6.52 17.4 
9.03 12.99 17 15.74 42.78 9.53 18.65 0 23.93 4.77 
11.09 2.72 14.76 16.25 35.89 16.16 3.04 23.59 0 23.09 
12.95 18.24 8.76 8.43 48.51 8.65 22.93 5.45 28.93 0 
Dimension>19
Bandera>13
Fitness Greedy Costo>138.46
Solucion Greedy Costo>1 2 5 3 0 6 8 0 7 9 10 0 4 0 0 0 0 0 0 
Linea Vacia>
Matriz de Costos>
0 1.9 6.48 8.03 31.35 4.79 6.52 8.45 10.44 10.56 
3.93 0 5.9 7.45 32.38 7.38 9.82 12.49 13.69 14.57 
3.29 8.63 0 1.95 39.92 1.9 16.05 15.21 19.8 5.11 
4.09 9.6 0.3 0 40.92 2.18 16.99 16.14 20.73 6.06 
31.83 28.14 36.73 38.06 0 37.58 34.42 44.27 28.97 43.16 
1.34 3.29 3.27 4.05 35.27 0 10.86 10.03 14.7 7.8 
10.38 6.4 16.85 17.55 40.23 11.79 0 14.83 6.52 17.4 
9.03 12.99 17 15.74 42.78 9.53 18.65 0 23.93 4.77 
11.09 2.72 14.76 16.25 35.89 16.16 3.04 23.59 0 23.09 
12.95 18.24 8.76 8.43 48.51 8.65 22.93 5.45 28.93 0 
Dimension>19
Bandera>13
Fitness Greedy Costo>138.46
Solucion Greedy Costo>1 2 5 3 0 6 8 0 7 9 10 0 4 0 0 0 0 0 0 
Linea Vacia>
Matriz de Costos>
0 1.9 6.48 8.03 31.35 4.79 6.52 8.45 10.44 10.56 
3.93 0 5.9 7.45 32.38 7.38 9.82 12.49 13.69 14.57 
3.29 8.63 0 1.95 39.92 1.9 16.05 15.21 19.8 5.11 
4.09 9.6 0.3 0 40.92 2.18 16.99 16.14 20.73 6.06 
31.83 28.14 36.73 38.06 0 37.58 34.42 44.27 28.97 43.16 
1.34 3.29 3.27 4.05 35.27 0 10.86 10.03 14.7 7.8 
10.38 6.4 16.85 17.55 40.23 11.79 0 14.83 6.52 17.4 
9.03 12.99 17 15.74 42.78 9.53 18.65 0 23.93 4.77 
11.09 2.72 14.76 16.25 35.89 16.16 3.04 23.59 0 23.09 
12.95 18.24 8.76 8.43 48.51 8.65 22.93 5.45 28.93 0 
GEN 0 191.860000
GEN 0 180.620000
GEN 0 199.260000
TIEMPO 0 186.850000
GEN 0 194.790000
TIEMPO 0 192.530000
TIEMPO 0 172.770000
TIEMPO 0 186.520000
GREEDY 0 0.000845
GREEDY 0 0.004457
GEN 0 180.950000
TIEMPO 0 180.950000
GEN 0 177.050000
TIEMPO 0 176.470000
GEN 0 152.630000
TIEMPO 0 152.630000
GREEDY 0 0.000281
GREEDY 0 0.003332
GREEDY 0 0.008563
GEN 0 184.310000
GREEDY 5 0.008873
TIEMPO 0 184.310000
GREEDY 10 0.008959
GREEDY 5 0.004627
GREEDY 0 0.009686
GREEDY 0 0.003529
GEN 0 189.410000
GEN 0 177.220000
TIEMPO 0 184.790000
GEN 0 198.440000
TIEMPO 0 177.220000
TIEMPO 0 198.440000
GREEDY 5 0.015262
GEN 0 180.770000
TIEMPO 0 164.460000
GREEDY 0 0.002288
GREEDY 0 0.002618
GEN 0 167.970000
TIEMPO 0 167.970000
GREEDY 0 0.009449
GEN 0 183.470000
TIEMPO 0 183.470000
GREEDY 5 0.005945
GEN 0 159.800000
GREEDY 0 0.002243
TIEMPO 0 159.800000
GEN 0 183.820000
TIEMPO 0 173.280000
GEN 0 176.240000
TIEMPO 0 174.840000
GREEDY 5 0.022606
GREEDY 0 0.006247
GREEDY 5 0.023359
GREEDY 0 0.002609
GREEDY 5 0.002873
GREEDY 0 0.002252
GREEDY 5 0.002594
GREEDY 0 0.003011
GEN 0 180.620000
TIEMPO 0 164.680000
GEN 0 177.410000
GEN 0 170.770000
TIEMPO 0 170.770000
TIEMPO 0 176.630000
GREEDY 5 0.021028
GEN 0 158.970000
TIEMPO 0 158.970000
GREEDY 5 0.014121
GREEDY 0 0.003679
GREEDY 0 0.005391
GREEDY 5 0.005573
GREEDY 10 0.034042
GREEDY 0 0.020545
GEN 0 176.970000
TIEMPO 0 176.970000
GEN 0 162.470000
TIEMPO 0 162.470000
GREEDY 0 0.024940
GEN 0 180.160000
TIEMPO 0 175.450000
GREEDY 0 0.001513
GREEDY 10 0.027100
GREEDY 0 0.025133
GREEDY 5 0.025650
GREEDY 5 0.039979
GREEDY 5 0.045674
GREEDY 5 0.042249
GREEDY 10 0.057321
GREEDY 0 0.025078
GREEDY 5 0.064241
GREEDY 10 0.050541
GREEDY 5 0.067704
GREEDY 0 0.050456
GREEDY 5 0.050564
GREEDY 5 0.051319
GREEDY 10 0.085164
GREEDY 10 0.073320
GREEDY 10 0.086581
GREEDY 10 0.091181
GREEDY 0 0.079208
GREEDY 5 0.079279
GREEDY 10 0.076436
GREEDY 10 0.126833
GREEDY 10 0.103970
GREEDY 10 0.101713
GREEDY 10 0.131167
GEN 2500 125.030000
GREEDY 5 0.144220
GREEDY 5 0.141778
GREEDY 10 0.141842
GEN 2500 118.450000
GEN 2500 118.450000
GREEDY 10 0.145059
GREEDY 5 0.152627
GREEDY 10 0.182869
GREEDY 10 0.185934
GREEDY 10 0.167661
GEN 2500 127.780000
GEN 2500 122.920000
GEN 2500 118.450000
GREEDY 10 0.236099
GEN 2500 122.920000
GREEDY 5 0.260529
GEN 5000 118.450000
GREEDY 10 0.274234
GEN 5000 125.030000
GEN 5000 118.450000
GEN 2500 122.950000
GEN 2500 118.450000
GEN 2500 118.450000
GEN 2500 124.450000
GEN 7500 118.450000
GEN 2500 122.460000
GEN 2500 127.620000
GEN 2500 118.450000
GEN 2500 121.180000
GEN 2500 127.780000
GEN 2500 121.180000
GEN 2500 118.450000
GEN 2500 118.450000
GEN 2500 118.450000
GEN 2500 118.450000
GEN 2500 122.460000
GEN 2500 121.180000
GEN 2500 124.570000
GEN 5000 118.450000
GEN 5000 122.920000
GEN 5000 118.450000
GEN 5000 121.180000
GEN 5000 118.450000
GREEDY 10 0.470919
GEN 7500 125.030000
GEN 10000 118.450000
TIEMPO 0.488991 118.450000
GEN 7500 118.450000
GREEDY 10 0.489876
GEN 5000 122.460000
GEN 5000 118.450000
GEN 5000 122.460000
GEN 5000 118.450000
GEN 5000 118.450000
GEN 5000 118.450000
GEN 5000 118.450000
GEN 5000 118.450000
GEN 5000 118.450000
GEN 5000 121.180000
GEN 7500 118.450000
GEN 5000 118.450000
GEN 5000 124.570000
GEN 5000 121.180000
GEN 7500 118.450000
GEN 5000 122.460000
GEN 7500 118.450000
GEN 10000 118.450000
TIEMPO 0.593518 118.450000
GEN 7500 118.450000
GEN 7500 122.460000
GEN 5000 122.460000
GEN 7500 118.450000
GEN 5000 118.450000
GEN 7500 118.450000
GEN 7500 118.450000
GEN 7500 118.450000
GEN 7500 121.180000
GEN 7500 118.450000
GEN 7500 118.450000
GEN 10000 118.450000
TIEMPO 0.631274 118.450000
GEN 10000 118.450000
TIEMPO 0.645689 118.450000
GEN 7500 118.450000
GEN 7500 118.450000
GEN 10000 125.030000
TIEMPO 0.682869 125.030000
GEN 7500 124.570000
GEN 7500 118.450000
GEN 10000 118.450000
TIEMPO 0.683888 118.450000
GEN 7500 122.460000
GEN 10000 122.460000
TIEMPO 0.702424 122.460000
GEN 10000 118.450000
TIEMPO 0.670600 118.450000
GEN 10000 118.450000
TIEMPO 0.705739 118.450000
GEN 10000 118.450000
TIEMPO 0.700561 118.450000
GEN 10000 118.450000
TIEMPO 0.711864 118.450000
GEN 7500 118.450000
GEN 7500 118.450000
GEN 10000 118.450000
TIEMPO 0.740875 118.450000
GEN 10000 118.450000
TIEMPO 0.750495 118.450000
GEN 10000 121.180000
TIEMPO 0.767876 121.180000
GEN 10000 118.450000
TIEMPO 0.791153 118.450000
GEN 10000 118.450000
TIEMPO 0.772321 118.450000
GEN 10000 122.460000
TIEMPO 0.763050 122.460000
GEN 10000 124.570000
TIEMPO 0.790719 124.570000
GEN 10000 118.450000
TIEMPO 0.795254 118.450000
GEN 7500 121.180000
GEN 10000 118.450000
TIEMPO 0.848526 118.450000
GEN 7500 118.450000
GEN 10000 118.450000
TIEMPO 0.842554 118.450000
GEN 10000 118.450000
TIEMPO 0.864114 118.450000
TIEMPO 1 121.180000
TIEMPO 1 118.450000
GEN 10000 118.450000
TIEMPO 1.071661 118.450000
GEN 10000 121.180000
TIEMPO 1.144736 121.180000

 Current State ---------------------------------------------
Solution:  6 8 1 4 0 7 9 0 0 5 3 2 10 0 0 0 0 0 0 Fitness: 118.45

 :( ---------------------- THE END --------------- :) 
