Dimension>19
Bandera>13
Fitness Greedy Costo>138.46
Solucion Greedy Costo>1 2 5 3 0 6 8 0 7 9 10 0 4 0 0 0 0 0 0 
Linea Vacia>
Matriz de Costos>
0 1.9 6.48 8.03 31.35 4.79 6.52 8.45 10.44 10.56 
3.93 0 5.9 7.45 32.38 7.38 9.82 12.49 13.69 14.57 
3.29 8.63 0 1.95 39.92 1.9 16.05 15.21 19.8 5.11 
4.09 9.6 0.3 0 40.92 2.18 16.99 16.14 20.73 6.06 
31.83 28.14 36.73 38.06 0 37.58 34.42 44.27 28.97 43.16 
1.34 3.29 3.27 4.05 35.27 0 10.86 10.03 14.7 7.8 
10.38 6.4 16.85 17.55 40.23 11.79 0 14.83 6.52 17.4 
9.03 12.99 17 15.74 42.78 9.53 18.65 0 23.93 4.77 
11.09 2.72 14.76 16.25 35.89 16.16 3.04 23.59 0 23.09 
12.95 18.24 8.76 8.43 48.51 8.65 22.93 5.45 28.93 0 
Dimension>19
Bandera>13
Fitness Greedy Costo>138.46
Solucion Greedy Costo>1 2 5 3 0 6 8 0 7 9 10 0 4 0 0 0 0 0 0 
Linea Vacia>
Matriz de Costos>
0 1.9 6.48 8.03 31.35 4.79 6.52 8.45 10.44 10.56 
3.93 0 5.9 7.45 32.38 7.38 9.82 12.49 13.69 14.57 
3.29 8.63 0 1.95 39.92 1.9 16.05 15.21 19.8 5.11 
4.09 9.6 0.3 0 40.92 2.18 16.99 16.14 20.73 6.06 
31.83 28.14 36.73 38.06 0 37.58 34.42 44.27 28.97 43.16 
1.34 3.29 3.27 4.05 35.27 0 10.86 10.03 14.7 7.8 
10.38 6.4 16.85 17.55 40.23 11.79 0 14.83 6.52 17.4 
9.03 12.99 17 15.74 42.78 9.53 18.65 0 23.93 4.77 
11.09 2.72 14.76 16.25 35.89 16.16 3.04 23.59 0 23.09 
12.95 18.24 8.76 8.43 48.51 8.65 22.93 5.45 28.93 0 
Dimension>19
Bandera>13
Fitness Greedy Costo>138.46
Solucion Greedy Costo>1 2 5 3 0 6 8 0 7 9 10 0 4 0 0 0 0 0 0 
Linea Vacia>
Matriz de Costos>
0 1.9 6.48 8.03 31.35 4.79 6.52 8.45 10.44 10.56 
3.93 0 5.9 7.45 32.38 7.38 9.82 12.49 13.69 14.57 
3.29 8.63 0 1.95 39.92 1.9 16.05 15.21 19.8 5.11 
4.09 9.6 0.3 0 40.92 2.18 16.99 16.14 20.73 6.06 
31.83 28.14 36.73 38.06 0 37.58 34.42 44.27 28.97 43.16 
1.34 3.29 3.27 4.05 35.27 0 10.86 10.03 14.7 7.8 
10.38 6.4 16.85 17.55 40.23 11.79 0 14.83 6.52 17.4 
9.03 12.99 17 15.74 42.78 9.53 18.65 0 23.93 4.77 
11.09 2.72 14.76 16.25 35.89 16.16 3.04 23.59 0 23.09 
12.95 18.24 8.76 8.43 48.51 8.65 22.93 5.45 28.93 0 
Dimension>19
Bandera>13
Fitness Greedy Costo>138.46
Solucion Greedy Costo>1 2 5 3 0 6 8 0 7 9 10 0 4 0 0 0 0 0 0 
Linea Vacia>
Matriz de Costos>
0 1.9 6.48 8.03 31.35 4.79 6.52 8.45 10.44 10.56 
3.93 0 5.9 7.45 32.38 7.38 9.82 12.49 13.69 14.57 
3.29 8.63 0 1.95 39.92 1.9 16.05 15.21 19.8 5.11 
4.09 9.6 0.3 0 40.92 2.18 16.99 16.14 20.73 6.06 
31.83 28.14 36.73 38.06 0 37.58 34.42 44.27 28.97 43.16 
1.34 3.29 3.27 4.05 35.27 0 10.86 10.03 14.7 7.8 
10.38 6.4 16.85 17.55 40.23 11.79 0 14.83 6.52 17.4 
9.03 12.99 17 15.74 42.78 9.53 18.65 0 23.93 4.77 
11.09 2.72 14.76 16.25 35.89 16.16 3.04 23.59 0 23.09 
12.95 18.24 8.76 8.43 48.51 8.65 22.93 5.45 28.93 0 
Dimension>19
Bandera>13
Fitness Greedy Costo>138.46
Solucion Greedy Costo>1 2 5 3 0 6 8 0 7 9 10 0 4 0 0 0 0 0 0 
Linea Vacia>
Matriz de Costos>
0 1.9 6.48 8.03 31.35 4.79 6.52 8.45 10.44 10.56 
3.93 0 5.9 7.45 32.38 7.38 9.82 12.49 13.69 14.57 
3.29 8.63 0 1.95 39.92 1.9 16.05 15.21 19.8 5.11 
4.09 9.6 0.3 0 40.92 2.18 16.99 16.14 20.73 6.06 
31.83 28.14 36.73 38.06 0 37.58 34.42 44.27 28.97 43.16 
1.34 3.29 3.27 4.05 35.27 0 10.86 10.03 14.7 7.8 
10.38 6.4 16.85 17.55 40.23 11.79 0 14.83 6.52 17.4 
9.03 12.99 17 15.74 42.78 9.53 18.65 0 23.93 4.77 
11.09 2.72 14.76 16.25 35.89 16.16 3.04 23.59 0 23.09 
12.95 18.24 8.76 8.43 48.51 8.65 22.93 5.45 28.93 0 
Dimension>19
Bandera>13
Fitness Greedy Costo>138.46
Solucion Greedy Costo>1 2 5 3 0 6 8 0 7 9 10 0 4 0 0 0 0 0 0 
Linea Vacia>
Matriz de Costos>
0 1.9 6.48 8.03 31.35 4.79 6.52 8.45 10.44 10.56 
3.93 0 5.9 7.45 32.38 7.38 9.82 12.49 13.69 14.57 
3.29 8.63 0 1.95 39.92 1.9 16.05 15.21 19.8 5.11 
4.09 9.6 0.3 0 40.92 2.18 16.99 16.14 20.73 6.06 
31.83 28.14 36.73 38.06 0 37.58 34.42 44.27 28.97 43.16 
1.34 3.29 3.27 4.05 35.27 0 10.86 10.03 14.7 7.8 
10.38 6.4 16.85 17.55 40.23 11.79 0 14.83 6.52 17.4 
9.03 12.99 17 15.74 42.78 9.53 18.65 0 23.93 4.77 
11.09 2.72 14.76 16.25 35.89 16.16 3.04 23.59 0 23.09 
12.95 18.24 8.76 8.43 48.51 8.65 22.93 5.45 28.93 0 
Dimension>19
Bandera>13
Fitness Greedy Costo>138.46
Solucion Greedy Costo>1 2 5 3 0 6 8 0 7 9 10 0 4 0 0 0 0 0 0 
Linea Vacia>
Matriz de Costos>
0 1.9 6.48 8.03 31.35 4.79 6.52 8.45 10.44 10.56 
3.93 0 5.9 7.45 32.38 7.38 9.82 12.49 13.69 14.57 
3.29 8.63 0 1.95 39.92 1.9 16.05 15.21 19.8 5.11 
4.09 9.6 0.3 0 40.92 2.18 16.99 16.14 20.73 6.06 
31.83 28.14 36.73 38.06 0 37.58 34.42 44.27 28.97 43.16 
1.34 3.29 3.27 4.05 35.27 0 10.86 10.03 14.7 7.8 
10.38 6.4 16.85 17.55 40.23 11.79 0 14.83 6.52 17.4 
9.03 12.99 17 15.74 42.78 9.53 18.65 0 23.93 4.77 
11.09 2.72 14.76 16.25 35.89 16.16 3.04 23.59 0 23.09 
12.95 18.24 8.76 8.43 48.51 8.65 22.93 5.45 28.93 0 
Dimension>19
Bandera>13
Fitness Greedy Costo>138.46
Solucion Greedy Costo>1 2 5 3 0 6 8 0 7 9 10 0 4 0 0 0 0 0 0 
Linea Vacia>
Dimension>19
Bandera>13
Fitness Greedy Costo>138.46
Matriz de Costos>
0 1.9 6.48 8.03 31.35 4.79 6.52 8.45 10.44 10.56 
3.93 0 5.9 7.45 32.38 7.38 9.82 12.49 13.69 14.57 
3.29 8.63 0 1.95 39.92 1.9 16.05 15.21 19.8 5.11 
4.09 9.6 0.3 0 40.92 2.18 16.99 16.14 20.73 6.06 
31.83 28.14 36.73 38.06 0 37.58 34.42 44.27 28.97 43.16 
1.34 3.29 3.27 4.05 35.27 0 10.86 10.03 14.7 7.8 
10.38 6.4 16.85 17.55 40.23 11.79 0 14.83 6.52 17.4 
9.03 12.99 17 15.74 42.78 9.53 18.65 0 23.93 4.77 
11.09 2.72 14.76 16.25 35.89 16.16 3.04 23.59 0 23.09 
12.95 18.24 8.76 8.43 48.51 8.65 22.93 5.45 28.93 0 
Solucion Greedy Costo>1 2 5 3 0 6 8 0 7 9 10 0 4 0 0 0 0 0 0 
Linea Vacia>
Matriz de Costos>
0 1.9 6.48 8.03 31.35 4.79 6.52 8.45 10.44 10.56 
3.93 0 5.9 7.45 32.38 7.38 9.82 12.49 13.69 14.57 
3.29 8.63 0 1.95 39.92 1.9 16.05 15.21 19.8 5.11 
4.09 9.6 0.3 0 40.92 2.18 16.99 16.14 20.73 6.06 
31.83 28.14 36.73 38.06 0 37.58 34.42 44.27 28.97 43.16 
1.34 3.29 3.27 4.05 35.27 0 10.86 10.03 14.7 7.8 
10.38 6.4 16.85 17.55 40.23 11.79 0 14.83 6.52 17.4 
9.03 12.99 17 15.74 42.78 9.53 18.65 0 23.93 4.77 
11.09 2.72 14.76 16.25 35.89 16.16 3.04 23.59 0 23.09 
12.95 18.24 8.76 8.43 48.51 8.65 22.93 5.45 28.93 0 
Dimension>19
Bandera>13
Fitness Greedy Costo>138.46
Dimension>19
Bandera>13
Fitness Greedy Costo>138.46
Solucion Greedy Costo>1 2 5 3 0 6 8 0 7 9 10 0 4 0 0 0 0 0 0 
Linea Vacia>
Matriz de Costos>
0 1.9 6.48 8.03 31.35 4.79 6.52 8.45 10.44 10.56 
3.93 0 5.9 7.45 32.38 7.38 9.82 12.49 13.69 14.57 
3.29 8.63 0 1.95 39.92 1.9 16.05 15.21 19.8 5.11 
Dimension>19
Solucion Greedy Costo>1 2 5 3 0 6 8 0 7 9 10 0 4 0 0 0 0 0 0 
Linea Vacia>
4.09 9.6 0.3 0 40.92 2.18 16.99 16.14 20.73 6.06 
31.83 28.14 36.73 38.06 0 37.58 34.42 44.27 28.97 43.16 
1.34 3.29 3.27 4.05 35.27 0 10.86 10.03 14.7 7.8 
10.38 6.4 16.85 17.55 40.23 11.79 0 14.83 6.52 17.4 
9.03 12.99 17 15.74 42.78 9.53 18.65 0 23.93 4.77 
11.09 2.72 14.76 16.25 35.89 16.16 3.04 23.59 0 23.09 
12.95 18.24 8.76 8.43 48.51 8.65 22.93 5.45 28.93 0 
Bandera>13
Fitness Greedy Costo>138.46
Solucion Greedy Costo>1 2 5 3 0 6 8 0 7 9 10 0 4 0 0 0 0 0 0 
Linea Vacia>
Matriz de Costos>
0 1.9 6.48 8.03 31.35 4.79 6.52 8.45 10.44 10.56 
3.93 0 5.9 7.45 32.38 7.38 9.82 12.49 13.69 14.57 
Dimension>19
Bandera>13
3.29 8.63 0 1.95 39.92 1.9 16.05 15.21 19.8 5.11 
4.09 9.6 0.3 0 40.92 2.18 16.99 16.14 20.73 6.06 
31.83 28.14 36.73 38.06 0 37.58 34.42 44.27 28.97 43.16 
Fitness Greedy Costo>138.46
Solucion Greedy Costo>1 2 5 3 0 6 8 0 7 9 10 0 4 0 0 0 0 0 0 
Linea Vacia>
Matriz de Costos>
0 1.9 6.48 8.03 31.35 4.79 6.52 8.45 10.44 10.56 
3.93 0 5.9 7.45 32.38 7.38 9.82 12.49 13.69 14.57 
3.29 8.63 0 1.95 39.92 1.9 16.05 15.21 19.8 5.11 
4.09 9.6 0.3 0 40.92 2.18 16.99 16.14 20.73 6.06 
1.34 3.29 3.27 4.05 35.27 0 10.86 10.03 14.7 7.8 
10.38 6.4 16.85 17.55 40.23 11.79 0 14.83 6.52 17.4 
31.83 28.14 36.73 38.06 0 37.58 34.42 44.27 28.97 43.16 
1.34 3.29 3.27 4.05 35.27 0 10.86 10.03 14.7 7.8 
10.38 6.4 16.85 17.55 40.23 11.79 0 14.83 6.52 17.4 
9.03 12.99 17 15.74 42.78 9.53 18.65 0 23.93 4.77 
11.09 2.72 14.76 16.25 35.89 16.16 3.04 23.59 0 23.09 
Matriz de Costos>
0 1.9 6.48 8.03 31.35 4.79 6.52 8.45 10.44 10.56 
3.93 0 5.9 7.45 32.38 7.38 9.82 12.49 13.69 14.57 
9.03 12.99 17 15.74 42.78 9.53 18.65 0 23.93 4.77 
11.09 2.72 14.76 16.25 35.89 16.16 3.04 23.59 0 23.09 
12.95 18.24 8.76 8.43 48.51 8.65 22.93 5.45 28.93 0 
3.29 8.63 0 1.95 39.92 1.9 16.05 15.21 19.8 5.11 
4.09 9.6 0.3 0 40.92 2.18 16.99 16.14 20.73 6.06 
31.83 28.14 36.73 38.06 0 37.58 34.42 44.27 28.97 43.16 
Dimension>19
Dimension>19
Bandera>13
12.95 18.24 8.76 8.43 48.51 8.65 22.93 5.45 28.93 0 
1.34 3.29 3.27 4.05 35.27 0 10.86 10.03 14.7 7.8 
10.38 6.4 16.85 17.55 40.23 11.79 0 14.83 6.52 17.4 
9.03 12.99 17 15.74 42.78 9.53 18.65 0 23.93 4.77 
11.09 2.72 14.76 16.25 35.89 16.16 3.04 23.59 0 23.09 
Bandera>13
Fitness Greedy Costo>138.46
Solucion Greedy Costo>1 2 5 3 0 6 8 0 7 9 10 0 4 0 0 0 0 0 0 
Linea Vacia>
Fitness Greedy Costo>138.46
Solucion Greedy Costo>1 2 5 3 0 6 8 0 7 9 10 0 4 0 0 0 0 0 0 
Linea Vacia>
Dimension>19
12.95 18.24 8.76 8.43 48.51 8.65 22.93 5.45 28.93 0 
Matriz de Costos>
0 1.9 6.48 8.03 31.35 4.79 6.52 8.45 10.44 10.56 
3.93 0 5.9 7.45 32.38 7.38 9.82 12.49 13.69 14.57 
3.29 8.63 0 1.95 39.92 1.9 16.05 15.21 19.8 5.11 
4.09 9.6 0.3 0 40.92 2.18 16.99 16.14 20.73 6.06 
Bandera>13
Fitness Greedy Costo>138.46
Solucion Greedy Costo>1 2 5 3 0 6 8 0 7 9 10 0 4 0 0 0 0 0 0 
Linea Vacia>
Matriz de Costos>
0 1.9 6.48 8.03 31.35 4.79 6.52 8.45 10.44 10.56 
3.93 0 5.9 7.45 32.38 7.38 9.82 12.49 13.69 14.57 
3.29 8.63 0 1.95 39.92 1.9 16.05 15.21 19.8 5.11 
4.09 9.6 0.3 0 40.92 2.18 16.99 16.14 20.73 6.06 
31.83 28.14 36.73 38.06 0 37.58 34.42 44.27 28.97 43.16 
1.34 3.29 3.27 4.05 35.27 0 10.86 10.03 14.7 7.8 
10.38 6.4 16.85 17.55 40.23 11.79 0 14.83 6.52 17.4 
31.83 28.14 36.73 38.06 0 37.58 34.42 44.27 28.97 43.16 
1.34 3.29 3.27 4.05 35.27 0 10.86 10.03 14.7 7.8 
10.38 6.4 16.85 17.55 40.23 11.79 0 14.83 6.52 17.4 
9.03 12.99 17 15.74 42.78 9.53 18.65 0 23.93 4.77 
11.09 2.72 14.76 16.25 35.89 16.16 3.04 23.59 0 23.09 
12.95 18.24 8.76 8.43 48.51 8.65 22.93 5.45 28.93 0 
9.03 12.99 17 15.74 42.78 9.53 18.65 0 23.93 4.77 
Matriz de Costos>
11.09 2.72 14.76 16.25 35.89 16.16 3.04 23.59 0 23.09 
12.95 18.24 8.76 8.43 48.51 8.65 22.93 5.45 28.93 0 
0 1.9 6.48 8.03 31.35 4.79 6.52 8.45 10.44 10.56 
3.93 0 5.9 7.45 32.38 7.38 9.82 12.49 13.69 14.57 
3.29 8.63 0 1.95 39.92 1.9 16.05 15.21 19.8 5.11 
4.09 9.6 0.3 0 40.92 2.18 16.99 16.14 20.73 6.06 
31.83 28.14 36.73 38.06 0 37.58 34.42 44.27 28.97 43.16 
1.34 3.29 3.27 4.05 35.27 0 10.86 10.03 14.7 7.8 
10.38 6.4 16.85 17.55 40.23 11.79 0 14.83 6.52 17.4 
9.03 12.99 17 15.74 42.78 9.53 18.65 0 23.93 4.77 
11.09 2.72 14.76 16.25 35.89 16.16 3.04 23.59 0 23.09 
12.95 18.24 8.76 8.43 48.51 8.65 22.93 5.45 28.93 0 
Dimension>19
Bandera>13
Fitness Greedy Costo>138.46
Solucion Greedy Costo>1 2 5 3 0 6 8 0 7 9 10 0 4 0 0 0 0 0 0 
Linea Vacia>
Matriz de Costos>
0 1.9 6.48 8.03 31.35 4.79 6.52 8.45 10.44 10.56 
3.93 0 5.9 7.45 32.38 7.38 9.82 12.49 13.69 14.57 
3.29 8.63 0 1.95 39.92 1.9 16.05 15.21 19.8 5.11 
4.09 9.6 0.3 0 40.92 2.18 16.99 16.14 20.73 6.06 
31.83 28.14 36.73 38.06 0 37.58 34.42 44.27 28.97 43.16 
1.34 3.29 3.27 4.05 35.27 0 10.86 10.03 14.7 7.8 
10.38 6.4 16.85 17.55 40.23 11.79 0 14.83 6.52 17.4 
9.03 12.99 17 15.74 42.78 9.53 18.65 0 23.93 4.77 
11.09 2.72 14.76 16.25 35.89 16.16 3.04 23.59 0 23.09 
Dimension>19
Bandera>13
Fitness Greedy Costo>138.46
Dimension>19
Bandera>13
Fitness Greedy Costo>138.46
Solucion Greedy Costo>1 2 5 3 0 6 8 0 7 9 10 0 4 0 0 0 0 0 0 
Linea Vacia>
Dimension>19
Bandera>13
12.95 18.24 8.76 8.43 48.51 8.65 22.93 5.45 28.93 0 
Solucion Greedy Costo>1 2 5 3 0 6 8 0 7 9 10 0 4 0 0 0 0 0 0 
Linea Vacia>
Fitness Greedy Costo>138.46
Solucion Greedy Costo>1 2 5 3 0 6 8 0 7 9 10 0 4 0 0 0 0 0 0 
Linea Vacia>
Matriz de Costos>
Dimension>19
Matriz de Costos>
0 1.9 6.48 8.03 31.35 4.79 6.52 8.45 10.44 10.56 
3.93 0 5.9 7.45 32.38 7.38 9.82 12.49 13.69 14.57 
3.29 8.63 0 1.95 39.92 1.9 16.05 15.21 19.8 5.11 
4.09 9.6 0.3 0 40.92 2.18 16.99 16.14 20.73 6.06 
31.83 28.14 36.73 38.06 0 37.58 34.42 44.27 28.97 43.16 
1.34 3.29 3.27 4.05 35.27 0 10.86 10.03 14.7 7.8 
10.38 6.4 16.85 17.55 40.23 11.79 0 14.83 6.52 17.4 
9.03 12.99 17 15.74 42.78 9.53 18.65 0 23.93 4.77 
11.09 2.72 14.76 16.25 35.89 16.16 3.04 23.59 0 23.09 
12.95 18.24 8.76 8.43 48.51 8.65 22.93 5.45 28.93 0 
0 1.9 6.48 8.03 31.35 4.79 6.52 8.45 10.44 10.56 
3.93 0 5.9 7.45 32.38 7.38 9.82 12.49 13.69 14.57 
3.29 8.63 0 1.95 39.92 1.9 16.05 15.21 19.8 5.11 
4.09 9.6 0.3 0 40.92 2.18 16.99 16.14 20.73 6.06 
31.83 28.14 36.73 38.06 0 37.58 34.42 44.27 28.97 43.16 
1.34 3.29 3.27 4.05 35.27 0 10.86 10.03 14.7 7.8 
Bandera>13
Fitness Greedy Costo>138.46
Solucion Greedy Costo>1 2 5 3 0 6 8 0 7 9 10 0 4 0 0 0 0 0 0 
Matriz de Costos>
0 1.9 6.48 8.03 31.35 4.79 6.52 8.45 10.44 10.56 
3.93 0 5.9 7.45 32.38 7.38 9.82 12.49 13.69 14.57 
3.29 8.63 0 1.95 39.92 1.9 16.05 15.21 19.8 5.11 
4.09 9.6 0.3 0 40.92 2.18 16.99 16.14 20.73 6.06 
Dimension>19
10.38 6.4 16.85 17.55 40.23 11.79 0 14.83 6.52 17.4 
9.03 12.99 17 15.74 42.78 9.53 18.65 0 23.93 4.77 
11.09 2.72 14.76 16.25 35.89 16.16 3.04 23.59 0 23.09 
12.95 18.24 8.76 8.43 48.51 8.65 22.93 5.45 28.93 0 
Linea Vacia>
31.83 28.14 36.73 38.06 0 37.58 34.42 44.27 28.97 43.16 
1.34 3.29 3.27 4.05 35.27 0 10.86 10.03 14.7 7.8 
Bandera>13
Fitness Greedy Costo>138.46
Solucion Greedy Costo>1 2 5 3 0 6 8 0 7 9 10 0 4 0 0 0 0 0 0 
Linea Vacia>
10.38 6.4 16.85 17.55 40.23 11.79 0 14.83 6.52 17.4 
9.03 12.99 17 15.74 42.78 9.53 18.65 0 23.93 4.77 
11.09 2.72 14.76 16.25 35.89 16.16 3.04 23.59 0 23.09 
Matriz de Costos>
12.95 18.24 8.76 8.43 48.51 8.65 22.93 5.45 28.93 0 
Matriz de Costos>
0 1.9 6.48 8.03 31.35 4.79 6.52 8.45 10.44 10.56 
3.93 0 5.9 7.45 32.38 7.38 9.82 12.49 13.69 14.57 
0 1.9 6.48 8.03 31.35 4.79 6.52 8.45 10.44 10.56 
3.93 0 5.9 7.45 32.38 7.38 9.82 12.49 13.69 14.57 
3.29 8.63 0 1.95 39.92 1.9 16.05 15.21 19.8 5.11 
3.29 8.63 0 1.95 39.92 1.9 16.05 15.21 19.8 5.11 
4.09 9.6 0.3 0 40.92 2.18 16.99 16.14 20.73 6.06 
4.09 9.6 0.3 0 40.92 2.18 16.99 16.14 20.73 6.06 
31.83 28.14 36.73 38.06 0 37.58 34.42 44.27 28.97 43.16 
1.34 3.29 3.27 4.05 35.27 0 10.86 10.03 14.7 7.8 
31.83 28.14 36.73 38.06 0 37.58 34.42 44.27 28.97 43.16 
1.34 3.29 3.27 4.05 35.27 0 10.86 10.03 14.7 7.8 
10.38 6.4 16.85 17.55 40.23 11.79 0 14.83 6.52 17.4 
9.03 12.99 17 15.74 42.78 9.53 18.65 0 23.93 4.77 
11.09 2.72 14.76 16.25 35.89 16.16 3.04 23.59 0 23.09 
10.38 6.4 16.85 17.55 40.23 11.79 0 14.83 6.52 17.4 
9.03 12.99 17 15.74 42.78 9.53 18.65 0 23.93 4.77 
11.09 2.72 14.76 16.25 35.89 16.16 3.04 23.59 0 23.09 
12.95 18.24 8.76 8.43 48.51 8.65 22.93 5.45 28.93 0 
12.95 18.24 8.76 8.43 48.51 8.65 22.93 5.45 28.93 0 
Dimension>19
Bandera>13
Fitness Greedy Costo>138.46
Solucion Greedy Costo>1 2 5 3 0 6 8 0 7 9 10 0 4 0 0 0 0 0 0 
Linea Vacia>
Matriz de Costos>
0 1.9 6.48 8.03 31.35 4.79 6.52 8.45 10.44 10.56 
3.93 0 5.9 7.45 32.38 7.38 9.82 12.49 13.69 14.57 
3.29 8.63 0 1.95 39.92 1.9 16.05 15.21 19.8 5.11 
4.09 9.6 0.3 0 40.92 2.18 16.99 16.14 20.73 6.06 
31.83 28.14 36.73 38.06 0 37.58 34.42 44.27 28.97 43.16 
1.34 3.29 3.27 4.05 35.27 0 10.86 10.03 14.7 7.8 
10.38 6.4 16.85 17.55 40.23 11.79 0 14.83 6.52 17.4 
9.03 12.99 17 15.74 42.78 9.53 18.65 0 23.93 4.77 
11.09 2.72 14.76 16.25 35.89 16.16 3.04 23.59 0 23.09 
12.95 18.24 8.76 8.43 48.51 8.65 22.93 5.45 28.93 0 
Dimension>19
Bandera>13
Fitness Greedy Costo>138.46
Solucion Greedy Costo>1 2 5 3 0 6 8 0 7 9 10 0 4 0 0 0 0 0 0 
Linea Vacia>
Matriz de Costos>
0 1.9 6.48 8.03 31.35 4.79 6.52 8.45 10.44 10.56 
3.93 0 5.9 7.45 32.38 7.38 9.82 12.49 13.69 14.57 
3.29 8.63 0 1.95 39.92 1.9 16.05 15.21 19.8 5.11 
4.09 9.6 0.3 0 40.92 2.18 16.99 16.14 20.73 6.06 
31.83 28.14 36.73 38.06 0 37.58 34.42 44.27 28.97 43.16 
1.34 3.29 3.27 4.05 35.27 0 10.86 10.03 14.7 7.8 
10.38 6.4 16.85 17.55 40.23 11.79 0 14.83 6.52 17.4 
9.03 12.99 17 15.74 42.78 9.53 18.65 0 23.93 4.77 
11.09 2.72 14.76 16.25 35.89 16.16 3.04 23.59 0 23.09 
12.95 18.24 8.76 8.43 48.51 8.65 22.93 5.45 28.93 0 
Dimension>19
Bandera>13
Fitness Greedy Costo>138.46
Solucion Greedy Costo>1 2 5 3 0 6 8 0 7 9 10 0 4 0 0 0 0 0 0 
Linea Vacia>
Matriz de Costos>
0 1.9 6.48 8.03 31.35 4.79 6.52 8.45 10.44 10.56 
3.93 0 5.9 7.45 32.38 7.38 9.82 12.49 13.69 14.57 
3.29 8.63 0 1.95 39.92 1.9 16.05 15.21 19.8 5.11 
4.09 9.6 0.3 0 40.92 2.18 16.99 16.14 20.73 6.06 
31.83 28.14 36.73 38.06 0 37.58 34.42 44.27 28.97 43.16 
1.34 3.29 3.27 4.05 35.27 0 10.86 10.03 14.7 7.8 
10.38 6.4 16.85 17.55 40.23 11.79 0 14.83 6.52 17.4 
9.03 12.99 17 15.74 42.78 9.53 18.65 0 23.93 4.77 
11.09 2.72 14.76 16.25 35.89 16.16 3.04 23.59 0 23.09 
12.95 18.24 8.76 8.43 48.51 8.65 22.93 5.45 28.93 0 
GEN 0 153.210000
GEN 0 162.770000
GEN 0 191.860000
TIEMPO 0 186.850000
GEN 0 152.630000
GEN 0 180.370000
TIEMPO 0 151.060000
TIEMPO 0 162.770000
TIEMPO 0 152.630000
TIEMPO 0 168.270000
GREEDY 0 0.000254
GREEDY 0 0.000746
GREEDY 0 0.000919
GREEDY 5 0.002613
GREEDY 0 0.002689
GREEDY 5 0.004695
GREEDY 5 0.005727
GEN 0 177.220000
GEN 0 180.770000
GEN 0 159.800000
GEN 0 194.790000
TIEMPO 0 177.220000
TIEMPO 0 164.460000
TIEMPO 0 192.530000
TIEMPO 0 159.800000
GEN 0 189.410000
GEN 0 170.770000
GEN 0 176.240000
TIEMPO 0 184.790000
TIEMPO 0 170.770000
TIEMPO 0 174.840000
GEN 0 183.820000
TIEMPO 0 173.280000
GREEDY 0 0.001464
GEN 0 183.460000
GEN 0 198.440000
TIEMPO 0 154.070000
TIEMPO 0 198.440000
GREEDY 0 0.002657
GREEDY 5 0.002933
GREEDY 5 0.003794
GREEDY 0 0.002929
GREEDY 0 0.003157
GREEDY 0 0.003456
GREEDY 0 0.003056
GEN 0 187.200000
GEN 0 182.360000
GEN 0 169.640000
TIEMPO 0 179.940000
TIEMPO 0 171.360000
TIEMPO 0 169.640000
GEN 0 197.900000
TIEMPO 0 177.250000
GEN 0 184.310000
TIEMPO 0 184.310000
GREEDY 0 0.002505
GREEDY 5 0.002746
GREEDY 0 0.002920
GEN 0 177.050000
TIEMPO 0 176.470000
GREEDY 5 0.003317
GREEDY 0 0.004905
GREEDY 0 0.001981
GEN 0 167.970000
GEN 0 177.410000
TIEMPO 0 167.970000
TIEMPO 0 176.630000
GREEDY 0 0.011865
GREEDY 5 0.012145
GREEDY 10 0.013304
GREEDY 0 0.020665
GREEDY 5 0.021488
GREEDY 0 0.003827
GREEDY 5 0.004331
GREEDY 0 0.004377
GREEDY 5 0.004518
GEN 0 183.470000
TIEMPO 0 183.470000
GREEDY 0 0.002362
GREEDY 0 0.021250
GREEDY 0 0.024010
GREEDY 5 0.024358
GREEDY 10 0.024448
GREEDY 0 0.023220
GREEDY 5 0.023278
GREEDY 10 0.023324
GREEDY 5 0.023811
GREEDY 10 0.023611
GREEDY 0 0.023586
GREEDY 5 0.040251
GREEDY 5 0.027792
GREEDY 5 0.040650
GREEDY 0 0.058905
GREEDY 10 0.041195
GREEDY 10 0.064915
GREEDY 10 0.063929
GREEDY 10 0.063776
GREEDY 5 0.060231
GREEDY 5 0.075842
GREEDY 5 0.071105
GREEDY 10 0.072098
GREEDY 10 0.080989
GREEDY 5 0.080848
GREEDY 10 0.082285
GEN 2500 127.620000
GREEDY 10 0.106927
GREEDY 10 0.096667
GREEDY 10 0.105896
GEN 2500 121.180000
GREEDY 5 0.120535
GREEDY 10 0.120592
GEN 2500 118.450000
GREEDY 10 0.131539
GEN 2500 121.180000
GREEDY 10 0.138407
GREEDY 10 0.176707
GEN 2500 124.570000
GREEDY 5 0.172543
GEN 5000 122.460000
GEN 2500 118.450000
GEN 2500 127.780000
GREEDY 10 0.214233
GREEDY 10 0.212384
GEN 5000 121.180000
GEN 5000 118.450000
GEN 5000 121.180000
GREEDY 5 0.261564
GEN 2500 118.450000
GEN 2500 121.180000
GEN 2500 122.920000
GEN 2500 127.780000
GEN 7500 118.450000
GEN 2500 124.450000
GEN 2500 118.450000
GEN 5000 124.570000
GEN 2500 127.780000
GEN 2500 118.450000
GEN 2500 122.920000
GEN 7500 118.450000
GEN 2500 118.450000
GEN 2500 122.460000
GEN 2500 118.450000
GEN 5000 118.450000
GEN 7500 118.450000
GEN 5000 118.450000
GEN 2500 122.460000
GEN 2500 130.570000
GEN 2500 118.450000
GEN 7500 121.180000
GEN 10000 118.450000
TIEMPO 0.403142 118.450000
GEN 7500 124.570000
GEN 2500 127.780000
GEN 10000 118.450000
TIEMPO 0.460761 118.450000
GEN 10000 118.450000
TIEMPO 0.468186 118.450000
GEN 7500 118.450000
GEN 2500 118.450000
GEN 7500 118.450000
GEN 10000 121.180000
TIEMPO 0.502771 121.180000
GREEDY 10 0.524270
GEN 10000 124.570000
TIEMPO 0.530554 124.570000
GEN 5000 118.450000
GREEDY 10 0.568361
GEN 5000 124.570000
GEN 5000 118.450000
GEN 5000 118.450000
GEN 10000 118.450000
TIEMPO 0.610110 118.450000
GEN 10000 118.450000
TIEMPO 0.618303 118.450000
GEN 5000 130.570000
GEN 5000 122.460000
GEN 5000 118.450000
GEN 5000 122.460000
GEN 5000 121.180000
GEN 5000 118.450000
GEN 5000 122.920000
GEN 5000 118.450000
GEN 5000 122.460000
GEN 5000 118.450000
GEN 5000 118.450000
GEN 5000 127.780000
GEN 7500 118.450000
GEN 5000 118.450000
GEN 7500 118.450000
GEN 7500 118.450000
GEN 7500 124.570000
GEN 7500 118.450000
GEN 7500 130.570000
GEN 7500 122.460000
GEN 7500 118.450000
GEN 7500 122.460000
GEN 7500 127.780000
GEN 7500 121.180000
GEN 7500 118.450000
GEN 7500 118.450000
TIEMPO 1 118.450000
TIEMPO 1 127.780000
TIEMPO 1 122.460000
TIEMPO 1 130.570000
GEN 7500 118.450000
TIEMPO 1 118.450000
TIEMPO 1 118.450000
TIEMPO 1 118.450000
TIEMPO 1 118.450000
TIEMPO 1 118.450000
GEN 7500 118.450000
TIEMPO 1 118.450000
TIEMPO 1 122.460000
TIEMPO 1 124.570000
TIEMPO 1 118.450000
TIEMPO 1 118.450000
TIEMPO 1 118.450000
GEN 7500 118.450000
GEN 10000 124.570000
TIEMPO 1.007370 124.570000
GEN 7500 118.450000
TIEMPO 1 121.180000
TIEMPO 1 118.450000
GEN 10000 118.450000
TIEMPO 1.025917 118.450000
GEN 10000 118.450000
TIEMPO 1.021115 118.450000
GEN 10000 130.570000
TIEMPO 1.055251 130.570000
GEN 10000 118.450000
TIEMPO 1.052662 118.450000
GEN 10000 122.460000
TIEMPO 1.056950 122.460000
GEN 10000 118.450000
TIEMPO 1.076645 118.450000
GEN 10000 122.460000
TIEMPO 1.084673 122.460000
GEN 10000 127.780000
TIEMPO 1.107560 127.780000
GEN 10000 121.180000
TIEMPO 1.087191 121.180000
GEN 10000 118.450000
TIEMPO 1.147288 118.450000
GEN 10000 118.450000
TIEMPO 1.144908 118.450000
GEN 10000 118.450000
TIEMPO 1.165049 118.450000
GEN 10000 118.450000
TIEMPO 1.168340 118.450000
GEN 10000 118.450000
TIEMPO 1.185550 118.450000
GEN 10000 118.450000
TIEMPO 1.233208 118.450000
GEN 10000 118.450000
TIEMPO 1.267467 118.450000

 Current State ---------------------------------------------
Solution:  6 8 1 4 0 7 9 0 0 5 3 2 10 0 0 0 0 0 0 Fitness: 118.45

 :( ---------------------- THE END --------------- :) 
