Dimension>31
Bandera>10
Fitness Greedy Costo>398.25
Solucion Greedy Costo>13 0 12 0 1 3 2 4 0 14 15 16 8 0 5 6 7 9 0 10 11 0 0 0 0 0 0 0 0 0 0 
Linea Vacia>
Matriz de Costos>
0 9.1 33.66 19.85 40.82 44.42 49.32 48.66 60.09 60.99 69.92 82.99 7.52 6.92 30.8 43.31 
7.95 0 21.37 10.66 34.05 39.96 44.86 41.85 53.94 57.62 65.09 80.83 9.43 14.71 26.16 37.02 
30.03 20.82 0 10.9 13 17.9 27.16 36.89 49.25 64.62 74.47 89.79 30.92 37.65 36.66 41.18 
18.69 9.79 11.15 0 21 25.3 31.45 33.99 46.37 55.56 65.45 80.83 20.17 26.19 27.52 32.09 
39.73 28.72 9.83 20.71 0 10.53 28.54 37.4 49.76 71.24 81.08 96.38 39.22 45.92 44.27 44.85 
44.31 36.79 18.79 25.46 10.88 0 14.11 31.92 46.23 67.71 77.56 92.88 44.33 49.64 40.7 41.31 
48.7 42.38 28.72 33.14 25.32 13.96 0 16.48 31.78 60.93 71.17 86.5 48.72 54.03 42.74 30.54 
48.04 39.39 39.48 34.05 37.8 30.59 16.47 0 15.69 50.49 60.77 76.16 47.09 53.37 34.58 22.31 
57.93 50.42 51.71 46.31 50.04 46.45 31.74 15.91 0 46.31 56.6 72.02 57.95 63.23 34.59 21.58 
59.36 56.1 69.7 58.33 72.59 69.27 61.52 51.95 46.27 0 10.86 26.49 53 62.83 31.56 29.8 
72.73 65.03 78.59 67.27 82.18 78.18 71.75 62.22 56.56 10.43 0 16.46 61.94 71.76 40.56 40.15 
Dimension>31
Bandera>10
Fitness Greedy Costo>398.25
Solucion Greedy Costo>13 0 12 0 1 3 2 4 0 14 15 16 8 0 5 6 7 9 0 10 11 0 0 0 0 0 0 0 0 0 0 
Linea Vacia>
Matriz de Costos>
0 9.1 33.66 19.85 40.82 44.42 49.32 48.66 60.09 60.99 69.92 82.99 7.52 6.92 30.8 43.31 
7.95 0 21.37 10.66 34.05 39.96 44.86 41.85 53.94 57.62 65.09 80.83 9.43 14.71 26.16 37.02 
30.03 20.82 0 10.9 13 17.9 27.16 36.89 49.25 64.62 74.47 89.79 30.92 37.65 36.66 41.18 
18.69 9.79 11.15 0 21 25.3 31.45 33.99 46.37 55.56 65.45 80.83 20.17 26.19 27.52 32.09 
39.73 28.72 9.83 20.71 0 10.53 28.54 37.4 49.76 71.24 81.08 96.38 39.22 45.92 44.27 44.85 
44.31 36.79 18.79 25.46 10.88 0 14.11 31.92 46.23 67.71 77.56 92.88 44.33 49.64 40.7 41.31 
48.7 42.38 28.72 33.14 25.32 13.96 0 16.48 31.78 60.93 71.17 86.5 48.72 54.03 42.74 30.54 
48.04 39.39 39.48 34.05 37.8 30.59 16.47 0 15.69 50.49 60.77 76.16 47.09 53.37 34.58 22.31 
57.93 50.42 51.71 46.31 50.04 46.45 31.74 15.91 0 46.31 56.6 72.02 57.95 63.23 34.59 21.58 
59.36 56.1 69.7 58.33 72.59 69.27 61.52 51.95 46.27 0 10.86 26.49 53 62.83 31.56 29.8 
72.73 65.03 78.59 67.27 82.18 78.18 71.75 62.22 56.56 10.43 0 16.46 61.94 71.76 40.56 40.15 
81.79 78.14 90.01 78.74 93.58 89.6 83.3 73.69 68.07 22.14 14.22 0 73.42 80.81 52.15 51.73 
Dimension>31
Bandera>10
Fitness Greedy Costo>398.25
Solucion Greedy Costo>13 0 12 0 1 3 2 4 0 14 15 16 8 0 5 6 7 9 0 10 11 0 0 0 0 0 0 0 0 0 0 
Linea Vacia>
Dimension>31
Bandera>10
Fitness Greedy Costo>398.25
Solucion Greedy Costo>13 0 12 0 1 3 2 4 0 14 15 16 8 0 5 6 7 9 0 10 11 0 0 0 0 0 0 0 0 0 0 
Linea Vacia>
Dimension>31
Bandera>10
Fitness Greedy Costo>398.25
Solucion Greedy Costo>13 0 12 0 1 3 2 4 0 14 15 16 8 0 5 6 7 9 0 10 11 0 0 0 0 0 0 0 0 0 0 
Linea Vacia>
Dimension>31
Bandera>10
Fitness Greedy Costo>398.25
Solucion Greedy Costo>13 0 12 0 1 3 2 4 0 14 15 16 8 0 5 6 7 9 0 10 11 0 0 0 0 0 0 0 0 0 0 
Linea Vacia>
Dimension>31
Bandera>10
Fitness Greedy Costo>398.25
Solucion Greedy Costo>13 0 12 0 1 3 2 4 0 14 15 16 8 0 5 6 7 9 0 10 11 0 0 0 0 0 0 0 0 0 0 
Linea Vacia>
81.79 78.14 90.01 78.74 93.58 89.6 83.3 73.69 68.07 22.14 14.22 0 73.42 80.81 52.15 51.73 
8.28 13.25 32.29 22.86 41.52 45.98 50.43 46.99 57.78 53.5 63.89 76.99 0 7.15 22 35.45 
8.28 13.25 32.29 22.86 41.52 45.98 50.43 46.99 57.78 53.5 63.89 76.99 0 7.15 22 35.45 
5.17 13.3 32.47 22.84 44.6 48.19 54.92 52.42 63.57 58.26 70.74 83.47 7.62 0 27.8 40.33 
29.92 26.62 41.39 29.89 44.44 41.61 40.19 33.91 35.13 30.96 40.92 56.41 23.42 27.89 0 13.93 
Matriz de Costos>
5.17 13.3 32.47 22.84 44.6 48.19 54.92 52.42 63.57 58.26 70.74 83.47 7.62 0 27.8 40.33 
0 9.1 33.66 19.85 40.82 44.42 49.32 48.66 60.09 60.99 69.92 82.99 7.52 6.92 30.8 43.31 
Matriz de Costos>
0 9.1 33.66 19.85 40.82 44.42 49.32 48.66 60.09 60.99 69.92 82.99 7.52 6.92 30.8 43.31 
Dimension>31
29.92 26.62 41.39 29.89 44.44 41.61 40.19 33.91 35.13 30.96 40.92 56.41 23.42 27.89 0 13.93 
43.5 34.87 43.41 31.93 43.1 40.3 33.48 22.99 21.62 29.92 40.27 55.76 35.44 44.24 13.97 0 
43.5 34.87 43.41 31.93 43.1 40.3 33.48 22.99 21.62 29.92 40.27 55.76 35.44 44.24 13.97 0 
Matriz de Costos>
0 9.1 33.66 19.85 40.82 44.42 49.32 48.66 60.09 60.99 69.92 82.99 7.52 6.92 30.8 43.31 
7.95 0 21.37 10.66 34.05 39.96 44.86 41.85 53.94 57.62 65.09 80.83 9.43 14.71 26.16 37.02 
7.95 0 21.37 10.66 34.05 39.96 44.86 41.85 53.94 57.62 65.09 80.83 9.43 14.71 26.16 37.02 
30.03 20.82 0 10.9 13 17.9 27.16 36.89 49.25 64.62 74.47 89.79 30.92 37.65 36.66 41.18 
7.95 0 21.37 10.66 34.05 39.96 44.86 41.85 53.94 57.62 65.09 80.83 9.43 14.71 26.16 37.02 
Matriz de Costos>
Dimension>31
Bandera>10
Fitness Greedy Costo>398.25
30.03 20.82 0 10.9 13 17.9 27.16 36.89 49.25 64.62 74.47 89.79 30.92 37.65 36.66 41.18 
18.69 9.79 11.15 0 21 25.3 31.45 33.99 46.37 55.56 65.45 80.83 20.17 26.19 27.52 32.09 
39.73 28.72 9.83 20.71 0 10.53 28.54 37.4 49.76 71.24 81.08 96.38 39.22 45.92 44.27 44.85 
30.03 20.82 0 10.9 13 17.9 27.16 36.89 49.25 64.62 74.47 89.79 30.92 37.65 36.66 41.18 
18.69 9.79 11.15 0 21 25.3 31.45 33.99 46.37 55.56 65.45 80.83 20.17 26.19 27.52 32.09 
0 9.1 33.66 19.85 40.82 44.42 49.32 48.66 60.09 60.99 69.92 82.99 7.52 6.92 30.8 43.31 
7.95 0 21.37 10.66 34.05 39.96 44.86 41.85 53.94 57.62 65.09 80.83 9.43 14.71 26.16 37.02 
Matriz de Costos>
0 9.1 33.66 19.85 40.82 44.42 49.32 48.66 60.09 60.99 69.92 82.99 7.52 6.92 30.8 43.31 
Bandera>10
Fitness Greedy Costo>398.25
Solucion Greedy Costo>13 0 12 0 1 3 2 4 0 14 15 16 8 0 5 6 7 9 0 10 11 0 0 0 0 0 0 0 0 0 0 
Linea Vacia>
18.69 9.79 11.15 0 21 25.3 31.45 33.99 46.37 55.56 65.45 80.83 20.17 26.19 27.52 32.09 
39.73 28.72 9.83 20.71 0 10.53 28.54 37.4 49.76 71.24 81.08 96.38 39.22 45.92 44.27 44.85 
44.31 36.79 18.79 25.46 10.88 0 14.11 31.92 46.23 67.71 77.56 92.88 44.33 49.64 40.7 41.31 
30.03 20.82 0 10.9 13 17.9 27.16 36.89 49.25 64.62 74.47 89.79 30.92 37.65 36.66 41.18 
18.69 9.79 11.15 0 21 25.3 31.45 33.99 46.37 55.56 65.45 80.83 20.17 26.19 27.52 32.09 
7.95 0 21.37 10.66 34.05 39.96 44.86 41.85 53.94 57.62 65.09 80.83 9.43 14.71 26.16 37.02 
30.03 20.82 0 10.9 13 17.9 27.16 36.89 49.25 64.62 74.47 89.79 30.92 37.65 36.66 41.18 
Solucion Greedy Costo>13 0 12 0 1 3 2 4 0 14 15 16 8 0 5 6 7 9 0 10 11 0 0 0 0 0 0 0 0 0 0 
Linea Vacia>
39.73 28.72 9.83 20.71 0 10.53 28.54 37.4 49.76 71.24 81.08 96.38 39.22 45.92 44.27 44.85 
44.31 36.79 18.79 25.46 10.88 0 14.11 31.92 46.23 67.71 77.56 92.88 44.33 49.64 40.7 41.31 
48.7 42.38 28.72 33.14 25.32 13.96 0 16.48 31.78 60.93 71.17 86.5 48.72 54.03 42.74 30.54 
48.7 42.38 28.72 33.14 25.32 13.96 0 16.48 31.78 60.93 71.17 86.5 48.72 54.03 42.74 30.54 
48.04 39.39 39.48 34.05 37.8 30.59 16.47 0 15.69 50.49 60.77 76.16 47.09 53.37 34.58 22.31 
39.73 28.72 9.83 20.71 0 10.53 28.54 37.4 49.76 71.24 81.08 96.38 39.22 45.92 44.27 44.85 
48.04 39.39 39.48 34.05 37.8 30.59 16.47 0 15.69 50.49 60.77 76.16 47.09 53.37 34.58 22.31 
44.31 36.79 18.79 25.46 10.88 0 14.11 31.92 46.23 67.71 77.56 92.88 44.33 49.64 40.7 41.31 
18.69 9.79 11.15 0 21 25.3 31.45 33.99 46.37 55.56 65.45 80.83 20.17 26.19 27.52 32.09 
39.73 28.72 9.83 20.71 0 10.53 28.54 37.4 49.76 71.24 81.08 96.38 39.22 45.92 44.27 44.85 
44.31 36.79 18.79 25.46 10.88 0 14.11 31.92 46.23 67.71 77.56 92.88 44.33 49.64 40.7 41.31 
57.93 50.42 51.71 46.31 50.04 46.45 31.74 15.91 0 46.31 56.6 72.02 57.95 63.23 34.59 21.58 
59.36 56.1 69.7 58.33 72.59 69.27 61.52 51.95 46.27 0 10.86 26.49 53 62.83 31.56 29.8 
57.93 50.42 51.71 46.31 50.04 46.45 31.74 15.91 0 46.31 56.6 72.02 57.95 63.23 34.59 21.58 
59.36 56.1 69.7 58.33 72.59 69.27 61.52 51.95 46.27 0 10.86 26.49 53 62.83 31.56 29.8 
48.7 42.38 28.72 33.14 25.32 13.96 0 16.48 31.78 60.93 71.17 86.5 48.72 54.03 42.74 30.54 
48.04 39.39 39.48 34.05 37.8 30.59 16.47 0 15.69 50.49 60.77 76.16 47.09 53.37 34.58 22.31 
44.31 36.79 18.79 25.46 10.88 0 14.11 31.92 46.23 67.71 77.56 92.88 44.33 49.64 40.7 41.31 
48.7 42.38 28.72 33.14 25.32 13.96 0 16.48 31.78 60.93 71.17 86.5 48.72 54.03 42.74 30.54 
72.73 65.03 78.59 67.27 82.18 78.18 71.75 62.22 56.56 10.43 0 16.46 61.94 71.76 40.56 40.15 
72.73 65.03 78.59 67.27 82.18 78.18 71.75 62.22 56.56 10.43 0 16.46 61.94 71.76 40.56 40.15 
81.79 78.14 90.01 78.74 93.58 89.6 83.3 73.69 68.07 22.14 14.22 0 73.42 80.81 52.15 51.73 
57.93 50.42 51.71 46.31 50.04 46.45 31.74 15.91 0 46.31 56.6 72.02 57.95 63.23 34.59 21.58 
48.7 42.38 28.72 33.14 25.32 13.96 0 16.48 31.78 60.93 71.17 86.5 48.72 54.03 42.74 30.54 
81.79 78.14 90.01 78.74 93.58 89.6 83.3 73.69 68.07 22.14 14.22 0 73.42 80.81 52.15 51.73 
8.28 13.25 32.29 22.86 41.52 45.98 50.43 46.99 57.78 53.5 63.89 76.99 0 7.15 22 35.45 
59.36 56.1 69.7 58.33 72.59 69.27 61.52 51.95 46.27 0 10.86 26.49 53 62.83 31.56 29.8 
72.73 65.03 78.59 67.27 82.18 78.18 71.75 62.22 56.56 10.43 0 16.46 61.94 71.76 40.56 40.15 
48.04 39.39 39.48 34.05 37.8 30.59 16.47 0 15.69 50.49 60.77 76.16 47.09 53.37 34.58 22.31 
57.93 50.42 51.71 46.31 50.04 46.45 31.74 15.91 0 46.31 56.6 72.02 57.95 63.23 34.59 21.58 
59.36 56.1 69.7 58.33 72.59 69.27 61.52 51.95 46.27 0 10.86 26.49 53 62.83 31.56 29.8 
48.04 39.39 39.48 34.05 37.8 30.59 16.47 0 15.69 50.49 60.77 76.16 47.09 53.37 34.58 22.31 
8.28 13.25 32.29 22.86 41.52 45.98 50.43 46.99 57.78 53.5 63.89 76.99 0 7.15 22 35.45 
5.17 13.3 32.47 22.84 44.6 48.19 54.92 52.42 63.57 58.26 70.74 83.47 7.62 0 27.8 40.33 
5.17 13.3 32.47 22.84 44.6 48.19 54.92 52.42 63.57 58.26 70.74 83.47 7.62 0 27.8 40.33 
29.92 26.62 41.39 29.89 44.44 41.61 40.19 33.91 35.13 30.96 40.92 56.41 23.42 27.89 0 13.93 
57.93 50.42 51.71 46.31 50.04 46.45 31.74 15.91 0 46.31 56.6 72.02 57.95 63.23 34.59 21.58 
59.36 56.1 69.7 58.33 72.59 69.27 61.52 51.95 46.27 0 10.86 26.49 53 62.83 31.56 29.8 
29.92 26.62 41.39 29.89 44.44 41.61 40.19 33.91 35.13 30.96 40.92 56.41 23.42 27.89 0 13.93 
43.5 34.87 43.41 31.93 43.1 40.3 33.48 22.99 21.62 29.92 40.27 55.76 35.44 44.24 13.97 0 
43.5 34.87 43.41 31.93 43.1 40.3 33.48 22.99 21.62 29.92 40.27 55.76 35.44 44.24 13.97 0 
81.79 78.14 90.01 78.74 93.58 89.6 83.3 73.69 68.07 22.14 14.22 0 73.42 80.81 52.15 51.73 
8.28 13.25 32.29 22.86 41.52 45.98 50.43 46.99 57.78 53.5 63.89 76.99 0 7.15 22 35.45 
5.17 13.3 32.47 22.84 44.6 48.19 54.92 52.42 63.57 58.26 70.74 83.47 7.62 0 27.8 40.33 
29.92 26.62 41.39 29.89 44.44 41.61 40.19 33.91 35.13 30.96 40.92 56.41 23.42 27.89 0 13.93 
72.73 65.03 78.59 67.27 82.18 78.18 71.75 62.22 56.56 10.43 0 16.46 61.94 71.76 40.56 40.15 
81.79 78.14 90.01 78.74 93.58 89.6 83.3 73.69 68.07 22.14 14.22 0 73.42 80.81 52.15 51.73 
8.28 13.25 32.29 22.86 41.52 45.98 50.43 46.99 57.78 53.5 63.89 76.99 0 7.15 22 35.45 
5.17 13.3 32.47 22.84 44.6 48.19 54.92 52.42 63.57 58.26 70.74 83.47 7.62 0 27.8 40.33 
Matriz de Costos>
0 9.1 33.66 19.85 40.82 44.42 49.32 48.66 60.09 60.99 69.92 82.99 7.52 6.92 30.8 43.31 
7.95 0 21.37 10.66 34.05 39.96 44.86 41.85 53.94 57.62 65.09 80.83 9.43 14.71 26.16 37.02 
Matriz de Costos>
0 9.1 33.66 19.85 40.82 44.42 49.32 48.66 60.09 60.99 69.92 82.99 7.52 6.92 30.8 43.31 
72.73 65.03 78.59 67.27 82.18 78.18 71.75 62.22 56.56 10.43 0 16.46 61.94 71.76 40.56 40.15 
81.79 78.14 90.01 78.74 93.58 89.6 83.3 73.69 68.07 22.14 14.22 0 73.42 80.81 52.15 51.73 
43.5 34.87 43.41 31.93 43.1 40.3 33.48 22.99 21.62 29.92 40.27 55.76 35.44 44.24 13.97 0 
29.92 26.62 41.39 29.89 44.44 41.61 40.19 33.91 35.13 30.96 40.92 56.41 23.42 27.89 0 13.93 
43.5 34.87 43.41 31.93 43.1 40.3 33.48 22.99 21.62 29.92 40.27 55.76 35.44 44.24 13.97 0 
Dimension>31
30.03 20.82 0 10.9 13 17.9 27.16 36.89 49.25 64.62 74.47 89.79 30.92 37.65 36.66 41.18 
18.69 9.79 11.15 0 21 25.3 31.45 33.99 46.37 55.56 65.45 80.83 20.17 26.19 27.52 32.09 
39.73 28.72 9.83 20.71 0 10.53 28.54 37.4 49.76 71.24 81.08 96.38 39.22 45.92 44.27 44.85 
7.95 0 21.37 10.66 34.05 39.96 44.86 41.85 53.94 57.62 65.09 80.83 9.43 14.71 26.16 37.02 
30.03 20.82 0 10.9 13 17.9 27.16 36.89 49.25 64.62 74.47 89.79 30.92 37.65 36.66 41.18 
8.28 13.25 32.29 22.86 41.52 45.98 50.43 46.99 57.78 53.5 63.89 76.99 0 7.15 22 35.45 
5.17 13.3 32.47 22.84 44.6 48.19 54.92 52.42 63.57 58.26 70.74 83.47 7.62 0 27.8 40.33 
Bandera>10
Fitness Greedy Costo>398.25
44.31 36.79 18.79 25.46 10.88 0 14.11 31.92 46.23 67.71 77.56 92.88 44.33 49.64 40.7 41.31 
48.7 42.38 28.72 33.14 25.32 13.96 0 16.48 31.78 60.93 71.17 86.5 48.72 54.03 42.74 30.54 
18.69 9.79 11.15 0 21 25.3 31.45 33.99 46.37 55.56 65.45 80.83 20.17 26.19 27.52 32.09 
29.92 26.62 41.39 29.89 44.44 41.61 40.19 33.91 35.13 30.96 40.92 56.41 23.42 27.89 0 13.93 
Solucion Greedy Costo>13 0 12 0 1 3 2 4 0 14 15 16 8 0 5 6 7 9 0 10 11 0 0 0 0 0 0 0 0 0 0 
Linea Vacia>
39.73 28.72 9.83 20.71 0 10.53 28.54 37.4 49.76 71.24 81.08 96.38 39.22 45.92 44.27 44.85 
43.5 34.87 43.41 31.93 43.1 40.3 33.48 22.99 21.62 29.92 40.27 55.76 35.44 44.24 13.97 0 
48.04 39.39 39.48 34.05 37.8 30.59 16.47 0 15.69 50.49 60.77 76.16 47.09 53.37 34.58 22.31 
57.93 50.42 51.71 46.31 50.04 46.45 31.74 15.91 0 46.31 56.6 72.02 57.95 63.23 34.59 21.58 
44.31 36.79 18.79 25.46 10.88 0 14.11 31.92 46.23 67.71 77.56 92.88 44.33 49.64 40.7 41.31 
59.36 56.1 69.7 58.33 72.59 69.27 61.52 51.95 46.27 0 10.86 26.49 53 62.83 31.56 29.8 
72.73 65.03 78.59 67.27 82.18 78.18 71.75 62.22 56.56 10.43 0 16.46 61.94 71.76 40.56 40.15 
Dimension>31
Bandera>10
48.7 42.38 28.72 33.14 25.32 13.96 0 16.48 31.78 60.93 71.17 86.5 48.72 54.03 42.74 30.54 
48.04 39.39 39.48 34.05 37.8 30.59 16.47 0 15.69 50.49 60.77 76.16 47.09 53.37 34.58 22.31 
Matriz de Costos>
0 9.1 33.66 19.85 40.82 44.42 49.32 48.66 60.09 60.99 69.92 82.99 7.52 6.92 30.8 43.31 
7.95 0 21.37 10.66 34.05 39.96 44.86 41.85 53.94 57.62 65.09 80.83 9.43 14.71 26.16 37.02 
81.79 78.14 90.01 78.74 93.58 89.6 83.3 73.69 68.07 22.14 14.22 0 73.42 80.81 52.15 51.73 
8.28 13.25 32.29 22.86 41.52 45.98 50.43 46.99 57.78 53.5 63.89 76.99 0 7.15 22 35.45 
5.17 13.3 32.47 22.84 44.6 48.19 54.92 52.42 63.57 58.26 70.74 83.47 7.62 0 27.8 40.33 
Fitness Greedy Costo>398.25
Solucion Greedy Costo>13 0 12 0 1 3 2 4 0 14 15 16 8 0 5 6 7 9 0 10 11 0 0 0 0 0 0 0 0 0 0 
Linea Vacia>
30.03 20.82 0 10.9 13 17.9 27.16 36.89 49.25 64.62 74.47 89.79 30.92 37.65 36.66 41.18 
18.69 9.79 11.15 0 21 25.3 31.45 33.99 46.37 55.56 65.45 80.83 20.17 26.19 27.52 32.09 
39.73 28.72 9.83 20.71 0 10.53 28.54 37.4 49.76 71.24 81.08 96.38 39.22 45.92 44.27 44.85 
44.31 36.79 18.79 25.46 10.88 0 14.11 31.92 46.23 67.71 77.56 92.88 44.33 49.64 40.7 41.31 
48.7 42.38 28.72 33.14 25.32 13.96 0 16.48 31.78 60.93 71.17 86.5 48.72 54.03 42.74 30.54 
48.04 39.39 39.48 34.05 37.8 30.59 16.47 0 15.69 50.49 60.77 76.16 47.09 53.37 34.58 22.31 
29.92 26.62 41.39 29.89 44.44 41.61 40.19 33.91 35.13 30.96 40.92 56.41 23.42 27.89 0 13.93 
43.5 34.87 43.41 31.93 43.1 40.3 33.48 22.99 21.62 29.92 40.27 55.76 35.44 44.24 13.97 0 
Dimension>31
Bandera>10
Fitness Greedy Costo>398.25
Solucion Greedy Costo>13 0 12 0 1 3 2 4 0 14 15 16 8 0 5 6 7 9 0 10 11 0 0 0 0 0 0 0 0 0 0 
Linea Vacia>
57.93 50.42 51.71 46.31 50.04 46.45 31.74 15.91 0 46.31 56.6 72.02 57.95 63.23 34.59 21.58 
59.36 56.1 69.7 58.33 72.59 69.27 61.52 51.95 46.27 0 10.86 26.49 53 62.83 31.56 29.8 
72.73 65.03 78.59 67.27 82.18 78.18 71.75 62.22 56.56 10.43 0 16.46 61.94 71.76 40.56 40.15 
81.79 78.14 90.01 78.74 93.58 89.6 83.3 73.69 68.07 22.14 14.22 0 73.42 80.81 52.15 51.73 
8.28 13.25 32.29 22.86 41.52 45.98 50.43 46.99 57.78 53.5 63.89 76.99 0 7.15 22 35.45 
57.93 50.42 51.71 46.31 50.04 46.45 31.74 15.91 0 46.31 56.6 72.02 57.95 63.23 34.59 21.58 
59.36 56.1 69.7 58.33 72.59 69.27 61.52 51.95 46.27 0 10.86 26.49 53 62.83 31.56 29.8 
72.73 65.03 78.59 67.27 82.18 78.18 71.75 62.22 56.56 10.43 0 16.46 61.94 71.76 40.56 40.15 
81.79 78.14 90.01 78.74 93.58 89.6 83.3 73.69 68.07 22.14 14.22 0 73.42 80.81 52.15 51.73 
8.28 13.25 32.29 22.86 41.52 45.98 50.43 46.99 57.78 53.5 63.89 76.99 0 7.15 22 35.45 
5.17 13.3 32.47 22.84 44.6 48.19 54.92 52.42 63.57 58.26 70.74 83.47 7.62 0 27.8 40.33 
29.92 26.62 41.39 29.89 44.44 41.61 40.19 33.91 35.13 30.96 40.92 56.41 23.42 27.89 0 13.93 
43.5 34.87 43.41 31.93 43.1 40.3 33.48 22.99 21.62 29.92 40.27 55.76 35.44 44.24 13.97 0 
Matriz de Costos>
0 9.1 33.66 19.85 40.82 44.42 49.32 48.66 60.09 60.99 69.92 82.99 7.52 6.92 30.8 43.31 
7.95 0 21.37 10.66 34.05 39.96 44.86 41.85 53.94 57.62 65.09 80.83 9.43 14.71 26.16 37.02 
30.03 20.82 0 10.9 13 17.9 27.16 36.89 49.25 64.62 74.47 89.79 30.92 37.65 36.66 41.18 
18.69 9.79 11.15 0 21 25.3 31.45 33.99 46.37 55.56 65.45 80.83 20.17 26.19 27.52 32.09 
39.73 28.72 9.83 20.71 0 10.53 28.54 37.4 49.76 71.24 81.08 96.38 39.22 45.92 44.27 44.85 
Dimension>31
Bandera>10
Fitness Greedy Costo>398.25
Solucion Greedy Costo>13 0 12 0 1 3 2 4 0 14 15 16 8 0 5 6 7 9 0 10 11 0 0 0 0 0 0 0 0 0 0 
Linea Vacia>
5.17 13.3 32.47 22.84 44.6 48.19 54.92 52.42 63.57 58.26 70.74 83.47 7.62 0 27.8 40.33 
29.92 26.62 41.39 29.89 44.44 41.61 40.19 33.91 35.13 30.96 40.92 56.41 23.42 27.89 0 13.93 
43.5 34.87 43.41 31.93 43.1 40.3 33.48 22.99 21.62 29.92 40.27 55.76 35.44 44.24 13.97 0 
Dimension>31
Bandera>10
Fitness Greedy Costo>398.25
Dimension>31
Bandera>10
Fitness Greedy Costo>398.25
Solucion Greedy Costo>13 0 12 0 1 3 2 4 0 14 15 16 8 0 5 6 7 9 0 10 11 0 0 0 0 0 0 0 0 0 0 
Linea Vacia>
Matriz de Costos>
0 9.1 33.66 19.85 40.82 44.42 49.32 48.66 60.09 60.99 69.92 82.99 7.52 6.92 30.8 43.31 
7.95 0 21.37 10.66 34.05 39.96 44.86 41.85 53.94 57.62 65.09 80.83 9.43 14.71 26.16 37.02 
30.03 20.82 0 10.9 13 17.9 27.16 36.89 49.25 64.62 74.47 89.79 30.92 37.65 36.66 41.18 
18.69 9.79 11.15 0 21 25.3 31.45 33.99 46.37 55.56 65.45 80.83 20.17 26.19 27.52 32.09 
39.73 28.72 9.83 20.71 0 10.53 28.54 37.4 49.76 71.24 81.08 96.38 39.22 45.92 44.27 44.85 
44.31 36.79 18.79 25.46 10.88 0 14.11 31.92 46.23 67.71 77.56 92.88 44.33 49.64 40.7 41.31 
44.31 36.79 18.79 25.46 10.88 0 14.11 31.92 46.23 67.71 77.56 92.88 44.33 49.64 40.7 41.31 
48.7 42.38 28.72 33.14 25.32 13.96 0 16.48 31.78 60.93 71.17 86.5 48.72 54.03 42.74 30.54 
48.04 39.39 39.48 34.05 37.8 30.59 16.47 0 15.69 50.49 60.77 76.16 47.09 53.37 34.58 22.31 
57.93 50.42 51.71 46.31 50.04 46.45 31.74 15.91 0 46.31 56.6 72.02 57.95 63.23 34.59 21.58 
Matriz de Costos>
0 9.1 33.66 19.85 40.82 44.42 49.32 48.66 60.09 60.99 69.92 82.99 7.52 6.92 30.8 43.31 
7.95 0 21.37 10.66 34.05 39.96 44.86 41.85 53.94 57.62 65.09 80.83 9.43 14.71 26.16 37.02 
30.03 20.82 0 10.9 13 17.9 27.16 36.89 49.25 64.62 74.47 89.79 30.92 37.65 36.66 41.18 
Solucion Greedy Costo>13 0 12 0 1 3 2 4 0 14 15 16 8 0 5 6 7 9 0 10 11 0 0 0 0 0 0 0 0 0 0 
Linea Vacia>
48.7 42.38 28.72 33.14 25.32 13.96 0 16.48 31.78 60.93 71.17 86.5 48.72 54.03 42.74 30.54 
48.04 39.39 39.48 34.05 37.8 30.59 16.47 0 15.69 50.49 60.77 76.16 47.09 53.37 34.58 22.31 
57.93 50.42 51.71 46.31 50.04 46.45 31.74 15.91 0 46.31 56.6 72.02 57.95 63.23 34.59 21.58 
59.36 56.1 69.7 58.33 72.59 69.27 61.52 51.95 46.27 0 10.86 26.49 53 62.83 31.56 29.8 
72.73 65.03 78.59 67.27 82.18 78.18 71.75 62.22 56.56 10.43 0 16.46 61.94 71.76 40.56 40.15 
81.79 78.14 90.01 78.74 93.58 89.6 83.3 73.69 68.07 22.14 14.22 0 73.42 80.81 52.15 51.73 
8.28 13.25 32.29 22.86 41.52 45.98 50.43 46.99 57.78 53.5 63.89 76.99 0 7.15 22 35.45 
5.17 13.3 32.47 22.84 44.6 48.19 54.92 52.42 63.57 58.26 70.74 83.47 7.62 0 27.8 40.33 
59.36 56.1 69.7 58.33 72.59 69.27 61.52 51.95 46.27 0 10.86 26.49 53 62.83 31.56 29.8 
72.73 65.03 78.59 67.27 82.18 78.18 71.75 62.22 56.56 10.43 0 16.46 61.94 71.76 40.56 40.15 
81.79 78.14 90.01 78.74 93.58 89.6 83.3 73.69 68.07 22.14 14.22 0 73.42 80.81 52.15 51.73 
8.28 13.25 32.29 22.86 41.52 45.98 50.43 46.99 57.78 53.5 63.89 76.99 0 7.15 22 35.45 
5.17 13.3 32.47 22.84 44.6 48.19 54.92 52.42 63.57 58.26 70.74 83.47 7.62 0 27.8 40.33 
29.92 26.62 41.39 29.89 44.44 41.61 40.19 33.91 35.13 30.96 40.92 56.41 23.42 27.89 0 13.93 
43.5 34.87 43.41 31.93 43.1 40.3 33.48 22.99 21.62 29.92 40.27 55.76 35.44 44.24 13.97 0 
18.69 9.79 11.15 0 21 25.3 31.45 33.99 46.37 55.56 65.45 80.83 20.17 26.19 27.52 32.09 
39.73 28.72 9.83 20.71 0 10.53 28.54 37.4 49.76 71.24 81.08 96.38 39.22 45.92 44.27 44.85 
44.31 36.79 18.79 25.46 10.88 0 14.11 31.92 46.23 67.71 77.56 92.88 44.33 49.64 40.7 41.31 
48.7 42.38 28.72 33.14 25.32 13.96 0 16.48 31.78 60.93 71.17 86.5 48.72 54.03 42.74 30.54 
Matriz de Costos>
0 9.1 33.66 19.85 40.82 44.42 49.32 48.66 60.09 60.99 69.92 82.99 7.52 6.92 30.8 43.31 
7.95 0 21.37 10.66 34.05 39.96 44.86 41.85 53.94 57.62 65.09 80.83 9.43 14.71 26.16 37.02 
30.03 20.82 0 10.9 13 17.9 27.16 36.89 49.25 64.62 74.47 89.79 30.92 37.65 36.66 41.18 
29.92 26.62 41.39 29.89 44.44 41.61 40.19 33.91 35.13 30.96 40.92 56.41 23.42 27.89 0 13.93 
43.5 34.87 43.41 31.93 43.1 40.3 33.48 22.99 21.62 29.92 40.27 55.76 35.44 44.24 13.97 0 
48.04 39.39 39.48 34.05 37.8 30.59 16.47 0 15.69 50.49 60.77 76.16 47.09 53.37 34.58 22.31 
57.93 50.42 51.71 46.31 50.04 46.45 31.74 15.91 0 46.31 56.6 72.02 57.95 63.23 34.59 21.58 
59.36 56.1 69.7 58.33 72.59 69.27 61.52 51.95 46.27 0 10.86 26.49 53 62.83 31.56 29.8 
72.73 65.03 78.59 67.27 82.18 78.18 71.75 62.22 56.56 10.43 0 16.46 61.94 71.76 40.56 40.15 
81.79 78.14 90.01 78.74 93.58 89.6 83.3 73.69 68.07 22.14 14.22 0 73.42 80.81 52.15 51.73 
8.28 13.25 32.29 22.86 41.52 45.98 50.43 46.99 57.78 53.5 63.89 76.99 0 7.15 22 35.45 
18.69 9.79 11.15 0 21 25.3 31.45 33.99 46.37 55.56 65.45 80.83 20.17 26.19 27.52 32.09 
39.73 28.72 9.83 20.71 0 10.53 28.54 37.4 49.76 71.24 81.08 96.38 39.22 45.92 44.27 44.85 
44.31 36.79 18.79 25.46 10.88 0 14.11 31.92 46.23 67.71 77.56 92.88 44.33 49.64 40.7 41.31 
48.7 42.38 28.72 33.14 25.32 13.96 0 16.48 31.78 60.93 71.17 86.5 48.72 54.03 42.74 30.54 
Matriz de Costos>
0 9.1 33.66 19.85 40.82 44.42 49.32 48.66 60.09 60.99 69.92 82.99 7.52 6.92 30.8 43.31 
48.04 39.39 39.48 34.05 37.8 30.59 16.47 0 15.69 50.49 60.77 76.16 47.09 53.37 34.58 22.31 
57.93 50.42 51.71 46.31 50.04 46.45 31.74 15.91 0 46.31 56.6 72.02 57.95 63.23 34.59 21.58 
5.17 13.3 32.47 22.84 44.6 48.19 54.92 52.42 63.57 58.26 70.74 83.47 7.62 0 27.8 40.33 
29.92 26.62 41.39 29.89 44.44 41.61 40.19 33.91 35.13 30.96 40.92 56.41 23.42 27.89 0 13.93 
43.5 34.87 43.41 31.93 43.1 40.3 33.48 22.99 21.62 29.92 40.27 55.76 35.44 44.24 13.97 0 
Dimension>31
Bandera>10
Fitness Greedy Costo>398.25
Solucion Greedy Costo>13 0 12 0 1 3 2 4 0 14 15 16 8 0 5 6 7 9 0 10 11 0 0 0 0 0 0 0 0 0 0 
Linea Vacia>
Dimension>31
Bandera>10
Fitness Greedy Costo>398.25
Solucion Greedy Costo>13 0 12 0 1 3 2 4 0 14 15 16 8 0 5 6 7 9 0 10 11 0 0 0 0 0 0 0 0 0 0 
Linea Vacia>
7.95 0 21.37 10.66 34.05 39.96 44.86 41.85 53.94 57.62 65.09 80.83 9.43 14.71 26.16 37.02 
30.03 20.82 0 10.9 13 17.9 27.16 36.89 49.25 64.62 74.47 89.79 30.92 37.65 36.66 41.18 
59.36 56.1 69.7 58.33 72.59 69.27 61.52 51.95 46.27 0 10.86 26.49 53 62.83 31.56 29.8 
72.73 65.03 78.59 67.27 82.18 78.18 71.75 62.22 56.56 10.43 0 16.46 61.94 71.76 40.56 40.15 
81.79 78.14 90.01 78.74 93.58 89.6 83.3 73.69 68.07 22.14 14.22 0 73.42 80.81 52.15 51.73 
8.28 13.25 32.29 22.86 41.52 45.98 50.43 46.99 57.78 53.5 63.89 76.99 0 7.15 22 35.45 
18.69 9.79 11.15 0 21 25.3 31.45 33.99 46.37 55.56 65.45 80.83 20.17 26.19 27.52 32.09 
39.73 28.72 9.83 20.71 0 10.53 28.54 37.4 49.76 71.24 81.08 96.38 39.22 45.92 44.27 44.85 
Dimension>31
Bandera>10
Fitness Greedy Costo>398.25
Solucion Greedy Costo>13 0 12 0 1 3 2 4 0 14 15 16 8 0 5 6 7 9 0 10 11 0 0 0 0 0 0 0 0 0 0 
Linea Vacia>
44.31 36.79 18.79 25.46 10.88 0 14.11 31.92 46.23 67.71 77.56 92.88 44.33 49.64 40.7 41.31 
48.7 42.38 28.72 33.14 25.32 13.96 0 16.48 31.78 60.93 71.17 86.5 48.72 54.03 42.74 30.54 
48.04 39.39 39.48 34.05 37.8 30.59 16.47 0 15.69 50.49 60.77 76.16 47.09 53.37 34.58 22.31 
57.93 50.42 51.71 46.31 50.04 46.45 31.74 15.91 0 46.31 56.6 72.02 57.95 63.23 34.59 21.58 
5.17 13.3 32.47 22.84 44.6 48.19 54.92 52.42 63.57 58.26 70.74 83.47 7.62 0 27.8 40.33 
29.92 26.62 41.39 29.89 44.44 41.61 40.19 33.91 35.13 30.96 40.92 56.41 23.42 27.89 0 13.93 
43.5 34.87 43.41 31.93 43.1 40.3 33.48 22.99 21.62 29.92 40.27 55.76 35.44 44.24 13.97 0 
Matriz de Costos>
0 9.1 33.66 19.85 40.82 44.42 49.32 48.66 60.09 60.99 69.92 82.99 7.52 6.92 30.8 43.31 
7.95 0 21.37 10.66 34.05 39.96 44.86 41.85 53.94 57.62 65.09 80.83 9.43 14.71 26.16 37.02 
30.03 20.82 0 10.9 13 17.9 27.16 36.89 49.25 64.62 74.47 89.79 30.92 37.65 36.66 41.18 
18.69 9.79 11.15 0 21 25.3 31.45 33.99 46.37 55.56 65.45 80.83 20.17 26.19 27.52 32.09 
39.73 28.72 9.83 20.71 0 10.53 28.54 37.4 49.76 71.24 81.08 96.38 39.22 45.92 44.27 44.85 
44.31 36.79 18.79 25.46 10.88 0 14.11 31.92 46.23 67.71 77.56 92.88 44.33 49.64 40.7 41.31 
Matriz de Costos>
0 9.1 33.66 19.85 40.82 44.42 49.32 48.66 60.09 60.99 69.92 82.99 7.52 6.92 30.8 43.31 
7.95 0 21.37 10.66 34.05 39.96 44.86 41.85 53.94 57.62 65.09 80.83 9.43 14.71 26.16 37.02 
30.03 20.82 0 10.9 13 17.9 27.16 36.89 49.25 64.62 74.47 89.79 30.92 37.65 36.66 41.18 
18.69 9.79 11.15 0 21 25.3 31.45 33.99 46.37 55.56 65.45 80.83 20.17 26.19 27.52 32.09 
39.73 28.72 9.83 20.71 0 10.53 28.54 37.4 49.76 71.24 81.08 96.38 39.22 45.92 44.27 44.85 
59.36 56.1 69.7 58.33 72.59 69.27 61.52 51.95 46.27 0 10.86 26.49 53 62.83 31.56 29.8 
72.73 65.03 78.59 67.27 82.18 78.18 71.75 62.22 56.56 10.43 0 16.46 61.94 71.76 40.56 40.15 
81.79 78.14 90.01 78.74 93.58 89.6 83.3 73.69 68.07 22.14 14.22 0 73.42 80.81 52.15 51.73 
8.28 13.25 32.29 22.86 41.52 45.98 50.43 46.99 57.78 53.5 63.89 76.99 0 7.15 22 35.45 
48.7 42.38 28.72 33.14 25.32 13.96 0 16.48 31.78 60.93 71.17 86.5 48.72 54.03 42.74 30.54 
48.04 39.39 39.48 34.05 37.8 30.59 16.47 0 15.69 50.49 60.77 76.16 47.09 53.37 34.58 22.31 
57.93 50.42 51.71 46.31 50.04 46.45 31.74 15.91 0 46.31 56.6 72.02 57.95 63.23 34.59 21.58 
59.36 56.1 69.7 58.33 72.59 69.27 61.52 51.95 46.27 0 10.86 26.49 53 62.83 31.56 29.8 
72.73 65.03 78.59 67.27 82.18 78.18 71.75 62.22 56.56 10.43 0 16.46 61.94 71.76 40.56 40.15 
81.79 78.14 90.01 78.74 93.58 89.6 83.3 73.69 68.07 22.14 14.22 0 73.42 80.81 52.15 51.73 
8.28 13.25 32.29 22.86 41.52 45.98 50.43 46.99 57.78 53.5 63.89 76.99 0 7.15 22 35.45 
44.31 36.79 18.79 25.46 10.88 0 14.11 31.92 46.23 67.71 77.56 92.88 44.33 49.64 40.7 41.31 
48.7 42.38 28.72 33.14 25.32 13.96 0 16.48 31.78 60.93 71.17 86.5 48.72 54.03 42.74 30.54 
48.04 39.39 39.48 34.05 37.8 30.59 16.47 0 15.69 50.49 60.77 76.16 47.09 53.37 34.58 22.31 
57.93 50.42 51.71 46.31 50.04 46.45 31.74 15.91 0 46.31 56.6 72.02 57.95 63.23 34.59 21.58 
59.36 56.1 69.7 58.33 72.59 69.27 61.52 51.95 46.27 0 10.86 26.49 53 62.83 31.56 29.8 
Matriz de Costos>
0 9.1 33.66 19.85 40.82 44.42 49.32 48.66 60.09 60.99 69.92 82.99 7.52 6.92 30.8 43.31 
7.95 0 21.37 10.66 34.05 39.96 44.86 41.85 53.94 57.62 65.09 80.83 9.43 14.71 26.16 37.02 
30.03 20.82 0 10.9 13 17.9 27.16 36.89 49.25 64.62 74.47 89.79 30.92 37.65 36.66 41.18 
18.69 9.79 11.15 0 21 25.3 31.45 33.99 46.37 55.56 65.45 80.83 20.17 26.19 27.52 32.09 
39.73 28.72 9.83 20.71 0 10.53 28.54 37.4 49.76 71.24 81.08 96.38 39.22 45.92 44.27 44.85 
44.31 36.79 18.79 25.46 10.88 0 14.11 31.92 46.23 67.71 77.56 92.88 44.33 49.64 40.7 41.31 
48.7 42.38 28.72 33.14 25.32 13.96 0 16.48 31.78 60.93 71.17 86.5 48.72 54.03 42.74 30.54 
48.04 39.39 39.48 34.05 37.8 30.59 16.47 0 15.69 50.49 60.77 76.16 47.09 53.37 34.58 22.31 
57.93 50.42 51.71 46.31 50.04 46.45 31.74 15.91 0 46.31 56.6 72.02 57.95 63.23 34.59 21.58 
59.36 56.1 69.7 58.33 72.59 69.27 61.52 51.95 46.27 0 10.86 26.49 53 62.83 31.56 29.8 
72.73 65.03 78.59 67.27 82.18 78.18 71.75 62.22 56.56 10.43 0 16.46 61.94 71.76 40.56 40.15 
81.79 78.14 90.01 78.74 93.58 89.6 83.3 73.69 68.07 22.14 14.22 0 73.42 80.81 52.15 51.73 
5.17 13.3 32.47 22.84 44.6 48.19 54.92 52.42 63.57 58.26 70.74 83.47 7.62 0 27.8 40.33 
29.92 26.62 41.39 29.89 44.44 41.61 40.19 33.91 35.13 30.96 40.92 56.41 23.42 27.89 0 13.93 
43.5 34.87 43.41 31.93 43.1 40.3 33.48 22.99 21.62 29.92 40.27 55.76 35.44 44.24 13.97 0 
5.17 13.3 32.47 22.84 44.6 48.19 54.92 52.42 63.57 58.26 70.74 83.47 7.62 0 27.8 40.33 
29.92 26.62 41.39 29.89 44.44 41.61 40.19 33.91 35.13 30.96 40.92 56.41 23.42 27.89 0 13.93 
43.5 34.87 43.41 31.93 43.1 40.3 33.48 22.99 21.62 29.92 40.27 55.76 35.44 44.24 13.97 0 
72.73 65.03 78.59 67.27 82.18 78.18 71.75 62.22 56.56 10.43 0 16.46 61.94 71.76 40.56 40.15 
81.79 78.14 90.01 78.74 93.58 89.6 83.3 73.69 68.07 22.14 14.22 0 73.42 80.81 52.15 51.73 
8.28 13.25 32.29 22.86 41.52 45.98 50.43 46.99 57.78 53.5 63.89 76.99 0 7.15 22 35.45 
5.17 13.3 32.47 22.84 44.6 48.19 54.92 52.42 63.57 58.26 70.74 83.47 7.62 0 27.8 40.33 
29.92 26.62 41.39 29.89 44.44 41.61 40.19 33.91 35.13 30.96 40.92 56.41 23.42 27.89 0 13.93 
43.5 34.87 43.41 31.93 43.1 40.3 33.48 22.99 21.62 29.92 40.27 55.76 35.44 44.24 13.97 0 
8.28 13.25 32.29 22.86 41.52 45.98 50.43 46.99 57.78 53.5 63.89 76.99 0 7.15 22 35.45 
5.17 13.3 32.47 22.84 44.6 48.19 54.92 52.42 63.57 58.26 70.74 83.47 7.62 0 27.8 40.33 
29.92 26.62 41.39 29.89 44.44 41.61 40.19 33.91 35.13 30.96 40.92 56.41 23.42 27.89 0 13.93 
43.5 34.87 43.41 31.93 43.1 40.3 33.48 22.99 21.62 29.92 40.27 55.76 35.44 44.24 13.97 0 
Dimension>31
Bandera>10
Fitness Greedy Costo>398.25
Solucion Greedy Costo>13 0 12 0 1 3 2 4 0 14 15 16 8 0 5 6 7 9 0 10 11 0 0 0 0 0 0 0 0 0 0 
Linea Vacia>
Dimension>31
Bandera>10
Fitness Greedy Costo>398.25
Dimension>31
Bandera>10
Fitness Greedy Costo>398.25
Solucion Greedy Costo>13 0 12 0 1 3 2 4 0 14 15 16 8 0 5 6 7 9 0 10 11 0 0 0 0 0 0 0 0 0 0 
Linea Vacia>
Matriz de Costos>
0 9.1 33.66 19.85 40.82 44.42 49.32 48.66 60.09 60.99 69.92 82.99 7.52 6.92 30.8 43.31 
7.95 0 21.37 10.66 34.05 39.96 44.86 41.85 53.94 57.62 65.09 80.83 9.43 14.71 26.16 37.02 
30.03 20.82 0 10.9 13 17.9 27.16 36.89 49.25 64.62 74.47 89.79 30.92 37.65 36.66 41.18 
18.69 9.79 11.15 0 21 25.3 31.45 33.99 46.37 55.56 65.45 80.83 20.17 26.19 27.52 32.09 
Solucion Greedy Costo>13 0 12 0 1 3 2 4 0 14 15 16 8 0 5 6 7 9 0 10 11 0 0 0 0 0 0 0 0 0 0 
Linea Vacia>
Matriz de Costos>
0 9.1 33.66 19.85 40.82 44.42 49.32 48.66 60.09 60.99 69.92 82.99 7.52 6.92 30.8 43.31 
7.95 0 21.37 10.66 34.05 39.96 44.86 41.85 53.94 57.62 65.09 80.83 9.43 14.71 26.16 37.02 
30.03 20.82 0 10.9 13 17.9 27.16 36.89 49.25 64.62 74.47 89.79 30.92 37.65 36.66 41.18 
18.69 9.79 11.15 0 21 25.3 31.45 33.99 46.37 55.56 65.45 80.83 20.17 26.19 27.52 32.09 
39.73 28.72 9.83 20.71 0 10.53 28.54 37.4 49.76 71.24 81.08 96.38 39.22 45.92 44.27 44.85 
44.31 36.79 18.79 25.46 10.88 0 14.11 31.92 46.23 67.71 77.56 92.88 44.33 49.64 40.7 41.31 
48.7 42.38 28.72 33.14 25.32 13.96 0 16.48 31.78 60.93 71.17 86.5 48.72 54.03 42.74 30.54 
48.04 39.39 39.48 34.05 37.8 30.59 16.47 0 15.69 50.49 60.77 76.16 47.09 53.37 34.58 22.31 
57.93 50.42 51.71 46.31 50.04 46.45 31.74 15.91 0 46.31 56.6 72.02 57.95 63.23 34.59 21.58 
59.36 56.1 69.7 58.33 72.59 69.27 61.52 51.95 46.27 0 10.86 26.49 53 62.83 31.56 29.8 
72.73 65.03 78.59 67.27 82.18 78.18 71.75 62.22 56.56 10.43 0 16.46 61.94 71.76 40.56 40.15 
81.79 78.14 90.01 78.74 93.58 89.6 83.3 73.69 68.07 22.14 14.22 0 73.42 80.81 52.15 51.73 
8.28 13.25 32.29 22.86 41.52 45.98 50.43 46.99 57.78 53.5 63.89 76.99 0 7.15 22 35.45 
5.17 13.3 32.47 22.84 44.6 48.19 54.92 52.42 63.57 58.26 70.74 83.47 7.62 0 27.8 40.33 
29.92 26.62 41.39 29.89 44.44 41.61 40.19 33.91 35.13 30.96 40.92 56.41 23.42 27.89 0 13.93 
39.73 28.72 9.83 20.71 0 10.53 28.54 37.4 49.76 71.24 81.08 96.38 39.22 45.92 44.27 44.85 
44.31 36.79 18.79 25.46 10.88 0 14.11 31.92 46.23 67.71 77.56 92.88 44.33 49.64 40.7 41.31 
48.7 42.38 28.72 33.14 25.32 13.96 0 16.48 31.78 60.93 71.17 86.5 48.72 54.03 42.74 30.54 
48.04 39.39 39.48 34.05 37.8 30.59 16.47 0 15.69 50.49 60.77 76.16 47.09 53.37 34.58 22.31 
57.93 50.42 51.71 46.31 50.04 46.45 31.74 15.91 0 46.31 56.6 72.02 57.95 63.23 34.59 21.58 
59.36 56.1 69.7 58.33 72.59 69.27 61.52 51.95 46.27 0 10.86 26.49 53 62.83 31.56 29.8 
72.73 65.03 78.59 67.27 82.18 78.18 71.75 62.22 56.56 10.43 0 16.46 61.94 71.76 40.56 40.15 
81.79 78.14 90.01 78.74 93.58 89.6 83.3 73.69 68.07 22.14 14.22 0 73.42 80.81 52.15 51.73 
8.28 13.25 32.29 22.86 41.52 45.98 50.43 46.99 57.78 53.5 63.89 76.99 0 7.15 22 35.45 
Matriz de Costos>
0 9.1 33.66 19.85 40.82 44.42 49.32 48.66 60.09 60.99 69.92 82.99 7.52 6.92 30.8 43.31 
7.95 0 21.37 10.66 34.05 39.96 44.86 41.85 53.94 57.62 65.09 80.83 9.43 14.71 26.16 37.02 
30.03 20.82 0 10.9 13 17.9 27.16 36.89 49.25 64.62 74.47 89.79 30.92 37.65 36.66 41.18 
18.69 9.79 11.15 0 21 25.3 31.45 33.99 46.37 55.56 65.45 80.83 20.17 26.19 27.52 32.09 
39.73 28.72 9.83 20.71 0 10.53 28.54 37.4 49.76 71.24 81.08 96.38 39.22 45.92 44.27 44.85 
44.31 36.79 18.79 25.46 10.88 0 14.11 31.92 46.23 67.71 77.56 92.88 44.33 49.64 40.7 41.31 
48.7 42.38 28.72 33.14 25.32 13.96 0 16.48 31.78 60.93 71.17 86.5 48.72 54.03 42.74 30.54 
43.5 34.87 43.41 31.93 43.1 40.3 33.48 22.99 21.62 29.92 40.27 55.76 35.44 44.24 13.97 0 
5.17 13.3 32.47 22.84 44.6 48.19 54.92 52.42 63.57 58.26 70.74 83.47 7.62 0 27.8 40.33 
29.92 26.62 41.39 29.89 44.44 41.61 40.19 33.91 35.13 30.96 40.92 56.41 23.42 27.89 0 13.93 
43.5 34.87 43.41 31.93 43.1 40.3 33.48 22.99 21.62 29.92 40.27 55.76 35.44 44.24 13.97 0 
48.04 39.39 39.48 34.05 37.8 30.59 16.47 0 15.69 50.49 60.77 76.16 47.09 53.37 34.58 22.31 
57.93 50.42 51.71 46.31 50.04 46.45 31.74 15.91 0 46.31 56.6 72.02 57.95 63.23 34.59 21.58 
59.36 56.1 69.7 58.33 72.59 69.27 61.52 51.95 46.27 0 10.86 26.49 53 62.83 31.56 29.8 
72.73 65.03 78.59 67.27 82.18 78.18 71.75 62.22 56.56 10.43 0 16.46 61.94 71.76 40.56 40.15 
81.79 78.14 90.01 78.74 93.58 89.6 83.3 73.69 68.07 22.14 14.22 0 73.42 80.81 52.15 51.73 
Dimension>31
Bandera>10
Fitness Greedy Costo>398.25
8.28 13.25 32.29 22.86 41.52 45.98 50.43 46.99 57.78 53.5 63.89 76.99 0 7.15 22 35.45 
5.17 13.3 32.47 22.84 44.6 48.19 54.92 52.42 63.57 58.26 70.74 83.47 7.62 0 27.8 40.33 
29.92 26.62 41.39 29.89 44.44 41.61 40.19 33.91 35.13 30.96 40.92 56.41 23.42 27.89 0 13.93 
43.5 34.87 43.41 31.93 43.1 40.3 33.48 22.99 21.62 29.92 40.27 55.76 35.44 44.24 13.97 0 
Solucion Greedy Costo>13 0 12 0 1 3 2 4 0 14 15 16 8 0 5 6 7 9 0 10 11 0 0 0 0 0 0 0 0 0 0 
Linea Vacia>
Dimension>31
Bandera>10
Fitness Greedy Costo>398.25
Solucion Greedy Costo>13 0 12 0 1 3 2 4 0 14 15 16 8 0 5 6 7 9 0 10 11 0 0 0 0 0 0 0 0 0 0 
Linea Vacia>
Matriz de Costos>
0 9.1 33.66 19.85 40.82 44.42 49.32 48.66 60.09 60.99 69.92 82.99 7.52 6.92 30.8 43.31 
7.95 0 21.37 10.66 34.05 39.96 44.86 41.85 53.94 57.62 65.09 80.83 9.43 14.71 26.16 37.02 
30.03 20.82 0 10.9 13 17.9 27.16 36.89 49.25 64.62 74.47 89.79 30.92 37.65 36.66 41.18 
18.69 9.79 11.15 0 21 25.3 31.45 33.99 46.37 55.56 65.45 80.83 20.17 26.19 27.52 32.09 
39.73 28.72 9.83 20.71 0 10.53 28.54 37.4 49.76 71.24 81.08 96.38 39.22 45.92 44.27 44.85 
Matriz de Costos>
0 9.1 33.66 19.85 40.82 44.42 49.32 48.66 60.09 60.99 69.92 82.99 7.52 6.92 30.8 43.31 
7.95 0 21.37 10.66 34.05 39.96 44.86 41.85 53.94 57.62 65.09 80.83 9.43 14.71 26.16 37.02 
30.03 20.82 0 10.9 13 17.9 27.16 36.89 49.25 64.62 74.47 89.79 30.92 37.65 36.66 41.18 
18.69 9.79 11.15 0 21 25.3 31.45 33.99 46.37 55.56 65.45 80.83 20.17 26.19 27.52 32.09 
44.31 36.79 18.79 25.46 10.88 0 14.11 31.92 46.23 67.71 77.56 92.88 44.33 49.64 40.7 41.31 
48.7 42.38 28.72 33.14 25.32 13.96 0 16.48 31.78 60.93 71.17 86.5 48.72 54.03 42.74 30.54 
48.04 39.39 39.48 34.05 37.8 30.59 16.47 0 15.69 50.49 60.77 76.16 47.09 53.37 34.58 22.31 
57.93 50.42 51.71 46.31 50.04 46.45 31.74 15.91 0 46.31 56.6 72.02 57.95 63.23 34.59 21.58 
39.73 28.72 9.83 20.71 0 10.53 28.54 37.4 49.76 71.24 81.08 96.38 39.22 45.92 44.27 44.85 
44.31 36.79 18.79 25.46 10.88 0 14.11 31.92 46.23 67.71 77.56 92.88 44.33 49.64 40.7 41.31 
48.7 42.38 28.72 33.14 25.32 13.96 0 16.48 31.78 60.93 71.17 86.5 48.72 54.03 42.74 30.54 
59.36 56.1 69.7 58.33 72.59 69.27 61.52 51.95 46.27 0 10.86 26.49 53 62.83 31.56 29.8 
72.73 65.03 78.59 67.27 82.18 78.18 71.75 62.22 56.56 10.43 0 16.46 61.94 71.76 40.56 40.15 
81.79 78.14 90.01 78.74 93.58 89.6 83.3 73.69 68.07 22.14 14.22 0 73.42 80.81 52.15 51.73 
8.28 13.25 32.29 22.86 41.52 45.98 50.43 46.99 57.78 53.5 63.89 76.99 0 7.15 22 35.45 
48.04 39.39 39.48 34.05 37.8 30.59 16.47 0 15.69 50.49 60.77 76.16 47.09 53.37 34.58 22.31 
57.93 50.42 51.71 46.31 50.04 46.45 31.74 15.91 0 46.31 56.6 72.02 57.95 63.23 34.59 21.58 
59.36 56.1 69.7 58.33 72.59 69.27 61.52 51.95 46.27 0 10.86 26.49 53 62.83 31.56 29.8 
72.73 65.03 78.59 67.27 82.18 78.18 71.75 62.22 56.56 10.43 0 16.46 61.94 71.76 40.56 40.15 
5.17 13.3 32.47 22.84 44.6 48.19 54.92 52.42 63.57 58.26 70.74 83.47 7.62 0 27.8 40.33 
81.79 78.14 90.01 78.74 93.58 89.6 83.3 73.69 68.07 22.14 14.22 0 73.42 80.81 52.15 51.73 
8.28 13.25 32.29 22.86 41.52 45.98 50.43 46.99 57.78 53.5 63.89 76.99 0 7.15 22 35.45 
5.17 13.3 32.47 22.84 44.6 48.19 54.92 52.42 63.57 58.26 70.74 83.47 7.62 0 27.8 40.33 
29.92 26.62 41.39 29.89 44.44 41.61 40.19 33.91 35.13 30.96 40.92 56.41 23.42 27.89 0 13.93 
43.5 34.87 43.41 31.93 43.1 40.3 33.48 22.99 21.62 29.92 40.27 55.76 35.44 44.24 13.97 0 
29.92 26.62 41.39 29.89 44.44 41.61 40.19 33.91 35.13 30.96 40.92 56.41 23.42 27.89 0 13.93 
43.5 34.87 43.41 31.93 43.1 40.3 33.48 22.99 21.62 29.92 40.27 55.76 35.44 44.24 13.97 0 
Dimension>31
Bandera>10
Fitness Greedy Costo>398.25
Solucion Greedy Costo>13 0 12 0 1 3 2 4 0 14 15 16 8 0 5 6 7 9 0 10 11 0 0 0 0 0 0 0 0 0 0 
Linea Vacia>
Matriz de Costos>
0 9.1 33.66 19.85 40.82 44.42 49.32 48.66 60.09 60.99 69.92 82.99 7.52 6.92 30.8 43.31 
7.95 0 21.37 10.66 34.05 39.96 44.86 41.85 53.94 57.62 65.09 80.83 9.43 14.71 26.16 37.02 
30.03 20.82 0 10.9 13 17.9 27.16 36.89 49.25 64.62 74.47 89.79 30.92 37.65 36.66 41.18 
18.69 9.79 11.15 0 21 25.3 31.45 33.99 46.37 55.56 65.45 80.83 20.17 26.19 27.52 32.09 
39.73 28.72 9.83 20.71 0 10.53 28.54 37.4 49.76 71.24 81.08 96.38 39.22 45.92 44.27 44.85 
44.31 36.79 18.79 25.46 10.88 0 14.11 31.92 46.23 67.71 77.56 92.88 44.33 49.64 40.7 41.31 
48.7 42.38 28.72 33.14 25.32 13.96 0 16.48 31.78 60.93 71.17 86.5 48.72 54.03 42.74 30.54 
48.04 39.39 39.48 34.05 37.8 30.59 16.47 0 15.69 50.49 60.77 76.16 47.09 53.37 34.58 22.31 
57.93 50.42 51.71 46.31 50.04 46.45 31.74 15.91 0 46.31 56.6 72.02 57.95 63.23 34.59 21.58 
59.36 56.1 69.7 58.33 72.59 69.27 61.52 51.95 46.27 0 10.86 26.49 53 62.83 31.56 29.8 
72.73 65.03 78.59 67.27 82.18 78.18 71.75 62.22 56.56 10.43 0 16.46 61.94 71.76 40.56 40.15 
81.79 78.14 90.01 78.74 93.58 89.6 83.3 73.69 68.07 22.14 14.22 0 73.42 80.81 52.15 51.73 
8.28 13.25 32.29 22.86 41.52 45.98 50.43 46.99 57.78 53.5 63.89 76.99 0 7.15 22 35.45 
5.17 13.3 32.47 22.84 44.6 48.19 54.92 52.42 63.57 58.26 70.74 83.47 7.62 0 27.8 40.33 
29.92 26.62 41.39 29.89 44.44 41.61 40.19 33.91 35.13 30.96 40.92 56.41 23.42 27.89 0 13.93 
43.5 34.87 43.41 31.93 43.1 40.3 33.48 22.99 21.62 29.92 40.27 55.76 35.44 44.24 13.97 0 
Dimension>31
Bandera>10
Fitness Greedy Costo>398.25
Solucion Greedy Costo>13 0 12 0 1 3 2 4 0 14 15 16 8 0 5 6 7 9 0 10 11 0 0 0 0 0 0 0 0 0 0 
Linea Vacia>
Matriz de Costos>
0 9.1 33.66 19.85 40.82 44.42 49.32 48.66 60.09 60.99 69.92 82.99 7.52 6.92 30.8 43.31 
7.95 0 21.37 10.66 34.05 39.96 44.86 41.85 53.94 57.62 65.09 80.83 9.43 14.71 26.16 37.02 
30.03 20.82 0 10.9 13 17.9 27.16 36.89 49.25 64.62 74.47 89.79 30.92 37.65 36.66 41.18 
18.69 9.79 11.15 0 21 25.3 31.45 33.99 46.37 55.56 65.45 80.83 20.17 26.19 27.52 32.09 
39.73 28.72 9.83 20.71 0 10.53 28.54 37.4 49.76 71.24 81.08 96.38 39.22 45.92 44.27 44.85 
44.31 36.79 18.79 25.46 10.88 0 14.11 31.92 46.23 67.71 77.56 92.88 44.33 49.64 40.7 41.31 
48.7 42.38 28.72 33.14 25.32 13.96 0 16.48 31.78 60.93 71.17 86.5 48.72 54.03 42.74 30.54 
48.04 39.39 39.48 34.05 37.8 30.59 16.47 0 15.69 50.49 60.77 76.16 47.09 53.37 34.58 22.31 
57.93 50.42 51.71 46.31 50.04 46.45 31.74 15.91 0 46.31 56.6 72.02 57.95 63.23 34.59 21.58 
59.36 56.1 69.7 58.33 72.59 69.27 61.52 51.95 46.27 0 10.86 26.49 53 62.83 31.56 29.8 
72.73 65.03 78.59 67.27 82.18 78.18 71.75 62.22 56.56 10.43 0 16.46 61.94 71.76 40.56 40.15 
81.79 78.14 90.01 78.74 93.58 89.6 83.3 73.69 68.07 22.14 14.22 0 73.42 80.81 52.15 51.73 
8.28 13.25 32.29 22.86 41.52 45.98 50.43 46.99 57.78 53.5 63.89 76.99 0 7.15 22 35.45 
5.17 13.3 32.47 22.84 44.6 48.19 54.92 52.42 63.57 58.26 70.74 83.47 7.62 0 27.8 40.33 
29.92 26.62 41.39 29.89 44.44 41.61 40.19 33.91 35.13 30.96 40.92 56.41 23.42 27.89 0 13.93 
43.5 34.87 43.41 31.93 43.1 40.3 33.48 22.99 21.62 29.92 40.27 55.76 35.44 44.24 13.97 0 
GEN 0 659.600000
GEN 0 633.740000
TIEMPO 0 633.740000
TIEMPO 0 659.600000
GEN 0 596.830000
GEN 0 693.400000
GEN 0 676.950000
GEN 0 676.350000
TIEMPO 0 620.710000
GEN 0 604.000000
TIEMPO 0 596.830000
GEN 0 601.700000
TIEMPO 0 601.700000
GEN 0 650.190000
GEN 0 677.250000
GEN 0 729.580000
GEN 0 665.280000
GEN 0 649.270000
TIEMPO 0 693.400000
TIEMPO 0 659.710000
TIEMPO 0 688.660000
TIEMPO 0 665.280000
TIEMPO 0 604.000000
TIEMPO 0 585.640000
TIEMPO 0 649.270000
TIEMPO 0 676.950000
GEN 0 665.140000
TIEMPO 0 665.140000
GEN 0 631.740000
TIEMPO 0 631.740000
GREEDY 0 0.002029
GREEDY 5 0.002096
GEN 0 716.500000
GEN 0 680.510000
TIEMPO 0 704.990000
TIEMPO 0 680.510000
GEN 0 629.150000
GEN 0 649.480000
TIEMPO 0 629.150000
TIEMPO 0 649.480000
GEN 0 689.120000
TIEMPO 0 673.380000
GREEDY 0 0.002371
GREEDY 0 0.009694
GREEDY 0 0.009780
GREEDY 0 0.008732
GREEDY 0 0.010204
GREEDY 0 0.010458
GREEDY 0 0.018485
GREEDY 0 0.012757
GREEDY 0 0.009638
GREEDY 5 0.013344
GEN 0 696.740000
TIEMPO 0 647.200000
GREEDY 5 0.013623
GREEDY 5 0.013816
GEN 0 645.420000
GEN 0 691.240000
GEN 0 722.020000
TIEMPO 0 645.420000
TIEMPO 0 612.950000
TIEMPO 0 703.390000
GREEDY 0 0.016582
GREEDY 0 0.015706
GREEDY 10 0.017151
GREEDY 15 0.018211
GREEDY 5 0.018112
GREEDY 0 0.020760
GREEDY 10 0.020835
GREEDY 0 0.021271
GREEDY 0 0.006941
GREEDY 15 0.021414
GREEDY 5 0.022945
GREEDY 5 0.020370
GREEDY 0 0.029612
GREEDY 5 0.030832
GREEDY 5 0.023915
GREEDY 0 0.032875
GREEDY 5 0.023313
GREEDY 0 0.028171
GREEDY 5 0.029404
GREEDY 5 0.033636
GREEDY 10 0.032634
GREEDY 10 0.033988
GREEDY 0 0.021546
GREEDY 5 0.035071
GREEDY 0 0.022372
GREEDY 5 0.046315
GREEDY 10 0.046723
GREEDY 0 0.045376
GREEDY 0 0.048935
GREEDY 10 0.045278
GREEDY 5 0.050114
GREEDY 5 0.057376
GREEDY 0 0.038267
GREEDY 0 0.048279
GREEDY 5 0.041671
GREEDY 10 0.055782
GREEDY 5 0.043304
GREEDY 10 0.044381
GREEDY 10 0.043662
GREEDY 10 0.060998
GREEDY 10 0.063410
GREEDY 5 0.052253
GREEDY 15 0.068327
GREEDY 10 0.069830
GREEDY 15 0.074483
GREEDY 10 0.081102
GREEDY 15 0.060941
GREEDY 5 0.079883
GREEDY 10 0.086867
GREEDY 5 0.066810
GREEDY 5 0.078037
GREEDY 15 0.069399
GREEDY 5 0.083491
GREEDY 10 0.083575
GREEDY 15 0.085719
GREEDY 15 0.088208
GREEDY 5 0.095134
GREEDY 10 0.100015
GREEDY 10 0.102642
GREEDY 10 0.117849
GREEDY 15 0.119377
GREEDY 10 0.127676
GREEDY 10 0.121401
GREEDY 15 0.126472
GREEDY 15 0.133081
GREEDY 10 0.134403
GREEDY 15 0.148420
GEN 2500 343.620000
GEN 2500 333.720000
GEN 2500 333.140000
GEN 2500 332.700000
GEN 2500 329.280000
GEN 2500 361.280000
GEN 2500 343.180000
GREEDY 15 0.187869
GEN 2500 331.510000
GEN 2500 327.730000
GEN 2500 331.870000
GEN 2500 361.390000
GEN 2500 332.270000
GREEDY 10 0.179681
GEN 2500 340.080000
GEN 2500 345.750000
GREEDY 15 0.221232
GEN 2500 321.590000
GREEDY 15 0.255687
GEN 2500 354.340000
GEN 2500 326.280000
GEN 5000 343.620000
GEN 2500 326.280000
GEN 2500 329.220000
GEN 5000 329.280000
GEN 2500 344.000000
GEN 5000 333.140000
GEN 2500 342.000000
GEN 5000 343.180000
GEN 2500 331.490000
GEN 5000 333.720000
GEN 5000 331.510000
GEN 2500 331.020000
GEN 2500 326.280000
GEN 5000 331.870000
GEN 5000 332.270000
GEN 5000 340.080000
GEN 5000 331.660000
GEN 5000 361.280000
GEN 5000 345.750000
GEN 5000 361.390000
GEN 5000 321.590000
GEN 5000 326.280000
GEN 7500 343.620000
GEN 5000 354.340000
GEN 5000 326.280000
GEN 7500 329.280000
GEN 7500 343.180000
GEN 5000 326.280000
GEN 7500 333.140000
GEN 5000 329.220000
GEN 7500 333.720000
GEN 5000 344.000000
GEN 5000 342.000000
GEN 7500 331.870000
GEN 7500 331.660000
GEN 7500 361.280000
GEN 5000 331.490000
GEN 7500 331.510000
GEN 5000 328.410000
GEN 5000 320.430000
GEN 7500 332.270000
GEN 7500 340.080000
GEN 7500 345.750000
GEN 7500 361.390000
GEN 10000 343.620000
TIEMPO 0.602975 343.620000
GEN 7500 321.590000
GEN 7500 354.340000
GEN 7500 326.280000
GEN 10000 329.280000
TIEMPO 0.657792 329.280000
GEN 10000 343.180000
TIEMPO 0.661163 343.180000
GEN 7500 320.430000
GEN 10000 333.140000
TIEMPO 0.675317 333.140000
GEN 10000 333.720000
TIEMPO 0.676212 333.720000
GEN 7500 326.280000
GEN 10000 331.660000
TIEMPO 0.701622 331.660000
GEN 10000 331.870000
TIEMPO 0.703544 331.870000
GEN 7500 329.220000
GEN 10000 361.280000
TIEMPO 0.706869 361.280000
GEN 7500 344.000000
GEN 7500 342.000000
GEN 10000 319.310000
GEN 7500 331.490000
TIEMPO 0.749544 319.310000
GEN 7500 320.430000
GEN 7500 328.410000
GEN 10000 332.270000
TIEMPO 0.759302 332.270000
GREEDY 15 0.775062
GEN 10000 340.080000
TIEMPO 0.782720 340.080000
GEN 10000 345.750000
TIEMPO 0.786565 345.750000
GEN 10000 361.390000
TIEMPO 0.783165 361.390000
GEN 10000 338.510000
TIEMPO 0.796892 338.510000
GREEDY 15 0.819513
GEN 10000 321.590000
TIEMPO 0.817024 321.590000
GEN 10000 326.280000
TIEMPO 0.826820 326.280000
GEN 10000 320.430000
TIEMPO 0.860717 320.430000
GEN 10000 326.280000
TIEMPO 0.872572 326.280000
GEN 10000 329.220000
TIEMPO 0.892788 329.220000
GEN 10000 326.280000
TIEMPO 0.908167 326.280000
GEN 10000 342.000000
TIEMPO 0.902892 342.000000
GEN 10000 331.490000
TIEMPO 0.940014 331.490000
GEN 10000 320.430000
TIEMPO 0.927092 320.430000
GEN 10000 328.410000
TIEMPO 0.928039 328.410000

 Current State ---------------------------------------------
Solution:  14 9 10 11 0 12 15 16 8 0 4 5 6 7 0 13 1 3 2 0 0 0 0 0 0 0 0 0 0 0 0 Fitness: 319.31

 :( ---------------------- THE END --------------- :) 
