Dimension>25
Bandera>13
Fitness Greedy Costo>200.01
Solucion Greedy Costo>4 0 12 11 2 5 0 6 7 3 1 0 13 0 10 9 0 8 0 0 0 0 0 0 0 
Linea Vacia>
Matriz de Costos>
0 10.72 5.99 13.77 1.76 21.73 10 16.12 34.99 19.2 18.45 6.27 5.08 
8.36 0 14.84 4.55 7.59 30.02 10.56 5.3 32.16 23.92 23.18 16.6 11.12 
7.07 15.58 0 19.83 6.29 15.07 16.73 22.13 39.65 18.07 17.32 3.96 10.86 
8.98 4.83 14.94 0 8.22 31.89 3.96 2.28 31.42 18.14 17.39 19.5 14.08 
0.21 9.16 6.56 10.38 0 22.27 6.55 12.77 35.49 15.89 15.13 6.83 5.25 
19.26 25.64 13.28 29.92 18.41 0 27.65 32.13 50.56 27.91 27.16 10.63 12.62 
8.06 11.44 13.93 6.34 7.29 29.88 0 5.01 36.67 11.66 10.92 20.42 15.18 
12.47 7.05 19.31 3.15 11.72 35.86 8 0 32.19 19.04 18.31 22.81 17.48 
41.17 27.62 46.41 29.43 40.97 54.72 37.69 31.07 0 42.24 41.06 40.23 28.66 
13.99 25.25 17.51 21 13.24 33.9 10.97 19.03 45.47 0 2.34 24.55 24.17 
10.47 21.89 14.03 17.59 9.71 30.66 7.4 15.57 41.46 3.25 0 21.18 20.82 
5.46 11.53 5.05 18.47 4.93 15.82 16.91 20.79 36 23.07 22.34 0 5.43 
4.89 10.85 9.88 17.83 4.36 16.16 16.83 20.14 28.55 26.89 26.19 5.08 0 
Dimension>25
Bandera>13
Fitness Greedy Costo>200.01
Solucion Greedy Costo>4 0 12 11 2 5 0 6 7 3 1 0 13 0 10 9 0 8 0 0 0 0 0 0 0 
Linea Vacia>
Matriz de Costos>
0 10.72 5.99 13.77 1.76 21.73 10 16.12 34.99 19.2 18.45 6.27 5.08 
8.36 0 14.84 4.55 7.59 30.02 10.56 5.3 32.16 23.92 23.18 16.6 11.12 
7.07 15.58 0 19.83 6.29 15.07 16.73 22.13 39.65 18.07 17.32 3.96 10.86 
8.98 4.83 14.94 0 8.22 31.89 3.96 2.28 31.42 18.14 17.39 19.5 14.08 
0.21 9.16 6.56 10.38 0 22.27 6.55 12.77 35.49 15.89 15.13 6.83 5.25 
19.26 25.64 13.28 29.92 18.41 0 27.65 32.13 50.56 27.91 27.16 10.63 12.62 
8.06 11.44 13.93 6.34 7.29 29.88 0 5.01 36.67 11.66 10.92 20.42 15.18 
12.47 7.05 19.31 3.15 11.72 35.86 8 0 32.19 19.04 18.31 22.81 17.48 
41.17 27.62 46.41 29.43 40.97 54.72 37.69 31.07 0 42.24 41.06 40.23 28.66 
13.99 25.25 17.51 21 13.24 33.9 10.97 19.03 45.47 0 2.34 24.55 24.17 
10.47 21.89 14.03 17.59 9.71 30.66 7.4 15.57 41.46 3.25 0 21.18 20.82 
5.46 11.53 5.05 18.47 4.93 15.82 16.91 20.79 36 23.07 22.34 0 5.43 
4.89 10.85 9.88 17.83 4.36 16.16 16.83 20.14 28.55 26.89 26.19 5.08 0 
Dimension>25
Bandera>13
Fitness Greedy Costo>200.01
Solucion Greedy Costo>4 0 12 11 2 5 0 6 7 3 1 0 13 0 10 9 0 8 0 0 0 0 0 0 0 
Linea Vacia>
Matriz de Costos>
0 10.72 5.99 13.77 1.76 21.73 10 16.12 34.99 19.2 18.45 6.27 5.08 
8.36 0 14.84 4.55 7.59 30.02 10.56 5.3 32.16 23.92 23.18 16.6 11.12 
7.07 15.58 0 19.83 6.29 15.07 16.73 22.13 39.65 18.07 17.32 3.96 10.86 
8.98 4.83 14.94 0 8.22 31.89 3.96 2.28 31.42 18.14 17.39 19.5 14.08 
0.21 9.16 6.56 10.38 0 22.27 6.55 12.77 35.49 15.89 15.13 6.83 5.25 
19.26 25.64 13.28 29.92 18.41 0 27.65 32.13 50.56 27.91 27.16 10.63 12.62 
8.06 11.44 13.93 6.34 7.29 29.88 0 5.01 36.67 11.66 10.92 20.42 15.18 
12.47 7.05 19.31 3.15 11.72 35.86 8 0 32.19 19.04 18.31 22.81 17.48 
41.17 27.62 46.41 29.43 40.97 54.72 37.69 31.07 0 42.24 41.06 40.23 28.66 
13.99 25.25 17.51 21 13.24 33.9 10.97 19.03 45.47 0 2.34 24.55 24.17 
10.47 21.89 14.03 17.59 9.71 30.66 7.4 15.57 41.46 3.25 0 21.18 20.82 
5.46 11.53 5.05 18.47 4.93 15.82 16.91 20.79 36 23.07 22.34 0 5.43 
4.89 10.85 9.88 17.83 4.36 16.16 16.83 20.14 28.55 26.89 26.19 5.08 0 
Dimension>25
Bandera>13
Fitness Greedy Costo>200.01
Solucion Greedy Costo>4 0 12 11 2 5 0 6 7 3 1 0 13 0 10 9 0 8 0 0 0 0 0 0 0 
Linea Vacia>
Matriz de Costos>
0 10.72 5.99 13.77 1.76 21.73 10 16.12 34.99 19.2 18.45 6.27 5.08 
8.36 0 14.84 4.55 7.59 30.02 10.56 5.3 32.16 23.92 23.18 16.6 11.12 
7.07 15.58 0 19.83 6.29 15.07 16.73 22.13 39.65 18.07 17.32 3.96 10.86 
8.98 4.83 14.94 0 8.22 31.89 3.96 2.28 31.42 18.14 17.39 19.5 14.08 
0.21 9.16 6.56 10.38 0 22.27 6.55 12.77 35.49 15.89 15.13 6.83 5.25 
19.26 25.64 13.28 29.92 18.41 0 27.65 32.13 50.56 27.91 27.16 10.63 12.62 
8.06 11.44 13.93 6.34 7.29 29.88 0 5.01 36.67 11.66 10.92 20.42 15.18 
12.47 7.05 19.31 3.15 11.72 35.86 8 0 32.19 19.04 18.31 22.81 17.48 
41.17 27.62 46.41 29.43 40.97 54.72 37.69 31.07 0 42.24 41.06 40.23 28.66 
13.99 25.25 17.51 21 13.24 33.9 10.97 19.03 45.47 0 2.34 24.55 24.17 
10.47 21.89 14.03 17.59 9.71 30.66 7.4 15.57 41.46 3.25 0 21.18 20.82 
5.46 11.53 5.05 18.47 4.93 15.82 16.91 20.79 36 23.07 22.34 0 5.43 
4.89 10.85 9.88 17.83 4.36 16.16 16.83 20.14 28.55 26.89 26.19 5.08 0 
Dimension>25
Bandera>13
Fitness Greedy Costo>200.01
Solucion Greedy Costo>4 0 12 11 2 5 0 6 7 3 1 0 13 0 10 9 0 8 0 0 0 0 0 0 0 
Linea Vacia>
Matriz de Costos>
0 10.72 5.99 13.77 1.76 21.73 10 16.12 34.99 19.2 18.45 6.27 5.08 
8.36 0 14.84 4.55 7.59 30.02 10.56 5.3 32.16 23.92 23.18 16.6 11.12 
7.07 15.58 0 19.83 6.29 15.07 16.73 22.13 39.65 18.07 17.32 3.96 10.86 
8.98 4.83 14.94 0 8.22 31.89 3.96 2.28 31.42 18.14 17.39 19.5 14.08 
0.21 9.16 6.56 10.38 0 22.27 6.55 12.77 35.49 15.89 15.13 6.83 5.25 
19.26 25.64 13.28 29.92 18.41 0 27.65 32.13 50.56 27.91 27.16 10.63 12.62 
8.06 11.44 13.93 6.34 7.29 29.88 0 5.01 36.67 11.66 10.92 20.42 15.18 
12.47 7.05 19.31 3.15 11.72 35.86 8 0 32.19 19.04 18.31 22.81 17.48 
41.17 27.62 46.41 29.43 40.97 54.72 37.69 31.07 0 42.24 41.06 40.23 28.66 
13.99 25.25 17.51 21 13.24 33.9 10.97 19.03 45.47 0 2.34 24.55 24.17 
10.47 21.89 14.03 17.59 9.71 30.66 7.4 15.57 41.46 3.25 0 21.18 20.82 
5.46 11.53 5.05 18.47 4.93 15.82 16.91 20.79 36 23.07 22.34 0 5.43 
4.89 10.85 9.88 17.83 4.36 16.16 16.83 20.14 28.55 26.89 26.19 5.08 0 
Dimension>25
Bandera>13
Fitness Greedy Costo>200.01
Solucion Greedy Costo>4 0 12 11 2 5 0 6 7 3 1 0 13 0 10 9 0 8 0 0 0 0 0 0 0 
Linea Vacia>
Matriz de Costos>
0 10.72 5.99 13.77 1.76 21.73 10 16.12 34.99 19.2 18.45 6.27 5.08 
8.36 0 14.84 4.55 7.59 30.02 10.56 5.3 32.16 23.92 23.18 16.6 11.12 
7.07 15.58 0 19.83 6.29 15.07 16.73 22.13 39.65 18.07 17.32 3.96 10.86 
8.98 4.83 14.94 0 8.22 31.89 3.96 2.28 31.42 18.14 17.39 19.5 14.08 
0.21 9.16 6.56 10.38 0 22.27 6.55 12.77 35.49 15.89 15.13 6.83 5.25 
19.26 25.64 13.28 29.92 18.41 0 27.65 32.13 50.56 27.91 27.16 10.63 12.62 
8.06 11.44 13.93 6.34 7.29 29.88 0 5.01 36.67 11.66 10.92 20.42 15.18 
12.47 7.05 19.31 3.15 11.72 35.86 8 0 32.19 19.04 18.31 22.81 17.48 
41.17 27.62 46.41 29.43 40.97 54.72 37.69 31.07 0 42.24 41.06 40.23 28.66 
13.99 25.25 17.51 21 13.24 33.9 10.97 19.03 45.47 0 2.34 24.55 24.17 
10.47 21.89 14.03 17.59 9.71 30.66 7.4 15.57 41.46 3.25 0 21.18 20.82 
5.46 11.53 5.05 18.47 4.93 15.82 16.91 20.79 36 23.07 22.34 0 5.43 
4.89 10.85 9.88 17.83 4.36 16.16 16.83 20.14 28.55 26.89 26.19 5.08 0 
Dimension>25
Bandera>13
Fitness Greedy Costo>200.01
Solucion Greedy Costo>4 0 12 11 2 5 0 6 7 3 1 0 13 0 10 9 0 8 0 0 0 0 0 0 0 
Linea Vacia>
Dimension>25
Bandera>13
Fitness Greedy Costo>200.01
Solucion Greedy Costo>4 0 12 11 2 5 0 6 7 3 1 0 13 0 10 9 0 8 0 0 0 0 0 0 0 
Linea Vacia>
Matriz de Costos>
0 10.72 5.99 13.77 1.76 21.73 10 16.12 34.99 19.2 18.45 6.27 5.08 
8.36 0 14.84 4.55 7.59 30.02 10.56 5.3 32.16 23.92 23.18 16.6 11.12 
Matriz de Costos>
0 10.72 5.99 13.77 1.76 21.73 10 16.12 34.99 19.2 18.45 6.27 5.08 
7.07 15.58 0 19.83 6.29 15.07 16.73 22.13 39.65 18.07 17.32 3.96 10.86 
8.98 4.83 14.94 0 8.22 31.89 3.96 2.28 31.42 18.14 17.39 19.5 14.08 
0.21 9.16 6.56 10.38 0 22.27 6.55 12.77 35.49 15.89 15.13 6.83 5.25 
8.36 0 14.84 4.55 7.59 30.02 10.56 5.3 32.16 23.92 23.18 16.6 11.12 
7.07 15.58 0 19.83 6.29 15.07 16.73 22.13 39.65 18.07 17.32 3.96 10.86 
19.26 25.64 13.28 29.92 18.41 0 27.65 32.13 50.56 27.91 27.16 10.63 12.62 
8.06 11.44 13.93 6.34 7.29 29.88 0 5.01 36.67 11.66 10.92 20.42 15.18 
8.98 4.83 14.94 0 8.22 31.89 3.96 2.28 31.42 18.14 17.39 19.5 14.08 
0.21 9.16 6.56 10.38 0 22.27 6.55 12.77 35.49 15.89 15.13 6.83 5.25 
12.47 7.05 19.31 3.15 11.72 35.86 8 0 32.19 19.04 18.31 22.81 17.48 
19.26 25.64 13.28 29.92 18.41 0 27.65 32.13 50.56 27.91 27.16 10.63 12.62 
8.06 11.44 13.93 6.34 7.29 29.88 0 5.01 36.67 11.66 10.92 20.42 15.18 
41.17 27.62 46.41 29.43 40.97 54.72 37.69 31.07 0 42.24 41.06 40.23 28.66 
13.99 25.25 17.51 21 13.24 33.9 10.97 19.03 45.47 0 2.34 24.55 24.17 
10.47 21.89 14.03 17.59 9.71 30.66 7.4 15.57 41.46 3.25 0 21.18 20.82 
12.47 7.05 19.31 3.15 11.72 35.86 8 0 32.19 19.04 18.31 22.81 17.48 
41.17 27.62 46.41 29.43 40.97 54.72 37.69 31.07 0 42.24 41.06 40.23 28.66 
5.46 11.53 5.05 18.47 4.93 15.82 16.91 20.79 36 23.07 22.34 0 5.43 
4.89 10.85 9.88 17.83 4.36 16.16 16.83 20.14 28.55 26.89 26.19 5.08 0 
Dimension>25
13.99 25.25 17.51 21 13.24 33.9 10.97 19.03 45.47 0 2.34 24.55 24.17 
10.47 21.89 14.03 17.59 9.71 30.66 7.4 15.57 41.46 3.25 0 21.18 20.82 
5.46 11.53 5.05 18.47 4.93 15.82 16.91 20.79 36 23.07 22.34 0 5.43 
Bandera>13
Fitness Greedy Costo>200.01
Solucion Greedy Costo>4 0 12 11 2 5 0 6 7 3 1 0 13 0 10 9 0 8 0 0 0 0 0 0 0 
Linea Vacia>
4.89 10.85 9.88 17.83 4.36 16.16 16.83 20.14 28.55 26.89 26.19 5.08 0 
Matriz de Costos>
0 10.72 5.99 13.77 1.76 21.73 10 16.12 34.99 19.2 18.45 6.27 5.08 
8.36 0 14.84 4.55 7.59 30.02 10.56 5.3 32.16 23.92 23.18 16.6 11.12 
7.07 15.58 0 19.83 6.29 15.07 16.73 22.13 39.65 18.07 17.32 3.96 10.86 
8.98 4.83 14.94 0 8.22 31.89 3.96 2.28 31.42 18.14 17.39 19.5 14.08 
0.21 9.16 6.56 10.38 0 22.27 6.55 12.77 35.49 15.89 15.13 6.83 5.25 
19.26 25.64 13.28 29.92 18.41 0 27.65 32.13 50.56 27.91 27.16 10.63 12.62 
8.06 11.44 13.93 6.34 7.29 29.88 0 5.01 36.67 11.66 10.92 20.42 15.18 
12.47 7.05 19.31 3.15 11.72 35.86 8 0 32.19 19.04 18.31 22.81 17.48 
41.17 27.62 46.41 29.43 40.97 54.72 37.69 31.07 0 42.24 41.06 40.23 28.66 
13.99 25.25 17.51 21 13.24 33.9 10.97 19.03 45.47 0 2.34 24.55 24.17 
10.47 21.89 14.03 17.59 9.71 30.66 7.4 15.57 41.46 3.25 0 21.18 20.82 
5.46 11.53 5.05 18.47 4.93 15.82 16.91 20.79 36 23.07 22.34 0 5.43 
4.89 10.85 9.88 17.83 4.36 16.16 16.83 20.14 28.55 26.89 26.19 5.08 0 
Dimension>25
Bandera>13
Fitness Greedy Costo>200.01
Solucion Greedy Costo>4 0 12 11 2 5 0 6 7 3 1 0 13 0 10 9 0 8 0 0 0 0 0 0 0 
Linea Vacia>
Matriz de Costos>
0 10.72 5.99 13.77 1.76 21.73 10 16.12 34.99 19.2 18.45 6.27 5.08 
8.36 0 14.84 4.55 7.59 30.02 10.56 5.3 32.16 23.92 23.18 16.6 11.12 
Dimension>25
Dimension>25
7.07 15.58 0 19.83 6.29 15.07 16.73 22.13 39.65 18.07 17.32 3.96 10.86 
8.98 4.83 14.94 0 8.22 31.89 3.96 2.28 31.42 18.14 17.39 19.5 14.08 
0.21 9.16 6.56 10.38 0 22.27 6.55 12.77 35.49 15.89 15.13 6.83 5.25 
19.26 25.64 13.28 29.92 18.41 0 27.65 32.13 50.56 27.91 27.16 10.63 12.62 
8.06 11.44 13.93 6.34 7.29 29.88 0 5.01 36.67 11.66 10.92 20.42 15.18 
12.47 7.05 19.31 3.15 11.72 35.86 8 0 32.19 19.04 18.31 22.81 17.48 
Bandera>13
Fitness Greedy Costo>200.01
Solucion Greedy Costo>4 0 12 11 2 5 0 6 7 3 1 0 13 0 10 9 0 8 0 0 0 0 0 0 0 
Linea Vacia>
Dimension>25
Bandera>13
Fitness Greedy Costo>200.01
Bandera>13
Fitness Greedy Costo>200.01
Solucion Greedy Costo>4 0 12 11 2 5 0 6 7 3 1 0 13 0 10 9 0 8 0 0 0 0 0 0 0 
Linea Vacia>
41.17 27.62 46.41 29.43 40.97 54.72 37.69 31.07 0 42.24 41.06 40.23 28.66 
13.99 25.25 17.51 21 13.24 33.9 10.97 19.03 45.47 0 2.34 24.55 24.17 
10.47 21.89 14.03 17.59 9.71 30.66 7.4 15.57 41.46 3.25 0 21.18 20.82 
5.46 11.53 5.05 18.47 4.93 15.82 16.91 20.79 36 23.07 22.34 0 5.43 
4.89 10.85 9.88 17.83 4.36 16.16 16.83 20.14 28.55 26.89 26.19 5.08 0 
Solucion Greedy Costo>4 0 12 11 2 5 0 6 7 3 1 0 13 0 10 9 0 8 0 0 0 0 0 0 0 
Linea Vacia>
Matriz de Costos>
0 10.72 5.99 13.77 1.76 21.73 10 16.12 34.99 19.2 18.45 6.27 5.08 
8.36 0 14.84 4.55 7.59 30.02 10.56 5.3 32.16 23.92 23.18 16.6 11.12 
Matriz de Costos>
0 10.72 5.99 13.77 1.76 21.73 10 16.12 34.99 19.2 18.45 6.27 5.08 
8.36 0 14.84 4.55 7.59 30.02 10.56 5.3 32.16 23.92 23.18 16.6 11.12 
Dimension>25
Bandera>13
Fitness Greedy Costo>200.01
Solucion Greedy Costo>4 0 12 11 2 5 0 6 7 3 1 0 13 0 10 9 0 8 0 0 0 0 0 0 0 
Linea Vacia>
Matriz de Costos>
0 10.72 5.99 13.77 1.76 21.73 10 16.12 34.99 19.2 18.45 6.27 5.08 
8.36 0 14.84 4.55 7.59 30.02 10.56 5.3 32.16 23.92 23.18 16.6 11.12 
7.07 15.58 0 19.83 6.29 15.07 16.73 22.13 39.65 18.07 17.32 3.96 10.86 
8.98 4.83 14.94 0 8.22 31.89 3.96 2.28 31.42 18.14 17.39 19.5 14.08 
7.07 15.58 0 19.83 6.29 15.07 16.73 22.13 39.65 18.07 17.32 3.96 10.86 
8.98 4.83 14.94 0 8.22 31.89 3.96 2.28 31.42 18.14 17.39 19.5 14.08 
0.21 9.16 6.56 10.38 0 22.27 6.55 12.77 35.49 15.89 15.13 6.83 5.25 
0.21 9.16 6.56 10.38 0 22.27 6.55 12.77 35.49 15.89 15.13 6.83 5.25 
19.26 25.64 13.28 29.92 18.41 0 27.65 32.13 50.56 27.91 27.16 10.63 12.62 
8.06 11.44 13.93 6.34 7.29 29.88 0 5.01 36.67 11.66 10.92 20.42 15.18 
19.26 25.64 13.28 29.92 18.41 0 27.65 32.13 50.56 27.91 27.16 10.63 12.62 
8.06 11.44 13.93 6.34 7.29 29.88 0 5.01 36.67 11.66 10.92 20.42 15.18 
7.07 15.58 0 19.83 6.29 15.07 16.73 22.13 39.65 18.07 17.32 3.96 10.86 
8.98 4.83 14.94 0 8.22 31.89 3.96 2.28 31.42 18.14 17.39 19.5 14.08 
0.21 9.16 6.56 10.38 0 22.27 6.55 12.77 35.49 15.89 15.13 6.83 5.25 
19.26 25.64 13.28 29.92 18.41 0 27.65 32.13 50.56 27.91 27.16 10.63 12.62 
12.47 7.05 19.31 3.15 11.72 35.86 8 0 32.19 19.04 18.31 22.81 17.48 
41.17 27.62 46.41 29.43 40.97 54.72 37.69 31.07 0 42.24 41.06 40.23 28.66 
13.99 25.25 17.51 21 13.24 33.9 10.97 19.03 45.47 0 2.34 24.55 24.17 
12.47 7.05 19.31 3.15 11.72 35.86 8 0 32.19 19.04 18.31 22.81 17.48 
41.17 27.62 46.41 29.43 40.97 54.72 37.69 31.07 0 42.24 41.06 40.23 28.66 
8.06 11.44 13.93 6.34 7.29 29.88 0 5.01 36.67 11.66 10.92 20.42 15.18 
12.47 7.05 19.31 3.15 11.72 35.86 8 0 32.19 19.04 18.31 22.81 17.48 
Matriz de Costos>
0 10.72 5.99 13.77 1.76 21.73 10 16.12 34.99 19.2 18.45 6.27 5.08 
8.36 0 14.84 4.55 7.59 30.02 10.56 5.3 32.16 23.92 23.18 16.6 11.12 
7.07 15.58 0 19.83 6.29 15.07 16.73 22.13 39.65 18.07 17.32 3.96 10.86 
10.47 21.89 14.03 17.59 9.71 30.66 7.4 15.57 41.46 3.25 0 21.18 20.82 
5.46 11.53 5.05 18.47 4.93 15.82 16.91 20.79 36 23.07 22.34 0 5.43 
4.89 10.85 9.88 17.83 4.36 16.16 16.83 20.14 28.55 26.89 26.19 5.08 0 
13.99 25.25 17.51 21 13.24 33.9 10.97 19.03 45.47 0 2.34 24.55 24.17 
10.47 21.89 14.03 17.59 9.71 30.66 7.4 15.57 41.46 3.25 0 21.18 20.82 
5.46 11.53 5.05 18.47 4.93 15.82 16.91 20.79 36 23.07 22.34 0 5.43 
41.17 27.62 46.41 29.43 40.97 54.72 37.69 31.07 0 42.24 41.06 40.23 28.66 
13.99 25.25 17.51 21 13.24 33.9 10.97 19.03 45.47 0 2.34 24.55 24.17 
10.47 21.89 14.03 17.59 9.71 30.66 7.4 15.57 41.46 3.25 0 21.18 20.82 
8.98 4.83 14.94 0 8.22 31.89 3.96 2.28 31.42 18.14 17.39 19.5 14.08 
0.21 9.16 6.56 10.38 0 22.27 6.55 12.77 35.49 15.89 15.13 6.83 5.25 
19.26 25.64 13.28 29.92 18.41 0 27.65 32.13 50.56 27.91 27.16 10.63 12.62 
8.06 11.44 13.93 6.34 7.29 29.88 0 5.01 36.67 11.66 10.92 20.42 15.18 
12.47 7.05 19.31 3.15 11.72 35.86 8 0 32.19 19.04 18.31 22.81 17.48 
4.89 10.85 9.88 17.83 4.36 16.16 16.83 20.14 28.55 26.89 26.19 5.08 0 
5.46 11.53 5.05 18.47 4.93 15.82 16.91 20.79 36 23.07 22.34 0 5.43 
4.89 10.85 9.88 17.83 4.36 16.16 16.83 20.14 28.55 26.89 26.19 5.08 0 
41.17 27.62 46.41 29.43 40.97 54.72 37.69 31.07 0 42.24 41.06 40.23 28.66 
13.99 25.25 17.51 21 13.24 33.9 10.97 19.03 45.47 0 2.34 24.55 24.17 
10.47 21.89 14.03 17.59 9.71 30.66 7.4 15.57 41.46 3.25 0 21.18 20.82 
5.46 11.53 5.05 18.47 4.93 15.82 16.91 20.79 36 23.07 22.34 0 5.43 
4.89 10.85 9.88 17.83 4.36 16.16 16.83 20.14 28.55 26.89 26.19 5.08 0 
Dimension>25
Dimension>25
Bandera>13
Fitness Greedy Costo>200.01
Solucion Greedy Costo>4 0 12 11 2 5 0 6 7 3 1 0 13 0 10 9 0 8 0 0 0 0 0 0 0 
Linea Vacia>
Bandera>13
Fitness Greedy Costo>200.01
Solucion Greedy Costo>4 0 12 11 2 5 0 6 7 3 1 0 13 0 10 9 0 8 0 0 0 0 0 0 0 
Linea Vacia>
Matriz de Costos>
0 10.72 5.99 13.77 1.76 21.73 10 16.12 34.99 19.2 18.45 6.27 5.08 
8.36 0 14.84 4.55 7.59 30.02 10.56 5.3 32.16 23.92 23.18 16.6 11.12 
7.07 15.58 0 19.83 6.29 15.07 16.73 22.13 39.65 18.07 17.32 3.96 10.86 
8.98 4.83 14.94 0 8.22 31.89 3.96 2.28 31.42 18.14 17.39 19.5 14.08 
0.21 9.16 6.56 10.38 0 22.27 6.55 12.77 35.49 15.89 15.13 6.83 5.25 
19.26 25.64 13.28 29.92 18.41 0 27.65 32.13 50.56 27.91 27.16 10.63 12.62 
8.06 11.44 13.93 6.34 7.29 29.88 0 5.01 36.67 11.66 10.92 20.42 15.18 
12.47 7.05 19.31 3.15 11.72 35.86 8 0 32.19 19.04 18.31 22.81 17.48 
41.17 27.62 46.41 29.43 40.97 54.72 37.69 31.07 0 42.24 41.06 40.23 28.66 
13.99 25.25 17.51 21 13.24 33.9 10.97 19.03 45.47 0 2.34 24.55 24.17 
10.47 21.89 14.03 17.59 9.71 30.66 7.4 15.57 41.46 3.25 0 21.18 20.82 
Matriz de Costos>
0 10.72 5.99 13.77 1.76 21.73 10 16.12 34.99 19.2 18.45 6.27 5.08 
8.36 0 14.84 4.55 7.59 30.02 10.56 5.3 32.16 23.92 23.18 16.6 11.12 
7.07 15.58 0 19.83 6.29 15.07 16.73 22.13 39.65 18.07 17.32 3.96 10.86 
5.46 11.53 5.05 18.47 4.93 15.82 16.91 20.79 36 23.07 22.34 0 5.43 
4.89 10.85 9.88 17.83 4.36 16.16 16.83 20.14 28.55 26.89 26.19 5.08 0 
8.98 4.83 14.94 0 8.22 31.89 3.96 2.28 31.42 18.14 17.39 19.5 14.08 
0.21 9.16 6.56 10.38 0 22.27 6.55 12.77 35.49 15.89 15.13 6.83 5.25 
19.26 25.64 13.28 29.92 18.41 0 27.65 32.13 50.56 27.91 27.16 10.63 12.62 
8.06 11.44 13.93 6.34 7.29 29.88 0 5.01 36.67 11.66 10.92 20.42 15.18 
12.47 7.05 19.31 3.15 11.72 35.86 8 0 32.19 19.04 18.31 22.81 17.48 
41.17 27.62 46.41 29.43 40.97 54.72 37.69 31.07 0 42.24 41.06 40.23 28.66 
13.99 25.25 17.51 21 13.24 33.9 10.97 19.03 45.47 0 2.34 24.55 24.17 
10.47 21.89 14.03 17.59 9.71 30.66 7.4 15.57 41.46 3.25 0 21.18 20.82 
5.46 11.53 5.05 18.47 4.93 15.82 16.91 20.79 36 23.07 22.34 0 5.43 
4.89 10.85 9.88 17.83 4.36 16.16 16.83 20.14 28.55 26.89 26.19 5.08 0 
Dimension>25
Bandera>13
Fitness Greedy Costo>200.01
Solucion Greedy Costo>4 0 12 11 2 5 0 6 7 3 1 0 13 0 10 9 0 8 0 0 0 0 0 0 0 
Linea Vacia>
Dimension>25
Matriz de Costos>
0 10.72 5.99 13.77 1.76 21.73 10 16.12 34.99 19.2 18.45 6.27 5.08 
8.36 0 14.84 4.55 7.59 30.02 10.56 5.3 32.16 23.92 23.18 16.6 11.12 
Dimension>25
Dimension>25
7.07 15.58 0 19.83 6.29 15.07 16.73 22.13 39.65 18.07 17.32 3.96 10.86 
8.98 4.83 14.94 0 8.22 31.89 3.96 2.28 31.42 18.14 17.39 19.5 14.08 
0.21 9.16 6.56 10.38 0 22.27 6.55 12.77 35.49 15.89 15.13 6.83 5.25 
Bandera>13
Fitness Greedy Costo>200.01
Solucion Greedy Costo>4 0 12 11 2 5 0 6 7 3 1 0 13 0 10 9 0 8 0 0 0 0 0 0 0 
Linea Vacia>
Bandera>13
Fitness Greedy Costo>200.01
Solucion Greedy Costo>4 0 12 11 2 5 0 6 7 3 1 0 13 0 10 9 0 8 0 0 0 0 0 0 0 
Linea Vacia>
Bandera>13
Fitness Greedy Costo>200.01
Solucion Greedy Costo>4 0 12 11 2 5 0 6 7 3 1 0 13 0 10 9 0 8 0 0 0 0 0 0 0 
Linea Vacia>
19.26 25.64 13.28 29.92 18.41 0 27.65 32.13 50.56 27.91 27.16 10.63 12.62 
8.06 11.44 13.93 6.34 7.29 29.88 0 5.01 36.67 11.66 10.92 20.42 15.18 
12.47 7.05 19.31 3.15 11.72 35.86 8 0 32.19 19.04 18.31 22.81 17.48 
41.17 27.62 46.41 29.43 40.97 54.72 37.69 31.07 0 42.24 41.06 40.23 28.66 
13.99 25.25 17.51 21 13.24 33.9 10.97 19.03 45.47 0 2.34 24.55 24.17 
10.47 21.89 14.03 17.59 9.71 30.66 7.4 15.57 41.46 3.25 0 21.18 20.82 
5.46 11.53 5.05 18.47 4.93 15.82 16.91 20.79 36 23.07 22.34 0 5.43 
4.89 10.85 9.88 17.83 4.36 16.16 16.83 20.14 28.55 26.89 26.19 5.08 0 
Matriz de Costos>
0 10.72 5.99 13.77 1.76 21.73 10 16.12 34.99 19.2 18.45 6.27 5.08 
8.36 0 14.84 4.55 7.59 30.02 10.56 5.3 32.16 23.92 23.18 16.6 11.12 
Matriz de Costos>
0 10.72 5.99 13.77 1.76 21.73 10 16.12 34.99 19.2 18.45 6.27 5.08 
8.36 0 14.84 4.55 7.59 30.02 10.56 5.3 32.16 23.92 23.18 16.6 11.12 
7.07 15.58 0 19.83 6.29 15.07 16.73 22.13 39.65 18.07 17.32 3.96 10.86 
8.98 4.83 14.94 0 8.22 31.89 3.96 2.28 31.42 18.14 17.39 19.5 14.08 
0.21 9.16 6.56 10.38 0 22.27 6.55 12.77 35.49 15.89 15.13 6.83 5.25 
7.07 15.58 0 19.83 6.29 15.07 16.73 22.13 39.65 18.07 17.32 3.96 10.86 
8.98 4.83 14.94 0 8.22 31.89 3.96 2.28 31.42 18.14 17.39 19.5 14.08 
0.21 9.16 6.56 10.38 0 22.27 6.55 12.77 35.49 15.89 15.13 6.83 5.25 
Matriz de Costos>
0 10.72 5.99 13.77 1.76 21.73 10 16.12 34.99 19.2 18.45 6.27 5.08 
19.26 25.64 13.28 29.92 18.41 0 27.65 32.13 50.56 27.91 27.16 10.63 12.62 
8.06 11.44 13.93 6.34 7.29 29.88 0 5.01 36.67 11.66 10.92 20.42 15.18 
19.26 25.64 13.28 29.92 18.41 0 27.65 32.13 50.56 27.91 27.16 10.63 12.62 
8.06 11.44 13.93 6.34 7.29 29.88 0 5.01 36.67 11.66 10.92 20.42 15.18 
8.36 0 14.84 4.55 7.59 30.02 10.56 5.3 32.16 23.92 23.18 16.6 11.12 
7.07 15.58 0 19.83 6.29 15.07 16.73 22.13 39.65 18.07 17.32 3.96 10.86 
12.47 7.05 19.31 3.15 11.72 35.86 8 0 32.19 19.04 18.31 22.81 17.48 
41.17 27.62 46.41 29.43 40.97 54.72 37.69 31.07 0 42.24 41.06 40.23 28.66 
13.99 25.25 17.51 21 13.24 33.9 10.97 19.03 45.47 0 2.34 24.55 24.17 
10.47 21.89 14.03 17.59 9.71 30.66 7.4 15.57 41.46 3.25 0 21.18 20.82 
5.46 11.53 5.05 18.47 4.93 15.82 16.91 20.79 36 23.07 22.34 0 5.43 
12.47 7.05 19.31 3.15 11.72 35.86 8 0 32.19 19.04 18.31 22.81 17.48 
41.17 27.62 46.41 29.43 40.97 54.72 37.69 31.07 0 42.24 41.06 40.23 28.66 
13.99 25.25 17.51 21 13.24 33.9 10.97 19.03 45.47 0 2.34 24.55 24.17 
10.47 21.89 14.03 17.59 9.71 30.66 7.4 15.57 41.46 3.25 0 21.18 20.82 
5.46 11.53 5.05 18.47 4.93 15.82 16.91 20.79 36 23.07 22.34 0 5.43 
Dimension>25
Bandera>13
Fitness Greedy Costo>200.01
Solucion Greedy Costo>4 0 12 11 2 5 0 6 7 3 1 0 13 0 10 9 0 8 0 0 0 0 0 0 0 
Linea Vacia>
8.98 4.83 14.94 0 8.22 31.89 3.96 2.28 31.42 18.14 17.39 19.5 14.08 
0.21 9.16 6.56 10.38 0 22.27 6.55 12.77 35.49 15.89 15.13 6.83 5.25 
4.89 10.85 9.88 17.83 4.36 16.16 16.83 20.14 28.55 26.89 26.19 5.08 0 
4.89 10.85 9.88 17.83 4.36 16.16 16.83 20.14 28.55 26.89 26.19 5.08 0 
19.26 25.64 13.28 29.92 18.41 0 27.65 32.13 50.56 27.91 27.16 10.63 12.62 
Matriz de Costos>
8.06 11.44 13.93 6.34 7.29 29.88 0 5.01 36.67 11.66 10.92 20.42 15.18 
12.47 7.05 19.31 3.15 11.72 35.86 8 0 32.19 19.04 18.31 22.81 17.48 
0 10.72 5.99 13.77 1.76 21.73 10 16.12 34.99 19.2 18.45 6.27 5.08 
8.36 0 14.84 4.55 7.59 30.02 10.56 5.3 32.16 23.92 23.18 16.6 11.12 
7.07 15.58 0 19.83 6.29 15.07 16.73 22.13 39.65 18.07 17.32 3.96 10.86 
8.98 4.83 14.94 0 8.22 31.89 3.96 2.28 31.42 18.14 17.39 19.5 14.08 
0.21 9.16 6.56 10.38 0 22.27 6.55 12.77 35.49 15.89 15.13 6.83 5.25 
19.26 25.64 13.28 29.92 18.41 0 27.65 32.13 50.56 27.91 27.16 10.63 12.62 
41.17 27.62 46.41 29.43 40.97 54.72 37.69 31.07 0 42.24 41.06 40.23 28.66 
8.06 11.44 13.93 6.34 7.29 29.88 0 5.01 36.67 11.66 10.92 20.42 15.18 
12.47 7.05 19.31 3.15 11.72 35.86 8 0 32.19 19.04 18.31 22.81 17.48 
13.99 25.25 17.51 21 13.24 33.9 10.97 19.03 45.47 0 2.34 24.55 24.17 
10.47 21.89 14.03 17.59 9.71 30.66 7.4 15.57 41.46 3.25 0 21.18 20.82 
41.17 27.62 46.41 29.43 40.97 54.72 37.69 31.07 0 42.24 41.06 40.23 28.66 
13.99 25.25 17.51 21 13.24 33.9 10.97 19.03 45.47 0 2.34 24.55 24.17 
10.47 21.89 14.03 17.59 9.71 30.66 7.4 15.57 41.46 3.25 0 21.18 20.82 
Dimension>25
5.46 11.53 5.05 18.47 4.93 15.82 16.91 20.79 36 23.07 22.34 0 5.43 
4.89 10.85 9.88 17.83 4.36 16.16 16.83 20.14 28.55 26.89 26.19 5.08 0 
Bandera>13
Fitness Greedy Costo>200.01
5.46 11.53 5.05 18.47 4.93 15.82 16.91 20.79 36 23.07 22.34 0 5.43 
4.89 10.85 9.88 17.83 4.36 16.16 16.83 20.14 28.55 26.89 26.19 5.08 0 
Solucion Greedy Costo>4 0 12 11 2 5 0 6 7 3 1 0 13 0 10 9 0 8 0 0 0 0 0 0 0 
Linea Vacia>
Dimension>25
Bandera>13
Fitness Greedy Costo>200.01
Solucion Greedy Costo>4 0 12 11 2 5 0 6 7 3 1 0 13 0 10 9 0 8 0 0 0 0 0 0 0 
Linea Vacia>
Matriz de Costos>
0 10.72 5.99 13.77 1.76 21.73 10 16.12 34.99 19.2 18.45 6.27 5.08 
8.36 0 14.84 4.55 7.59 30.02 10.56 5.3 32.16 23.92 23.18 16.6 11.12 
Matriz de Costos>
0 10.72 5.99 13.77 1.76 21.73 10 16.12 34.99 19.2 18.45 6.27 5.08 
8.36 0 14.84 4.55 7.59 30.02 10.56 5.3 32.16 23.92 23.18 16.6 11.12 
7.07 15.58 0 19.83 6.29 15.07 16.73 22.13 39.65 18.07 17.32 3.96 10.86 
8.98 4.83 14.94 0 8.22 31.89 3.96 2.28 31.42 18.14 17.39 19.5 14.08 
0.21 9.16 6.56 10.38 0 22.27 6.55 12.77 35.49 15.89 15.13 6.83 5.25 
7.07 15.58 0 19.83 6.29 15.07 16.73 22.13 39.65 18.07 17.32 3.96 10.86 
8.98 4.83 14.94 0 8.22 31.89 3.96 2.28 31.42 18.14 17.39 19.5 14.08 
0.21 9.16 6.56 10.38 0 22.27 6.55 12.77 35.49 15.89 15.13 6.83 5.25 
19.26 25.64 13.28 29.92 18.41 0 27.65 32.13 50.56 27.91 27.16 10.63 12.62 
19.26 25.64 13.28 29.92 18.41 0 27.65 32.13 50.56 27.91 27.16 10.63 12.62 
8.06 11.44 13.93 6.34 7.29 29.88 0 5.01 36.67 11.66 10.92 20.42 15.18 
12.47 7.05 19.31 3.15 11.72 35.86 8 0 32.19 19.04 18.31 22.81 17.48 
8.06 11.44 13.93 6.34 7.29 29.88 0 5.01 36.67 11.66 10.92 20.42 15.18 
12.47 7.05 19.31 3.15 11.72 35.86 8 0 32.19 19.04 18.31 22.81 17.48 
41.17 27.62 46.41 29.43 40.97 54.72 37.69 31.07 0 42.24 41.06 40.23 28.66 
41.17 27.62 46.41 29.43 40.97 54.72 37.69 31.07 0 42.24 41.06 40.23 28.66 
13.99 25.25 17.51 21 13.24 33.9 10.97 19.03 45.47 0 2.34 24.55 24.17 
13.99 25.25 17.51 21 13.24 33.9 10.97 19.03 45.47 0 2.34 24.55 24.17 
10.47 21.89 14.03 17.59 9.71 30.66 7.4 15.57 41.46 3.25 0 21.18 20.82 
5.46 11.53 5.05 18.47 4.93 15.82 16.91 20.79 36 23.07 22.34 0 5.43 
4.89 10.85 9.88 17.83 4.36 16.16 16.83 20.14 28.55 26.89 26.19 5.08 0 
10.47 21.89 14.03 17.59 9.71 30.66 7.4 15.57 41.46 3.25 0 21.18 20.82 
5.46 11.53 5.05 18.47 4.93 15.82 16.91 20.79 36 23.07 22.34 0 5.43 
4.89 10.85 9.88 17.83 4.36 16.16 16.83 20.14 28.55 26.89 26.19 5.08 0 
Dimension>25
Bandera>13
Fitness Greedy Costo>200.01
Solucion Greedy Costo>4 0 12 11 2 5 0 6 7 3 1 0 13 0 10 9 0 8 0 0 0 0 0 0 0 
Linea Vacia>
Matriz de Costos>
0 10.72 5.99 13.77 1.76 21.73 10 16.12 34.99 19.2 18.45 6.27 5.08 
8.36 0 14.84 4.55 7.59 30.02 10.56 5.3 32.16 23.92 23.18 16.6 11.12 
7.07 15.58 0 19.83 6.29 15.07 16.73 22.13 39.65 18.07 17.32 3.96 10.86 
8.98 4.83 14.94 0 8.22 31.89 3.96 2.28 31.42 18.14 17.39 19.5 14.08 
0.21 9.16 6.56 10.38 0 22.27 6.55 12.77 35.49 15.89 15.13 6.83 5.25 
19.26 25.64 13.28 29.92 18.41 0 27.65 32.13 50.56 27.91 27.16 10.63 12.62 
8.06 11.44 13.93 6.34 7.29 29.88 0 5.01 36.67 11.66 10.92 20.42 15.18 
12.47 7.05 19.31 3.15 11.72 35.86 8 0 32.19 19.04 18.31 22.81 17.48 
41.17 27.62 46.41 29.43 40.97 54.72 37.69 31.07 0 42.24 41.06 40.23 28.66 
13.99 25.25 17.51 21 13.24 33.9 10.97 19.03 45.47 0 2.34 24.55 24.17 
10.47 21.89 14.03 17.59 9.71 30.66 7.4 15.57 41.46 3.25 0 21.18 20.82 
5.46 11.53 5.05 18.47 4.93 15.82 16.91 20.79 36 23.07 22.34 0 5.43 
4.89 10.85 9.88 17.83 4.36 16.16 16.83 20.14 28.55 26.89 26.19 5.08 0 
Dimension>25
Bandera>13
Fitness Greedy Costo>200.01
Solucion Greedy Costo>4 0 12 11 2 5 0 6 7 3 1 0 13 0 10 9 0 8 0 0 0 0 0 0 0 
Linea Vacia>
Matriz de Costos>
0 10.72 5.99 13.77 1.76 21.73 10 16.12 34.99 19.2 18.45 6.27 5.08 
8.36 0 14.84 4.55 7.59 30.02 10.56 5.3 32.16 23.92 23.18 16.6 11.12 
7.07 15.58 0 19.83 6.29 15.07 16.73 22.13 39.65 18.07 17.32 3.96 10.86 
8.98 4.83 14.94 0 8.22 31.89 3.96 2.28 31.42 18.14 17.39 19.5 14.08 
0.21 9.16 6.56 10.38 0 22.27 6.55 12.77 35.49 15.89 15.13 6.83 5.25 
19.26 25.64 13.28 29.92 18.41 0 27.65 32.13 50.56 27.91 27.16 10.63 12.62 
8.06 11.44 13.93 6.34 7.29 29.88 0 5.01 36.67 11.66 10.92 20.42 15.18 
12.47 7.05 19.31 3.15 11.72 35.86 8 0 32.19 19.04 18.31 22.81 17.48 
41.17 27.62 46.41 29.43 40.97 54.72 37.69 31.07 0 42.24 41.06 40.23 28.66 
13.99 25.25 17.51 21 13.24 33.9 10.97 19.03 45.47 0 2.34 24.55 24.17 
10.47 21.89 14.03 17.59 9.71 30.66 7.4 15.57 41.46 3.25 0 21.18 20.82 
5.46 11.53 5.05 18.47 4.93 15.82 16.91 20.79 36 23.07 22.34 0 5.43 
4.89 10.85 9.88 17.83 4.36 16.16 16.83 20.14 28.55 26.89 26.19 5.08 0 
GEN 0 200.010000
GEN 0 200.010000
GREEDY 0 0.000000
GREEDY 0 0.000000
TIEMPO 0 200.010000
TIEMPO 0 200.010000
GREEDY 5 0.000708
GREEDY 5 0.001500
GREEDY 10 0.002412
GEN 0 200.010000
GREEDY 0 0.000000
GEN 0 200.010000
GREEDY 0 0.000000
TIEMPO 0 200.010000
TIEMPO 0 200.010000
GREEDY 15 0.003494
GREEDY 5 0.000472
GREEDY 10 0.004212
GREEDY 5 0.001310
GEN 0 185.380000
GREEDY 0 0.000000
TIEMPO 0 185.380000
GREEDY 5 0.000134
GREEDY 10 0.002593
GEN 0 200.010000
GREEDY 0 0.000000
GEN 0 200.010000
GREEDY 0 0.000000
TIEMPO 0 200.010000
TIEMPO 0 200.010000
GREEDY 5 0.000866
GREEDY 5 0.002980
GREEDY 10 0.003302
GREEDY 20 0.013622
GREEDY 10 0.004608
GEN 0 198.850000
GREEDY 0 0.000000
GEN 0 198.690000
GREEDY 0 0.000000
GEN 0 193.700000
GREEDY 0 0.000000
TIEMPO 0 196.530000
GEN 0 192.760000
GREEDY 0 0.000000
TIEMPO 0 198.690000
GEN 0 200.010000
GREEDY 0 0.000000
GEN 0 200.010000
GREEDY 0 0.000000
GEN 0 200.010000
GREEDY 0 0.000000
TIEMPO 0 193.700000
TIEMPO 0 192.760000
TIEMPO 0 200.010000
TIEMPO 0 200.010000
TIEMPO 0 200.010000
GREEDY 5 0.000323
GREEDY 5 0.000567
GREEDY 5 0.000620
GREEDY 10 0.000947
GREEDY 5 0.001274
GREEDY 5 0.001806
GREEDY 15 0.002341
GREEDY 5 0.002659
GREEDY 10 0.003065
GREEDY 10 0.003232
GREEDY 5 0.003380
GEN 0 200.010000
GREEDY 0 0.000000
GEN 0 200.010000
GREEDY 0 0.000000
GEN 0 200.010000
GREEDY 0 0.000000
GEN 0 200.010000
GREEDY 0 0.000000
GEN 0 193.700000
GREEDY 0 0.000000
TIEMPO 0 200.010000
TIEMPO 0 200.010000
TIEMPO 0 200.010000
TIEMPO 0 200.010000
TIEMPO 0 193.700000
GREEDY 5 0.000213
GREEDY 5 0.000364
GREEDY 10 0.000632
GREEDY 10 0.005781
GEN 0 195.360000
GREEDY 0 0.000000
GEN 0 200.010000
GREEDY 0 0.000000
GREEDY 5 0.001234
TIEMPO 0 200.010000
TIEMPO 0 195.360000
GREEDY 5 0.000311
GREEDY 5 0.000682
GREEDY 10 0.001848
GREEDY 15 0.007018
GREEDY 5 0.002000
GREEDY 10 0.002553
GREEDY 10 0.002540
GREEDY 10 0.001776
GREEDY 5 0.003357
GREEDY 10 0.002416
GREEDY 15 0.003591
GREEDY 10 0.004044
GREEDY 15 0.009578
GEN 0 193.320000
GREEDY 0 0.000000
GEN 0 191.340000
GREEDY 0 0.000000
TIEMPO 0 193.320000
TIEMPO 0 191.340000
GREEDY 15 0.004164
GREEDY 5 0.000452
GREEDY 5 0.001375
GREEDY 10 0.001455
GREEDY 10 0.001608
GREEDY 15 0.002493
GREEDY 10 0.012403
GREEDY 15 0.008687
GREEDY 15 0.028964
GEN 0 200.010000
GREEDY 0 0.000000
TIEMPO 0 200.010000
GREEDY 20 0.016660
GREEDY 10 0.028936
GREEDY 15 0.016915
GREEDY 5 0.002335
GREEDY 10 0.002469
GREEDY 15 0.013798
GREEDY 15 0.031353
GREEDY 15 0.026393
GREEDY 15 0.019170
GREEDY 15 0.024575
GREEDY 15 0.034849
GREEDY 10 0.031462
GREEDY 15 0.021977
GREEDY 10 0.033404
GREEDY 20 0.039462
GREEDY 15 0.053152
GREEDY 20 0.058092
GREEDY 10 0.056651
GREEDY 20 0.047033
GREEDY 15 0.070298
GREEDY 15 0.058148
GREEDY 20 0.081702
GREEDY 15 0.078051
GREEDY 15 0.098304
GEN 2500 164.750000
GEN 2500 163.490000
GEN 2500 168.060000
GEN 2500 156.200000
GEN 2500 163.490000
GEN 2500 164.100000
GEN 2500 164.100000
GREEDY 15 0.159769
GREEDY 20 0.159100
GEN 2500 163.960000
GREEDY 15 0.178413
GEN 2500 156.200000
GREEDY 20 0.218164
GEN 5000 164.750000
GEN 5000 163.490000
GEN 2500 155.800000
GEN 5000 163.490000
GEN 5000 164.100000
GEN 2500 163.490000
GEN 5000 164.100000
GREEDY 20 0.332809
GEN 2500 163.960000
GEN 5000 163.960000
GEN 5000 156.200000
GEN 2500 163.490000
GEN 7500 164.750000
GEN 7500 163.490000
GEN 2500 158.050000
GEN 2500 158.050000
GEN 5000 164.180000
GEN 5000 156.200000
GEN 2500 156.200000
GEN 2500 156.200000
GEN 2500 164.370000
GEN 7500 163.490000
GEN 7500 164.100000
GEN 7500 164.100000
GEN 2500 164.370000
GEN 7500 163.960000
GEN 2500 158.050000
GEN 7500 156.200000
GEN 10000 163.490000
TIEMPO 0.496013 163.490000
GEN 10000 163.490000
TIEMPO 0.510112 163.490000
GEN 2500 163.960000
GEN 2500 164.370000
GEN 2500 156.200000
GEN 10000 163.490000
TIEMPO 0.543995 163.490000
GEN 2500 163.490000
GEN 10000 164.100000
TIEMPO 0.553506 164.100000
GEN 10000 162.140000
TIEMPO 0.563868 162.140000
GEN 10000 163.960000
TIEMPO 0.565605 163.960000
GEN 5000 163.490000
GEN 10000 156.200000
TIEMPO 0.631762 156.200000
GEN 5000 163.960000
GEN 5000 152.180000
GEN 5000 155.800000
GEN 7500 164.180000
GEN 7500 156.200000
GEN 5000 164.370000
GEN 5000 156.200000
GEN 5000 158.050000
GEN 5000 163.490000
GEN 7500 152.180000
GEN 5000 158.050000
GEN 5000 156.200000
GEN 5000 164.370000
GEN 5000 163.960000
GEN 5000 164.370000
GEN 10000 152.180000
TIEMPO 0.902833 152.180000
GEN 5000 156.200000
GEN 7500 163.490000
GEN 7500 163.960000
GEN 7500 155.800000
TIEMPO 1 156.200000
TIEMPO 1 163.490000
TIEMPO 1 156.200000
TIEMPO 1 164.180000
TIEMPO 1 152.180000
TIEMPO 1 164.370000
TIEMPO 1 155.800000
TIEMPO 1 164.370000
TIEMPO 1 163.960000
TIEMPO 1 158.050000
TIEMPO 1 156.200000
GEN 5000 163.490000
TIEMPO 1 156.200000
TIEMPO 1 163.490000
TIEMPO 1 163.960000
TIEMPO 1 164.370000
TIEMPO 1 163.490000
GEN 10000 156.200000
TIEMPO 1.039619 156.200000
GEN 7500 164.370000
GEN 7500 163.490000
GEN 7500 152.180000
GEN 10000 164.180000
TIEMPO 1.119753 164.180000
GEN 7500 156.200000
GEN 7500 158.050000
GEN 7500 156.200000
GEN 7500 164.370000
GEN 7500 163.960000
GEN 10000 163.490000
TIEMPO 1.249553 163.490000
GEN 10000 155.800000
TIEMPO 1.291057 155.800000
GEN 7500 156.200000
GREEDY 20 1.301295
GEN 7500 158.050000
GEN 7500 163.490000
GEN 10000 164.370000
TIEMPO 1.352201 164.370000
GEN 10000 163.960000
TIEMPO 1.387360 163.960000
GEN 10000 152.180000
TIEMPO 1.429982 152.180000
GEN 10000 163.490000
TIEMPO 1.442341 163.490000
GEN 10000 156.200000
TIEMPO 1.505049 156.200000
GEN 10000 156.200000
TIEMPO 1.537927 156.200000
GEN 10000 152.180000
TIEMPO 1.556636 152.180000
GEN 10000 164.370000
TIEMPO 1.566670 164.370000
GEN 10000 163.960000
TIEMPO 1.563183 163.960000
GEN 10000 158.050000
TIEMPO 1.637098 158.050000
GEN 10000 156.200000
TIEMPO 1.671694 156.200000
GEN 10000 163.490000
TIEMPO 1.683612 163.490000

 Current State ---------------------------------------------
Solution:  0 2 11 5 0 13 1 3 7 0 4 6 9 10 0 0 0 12 8 0 0 0 0 0 0 Fitness: 152.18

 :( ---------------------- THE END --------------- :) 
