Dimension>25
Bandera>13
Fitness Greedy Costo>200.01
Solucion Greedy Costo>4 0 12 11 2 5 0 6 7 3 1 0 13 0 10 9 0 8 0 0 0 0 0 0 0 
Linea Vacia>
Matriz de Costos>
0 10.72 5.99 13.77 1.76 21.73 10 16.12 34.99 19.2 18.45 6.27 5.08 
8.36 0 14.84 4.55 7.59 30.02 10.56 5.3 32.16 23.92 23.18 16.6 11.12 
7.07 15.58 0 19.83 6.29 15.07 16.73 22.13 39.65 18.07 17.32 3.96 10.86 
8.98 4.83 14.94 0 8.22 31.89 3.96 2.28 31.42 18.14 17.39 19.5 14.08 
0.21 9.16 6.56 10.38 0 22.27 6.55 12.77 35.49 15.89 15.13 6.83 5.25 
19.26 25.64 13.28 29.92 18.41 0 27.65 32.13 50.56 27.91 27.16 10.63 12.62 
8.06 11.44 13.93 6.34 7.29 29.88 0 5.01 36.67 11.66 10.92 20.42 15.18 
12.47 7.05 19.31 3.15 11.72 35.86 8 0 32.19 19.04 18.31 22.81 17.48 
41.17 27.62 46.41 29.43 40.97 54.72 37.69 31.07 0 42.24 41.06 40.23 28.66 
13.99 25.25 17.51 21 13.24 33.9 10.97 19.03 45.47 0 2.34 24.55 24.17 
10.47 21.89 14.03 17.59 9.71 30.66 7.4 15.57 41.46 3.25 0 21.18 20.82 
5.46 11.53 5.05 18.47 4.93 15.82 16.91 20.79 36 23.07 22.34 0 5.43 
4.89 10.85 9.88 17.83 4.36 16.16 16.83 20.14 28.55 26.89 26.19 5.08 0 
Dimension>25
Bandera>13
Fitness Greedy Costo>200.01
Solucion Greedy Costo>4 0 12 11 2 5 0 6 7 3 1 0 13 0 10 9 0 8 0 0 0 0 0 0 0 
Linea Vacia>
Dimension>25
Bandera>13
Fitness Greedy Costo>200.01
Solucion Greedy Costo>4 0 12 11 2 5 0 6 7 3 1 0 13 0 10 9 0 8 0 0 0 0 0 0 0 
Linea Vacia>
Matriz de Costos>
0 10.72 5.99 13.77 1.76 21.73 10 16.12 34.99 19.2 18.45 6.27 5.08 
8.36 0 14.84 4.55 7.59 30.02 10.56 5.3 32.16 23.92 23.18 16.6 11.12 
7.07 15.58 0 19.83 6.29 15.07 16.73 22.13 39.65 18.07 17.32 3.96 10.86 
8.98 4.83 14.94 0 8.22 31.89 3.96 2.28 31.42 18.14 17.39 19.5 14.08 
0.21 9.16 6.56 10.38 0 22.27 6.55 12.77 35.49 15.89 15.13 6.83 5.25 
19.26 25.64 13.28 29.92 18.41 0 27.65 32.13 50.56 27.91 27.16 10.63 12.62 
Matriz de Costos>
0 10.72 5.99 13.77 1.76 21.73 10 16.12 34.99 19.2 18.45 6.27 5.08 
8.36 0 14.84 4.55 7.59 30.02 10.56 5.3 32.16 23.92 23.18 16.6 11.12 
8.06 11.44 13.93 6.34 7.29 29.88 0 5.01 36.67 11.66 10.92 20.42 15.18 
12.47 7.05 19.31 3.15 11.72 35.86 8 0 32.19 19.04 18.31 22.81 17.48 
7.07 15.58 0 19.83 6.29 15.07 16.73 22.13 39.65 18.07 17.32 3.96 10.86 
8.98 4.83 14.94 0 8.22 31.89 3.96 2.28 31.42 18.14 17.39 19.5 14.08 
0.21 9.16 6.56 10.38 0 22.27 6.55 12.77 35.49 15.89 15.13 6.83 5.25 
41.17 27.62 46.41 29.43 40.97 54.72 37.69 31.07 0 42.24 41.06 40.23 28.66 
13.99 25.25 17.51 21 13.24 33.9 10.97 19.03 45.47 0 2.34 24.55 24.17 
10.47 21.89 14.03 17.59 9.71 30.66 7.4 15.57 41.46 3.25 0 21.18 20.82 
19.26 25.64 13.28 29.92 18.41 0 27.65 32.13 50.56 27.91 27.16 10.63 12.62 
8.06 11.44 13.93 6.34 7.29 29.88 0 5.01 36.67 11.66 10.92 20.42 15.18 
5.46 11.53 5.05 18.47 4.93 15.82 16.91 20.79 36 23.07 22.34 0 5.43 
4.89 10.85 9.88 17.83 4.36 16.16 16.83 20.14 28.55 26.89 26.19 5.08 0 
12.47 7.05 19.31 3.15 11.72 35.86 8 0 32.19 19.04 18.31 22.81 17.48 
41.17 27.62 46.41 29.43 40.97 54.72 37.69 31.07 0 42.24 41.06 40.23 28.66 
13.99 25.25 17.51 21 13.24 33.9 10.97 19.03 45.47 0 2.34 24.55 24.17 
10.47 21.89 14.03 17.59 9.71 30.66 7.4 15.57 41.46 3.25 0 21.18 20.82 
5.46 11.53 5.05 18.47 4.93 15.82 16.91 20.79 36 23.07 22.34 0 5.43 
4.89 10.85 9.88 17.83 4.36 16.16 16.83 20.14 28.55 26.89 26.19 5.08 0 
Dimension>25
Bandera>13
Fitness Greedy Costo>200.01
Solucion Greedy Costo>4 0 12 11 2 5 0 6 7 3 1 0 13 0 10 9 0 8 0 0 0 0 0 0 0 
Linea Vacia>
Matriz de Costos>
0 10.72 5.99 13.77 1.76 21.73 10 16.12 34.99 19.2 18.45 6.27 5.08 
8.36 0 14.84 4.55 7.59 30.02 10.56 5.3 32.16 23.92 23.18 16.6 11.12 
7.07 15.58 0 19.83 6.29 15.07 16.73 22.13 39.65 18.07 17.32 3.96 10.86 
8.98 4.83 14.94 0 8.22 31.89 3.96 2.28 31.42 18.14 17.39 19.5 14.08 
0.21 9.16 6.56 10.38 0 22.27 6.55 12.77 35.49 15.89 15.13 6.83 5.25 
19.26 25.64 13.28 29.92 18.41 0 27.65 32.13 50.56 27.91 27.16 10.63 12.62 
8.06 11.44 13.93 6.34 7.29 29.88 0 5.01 36.67 11.66 10.92 20.42 15.18 
12.47 7.05 19.31 3.15 11.72 35.86 8 0 32.19 19.04 18.31 22.81 17.48 
41.17 27.62 46.41 29.43 40.97 54.72 37.69 31.07 0 42.24 41.06 40.23 28.66 
13.99 25.25 17.51 21 13.24 33.9 10.97 19.03 45.47 0 2.34 24.55 24.17 
10.47 21.89 14.03 17.59 9.71 30.66 7.4 15.57 41.46 3.25 0 21.18 20.82 
5.46 11.53 5.05 18.47 4.93 15.82 16.91 20.79 36 23.07 22.34 0 5.43 
4.89 10.85 9.88 17.83 4.36 16.16 16.83 20.14 28.55 26.89 26.19 5.08 0 
Dimension>25
Bandera>13
Fitness Greedy Costo>200.01
Solucion Greedy Costo>4 0 12 11 2 5 0 6 7 3 1 0 13 0 10 9 0 8 0 0 0 0 0 0 0 
Linea Vacia>
Matriz de Costos>
0 10.72 5.99 13.77 1.76 21.73 10 16.12 34.99 19.2 18.45 6.27 5.08 
Dimension>25
8.36 0 14.84 4.55 7.59 30.02 10.56 5.3 32.16 23.92 23.18 16.6 11.12 
7.07 15.58 0 19.83 6.29 15.07 16.73 22.13 39.65 18.07 17.32 3.96 10.86 
Dimension>25
8.98 4.83 14.94 0 8.22 31.89 3.96 2.28 31.42 18.14 17.39 19.5 14.08 
0.21 9.16 6.56 10.38 0 22.27 6.55 12.77 35.49 15.89 15.13 6.83 5.25 
19.26 25.64 13.28 29.92 18.41 0 27.65 32.13 50.56 27.91 27.16 10.63 12.62 
Bandera>13
Fitness Greedy Costo>200.01
Solucion Greedy Costo>4 0 12 11 2 5 0 6 7 3 1 0 13 0 10 9 0 8 0 0 0 0 0 0 0 
Linea Vacia>
Bandera>13
Fitness Greedy Costo>200.01
Solucion Greedy Costo>4 0 12 11 2 5 0 6 7 3 1 0 13 0 10 9 0 8 0 0 0 0 0 0 0 
Linea Vacia>
8.06 11.44 13.93 6.34 7.29 29.88 0 5.01 36.67 11.66 10.92 20.42 15.18 
12.47 7.05 19.31 3.15 11.72 35.86 8 0 32.19 19.04 18.31 22.81 17.48 
41.17 27.62 46.41 29.43 40.97 54.72 37.69 31.07 0 42.24 41.06 40.23 28.66 
13.99 25.25 17.51 21 13.24 33.9 10.97 19.03 45.47 0 2.34 24.55 24.17 
10.47 21.89 14.03 17.59 9.71 30.66 7.4 15.57 41.46 3.25 0 21.18 20.82 
5.46 11.53 5.05 18.47 4.93 15.82 16.91 20.79 36 23.07 22.34 0 5.43 
4.89 10.85 9.88 17.83 4.36 16.16 16.83 20.14 28.55 26.89 26.19 5.08 0 
Matriz de Costos>
0 10.72 5.99 13.77 1.76 21.73 10 16.12 34.99 19.2 18.45 6.27 5.08 
Matriz de Costos>
0 10.72 5.99 13.77 1.76 21.73 10 16.12 34.99 19.2 18.45 6.27 5.08 
8.36 0 14.84 4.55 7.59 30.02 10.56 5.3 32.16 23.92 23.18 16.6 11.12 
7.07 15.58 0 19.83 6.29 15.07 16.73 22.13 39.65 18.07 17.32 3.96 10.86 
8.36 0 14.84 4.55 7.59 30.02 10.56 5.3 32.16 23.92 23.18 16.6 11.12 
7.07 15.58 0 19.83 6.29 15.07 16.73 22.13 39.65 18.07 17.32 3.96 10.86 
8.98 4.83 14.94 0 8.22 31.89 3.96 2.28 31.42 18.14 17.39 19.5 14.08 
0.21 9.16 6.56 10.38 0 22.27 6.55 12.77 35.49 15.89 15.13 6.83 5.25 
8.98 4.83 14.94 0 8.22 31.89 3.96 2.28 31.42 18.14 17.39 19.5 14.08 
0.21 9.16 6.56 10.38 0 22.27 6.55 12.77 35.49 15.89 15.13 6.83 5.25 
19.26 25.64 13.28 29.92 18.41 0 27.65 32.13 50.56 27.91 27.16 10.63 12.62 
Dimension>25
19.26 25.64 13.28 29.92 18.41 0 27.65 32.13 50.56 27.91 27.16 10.63 12.62 
8.06 11.44 13.93 6.34 7.29 29.88 0 5.01 36.67 11.66 10.92 20.42 15.18 
12.47 7.05 19.31 3.15 11.72 35.86 8 0 32.19 19.04 18.31 22.81 17.48 
8.06 11.44 13.93 6.34 7.29 29.88 0 5.01 36.67 11.66 10.92 20.42 15.18 
12.47 7.05 19.31 3.15 11.72 35.86 8 0 32.19 19.04 18.31 22.81 17.48 
Bandera>13
Fitness Greedy Costo>200.01
Solucion Greedy Costo>4 0 12 11 2 5 0 6 7 3 1 0 13 0 10 9 0 8 0 0 0 0 0 0 0 
Linea Vacia>
41.17 27.62 46.41 29.43 40.97 54.72 37.69 31.07 0 42.24 41.06 40.23 28.66 
13.99 25.25 17.51 21 13.24 33.9 10.97 19.03 45.47 0 2.34 24.55 24.17 
41.17 27.62 46.41 29.43 40.97 54.72 37.69 31.07 0 42.24 41.06 40.23 28.66 
13.99 25.25 17.51 21 13.24 33.9 10.97 19.03 45.47 0 2.34 24.55 24.17 
10.47 21.89 14.03 17.59 9.71 30.66 7.4 15.57 41.46 3.25 0 21.18 20.82 
10.47 21.89 14.03 17.59 9.71 30.66 7.4 15.57 41.46 3.25 0 21.18 20.82 
5.46 11.53 5.05 18.47 4.93 15.82 16.91 20.79 36 23.07 22.34 0 5.43 
5.46 11.53 5.05 18.47 4.93 15.82 16.91 20.79 36 23.07 22.34 0 5.43 
4.89 10.85 9.88 17.83 4.36 16.16 16.83 20.14 28.55 26.89 26.19 5.08 0 
4.89 10.85 9.88 17.83 4.36 16.16 16.83 20.14 28.55 26.89 26.19 5.08 0 
Matriz de Costos>
0 10.72 5.99 13.77 1.76 21.73 10 16.12 34.99 19.2 18.45 6.27 5.08 
8.36 0 14.84 4.55 7.59 30.02 10.56 5.3 32.16 23.92 23.18 16.6 11.12 
7.07 15.58 0 19.83 6.29 15.07 16.73 22.13 39.65 18.07 17.32 3.96 10.86 
8.98 4.83 14.94 0 8.22 31.89 3.96 2.28 31.42 18.14 17.39 19.5 14.08 
0.21 9.16 6.56 10.38 0 22.27 6.55 12.77 35.49 15.89 15.13 6.83 5.25 
19.26 25.64 13.28 29.92 18.41 0 27.65 32.13 50.56 27.91 27.16 10.63 12.62 
8.06 11.44 13.93 6.34 7.29 29.88 0 5.01 36.67 11.66 10.92 20.42 15.18 
12.47 7.05 19.31 3.15 11.72 35.86 8 0 32.19 19.04 18.31 22.81 17.48 
41.17 27.62 46.41 29.43 40.97 54.72 37.69 31.07 0 42.24 41.06 40.23 28.66 
13.99 25.25 17.51 21 13.24 33.9 10.97 19.03 45.47 0 2.34 24.55 24.17 
10.47 21.89 14.03 17.59 9.71 30.66 7.4 15.57 41.46 3.25 0 21.18 20.82 
5.46 11.53 5.05 18.47 4.93 15.82 16.91 20.79 36 23.07 22.34 0 5.43 
4.89 10.85 9.88 17.83 4.36 16.16 16.83 20.14 28.55 26.89 26.19 5.08 0 
Dimension>25
Dimension>25
Bandera>13
Fitness Greedy Costo>200.01
Bandera>13
Fitness Greedy Costo>200.01
Solucion Greedy Costo>4 0 12 11 2 5 0 6 7 3 1 0 13 0 10 9 0 8 0 0 0 0 0 0 0 
Linea Vacia>
Solucion Greedy Costo>4 0 12 11 2 5 0 6 7 3 1 0 13 0 10 9 0 8 0 0 0 0 0 0 0 
Linea Vacia>
Dimension>25
Bandera>13
Dimension>25
Bandera>13
Fitness Greedy Costo>200.01
Fitness Greedy Costo>200.01
Solucion Greedy Costo>4 0 12 11 2 5 0 6 7 3 1 0 13 0 10 9 0 8 0 0 0 0 0 0 0 
Linea Vacia>
Solucion Greedy Costo>4 0 12 11 2 5 0 6 7 3 1 0 13 0 10 9 0 8 0 0 0 0 0 0 0 
Linea Vacia>
Matriz de Costos>
0 10.72 5.99 13.77 1.76 21.73 10 16.12 34.99 19.2 18.45 6.27 5.08 
8.36 0 14.84 4.55 7.59 30.02 10.56 5.3 32.16 23.92 23.18 16.6 11.12 
7.07 15.58 0 19.83 6.29 15.07 16.73 22.13 39.65 18.07 17.32 3.96 10.86 
Dimension>25
Matriz de Costos>
0 10.72 5.99 13.77 1.76 21.73 10 16.12 34.99 19.2 18.45 6.27 5.08 
8.36 0 14.84 4.55 7.59 30.02 10.56 5.3 32.16 23.92 23.18 16.6 11.12 
7.07 15.58 0 19.83 6.29 15.07 16.73 22.13 39.65 18.07 17.32 3.96 10.86 
8.98 4.83 14.94 0 8.22 31.89 3.96 2.28 31.42 18.14 17.39 19.5 14.08 
0.21 9.16 6.56 10.38 0 22.27 6.55 12.77 35.49 15.89 15.13 6.83 5.25 
19.26 25.64 13.28 29.92 18.41 0 27.65 32.13 50.56 27.91 27.16 10.63 12.62 
Dimension>25
Bandera>13
Fitness Greedy Costo>200.01
Solucion Greedy Costo>4 0 12 11 2 5 0 6 7 3 1 0 13 0 10 9 0 8 0 0 0 0 0 0 0 
Matriz de Costos>
0 10.72 5.99 13.77 1.76 21.73 10 16.12 34.99 19.2 18.45 6.27 5.08 
8.06 11.44 13.93 6.34 7.29 29.88 0 5.01 36.67 11.66 10.92 20.42 15.18 
12.47 7.05 19.31 3.15 11.72 35.86 8 0 32.19 19.04 18.31 22.81 17.48 
41.17 27.62 46.41 29.43 40.97 54.72 37.69 31.07 0 42.24 41.06 40.23 28.66 
8.98 4.83 14.94 0 8.22 31.89 3.96 2.28 31.42 18.14 17.39 19.5 14.08 
0.21 9.16 6.56 10.38 0 22.27 6.55 12.77 35.49 15.89 15.13 6.83 5.25 
19.26 25.64 13.28 29.92 18.41 0 27.65 32.13 50.56 27.91 27.16 10.63 12.62 
8.06 11.44 13.93 6.34 7.29 29.88 0 5.01 36.67 11.66 10.92 20.42 15.18 
Linea Vacia>
Dimension>25
Bandera>13
Fitness Greedy Costo>200.01
Solucion Greedy Costo>4 0 12 11 2 5 0 6 7 3 1 0 13 0 10 9 0 8 0 0 0 0 0 0 0 
Linea Vacia>
8.36 0 14.84 4.55 7.59 30.02 10.56 5.3 32.16 23.92 23.18 16.6 11.12 
7.07 15.58 0 19.83 6.29 15.07 16.73 22.13 39.65 18.07 17.32 3.96 10.86 
13.99 25.25 17.51 21 13.24 33.9 10.97 19.03 45.47 0 2.34 24.55 24.17 
10.47 21.89 14.03 17.59 9.71 30.66 7.4 15.57 41.46 3.25 0 21.18 20.82 
5.46 11.53 5.05 18.47 4.93 15.82 16.91 20.79 36 23.07 22.34 0 5.43 
4.89 10.85 9.88 17.83 4.36 16.16 16.83 20.14 28.55 26.89 26.19 5.08 0 
Matriz de Costos>
0 10.72 5.99 13.77 1.76 21.73 10 16.12 34.99 19.2 18.45 6.27 5.08 
12.47 7.05 19.31 3.15 11.72 35.86 8 0 32.19 19.04 18.31 22.81 17.48 
41.17 27.62 46.41 29.43 40.97 54.72 37.69 31.07 0 42.24 41.06 40.23 28.66 
13.99 25.25 17.51 21 13.24 33.9 10.97 19.03 45.47 0 2.34 24.55 24.17 
Bandera>13
Fitness Greedy Costo>200.01
Solucion Greedy Costo>4 0 12 11 2 5 0 6 7 3 1 0 13 0 10 9 0 8 0 0 0 0 0 0 0 
Linea Vacia>
8.98 4.83 14.94 0 8.22 31.89 3.96 2.28 31.42 18.14 17.39 19.5 14.08 
0.21 9.16 6.56 10.38 0 22.27 6.55 12.77 35.49 15.89 15.13 6.83 5.25 
8.36 0 14.84 4.55 7.59 30.02 10.56 5.3 32.16 23.92 23.18 16.6 11.12 
7.07 15.58 0 19.83 6.29 15.07 16.73 22.13 39.65 18.07 17.32 3.96 10.86 
10.47 21.89 14.03 17.59 9.71 30.66 7.4 15.57 41.46 3.25 0 21.18 20.82 
5.46 11.53 5.05 18.47 4.93 15.82 16.91 20.79 36 23.07 22.34 0 5.43 
Matriz de Costos>
0 10.72 5.99 13.77 1.76 21.73 10 16.12 34.99 19.2 18.45 6.27 5.08 
8.36 0 14.84 4.55 7.59 30.02 10.56 5.3 32.16 23.92 23.18 16.6 11.12 
7.07 15.58 0 19.83 6.29 15.07 16.73 22.13 39.65 18.07 17.32 3.96 10.86 
19.26 25.64 13.28 29.92 18.41 0 27.65 32.13 50.56 27.91 27.16 10.63 12.62 
8.98 4.83 14.94 0 8.22 31.89 3.96 2.28 31.42 18.14 17.39 19.5 14.08 
0.21 9.16 6.56 10.38 0 22.27 6.55 12.77 35.49 15.89 15.13 6.83 5.25 
4.89 10.85 9.88 17.83 4.36 16.16 16.83 20.14 28.55 26.89 26.19 5.08 0 
8.98 4.83 14.94 0 8.22 31.89 3.96 2.28 31.42 18.14 17.39 19.5 14.08 
0.21 9.16 6.56 10.38 0 22.27 6.55 12.77 35.49 15.89 15.13 6.83 5.25 
Dimension>25
Bandera>13
Fitness Greedy Costo>200.01
Dimension>25
Bandera>13
Fitness Greedy Costo>200.01
8.06 11.44 13.93 6.34 7.29 29.88 0 5.01 36.67 11.66 10.92 20.42 15.18 
12.47 7.05 19.31 3.15 11.72 35.86 8 0 32.19 19.04 18.31 22.81 17.48 
19.26 25.64 13.28 29.92 18.41 0 27.65 32.13 50.56 27.91 27.16 10.63 12.62 
8.06 11.44 13.93 6.34 7.29 29.88 0 5.01 36.67 11.66 10.92 20.42 15.18 
19.26 25.64 13.28 29.92 18.41 0 27.65 32.13 50.56 27.91 27.16 10.63 12.62 
8.06 11.44 13.93 6.34 7.29 29.88 0 5.01 36.67 11.66 10.92 20.42 15.18 
12.47 7.05 19.31 3.15 11.72 35.86 8 0 32.19 19.04 18.31 22.81 17.48 
Matriz de Costos>
0 10.72 5.99 13.77 1.76 21.73 10 16.12 34.99 19.2 18.45 6.27 5.08 
8.36 0 14.84 4.55 7.59 30.02 10.56 5.3 32.16 23.92 23.18 16.6 11.12 
7.07 15.58 0 19.83 6.29 15.07 16.73 22.13 39.65 18.07 17.32 3.96 10.86 
Dimension>25
Solucion Greedy Costo>4 0 12 11 2 5 0 6 7 3 1 0 13 0 10 9 0 8 0 0 0 0 0 0 0 
Linea Vacia>
Dimension>25
Solucion Greedy Costo>4 0 12 11 2 5 0 6 7 3 1 0 13 0 10 9 0 8 0 0 0 0 0 0 0 
Linea Vacia>
Matriz de Costos>
41.17 27.62 46.41 29.43 40.97 54.72 37.69 31.07 0 42.24 41.06 40.23 28.66 
13.99 25.25 17.51 21 13.24 33.9 10.97 19.03 45.47 0 2.34 24.55 24.17 
10.47 21.89 14.03 17.59 9.71 30.66 7.4 15.57 41.46 3.25 0 21.18 20.82 
12.47 7.05 19.31 3.15 11.72 35.86 8 0 32.19 19.04 18.31 22.81 17.48 
41.17 27.62 46.41 29.43 40.97 54.72 37.69 31.07 0 42.24 41.06 40.23 28.66 
13.99 25.25 17.51 21 13.24 33.9 10.97 19.03 45.47 0 2.34 24.55 24.17 
41.17 27.62 46.41 29.43 40.97 54.72 37.69 31.07 0 42.24 41.06 40.23 28.66 
13.99 25.25 17.51 21 13.24 33.9 10.97 19.03 45.47 0 2.34 24.55 24.17 
10.47 21.89 14.03 17.59 9.71 30.66 7.4 15.57 41.46 3.25 0 21.18 20.82 
5.46 11.53 5.05 18.47 4.93 15.82 16.91 20.79 36 23.07 22.34 0 5.43 
8.98 4.83 14.94 0 8.22 31.89 3.96 2.28 31.42 18.14 17.39 19.5 14.08 
0.21 9.16 6.56 10.38 0 22.27 6.55 12.77 35.49 15.89 15.13 6.83 5.25 
19.26 25.64 13.28 29.92 18.41 0 27.65 32.13 50.56 27.91 27.16 10.63 12.62 
0 10.72 5.99 13.77 1.76 21.73 10 16.12 34.99 19.2 18.45 6.27 5.08 
5.46 11.53 5.05 18.47 4.93 15.82 16.91 20.79 36 23.07 22.34 0 5.43 
4.89 10.85 9.88 17.83 4.36 16.16 16.83 20.14 28.55 26.89 26.19 5.08 0 
10.47 21.89 14.03 17.59 9.71 30.66 7.4 15.57 41.46 3.25 0 21.18 20.82 
5.46 11.53 5.05 18.47 4.93 15.82 16.91 20.79 36 23.07 22.34 0 5.43 
4.89 10.85 9.88 17.83 4.36 16.16 16.83 20.14 28.55 26.89 26.19 5.08 0 
8.06 11.44 13.93 6.34 7.29 29.88 0 5.01 36.67 11.66 10.92 20.42 15.18 
12.47 7.05 19.31 3.15 11.72 35.86 8 0 32.19 19.04 18.31 22.81 17.48 
41.17 27.62 46.41 29.43 40.97 54.72 37.69 31.07 0 42.24 41.06 40.23 28.66 
Bandera>13
Fitness Greedy Costo>200.01
Solucion Greedy Costo>4 0 12 11 2 5 0 6 7 3 1 0 13 0 10 9 0 8 0 0 0 0 0 0 0 
Linea Vacia>
Matriz de Costos>
0 10.72 5.99 13.77 1.76 21.73 10 16.12 34.99 19.2 18.45 6.27 5.08 
8.36 0 14.84 4.55 7.59 30.02 10.56 5.3 32.16 23.92 23.18 16.6 11.12 
Bandera>13
Fitness Greedy Costo>200.01
Solucion Greedy Costo>4 0 12 11 2 5 0 6 7 3 1 0 13 0 10 9 0 8 0 0 0 0 0 0 0 
Linea Vacia>
8.36 0 14.84 4.55 7.59 30.02 10.56 5.3 32.16 23.92 23.18 16.6 11.12 
7.07 15.58 0 19.83 6.29 15.07 16.73 22.13 39.65 18.07 17.32 3.96 10.86 
8.98 4.83 14.94 0 8.22 31.89 3.96 2.28 31.42 18.14 17.39 19.5 14.08 
4.89 10.85 9.88 17.83 4.36 16.16 16.83 20.14 28.55 26.89 26.19 5.08 0 
13.99 25.25 17.51 21 13.24 33.9 10.97 19.03 45.47 0 2.34 24.55 24.17 
10.47 21.89 14.03 17.59 9.71 30.66 7.4 15.57 41.46 3.25 0 21.18 20.82 
5.46 11.53 5.05 18.47 4.93 15.82 16.91 20.79 36 23.07 22.34 0 5.43 
7.07 15.58 0 19.83 6.29 15.07 16.73 22.13 39.65 18.07 17.32 3.96 10.86 
8.98 4.83 14.94 0 8.22 31.89 3.96 2.28 31.42 18.14 17.39 19.5 14.08 
0.21 9.16 6.56 10.38 0 22.27 6.55 12.77 35.49 15.89 15.13 6.83 5.25 
Matriz de Costos>
0 10.72 5.99 13.77 1.76 21.73 10 16.12 34.99 19.2 18.45 6.27 5.08 
8.36 0 14.84 4.55 7.59 30.02 10.56 5.3 32.16 23.92 23.18 16.6 11.12 
0.21 9.16 6.56 10.38 0 22.27 6.55 12.77 35.49 15.89 15.13 6.83 5.25 
19.26 25.64 13.28 29.92 18.41 0 27.65 32.13 50.56 27.91 27.16 10.63 12.62 
4.89 10.85 9.88 17.83 4.36 16.16 16.83 20.14 28.55 26.89 26.19 5.08 0 
19.26 25.64 13.28 29.92 18.41 0 27.65 32.13 50.56 27.91 27.16 10.63 12.62 
8.06 11.44 13.93 6.34 7.29 29.88 0 5.01 36.67 11.66 10.92 20.42 15.18 
12.47 7.05 19.31 3.15 11.72 35.86 8 0 32.19 19.04 18.31 22.81 17.48 
41.17 27.62 46.41 29.43 40.97 54.72 37.69 31.07 0 42.24 41.06 40.23 28.66 
13.99 25.25 17.51 21 13.24 33.9 10.97 19.03 45.47 0 2.34 24.55 24.17 
7.07 15.58 0 19.83 6.29 15.07 16.73 22.13 39.65 18.07 17.32 3.96 10.86 
8.98 4.83 14.94 0 8.22 31.89 3.96 2.28 31.42 18.14 17.39 19.5 14.08 
0.21 9.16 6.56 10.38 0 22.27 6.55 12.77 35.49 15.89 15.13 6.83 5.25 
8.06 11.44 13.93 6.34 7.29 29.88 0 5.01 36.67 11.66 10.92 20.42 15.18 
12.47 7.05 19.31 3.15 11.72 35.86 8 0 32.19 19.04 18.31 22.81 17.48 
41.17 27.62 46.41 29.43 40.97 54.72 37.69 31.07 0 42.24 41.06 40.23 28.66 
Matriz de Costos>
0 10.72 5.99 13.77 1.76 21.73 10 16.12 34.99 19.2 18.45 6.27 5.08 
10.47 21.89 14.03 17.59 9.71 30.66 7.4 15.57 41.46 3.25 0 21.18 20.82 
5.46 11.53 5.05 18.47 4.93 15.82 16.91 20.79 36 23.07 22.34 0 5.43 
4.89 10.85 9.88 17.83 4.36 16.16 16.83 20.14 28.55 26.89 26.19 5.08 0 
Matriz de Costos>
0 10.72 5.99 13.77 1.76 21.73 10 16.12 34.99 19.2 18.45 6.27 5.08 
8.36 0 14.84 4.55 7.59 30.02 10.56 5.3 32.16 23.92 23.18 16.6 11.12 
19.26 25.64 13.28 29.92 18.41 0 27.65 32.13 50.56 27.91 27.16 10.63 12.62 
8.06 11.44 13.93 6.34 7.29 29.88 0 5.01 36.67 11.66 10.92 20.42 15.18 
12.47 7.05 19.31 3.15 11.72 35.86 8 0 32.19 19.04 18.31 22.81 17.48 
8.36 0 14.84 4.55 7.59 30.02 10.56 5.3 32.16 23.92 23.18 16.6 11.12 
7.07 15.58 0 19.83 6.29 15.07 16.73 22.13 39.65 18.07 17.32 3.96 10.86 
8.98 4.83 14.94 0 8.22 31.89 3.96 2.28 31.42 18.14 17.39 19.5 14.08 
0.21 9.16 6.56 10.38 0 22.27 6.55 12.77 35.49 15.89 15.13 6.83 5.25 
7.07 15.58 0 19.83 6.29 15.07 16.73 22.13 39.65 18.07 17.32 3.96 10.86 
8.98 4.83 14.94 0 8.22 31.89 3.96 2.28 31.42 18.14 17.39 19.5 14.08 
0.21 9.16 6.56 10.38 0 22.27 6.55 12.77 35.49 15.89 15.13 6.83 5.25 
41.17 27.62 46.41 29.43 40.97 54.72 37.69 31.07 0 42.24 41.06 40.23 28.66 
13.99 25.25 17.51 21 13.24 33.9 10.97 19.03 45.47 0 2.34 24.55 24.17 
10.47 21.89 14.03 17.59 9.71 30.66 7.4 15.57 41.46 3.25 0 21.18 20.82 
13.99 25.25 17.51 21 13.24 33.9 10.97 19.03 45.47 0 2.34 24.55 24.17 
10.47 21.89 14.03 17.59 9.71 30.66 7.4 15.57 41.46 3.25 0 21.18 20.82 
5.46 11.53 5.05 18.47 4.93 15.82 16.91 20.79 36 23.07 22.34 0 5.43 
4.89 10.85 9.88 17.83 4.36 16.16 16.83 20.14 28.55 26.89 26.19 5.08 0 
19.26 25.64 13.28 29.92 18.41 0 27.65 32.13 50.56 27.91 27.16 10.63 12.62 
8.06 11.44 13.93 6.34 7.29 29.88 0 5.01 36.67 11.66 10.92 20.42 15.18 
19.26 25.64 13.28 29.92 18.41 0 27.65 32.13 50.56 27.91 27.16 10.63 12.62 
8.06 11.44 13.93 6.34 7.29 29.88 0 5.01 36.67 11.66 10.92 20.42 15.18 
12.47 7.05 19.31 3.15 11.72 35.86 8 0 32.19 19.04 18.31 22.81 17.48 
41.17 27.62 46.41 29.43 40.97 54.72 37.69 31.07 0 42.24 41.06 40.23 28.66 
12.47 7.05 19.31 3.15 11.72 35.86 8 0 32.19 19.04 18.31 22.81 17.48 
41.17 27.62 46.41 29.43 40.97 54.72 37.69 31.07 0 42.24 41.06 40.23 28.66 
5.46 11.53 5.05 18.47 4.93 15.82 16.91 20.79 36 23.07 22.34 0 5.43 
4.89 10.85 9.88 17.83 4.36 16.16 16.83 20.14 28.55 26.89 26.19 5.08 0 
13.99 25.25 17.51 21 13.24 33.9 10.97 19.03 45.47 0 2.34 24.55 24.17 
10.47 21.89 14.03 17.59 9.71 30.66 7.4 15.57 41.46 3.25 0 21.18 20.82 
5.46 11.53 5.05 18.47 4.93 15.82 16.91 20.79 36 23.07 22.34 0 5.43 
4.89 10.85 9.88 17.83 4.36 16.16 16.83 20.14 28.55 26.89 26.19 5.08 0 
13.99 25.25 17.51 21 13.24 33.9 10.97 19.03 45.47 0 2.34 24.55 24.17 
10.47 21.89 14.03 17.59 9.71 30.66 7.4 15.57 41.46 3.25 0 21.18 20.82 
5.46 11.53 5.05 18.47 4.93 15.82 16.91 20.79 36 23.07 22.34 0 5.43 
4.89 10.85 9.88 17.83 4.36 16.16 16.83 20.14 28.55 26.89 26.19 5.08 0 
Dimension>25
Bandera>13
Fitness Greedy Costo>200.01
Solucion Greedy Costo>4 0 12 11 2 5 0 6 7 3 1 0 13 0 10 9 0 8 0 0 0 0 0 0 0 
Linea Vacia>
Dimension>25
Bandera>13
Fitness Greedy Costo>200.01
Solucion Greedy Costo>4 0 12 11 2 5 0 6 7 3 1 0 13 0 10 9 0 8 0 0 0 0 0 0 0 
Linea Vacia>
Dimension>25
Bandera>13
Fitness Greedy Costo>200.01
Solucion Greedy Costo>4 0 12 11 2 5 0 6 7 3 1 0 13 0 10 9 0 8 0 0 0 0 0 0 0 
Linea Vacia>
Dimension>25
Bandera>13
Fitness Greedy Costo>200.01
Solucion Greedy Costo>4 0 12 11 2 5 0 6 7 3 1 0 13 0 10 9 0 8 0 0 0 0 0 0 0 
Linea Vacia>
Matriz de Costos>
0 10.72 5.99 13.77 1.76 21.73 10 16.12 34.99 19.2 18.45 6.27 5.08 
8.36 0 14.84 4.55 7.59 30.02 10.56 5.3 32.16 23.92 23.18 16.6 11.12 
7.07 15.58 0 19.83 6.29 15.07 16.73 22.13 39.65 18.07 17.32 3.96 10.86 
8.98 4.83 14.94 0 8.22 31.89 3.96 2.28 31.42 18.14 17.39 19.5 14.08 
0.21 9.16 6.56 10.38 0 22.27 6.55 12.77 35.49 15.89 15.13 6.83 5.25 
19.26 25.64 13.28 29.92 18.41 0 27.65 32.13 50.56 27.91 27.16 10.63 12.62 
8.06 11.44 13.93 6.34 7.29 29.88 0 5.01 36.67 11.66 10.92 20.42 15.18 
12.47 7.05 19.31 3.15 11.72 35.86 8 0 32.19 19.04 18.31 22.81 17.48 
41.17 27.62 46.41 29.43 40.97 54.72 37.69 31.07 0 42.24 41.06 40.23 28.66 
13.99 25.25 17.51 21 13.24 33.9 10.97 19.03 45.47 0 2.34 24.55 24.17 
10.47 21.89 14.03 17.59 9.71 30.66 7.4 15.57 41.46 3.25 0 21.18 20.82 
5.46 11.53 5.05 18.47 4.93 15.82 16.91 20.79 36 23.07 22.34 0 5.43 
Dimension>25
Bandera>13
Fitness Greedy Costo>200.01
Matriz de Costos>
0 10.72 5.99 13.77 1.76 21.73 10 16.12 34.99 19.2 18.45 6.27 5.08 
8.36 0 14.84 4.55 7.59 30.02 10.56 5.3 32.16 23.92 23.18 16.6 11.12 
7.07 15.58 0 19.83 6.29 15.07 16.73 22.13 39.65 18.07 17.32 3.96 10.86 
8.98 4.83 14.94 0 8.22 31.89 3.96 2.28 31.42 18.14 17.39 19.5 14.08 
0.21 9.16 6.56 10.38 0 22.27 6.55 12.77 35.49 15.89 15.13 6.83 5.25 
19.26 25.64 13.28 29.92 18.41 0 27.65 32.13 50.56 27.91 27.16 10.63 12.62 
4.89 10.85 9.88 17.83 4.36 16.16 16.83 20.14 28.55 26.89 26.19 5.08 0 
Matriz de Costos>
0 10.72 5.99 13.77 1.76 21.73 10 16.12 34.99 19.2 18.45 6.27 5.08 
8.36 0 14.84 4.55 7.59 30.02 10.56 5.3 32.16 23.92 23.18 16.6 11.12 
7.07 15.58 0 19.83 6.29 15.07 16.73 22.13 39.65 18.07 17.32 3.96 10.86 
8.98 4.83 14.94 0 8.22 31.89 3.96 2.28 31.42 18.14 17.39 19.5 14.08 
0.21 9.16 6.56 10.38 0 22.27 6.55 12.77 35.49 15.89 15.13 6.83 5.25 
19.26 25.64 13.28 29.92 18.41 0 27.65 32.13 50.56 27.91 27.16 10.63 12.62 
8.06 11.44 13.93 6.34 7.29 29.88 0 5.01 36.67 11.66 10.92 20.42 15.18 
Matriz de Costos>
0 10.72 5.99 13.77 1.76 21.73 10 16.12 34.99 19.2 18.45 6.27 5.08 
8.36 0 14.84 4.55 7.59 30.02 10.56 5.3 32.16 23.92 23.18 16.6 11.12 
7.07 15.58 0 19.83 6.29 15.07 16.73 22.13 39.65 18.07 17.32 3.96 10.86 
8.98 4.83 14.94 0 8.22 31.89 3.96 2.28 31.42 18.14 17.39 19.5 14.08 
0.21 9.16 6.56 10.38 0 22.27 6.55 12.77 35.49 15.89 15.13 6.83 5.25 
19.26 25.64 13.28 29.92 18.41 0 27.65 32.13 50.56 27.91 27.16 10.63 12.62 
8.06 11.44 13.93 6.34 7.29 29.88 0 5.01 36.67 11.66 10.92 20.42 15.18 
12.47 7.05 19.31 3.15 11.72 35.86 8 0 32.19 19.04 18.31 22.81 17.48 
41.17 27.62 46.41 29.43 40.97 54.72 37.69 31.07 0 42.24 41.06 40.23 28.66 
13.99 25.25 17.51 21 13.24 33.9 10.97 19.03 45.47 0 2.34 24.55 24.17 
10.47 21.89 14.03 17.59 9.71 30.66 7.4 15.57 41.46 3.25 0 21.18 20.82 
Dimension>25
Bandera>13
Fitness Greedy Costo>200.01
Solucion Greedy Costo>4 0 12 11 2 5 0 6 7 3 1 0 13 0 10 9 0 8 0 0 0 0 0 0 0 
Linea Vacia>
8.06 11.44 13.93 6.34 7.29 29.88 0 5.01 36.67 11.66 10.92 20.42 15.18 
12.47 7.05 19.31 3.15 11.72 35.86 8 0 32.19 19.04 18.31 22.81 17.48 
41.17 27.62 46.41 29.43 40.97 54.72 37.69 31.07 0 42.24 41.06 40.23 28.66 
13.99 25.25 17.51 21 13.24 33.9 10.97 19.03 45.47 0 2.34 24.55 24.17 
10.47 21.89 14.03 17.59 9.71 30.66 7.4 15.57 41.46 3.25 0 21.18 20.82 
5.46 11.53 5.05 18.47 4.93 15.82 16.91 20.79 36 23.07 22.34 0 5.43 
4.89 10.85 9.88 17.83 4.36 16.16 16.83 20.14 28.55 26.89 26.19 5.08 0 
12.47 7.05 19.31 3.15 11.72 35.86 8 0 32.19 19.04 18.31 22.81 17.48 
41.17 27.62 46.41 29.43 40.97 54.72 37.69 31.07 0 42.24 41.06 40.23 28.66 
13.99 25.25 17.51 21 13.24 33.9 10.97 19.03 45.47 0 2.34 24.55 24.17 
10.47 21.89 14.03 17.59 9.71 30.66 7.4 15.57 41.46 3.25 0 21.18 20.82 
5.46 11.53 5.05 18.47 4.93 15.82 16.91 20.79 36 23.07 22.34 0 5.43 
4.89 10.85 9.88 17.83 4.36 16.16 16.83 20.14 28.55 26.89 26.19 5.08 0 
5.46 11.53 5.05 18.47 4.93 15.82 16.91 20.79 36 23.07 22.34 0 5.43 
4.89 10.85 9.88 17.83 4.36 16.16 16.83 20.14 28.55 26.89 26.19 5.08 0 
Solucion Greedy Costo>4 0 12 11 2 5 0 6 7 3 1 0 13 0 10 9 0 8 0 0 0 0 0 0 0 
Linea Vacia>
Matriz de Costos>
0 10.72 5.99 13.77 1.76 21.73 10 16.12 34.99 19.2 18.45 6.27 5.08 
Matriz de Costos>
0 10.72 5.99 13.77 1.76 21.73 10 16.12 34.99 19.2 18.45 6.27 5.08 
8.36 0 14.84 4.55 7.59 30.02 10.56 5.3 32.16 23.92 23.18 16.6 11.12 
7.07 15.58 0 19.83 6.29 15.07 16.73 22.13 39.65 18.07 17.32 3.96 10.86 
8.98 4.83 14.94 0 8.22 31.89 3.96 2.28 31.42 18.14 17.39 19.5 14.08 
0.21 9.16 6.56 10.38 0 22.27 6.55 12.77 35.49 15.89 15.13 6.83 5.25 
19.26 25.64 13.28 29.92 18.41 0 27.65 32.13 50.56 27.91 27.16 10.63 12.62 
8.06 11.44 13.93 6.34 7.29 29.88 0 5.01 36.67 11.66 10.92 20.42 15.18 
12.47 7.05 19.31 3.15 11.72 35.86 8 0 32.19 19.04 18.31 22.81 17.48 
41.17 27.62 46.41 29.43 40.97 54.72 37.69 31.07 0 42.24 41.06 40.23 28.66 
8.36 0 14.84 4.55 7.59 30.02 10.56 5.3 32.16 23.92 23.18 16.6 11.12 
7.07 15.58 0 19.83 6.29 15.07 16.73 22.13 39.65 18.07 17.32 3.96 10.86 
8.98 4.83 14.94 0 8.22 31.89 3.96 2.28 31.42 18.14 17.39 19.5 14.08 
0.21 9.16 6.56 10.38 0 22.27 6.55 12.77 35.49 15.89 15.13 6.83 5.25 
19.26 25.64 13.28 29.92 18.41 0 27.65 32.13 50.56 27.91 27.16 10.63 12.62 
8.06 11.44 13.93 6.34 7.29 29.88 0 5.01 36.67 11.66 10.92 20.42 15.18 
12.47 7.05 19.31 3.15 11.72 35.86 8 0 32.19 19.04 18.31 22.81 17.48 
41.17 27.62 46.41 29.43 40.97 54.72 37.69 31.07 0 42.24 41.06 40.23 28.66 
13.99 25.25 17.51 21 13.24 33.9 10.97 19.03 45.47 0 2.34 24.55 24.17 
10.47 21.89 14.03 17.59 9.71 30.66 7.4 15.57 41.46 3.25 0 21.18 20.82 
5.46 11.53 5.05 18.47 4.93 15.82 16.91 20.79 36 23.07 22.34 0 5.43 
13.99 25.25 17.51 21 13.24 33.9 10.97 19.03 45.47 0 2.34 24.55 24.17 
10.47 21.89 14.03 17.59 9.71 30.66 7.4 15.57 41.46 3.25 0 21.18 20.82 
5.46 11.53 5.05 18.47 4.93 15.82 16.91 20.79 36 23.07 22.34 0 5.43 
4.89 10.85 9.88 17.83 4.36 16.16 16.83 20.14 28.55 26.89 26.19 5.08 0 
4.89 10.85 9.88 17.83 4.36 16.16 16.83 20.14 28.55 26.89 26.19 5.08 0 
GEN 0 200.010000
GREEDY 0 0.000000
GEN 0 200.010000
GEN 0 185.380000
GREEDY 0 0.000000
GEN 0 198.850000
GREEDY 0 0.000000
GEN 0 195.360000
GREEDY 0 0.000000
GEN 0 200.010000
GREEDY 0 0.000000
GEN 0 192.760000
GREEDY 0 0.000000
GEN 0 200.010000
GREEDY 0 0.000000
TIEMPO 0 200.010000
GEN 0 191.340000
GREEDY 0 0.000000
GEN 0 200.010000
GREEDY 0 0.000000
GEN 0 200.010000
GREEDY 0 0.000000
TIEMPO 0 200.010000
TIEMPO 0 185.380000
GREEDY 5 0.000170
TIEMPO 0 196.530000
TIEMPO 0 195.360000
TIEMPO 0 200.010000
TIEMPO 0 192.760000
TIEMPO 0 191.340000
TIEMPO 0 200.010000
TIEMPO 0 181.570000
GREEDY 5 0.000162
GREEDY 5 0.000321
GREEDY 5 0.000329
GREEDY 0 0.000000
TIEMPO 0 200.010000
GREEDY 5 0.000841
GREEDY 5 0.000825
GEN 0 193.700000
GREEDY 0 0.000000
GREEDY 5 0.000899
GEN 0 200.010000
GREEDY 0 0.000000
TIEMPO 0 193.700000
TIEMPO 0 200.010000
GREEDY 5 0.001214
GREEDY 5 0.001265
GREEDY 5 0.001424
GREEDY 10 0.001587
GREEDY 10 0.001577
GEN 0 200.010000
GREEDY 0 0.000000
GEN 0 193.320000
GREEDY 0 0.000000
GEN 0 200.010000
GREEDY 0 0.000000
GEN 0 200.010000
GREEDY 0 0.000000
GEN 0 200.010000
GREEDY 0 0.000000
GEN 0 200.010000
GREEDY 0 0.000000
TIEMPO 0 200.010000
GEN 0 200.010000
GREEDY 0 0.000000
TIEMPO 0 200.010000
TIEMPO 0 200.010000
TIEMPO 0 193.320000
GREEDY 5 0.000190
TIEMPO 0 200.010000
TIEMPO 0 200.010000
GREEDY 10 0.002035
TIEMPO 0 200.010000
GREEDY 5 0.001267
GREEDY 5 0.000387
GREEDY 10 0.000557
GREEDY 10 0.002444
GREEDY 15 0.002497
GREEDY 5 0.000772
GREEDY 10 0.002828
GREEDY 10 0.002119
GREEDY 10 0.002952
GREEDY 5 0.001281
GREEDY 5 0.001291
GREEDY 5 0.003286
GREEDY 10 0.001688
GREEDY 15 0.003745
GREEDY 5 0.002182
GREEDY 10 0.002433
GREEDY 15 0.004420
GREEDY 5 0.002543
GREEDY 10 0.002640
GREEDY 10 0.002857
GREEDY 5 0.004020
GREEDY 15 0.005393
GREEDY 10 0.004026
GREEDY 10 0.005011
GREEDY 15 0.005149
GREEDY 15 0.006189
GREEDY 10 0.004732
GREEDY 15 0.005301
GREEDY 10 0.007414
GREEDY 10 0.007465
GEN 0 200.010000
GREEDY 0 0.000000
TIEMPO 0 200.010000
GEN 0 198.690000
GREEDY 0 0.000000
TIEMPO 0 198.690000
GEN 0 200.010000
GREEDY 0 0.000000
TIEMPO 0 200.010000
GREEDY 5 0.002583
GREEDY 15 0.008625
GREEDY 5 0.000464
GREEDY 15 0.008780
GEN 0 200.010000
GREEDY 0 0.000000
GREEDY 10 0.003273
TIEMPO 0 200.010000
GREEDY 5 0.001273
GREEDY 15 0.004470
GREEDY 10 0.003016
GREEDY 5 0.002397
GREEDY 20 0.013785
GREEDY 10 0.003841
GREEDY 15 0.012109
GREEDY 10 0.015936
GREEDY 15 0.006462
GREEDY 10 0.005607
GREEDY 10 0.017505
GREEDY 15 0.017357
GREEDY 15 0.018720
GREEDY 20 0.017045
GREEDY 15 0.009139
GREEDY 15 0.021883
GREEDY 20 0.022955
GREEDY 20 0.022064
GREEDY 15 0.023093
GREEDY 20 0.026099
GREEDY 15 0.037431
GREEDY 15 0.027911
GREEDY 15 0.038126
GREEDY 15 0.038865
GREEDY 15 0.041728
GREEDY 10 0.047497
GREEDY 20 0.046992
GREEDY 15 0.061339
GREEDY 20 0.064671
GREEDY 20 0.068247
GREEDY 15 0.088988
GEN 2500 163.490000
GEN 2500 163.960000
GEN 2500 156.200000
GEN 2500 163.490000
GEN 2500 163.960000
GEN 2500 156.200000
GEN 2500 158.050000
GEN 2500 162.140000
GEN 2500 163.960000
GEN 2500 163.490000
GEN 2500 168.060000
GEN 2500 156.200000
GEN 2500 163.490000
GREEDY 20 0.227555
GEN 2500 167.530000
GEN 2500 164.100000
GEN 2500 156.200000
GEN 2500 164.370000
GEN 2500 164.750000
GEN 2500 164.370000
GEN 2500 164.370000
GEN 5000 163.490000
GEN 5000 156.200000
GEN 5000 163.960000
GEN 2500 158.050000
GEN 5000 163.490000
GEN 5000 156.200000
GEN 5000 163.960000
GEN 5000 163.960000
GEN 5000 158.050000
GEN 5000 162.140000
GEN 5000 163.490000
GEN 2500 158.050000
GEN 2500 156.200000
GEN 2500 155.800000
GEN 5000 167.530000
GEN 5000 164.100000
GEN 5000 164.180000
GEN 5000 156.200000
GEN 7500 163.490000
GEN 7500 156.200000
GEN 7500 163.960000
GEN 5000 163.490000
GEN 5000 164.370000
GEN 5000 156.200000
GEN 7500 163.490000
GEN 7500 156.200000
GEN 7500 163.960000
GEN 7500 163.960000
GEN 7500 158.050000
GEN 7500 163.490000
GEN 7500 162.140000
GEN 5000 164.750000
GEN 5000 164.370000
GEN 5000 164.370000
GEN 5000 152.180000
GEN 5000 156.200000
GEN 5000 158.050000
GEN 7500 167.530000
GEN 7500 156.200000
GEN 7500 164.100000
GEN 7500 164.180000
GEN 5000 155.800000
GEN 10000 163.960000
TIEMPO 0.593086 163.960000
GEN 7500 163.490000
GEN 7500 164.370000
GREEDY 20 0.601821
GEN 7500 158.050000
GEN 10000 163.490000
TIEMPO 0.622164 163.490000
GEN 7500 156.200000
GEN 10000 163.960000
TIEMPO 0.622623 163.960000
GEN 10000 156.200000
TIEMPO 0.622731 156.200000
GEN 10000 163.960000
TIEMPO 0.624837 163.960000
GEN 10000 152.180000
TIEMPO 0.624822 152.180000
GEN 10000 163.490000
TIEMPO 0.626985 163.490000
GEN 10000 162.140000
TIEMPO 0.629616 162.140000
GEN 7500 164.750000
GEN 7500 164.370000
GEN 7500 152.180000
GEN 7500 156.200000
GEN 7500 152.180000
GEN 10000 163.490000
TIEMPO 0.680308 163.490000
GEN 10000 156.200000
TIEMPO 0.685880 156.200000
GEN 10000 156.200000
TIEMPO 0.685051 156.200000
GEN 10000 167.530000
TIEMPO 0.712625 167.530000
GEN 10000 164.180000
TIEMPO 0.711746 164.180000
GEN 10000 162.140000
TIEMPO 0.713863 162.140000
GEN 10000 164.370000
TIEMPO 0.743352 164.370000
GEN 10000 156.200000
TIEMPO 0.752055 156.200000
GEN 10000 163.490000
TIEMPO 0.760181 163.490000
GEN 10000 163.490000
TIEMPO 0.756175 163.490000
GEN 10000 158.050000
TIEMPO 0.761700 158.050000
GEN 7500 155.800000
GEN 10000 164.370000
TIEMPO 0.821890 164.370000
GEN 10000 152.180000
TIEMPO 0.828083 152.180000
GEN 10000 156.200000
TIEMPO 0.830189 156.200000
GEN 10000 152.180000
TIEMPO 0.821741 152.180000
GEN 10000 155.800000
TIEMPO 0.901075 155.800000

 Current State ---------------------------------------------
Solution:  0 2 11 5 0 13 1 3 7 0 4 6 9 10 0 0 0 12 8 0 0 0 0 0 0 Fitness: 152.18

 :( ---------------------- THE END --------------- :) 
