Dimension>37
Bandera>13
Fitness Greedy Costo>511.78
Solucion Greedy Costo>13 5 8 14 0 19 4 3 9 0 18 17 2 1 0 6 10 12 7 0 11 16 0 15 0 0 0 0 0 0 0 0 0 0 0 0 0 
Linea Vacia>
Matriz de Costos>
0 42.24 41.06 40.23 28.66 26.72 37.57 64.71 32.49 44.38 44.62 60.65 57.89 14.11 33.98 71.91 99.43 43.93 31.41 
45.47 0 2.34 24.55 24.17 26.94 5.14 27.58 21.7 12 4.33 50.91 21.51 28.04 10.82 65.3 62.7 6.96 34.88 
41.46 3.25 0 21.18 20.82 23.62 4.98 24.24 18.29 8.45 9.18 47 18.09 24.65 7.24 69.85 58.93 4.87 31.7 
36 23.07 22.34 0 5.43 11.09 21.54 37.78 9.74 10.23 28.27 36.64 29.96 28.23 15.62 74.33 70.27 11.98 16.43 
Dimension>37
28.55 26.89 26.19 5.08 0 10.41 21.48 42.22 8.43 16.5 28.21 36.43 34.57 24.85 14.34 73.51 76.67 18.01 11.87 
29.71 26.31 25.58 15.53 9.86 0 21.74 48.91 2.73 18.12 28.06 49.6 41.83 14.62 9.88 59.71 78.96 17.92 24.5 
Bandera>13
Fitness Greedy Costo>511.78
42.71 3.77 5.58 25.89 24.44 24.43 0 26.5 19.12 13.69 3.14 51.94 20.37 26.09 7.86 63.6 62.08 9.24 35.13 
67.32 27.49 26.76 37.31 43.33 46.1 26.87 0 40.45 25.44 33.46 40.71 9.54 48.72 30.23 94.2 37.37 24.03 53.32 
Solucion Greedy Costo>13 5 8 14 0 19 4 3 9 0 18 17 2 1 0 6 10 12 7 0 11 16 0 15 0 0 0 0 0 0 0 0 0 0 0 0 0 
Linea Vacia>
30.39 23.48 22.76 13.67 8.12 3.8 19.32 42.1 0 15.68 25.26 47.19 36.32 17.97 6.88 61.82 73.47 15.49 22.86 
42.07 14.86 14.11 7.02 13.22 17.46 15.76 30.04 12.16 0 22.69 37.52 22.06 32.91 12.58 81.17 60.17 5.45 22.48 
47.92 4.78 8.61 31.77 30.32 29.89 3.7 32.37 24.73 19.91 0 58.49 26.4 30.51 12.59 57.37 68.38 15.54 40.68 
62.07 48.42 47.26 33.25 34.35 47.18 49.5 48.23 45.61 33.78 56.78 0 41.75 65.33 47.06 110.62 66.4 38.3 26.2 
52.38 13.42 12.68 24.09 29.88 32.21 13.03 9.8 27.11 11.47 20.05 35.97 0 33.6 16.54 80.44 43.73 10.04 38.49 
12.47 35.42 34.67 31.82 23.81 17.03 29.74 56.56 18.16 27.57 37.47 66.25 49.61 0 19.59 66.02 86.92 27.35 34.63 
35.44 10.63 9.87 19.37 13.8 11.86 6.35 30.66 6.23 8.97 12.53 46.81 24.62 22.04 0 67.29 66.9 8.78 28.18 
72.64 63.09 68 78.39 73.14 62.54 61.35 88.58 61.24 73.87 54.4 111.03 85.51 58 64.97 0 112.06 73.37 86.66 
95.18 59.48 58.32 63.08 68.41 70.94 54.99 35.64 65.85 50.16 62.14 58.08 35.94 78.35 59.13 112.9 0 51.59 78.62 
Matriz de Costos>
0 42.24 41.06 40.23 28.66 26.72 37.57 64.71 32.49 44.38 44.62 60.65 57.89 14.11 33.98 71.91 99.43 43.93 31.41 
42.81 7.8 7.05 15.03 17.6 19.58 9.08 24.53 14.15 3.26 16.2 40.67 16.84 30.38 8.13 75.56 59.87 0 28.65 
35.38 36.97 36.29 15.49 7.58 23.53 31.84 54.71 21.97 26.2 38.22 28.56 47.81 36.34 27.52 85.63 85.82 27.83 0 
45.47 0 2.34 24.55 24.17 26.94 5.14 27.58 21.7 12 4.33 50.91 21.51 28.04 10.82 65.3 62.7 6.96 34.88 
41.46 3.25 0 21.18 20.82 23.62 4.98 24.24 18.29 8.45 9.18 47 18.09 24.65 7.24 69.85 58.93 4.87 31.7 
36 23.07 22.34 0 5.43 11.09 21.54 37.78 9.74 10.23 28.27 36.64 29.96 28.23 15.62 74.33 70.27 11.98 16.43 
28.55 26.89 26.19 5.08 0 10.41 21.48 42.22 8.43 16.5 28.21 36.43 34.57 24.85 14.34 73.51 76.67 18.01 11.87 
29.71 26.31 25.58 15.53 9.86 0 21.74 48.91 2.73 18.12 28.06 49.6 41.83 14.62 9.88 59.71 78.96 17.92 24.5 
42.71 3.77 5.58 25.89 24.44 24.43 0 26.5 19.12 13.69 3.14 51.94 20.37 26.09 7.86 63.6 62.08 9.24 35.13 
67.32 27.49 26.76 37.31 43.33 46.1 26.87 0 40.45 25.44 33.46 40.71 9.54 48.72 30.23 94.2 37.37 24.03 53.32 
30.39 23.48 22.76 13.67 8.12 3.8 19.32 42.1 0 15.68 25.26 47.19 36.32 17.97 6.88 61.82 73.47 15.49 22.86 
42.07 14.86 14.11 7.02 13.22 17.46 15.76 30.04 12.16 0 22.69 37.52 22.06 32.91 12.58 81.17 60.17 5.45 22.48 
47.92 4.78 8.61 31.77 30.32 29.89 3.7 32.37 24.73 19.91 0 58.49 26.4 30.51 12.59 57.37 68.38 15.54 40.68 
62.07 48.42 47.26 33.25 34.35 47.18 49.5 48.23 45.61 33.78 56.78 0 41.75 65.33 47.06 110.62 66.4 38.3 26.2 
52.38 13.42 12.68 24.09 29.88 32.21 13.03 9.8 27.11 11.47 20.05 35.97 0 33.6 16.54 80.44 43.73 10.04 38.49 
12.47 35.42 34.67 31.82 23.81 17.03 29.74 56.56 18.16 27.57 37.47 66.25 49.61 0 19.59 66.02 86.92 27.35 34.63 
35.44 10.63 9.87 19.37 13.8 11.86 6.35 30.66 6.23 8.97 12.53 46.81 24.62 22.04 0 67.29 66.9 8.78 28.18 
72.64 63.09 68 78.39 73.14 62.54 61.35 88.58 61.24 73.87 54.4 111.03 85.51 58 64.97 0 112.06 73.37 86.66 
95.18 59.48 58.32 63.08 68.41 70.94 54.99 35.64 65.85 50.16 62.14 58.08 35.94 78.35 59.13 112.9 0 51.59 78.62 
42.81 7.8 7.05 15.03 17.6 19.58 9.08 24.53 14.15 3.26 16.2 40.67 16.84 30.38 8.13 75.56 59.87 0 28.65 
35.38 36.97 36.29 15.49 7.58 23.53 31.84 54.71 21.97 26.2 38.22 28.56 47.81 36.34 27.52 85.63 85.82 27.83 0 
Dimension>37
Bandera>13
Fitness Greedy Costo>511.78
Solucion Greedy Costo>13 5 8 14 0 19 4 3 9 0 18 17 2 1 0 6 10 12 7 0 11 16 0 15 0 0 0 0 0 0 0 0 0 0 0 0 0 
Linea Vacia>
Matriz de Costos>
0 42.24 41.06 40.23 28.66 26.72 37.57 64.71 32.49 44.38 44.62 60.65 57.89 14.11 33.98 71.91 99.43 43.93 31.41 
45.47 0 2.34 24.55 24.17 26.94 5.14 27.58 21.7 12 4.33 50.91 21.51 28.04 10.82 65.3 62.7 6.96 34.88 
41.46 3.25 0 21.18 20.82 23.62 4.98 24.24 18.29 8.45 9.18 47 18.09 24.65 7.24 69.85 58.93 4.87 31.7 
36 23.07 22.34 0 5.43 11.09 21.54 37.78 9.74 10.23 28.27 36.64 29.96 28.23 15.62 74.33 70.27 11.98 16.43 
28.55 26.89 26.19 5.08 0 10.41 21.48 42.22 8.43 16.5 28.21 36.43 34.57 24.85 14.34 73.51 76.67 18.01 11.87 
29.71 26.31 25.58 15.53 9.86 0 21.74 48.91 2.73 18.12 28.06 49.6 41.83 14.62 9.88 59.71 78.96 17.92 24.5 
42.71 3.77 5.58 25.89 24.44 24.43 0 26.5 19.12 13.69 3.14 51.94 20.37 26.09 7.86 63.6 62.08 9.24 35.13 
67.32 27.49 26.76 37.31 43.33 46.1 26.87 0 40.45 25.44 33.46 40.71 9.54 48.72 30.23 94.2 37.37 24.03 53.32 
30.39 23.48 22.76 13.67 8.12 3.8 19.32 42.1 0 15.68 25.26 47.19 36.32 17.97 6.88 61.82 73.47 15.49 22.86 
42.07 14.86 14.11 7.02 13.22 17.46 15.76 30.04 12.16 0 22.69 37.52 22.06 32.91 12.58 81.17 60.17 5.45 22.48 
47.92 4.78 8.61 31.77 30.32 29.89 3.7 32.37 24.73 19.91 0 58.49 26.4 30.51 12.59 57.37 68.38 15.54 40.68 
62.07 48.42 47.26 33.25 34.35 47.18 49.5 48.23 45.61 33.78 56.78 0 41.75 65.33 47.06 110.62 66.4 38.3 26.2 
52.38 13.42 12.68 24.09 29.88 32.21 13.03 9.8 27.11 11.47 20.05 35.97 0 33.6 16.54 80.44 43.73 10.04 38.49 
12.47 35.42 34.67 31.82 23.81 17.03 29.74 56.56 18.16 27.57 37.47 66.25 49.61 0 19.59 66.02 86.92 27.35 34.63 
35.44 10.63 9.87 19.37 13.8 11.86 6.35 30.66 6.23 8.97 12.53 46.81 24.62 22.04 0 67.29 66.9 8.78 28.18 
72.64 63.09 68 78.39 73.14 62.54 61.35 88.58 61.24 73.87 54.4 111.03 85.51 58 64.97 0 112.06 73.37 86.66 
95.18 59.48 58.32 63.08 68.41 70.94 54.99 35.64 65.85 50.16 62.14 58.08 35.94 78.35 59.13 112.9 0 51.59 78.62 
42.81 7.8 7.05 15.03 17.6 19.58 9.08 24.53 14.15 3.26 16.2 40.67 16.84 30.38 8.13 75.56 59.87 0 28.65 
35.38 36.97 36.29 15.49 7.58 23.53 31.84 54.71 21.97 26.2 38.22 28.56 47.81 36.34 27.52 85.63 85.82 27.83 0 
Dimension>37
Bandera>13
Fitness Greedy Costo>511.78
Solucion Greedy Costo>13 5 8 14 0 19 4 3 9 0 18 17 2 1 0 6 10 12 7 0 11 16 0 15 0 0 0 0 0 0 0 0 0 0 0 0 0 
Linea Vacia>
Matriz de Costos>
Dimension>37
Bandera>13
Fitness Greedy Costo>511.78
Solucion Greedy Costo>13 5 8 14 0 19 4 3 9 0 18 17 2 1 0 6 10 12 7 0 11 16 0 15 0 0 0 0 0 0 0 0 0 0 0 0 0 
Linea Vacia>
0 42.24 41.06 40.23 28.66 26.72 37.57 64.71 32.49 44.38 44.62 60.65 57.89 14.11 33.98 71.91 99.43 43.93 31.41 
45.47 0 2.34 24.55 24.17 26.94 5.14 27.58 21.7 12 4.33 50.91 21.51 28.04 10.82 65.3 62.7 6.96 34.88 
Dimension>37
41.46 3.25 0 21.18 20.82 23.62 4.98 24.24 18.29 8.45 9.18 47 18.09 24.65 7.24 69.85 58.93 4.87 31.7 
36 23.07 22.34 0 5.43 11.09 21.54 37.78 9.74 10.23 28.27 36.64 29.96 28.23 15.62 74.33 70.27 11.98 16.43 
Bandera>13
Fitness Greedy Costo>511.78
28.55 26.89 26.19 5.08 0 10.41 21.48 42.22 8.43 16.5 28.21 36.43 34.57 24.85 14.34 73.51 76.67 18.01 11.87 
29.71 26.31 25.58 15.53 9.86 0 21.74 48.91 2.73 18.12 28.06 49.6 41.83 14.62 9.88 59.71 78.96 17.92 24.5 
Matriz de Costos>
Solucion Greedy Costo>13 5 8 14 0 19 4 3 9 0 18 17 2 1 0 6 10 12 7 0 11 16 0 15 0 0 0 0 0 0 0 0 0 0 0 0 0 
Linea Vacia>
42.71 3.77 5.58 25.89 24.44 24.43 0 26.5 19.12 13.69 3.14 51.94 20.37 26.09 7.86 63.6 62.08 9.24 35.13 
0 42.24 41.06 40.23 28.66 26.72 37.57 64.71 32.49 44.38 44.62 60.65 57.89 14.11 33.98 71.91 99.43 43.93 31.41 
45.47 0 2.34 24.55 24.17 26.94 5.14 27.58 21.7 12 4.33 50.91 21.51 28.04 10.82 65.3 62.7 6.96 34.88 
67.32 27.49 26.76 37.31 43.33 46.1 26.87 0 40.45 25.44 33.46 40.71 9.54 48.72 30.23 94.2 37.37 24.03 53.32 
30.39 23.48 22.76 13.67 8.12 3.8 19.32 42.1 0 15.68 25.26 47.19 36.32 17.97 6.88 61.82 73.47 15.49 22.86 
41.46 3.25 0 21.18 20.82 23.62 4.98 24.24 18.29 8.45 9.18 47 18.09 24.65 7.24 69.85 58.93 4.87 31.7 
36 23.07 22.34 0 5.43 11.09 21.54 37.78 9.74 10.23 28.27 36.64 29.96 28.23 15.62 74.33 70.27 11.98 16.43 
42.07 14.86 14.11 7.02 13.22 17.46 15.76 30.04 12.16 0 22.69 37.52 22.06 32.91 12.58 81.17 60.17 5.45 22.48 
47.92 4.78 8.61 31.77 30.32 29.89 3.7 32.37 24.73 19.91 0 58.49 26.4 30.51 12.59 57.37 68.38 15.54 40.68 
62.07 48.42 47.26 33.25 34.35 47.18 49.5 48.23 45.61 33.78 56.78 0 41.75 65.33 47.06 110.62 66.4 38.3 26.2 
28.55 26.89 26.19 5.08 0 10.41 21.48 42.22 8.43 16.5 28.21 36.43 34.57 24.85 14.34 73.51 76.67 18.01 11.87 
29.71 26.31 25.58 15.53 9.86 0 21.74 48.91 2.73 18.12 28.06 49.6 41.83 14.62 9.88 59.71 78.96 17.92 24.5 
52.38 13.42 12.68 24.09 29.88 32.21 13.03 9.8 27.11 11.47 20.05 35.97 0 33.6 16.54 80.44 43.73 10.04 38.49 
12.47 35.42 34.67 31.82 23.81 17.03 29.74 56.56 18.16 27.57 37.47 66.25 49.61 0 19.59 66.02 86.92 27.35 34.63 
42.71 3.77 5.58 25.89 24.44 24.43 0 26.5 19.12 13.69 3.14 51.94 20.37 26.09 7.86 63.6 62.08 9.24 35.13 
Matriz de Costos>
35.44 10.63 9.87 19.37 13.8 11.86 6.35 30.66 6.23 8.97 12.53 46.81 24.62 22.04 0 67.29 66.9 8.78 28.18 
72.64 63.09 68 78.39 73.14 62.54 61.35 88.58 61.24 73.87 54.4 111.03 85.51 58 64.97 0 112.06 73.37 86.66 
95.18 59.48 58.32 63.08 68.41 70.94 54.99 35.64 65.85 50.16 62.14 58.08 35.94 78.35 59.13 112.9 0 51.59 78.62 
67.32 27.49 26.76 37.31 43.33 46.1 26.87 0 40.45 25.44 33.46 40.71 9.54 48.72 30.23 94.2 37.37 24.03 53.32 
30.39 23.48 22.76 13.67 8.12 3.8 19.32 42.1 0 15.68 25.26 47.19 36.32 17.97 6.88 61.82 73.47 15.49 22.86 
0 42.24 41.06 40.23 28.66 26.72 37.57 64.71 32.49 44.38 44.62 60.65 57.89 14.11 33.98 71.91 99.43 43.93 31.41 
45.47 0 2.34 24.55 24.17 26.94 5.14 27.58 21.7 12 4.33 50.91 21.51 28.04 10.82 65.3 62.7 6.96 34.88 
42.81 7.8 7.05 15.03 17.6 19.58 9.08 24.53 14.15 3.26 16.2 40.67 16.84 30.38 8.13 75.56 59.87 0 28.65 
41.46 3.25 0 21.18 20.82 23.62 4.98 24.24 18.29 8.45 9.18 47 18.09 24.65 7.24 69.85 58.93 4.87 31.7 
35.38 36.97 36.29 15.49 7.58 23.53 31.84 54.71 21.97 26.2 38.22 28.56 47.81 36.34 27.52 85.63 85.82 27.83 0 
42.07 14.86 14.11 7.02 13.22 17.46 15.76 30.04 12.16 0 22.69 37.52 22.06 32.91 12.58 81.17 60.17 5.45 22.48 
47.92 4.78 8.61 31.77 30.32 29.89 3.7 32.37 24.73 19.91 0 58.49 26.4 30.51 12.59 57.37 68.38 15.54 40.68 
36 23.07 22.34 0 5.43 11.09 21.54 37.78 9.74 10.23 28.27 36.64 29.96 28.23 15.62 74.33 70.27 11.98 16.43 
28.55 26.89 26.19 5.08 0 10.41 21.48 42.22 8.43 16.5 28.21 36.43 34.57 24.85 14.34 73.51 76.67 18.01 11.87 
29.71 26.31 25.58 15.53 9.86 0 21.74 48.91 2.73 18.12 28.06 49.6 41.83 14.62 9.88 59.71 78.96 17.92 24.5 
62.07 48.42 47.26 33.25 34.35 47.18 49.5 48.23 45.61 33.78 56.78 0 41.75 65.33 47.06 110.62 66.4 38.3 26.2 
52.38 13.42 12.68 24.09 29.88 32.21 13.03 9.8 27.11 11.47 20.05 35.97 0 33.6 16.54 80.44 43.73 10.04 38.49 
42.71 3.77 5.58 25.89 24.44 24.43 0 26.5 19.12 13.69 3.14 51.94 20.37 26.09 7.86 63.6 62.08 9.24 35.13 
67.32 27.49 26.76 37.31 43.33 46.1 26.87 0 40.45 25.44 33.46 40.71 9.54 48.72 30.23 94.2 37.37 24.03 53.32 
30.39 23.48 22.76 13.67 8.12 3.8 19.32 42.1 0 15.68 25.26 47.19 36.32 17.97 6.88 61.82 73.47 15.49 22.86 
12.47 35.42 34.67 31.82 23.81 17.03 29.74 56.56 18.16 27.57 37.47 66.25 49.61 0 19.59 66.02 86.92 27.35 34.63 
35.44 10.63 9.87 19.37 13.8 11.86 6.35 30.66 6.23 8.97 12.53 46.81 24.62 22.04 0 67.29 66.9 8.78 28.18 
42.07 14.86 14.11 7.02 13.22 17.46 15.76 30.04 12.16 0 22.69 37.52 22.06 32.91 12.58 81.17 60.17 5.45 22.48 
47.92 4.78 8.61 31.77 30.32 29.89 3.7 32.37 24.73 19.91 0 58.49 26.4 30.51 12.59 57.37 68.38 15.54 40.68 
72.64 63.09 68 78.39 73.14 62.54 61.35 88.58 61.24 73.87 54.4 111.03 85.51 58 64.97 0 112.06 73.37 86.66 
62.07 48.42 47.26 33.25 34.35 47.18 49.5 48.23 45.61 33.78 56.78 0 41.75 65.33 47.06 110.62 66.4 38.3 26.2 
95.18 59.48 58.32 63.08 68.41 70.94 54.99 35.64 65.85 50.16 62.14 58.08 35.94 78.35 59.13 112.9 0 51.59 78.62 
52.38 13.42 12.68 24.09 29.88 32.21 13.03 9.8 27.11 11.47 20.05 35.97 0 33.6 16.54 80.44 43.73 10.04 38.49 
12.47 35.42 34.67 31.82 23.81 17.03 29.74 56.56 18.16 27.57 37.47 66.25 49.61 0 19.59 66.02 86.92 27.35 34.63 
42.81 7.8 7.05 15.03 17.6 19.58 9.08 24.53 14.15 3.26 16.2 40.67 16.84 30.38 8.13 75.56 59.87 0 28.65 
35.38 36.97 36.29 15.49 7.58 23.53 31.84 54.71 21.97 26.2 38.22 28.56 47.81 36.34 27.52 85.63 85.82 27.83 0 
35.44 10.63 9.87 19.37 13.8 11.86 6.35 30.66 6.23 8.97 12.53 46.81 24.62 22.04 0 67.29 66.9 8.78 28.18 
72.64 63.09 68 78.39 73.14 62.54 61.35 88.58 61.24 73.87 54.4 111.03 85.51 58 64.97 0 112.06 73.37 86.66 
95.18 59.48 58.32 63.08 68.41 70.94 54.99 35.64 65.85 50.16 62.14 58.08 35.94 78.35 59.13 112.9 0 51.59 78.62 
42.81 7.8 7.05 15.03 17.6 19.58 9.08 24.53 14.15 3.26 16.2 40.67 16.84 30.38 8.13 75.56 59.87 0 28.65 
35.38 36.97 36.29 15.49 7.58 23.53 31.84 54.71 21.97 26.2 38.22 28.56 47.81 36.34 27.52 85.63 85.82 27.83 0 
Dimension>37
Dimension>37
Bandera>13
Fitness Greedy Costo>511.78
Bandera>13
Fitness Greedy Costo>511.78
Solucion Greedy Costo>13 5 8 14 0 19 4 3 9 0 18 17 2 1 0 6 10 12 7 0 11 16 0 15 0 0 0 0 0 0 0 0 0 0 0 0 0 
Linea Vacia>
Solucion Greedy Costo>13 5 8 14 0 19 4 3 9 0 18 17 2 1 0 6 10 12 7 0 11 16 0 15 0 0 0 0 0 0 0 0 0 0 0 0 0 
Linea Vacia>
Dimension>37
Dimension>37
Bandera>13
Fitness Greedy Costo>511.78
Solucion Greedy Costo>13 5 8 14 0 19 4 3 9 0 18 17 2 1 0 6 10 12 7 0 11 16 0 15 0 0 0 0 0 0 0 0 0 0 0 0 0 
Bandera>13
Fitness Greedy Costo>511.78
Solucion Greedy Costo>13 5 8 14 0 19 4 3 9 0 18 17 2 1 0 6 10 12 7 0 11 16 0 15 0 0 0 0 0 0 0 0 0 0 0 0 0 
Linea Vacia>
Matriz de Costos>
Linea Vacia>
Matriz de Costos>
0 42.24 41.06 40.23 28.66 26.72 37.57 64.71 32.49 44.38 44.62 60.65 57.89 14.11 33.98 71.91 99.43 43.93 31.41 
0 42.24 41.06 40.23 28.66 26.72 37.57 64.71 32.49 44.38 44.62 60.65 57.89 14.11 33.98 71.91 99.43 43.93 31.41 
45.47 0 2.34 24.55 24.17 26.94 5.14 27.58 21.7 12 4.33 50.91 21.51 28.04 10.82 65.3 62.7 6.96 34.88 
45.47 0 2.34 24.55 24.17 26.94 5.14 27.58 21.7 12 4.33 50.91 21.51 28.04 10.82 65.3 62.7 6.96 34.88 
41.46 3.25 0 21.18 20.82 23.62 4.98 24.24 18.29 8.45 9.18 47 18.09 24.65 7.24 69.85 58.93 4.87 31.7 
41.46 3.25 0 21.18 20.82 23.62 4.98 24.24 18.29 8.45 9.18 47 18.09 24.65 7.24 69.85 58.93 4.87 31.7 
Dimension>37
Dimension>37
36 23.07 22.34 0 5.43 11.09 21.54 37.78 9.74 10.23 28.27 36.64 29.96 28.23 15.62 74.33 70.27 11.98 16.43 
28.55 26.89 26.19 5.08 0 10.41 21.48 42.22 8.43 16.5 28.21 36.43 34.57 24.85 14.34 73.51 76.67 18.01 11.87 
36 23.07 22.34 0 5.43 11.09 21.54 37.78 9.74 10.23 28.27 36.64 29.96 28.23 15.62 74.33 70.27 11.98 16.43 
28.55 26.89 26.19 5.08 0 10.41 21.48 42.22 8.43 16.5 28.21 36.43 34.57 24.85 14.34 73.51 76.67 18.01 11.87 
Dimension>37
Bandera>13
Fitness Greedy Costo>511.78
29.71 26.31 25.58 15.53 9.86 0 21.74 48.91 2.73 18.12 28.06 49.6 41.83 14.62 9.88 59.71 78.96 17.92 24.5 
Bandera>13
Fitness Greedy Costo>511.78
Solucion Greedy Costo>13 5 8 14 0 19 4 3 9 0 18 17 2 1 0 6 10 12 7 0 11 16 0 15 0 0 0 0 0 0 0 0 0 0 0 0 0 
Linea Vacia>
29.71 26.31 25.58 15.53 9.86 0 21.74 48.91 2.73 18.12 28.06 49.6 41.83 14.62 9.88 59.71 78.96 17.92 24.5 
42.71 3.77 5.58 25.89 24.44 24.43 0 26.5 19.12 13.69 3.14 51.94 20.37 26.09 7.86 63.6 62.08 9.24 35.13 
Bandera>13
Fitness Greedy Costo>511.78
Solucion Greedy Costo>13 5 8 14 0 19 4 3 9 0 18 17 2 1 0 6 10 12 7 0 11 16 0 15 0 0 0 0 0 0 0 0 0 0 0 0 0 
Linea Vacia>
Solucion Greedy Costo>13 5 8 14 0 19 4 3 9 0 18 17 2 1 0 6 10 12 7 0 11 16 0 15 0 0 0 0 0 0 0 0 0 0 0 0 0 
Linea Vacia>
Matriz de Costos>
42.71 3.77 5.58 25.89 24.44 24.43 0 26.5 19.12 13.69 3.14 51.94 20.37 26.09 7.86 63.6 62.08 9.24 35.13 
67.32 27.49 26.76 37.31 43.33 46.1 26.87 0 40.45 25.44 33.46 40.71 9.54 48.72 30.23 94.2 37.37 24.03 53.32 
67.32 27.49 26.76 37.31 43.33 46.1 26.87 0 40.45 25.44 33.46 40.71 9.54 48.72 30.23 94.2 37.37 24.03 53.32 
0 42.24 41.06 40.23 28.66 26.72 37.57 64.71 32.49 44.38 44.62 60.65 57.89 14.11 33.98 71.91 99.43 43.93 31.41 
45.47 0 2.34 24.55 24.17 26.94 5.14 27.58 21.7 12 4.33 50.91 21.51 28.04 10.82 65.3 62.7 6.96 34.88 
30.39 23.48 22.76 13.67 8.12 3.8 19.32 42.1 0 15.68 25.26 47.19 36.32 17.97 6.88 61.82 73.47 15.49 22.86 
42.07 14.86 14.11 7.02 13.22 17.46 15.76 30.04 12.16 0 22.69 37.52 22.06 32.91 12.58 81.17 60.17 5.45 22.48 
30.39 23.48 22.76 13.67 8.12 3.8 19.32 42.1 0 15.68 25.26 47.19 36.32 17.97 6.88 61.82 73.47 15.49 22.86 
42.07 14.86 14.11 7.02 13.22 17.46 15.76 30.04 12.16 0 22.69 37.52 22.06 32.91 12.58 81.17 60.17 5.45 22.48 
Matriz de Costos>
0 42.24 41.06 40.23 28.66 26.72 37.57 64.71 32.49 44.38 44.62 60.65 57.89 14.11 33.98 71.91 99.43 43.93 31.41 
41.46 3.25 0 21.18 20.82 23.62 4.98 24.24 18.29 8.45 9.18 47 18.09 24.65 7.24 69.85 58.93 4.87 31.7 
47.92 4.78 8.61 31.77 30.32 29.89 3.7 32.37 24.73 19.91 0 58.49 26.4 30.51 12.59 57.37 68.38 15.54 40.68 
47.92 4.78 8.61 31.77 30.32 29.89 3.7 32.37 24.73 19.91 0 58.49 26.4 30.51 12.59 57.37 68.38 15.54 40.68 
36 23.07 22.34 0 5.43 11.09 21.54 37.78 9.74 10.23 28.27 36.64 29.96 28.23 15.62 74.33 70.27 11.98 16.43 
62.07 48.42 47.26 33.25 34.35 47.18 49.5 48.23 45.61 33.78 56.78 0 41.75 65.33 47.06 110.62 66.4 38.3 26.2 
45.47 0 2.34 24.55 24.17 26.94 5.14 27.58 21.7 12 4.33 50.91 21.51 28.04 10.82 65.3 62.7 6.96 34.88 
41.46 3.25 0 21.18 20.82 23.62 4.98 24.24 18.29 8.45 9.18 47 18.09 24.65 7.24 69.85 58.93 4.87 31.7 
Matriz de Costos>
28.55 26.89 26.19 5.08 0 10.41 21.48 42.22 8.43 16.5 28.21 36.43 34.57 24.85 14.34 73.51 76.67 18.01 11.87 
29.71 26.31 25.58 15.53 9.86 0 21.74 48.91 2.73 18.12 28.06 49.6 41.83 14.62 9.88 59.71 78.96 17.92 24.5 
52.38 13.42 12.68 24.09 29.88 32.21 13.03 9.8 27.11 11.47 20.05 35.97 0 33.6 16.54 80.44 43.73 10.04 38.49 
62.07 48.42 47.26 33.25 34.35 47.18 49.5 48.23 45.61 33.78 56.78 0 41.75 65.33 47.06 110.62 66.4 38.3 26.2 
52.38 13.42 12.68 24.09 29.88 32.21 13.03 9.8 27.11 11.47 20.05 35.97 0 33.6 16.54 80.44 43.73 10.04 38.49 
12.47 35.42 34.67 31.82 23.81 17.03 29.74 56.56 18.16 27.57 37.47 66.25 49.61 0 19.59 66.02 86.92 27.35 34.63 
0 42.24 41.06 40.23 28.66 26.72 37.57 64.71 32.49 44.38 44.62 60.65 57.89 14.11 33.98 71.91 99.43 43.93 31.41 
45.47 0 2.34 24.55 24.17 26.94 5.14 27.58 21.7 12 4.33 50.91 21.51 28.04 10.82 65.3 62.7 6.96 34.88 
42.71 3.77 5.58 25.89 24.44 24.43 0 26.5 19.12 13.69 3.14 51.94 20.37 26.09 7.86 63.6 62.08 9.24 35.13 
67.32 27.49 26.76 37.31 43.33 46.1 26.87 0 40.45 25.44 33.46 40.71 9.54 48.72 30.23 94.2 37.37 24.03 53.32 
12.47 35.42 34.67 31.82 23.81 17.03 29.74 56.56 18.16 27.57 37.47 66.25 49.61 0 19.59 66.02 86.92 27.35 34.63 
35.44 10.63 9.87 19.37 13.8 11.86 6.35 30.66 6.23 8.97 12.53 46.81 24.62 22.04 0 67.29 66.9 8.78 28.18 
35.44 10.63 9.87 19.37 13.8 11.86 6.35 30.66 6.23 8.97 12.53 46.81 24.62 22.04 0 67.29 66.9 8.78 28.18 
36 23.07 22.34 0 5.43 11.09 21.54 37.78 9.74 10.23 28.27 36.64 29.96 28.23 15.62 74.33 70.27 11.98 16.43 
28.55 26.89 26.19 5.08 0 10.41 21.48 42.22 8.43 16.5 28.21 36.43 34.57 24.85 14.34 73.51 76.67 18.01 11.87 
41.46 3.25 0 21.18 20.82 23.62 4.98 24.24 18.29 8.45 9.18 47 18.09 24.65 7.24 69.85 58.93 4.87 31.7 
36 23.07 22.34 0 5.43 11.09 21.54 37.78 9.74 10.23 28.27 36.64 29.96 28.23 15.62 74.33 70.27 11.98 16.43 
28.55 26.89 26.19 5.08 0 10.41 21.48 42.22 8.43 16.5 28.21 36.43 34.57 24.85 14.34 73.51 76.67 18.01 11.87 
30.39 23.48 22.76 13.67 8.12 3.8 19.32 42.1 0 15.68 25.26 47.19 36.32 17.97 6.88 61.82 73.47 15.49 22.86 
72.64 63.09 68 78.39 73.14 62.54 61.35 88.58 61.24 73.87 54.4 111.03 85.51 58 64.97 0 112.06 73.37 86.66 
95.18 59.48 58.32 63.08 68.41 70.94 54.99 35.64 65.85 50.16 62.14 58.08 35.94 78.35 59.13 112.9 0 51.59 78.62 
Matriz de Costos>
0 42.24 41.06 40.23 28.66 26.72 37.57 64.71 32.49 44.38 44.62 60.65 57.89 14.11 33.98 71.91 99.43 43.93 31.41 
45.47 0 2.34 24.55 24.17 26.94 5.14 27.58 21.7 12 4.33 50.91 21.51 28.04 10.82 65.3 62.7 6.96 34.88 
72.64 63.09 68 78.39 73.14 62.54 61.35 88.58 61.24 73.87 54.4 111.03 85.51 58 64.97 0 112.06 73.37 86.66 
95.18 59.48 58.32 63.08 68.41 70.94 54.99 35.64 65.85 50.16 62.14 58.08 35.94 78.35 59.13 112.9 0 51.59 78.62 
Matriz de Costos>
0 42.24 41.06 40.23 28.66 26.72 37.57 64.71 32.49 44.38 44.62 60.65 57.89 14.11 33.98 71.91 99.43 43.93 31.41 
45.47 0 2.34 24.55 24.17 26.94 5.14 27.58 21.7 12 4.33 50.91 21.51 28.04 10.82 65.3 62.7 6.96 34.88 
29.71 26.31 25.58 15.53 9.86 0 21.74 48.91 2.73 18.12 28.06 49.6 41.83 14.62 9.88 59.71 78.96 17.92 24.5 
42.71 3.77 5.58 25.89 24.44 24.43 0 26.5 19.12 13.69 3.14 51.94 20.37 26.09 7.86 63.6 62.08 9.24 35.13 
Dimension>37
Bandera>13
Fitness Greedy Costo>511.78
Solucion Greedy Costo>13 5 8 14 0 19 4 3 9 0 18 17 2 1 0 6 10 12 7 0 11 16 0 15 0 0 0 0 0 0 0 0 0 0 0 0 0 
Linea Vacia>
29.71 26.31 25.58 15.53 9.86 0 21.74 48.91 2.73 18.12 28.06 49.6 41.83 14.62 9.88 59.71 78.96 17.92 24.5 
42.71 3.77 5.58 25.89 24.44 24.43 0 26.5 19.12 13.69 3.14 51.94 20.37 26.09 7.86 63.6 62.08 9.24 35.13 
67.32 27.49 26.76 37.31 43.33 46.1 26.87 0 40.45 25.44 33.46 40.71 9.54 48.72 30.23 94.2 37.37 24.03 53.32 
42.07 14.86 14.11 7.02 13.22 17.46 15.76 30.04 12.16 0 22.69 37.52 22.06 32.91 12.58 81.17 60.17 5.45 22.48 
47.92 4.78 8.61 31.77 30.32 29.89 3.7 32.37 24.73 19.91 0 58.49 26.4 30.51 12.59 57.37 68.38 15.54 40.68 
42.81 7.8 7.05 15.03 17.6 19.58 9.08 24.53 14.15 3.26 16.2 40.67 16.84 30.38 8.13 75.56 59.87 0 28.65 
35.38 36.97 36.29 15.49 7.58 23.53 31.84 54.71 21.97 26.2 38.22 28.56 47.81 36.34 27.52 85.63 85.82 27.83 0 
41.46 3.25 0 21.18 20.82 23.62 4.98 24.24 18.29 8.45 9.18 47 18.09 24.65 7.24 69.85 58.93 4.87 31.7 
36 23.07 22.34 0 5.43 11.09 21.54 37.78 9.74 10.23 28.27 36.64 29.96 28.23 15.62 74.33 70.27 11.98 16.43 
42.81 7.8 7.05 15.03 17.6 19.58 9.08 24.53 14.15 3.26 16.2 40.67 16.84 30.38 8.13 75.56 59.87 0 28.65 
35.38 36.97 36.29 15.49 7.58 23.53 31.84 54.71 21.97 26.2 38.22 28.56 47.81 36.34 27.52 85.63 85.82 27.83 0 
41.46 3.25 0 21.18 20.82 23.62 4.98 24.24 18.29 8.45 9.18 47 18.09 24.65 7.24 69.85 58.93 4.87 31.7 
36 23.07 22.34 0 5.43 11.09 21.54 37.78 9.74 10.23 28.27 36.64 29.96 28.23 15.62 74.33 70.27 11.98 16.43 
67.32 27.49 26.76 37.31 43.33 46.1 26.87 0 40.45 25.44 33.46 40.71 9.54 48.72 30.23 94.2 37.37 24.03 53.32 
30.39 23.48 22.76 13.67 8.12 3.8 19.32 42.1 0 15.68 25.26 47.19 36.32 17.97 6.88 61.82 73.47 15.49 22.86 
Dimension>37
Bandera>13
Fitness Greedy Costo>511.78
Solucion Greedy Costo>13 5 8 14 0 19 4 3 9 0 18 17 2 1 0 6 10 12 7 0 11 16 0 15 0 0 0 0 0 0 0 0 0 0 0 0 0 
Linea Vacia>
30.39 23.48 22.76 13.67 8.12 3.8 19.32 42.1 0 15.68 25.26 47.19 36.32 17.97 6.88 61.82 73.47 15.49 22.86 
42.07 14.86 14.11 7.02 13.22 17.46 15.76 30.04 12.16 0 22.69 37.52 22.06 32.91 12.58 81.17 60.17 5.45 22.48 
47.92 4.78 8.61 31.77 30.32 29.89 3.7 32.37 24.73 19.91 0 58.49 26.4 30.51 12.59 57.37 68.38 15.54 40.68 
62.07 48.42 47.26 33.25 34.35 47.18 49.5 48.23 45.61 33.78 56.78 0 41.75 65.33 47.06 110.62 66.4 38.3 26.2 
62.07 48.42 47.26 33.25 34.35 47.18 49.5 48.23 45.61 33.78 56.78 0 41.75 65.33 47.06 110.62 66.4 38.3 26.2 
52.38 13.42 12.68 24.09 29.88 32.21 13.03 9.8 27.11 11.47 20.05 35.97 0 33.6 16.54 80.44 43.73 10.04 38.49 
12.47 35.42 34.67 31.82 23.81 17.03 29.74 56.56 18.16 27.57 37.47 66.25 49.61 0 19.59 66.02 86.92 27.35 34.63 
28.55 26.89 26.19 5.08 0 10.41 21.48 42.22 8.43 16.5 28.21 36.43 34.57 24.85 14.34 73.51 76.67 18.01 11.87 
29.71 26.31 25.58 15.53 9.86 0 21.74 48.91 2.73 18.12 28.06 49.6 41.83 14.62 9.88 59.71 78.96 17.92 24.5 
28.55 26.89 26.19 5.08 0 10.41 21.48 42.22 8.43 16.5 28.21 36.43 34.57 24.85 14.34 73.51 76.67 18.01 11.87 
29.71 26.31 25.58 15.53 9.86 0 21.74 48.91 2.73 18.12 28.06 49.6 41.83 14.62 9.88 59.71 78.96 17.92 24.5 
42.07 14.86 14.11 7.02 13.22 17.46 15.76 30.04 12.16 0 22.69 37.52 22.06 32.91 12.58 81.17 60.17 5.45 22.48 
47.92 4.78 8.61 31.77 30.32 29.89 3.7 32.37 24.73 19.91 0 58.49 26.4 30.51 12.59 57.37 68.38 15.54 40.68 
35.44 10.63 9.87 19.37 13.8 11.86 6.35 30.66 6.23 8.97 12.53 46.81 24.62 22.04 0 67.29 66.9 8.78 28.18 
42.71 3.77 5.58 25.89 24.44 24.43 0 26.5 19.12 13.69 3.14 51.94 20.37 26.09 7.86 63.6 62.08 9.24 35.13 
42.71 3.77 5.58 25.89 24.44 24.43 0 26.5 19.12 13.69 3.14 51.94 20.37 26.09 7.86 63.6 62.08 9.24 35.13 
67.32 27.49 26.76 37.31 43.33 46.1 26.87 0 40.45 25.44 33.46 40.71 9.54 48.72 30.23 94.2 37.37 24.03 53.32 
52.38 13.42 12.68 24.09 29.88 32.21 13.03 9.8 27.11 11.47 20.05 35.97 0 33.6 16.54 80.44 43.73 10.04 38.49 
12.47 35.42 34.67 31.82 23.81 17.03 29.74 56.56 18.16 27.57 37.47 66.25 49.61 0 19.59 66.02 86.92 27.35 34.63 
35.44 10.63 9.87 19.37 13.8 11.86 6.35 30.66 6.23 8.97 12.53 46.81 24.62 22.04 0 67.29 66.9 8.78 28.18 
72.64 63.09 68 78.39 73.14 62.54 61.35 88.58 61.24 73.87 54.4 111.03 85.51 58 64.97 0 112.06 73.37 86.66 
72.64 63.09 68 78.39 73.14 62.54 61.35 88.58 61.24 73.87 54.4 111.03 85.51 58 64.97 0 112.06 73.37 86.66 
95.18 59.48 58.32 63.08 68.41 70.94 54.99 35.64 65.85 50.16 62.14 58.08 35.94 78.35 59.13 112.9 0 51.59 78.62 
67.32 27.49 26.76 37.31 43.33 46.1 26.87 0 40.45 25.44 33.46 40.71 9.54 48.72 30.23 94.2 37.37 24.03 53.32 
30.39 23.48 22.76 13.67 8.12 3.8 19.32 42.1 0 15.68 25.26 47.19 36.32 17.97 6.88 61.82 73.47 15.49 22.86 
62.07 48.42 47.26 33.25 34.35 47.18 49.5 48.23 45.61 33.78 56.78 0 41.75 65.33 47.06 110.62 66.4 38.3 26.2 
52.38 13.42 12.68 24.09 29.88 32.21 13.03 9.8 27.11 11.47 20.05 35.97 0 33.6 16.54 80.44 43.73 10.04 38.49 
Matriz de Costos>
0 42.24 41.06 40.23 28.66 26.72 37.57 64.71 32.49 44.38 44.62 60.65 57.89 14.11 33.98 71.91 99.43 43.93 31.41 
42.81 7.8 7.05 15.03 17.6 19.58 9.08 24.53 14.15 3.26 16.2 40.67 16.84 30.38 8.13 75.56 59.87 0 28.65 
35.38 36.97 36.29 15.49 7.58 23.53 31.84 54.71 21.97 26.2 38.22 28.56 47.81 36.34 27.52 85.63 85.82 27.83 0 
42.07 14.86 14.11 7.02 13.22 17.46 15.76 30.04 12.16 0 22.69 37.52 22.06 32.91 12.58 81.17 60.17 5.45 22.48 
30.39 23.48 22.76 13.67 8.12 3.8 19.32 42.1 0 15.68 25.26 47.19 36.32 17.97 6.88 61.82 73.47 15.49 22.86 
42.07 14.86 14.11 7.02 13.22 17.46 15.76 30.04 12.16 0 22.69 37.52 22.06 32.91 12.58 81.17 60.17 5.45 22.48 
47.92 4.78 8.61 31.77 30.32 29.89 3.7 32.37 24.73 19.91 0 58.49 26.4 30.51 12.59 57.37 68.38 15.54 40.68 
12.47 35.42 34.67 31.82 23.81 17.03 29.74 56.56 18.16 27.57 37.47 66.25 49.61 0 19.59 66.02 86.92 27.35 34.63 
35.44 10.63 9.87 19.37 13.8 11.86 6.35 30.66 6.23 8.97 12.53 46.81 24.62 22.04 0 67.29 66.9 8.78 28.18 
Matriz de Costos>
0 42.24 41.06 40.23 28.66 26.72 37.57 64.71 32.49 44.38 44.62 60.65 57.89 14.11 33.98 71.91 99.43 43.93 31.41 
45.47 0 2.34 24.55 24.17 26.94 5.14 27.58 21.7 12 4.33 50.91 21.51 28.04 10.82 65.3 62.7 6.96 34.88 
41.46 3.25 0 21.18 20.82 23.62 4.98 24.24 18.29 8.45 9.18 47 18.09 24.65 7.24 69.85 58.93 4.87 31.7 
95.18 59.48 58.32 63.08 68.41 70.94 54.99 35.64 65.85 50.16 62.14 58.08 35.94 78.35 59.13 112.9 0 51.59 78.62 
42.81 7.8 7.05 15.03 17.6 19.58 9.08 24.53 14.15 3.26 16.2 40.67 16.84 30.38 8.13 75.56 59.87 0 28.65 
35.38 36.97 36.29 15.49 7.58 23.53 31.84 54.71 21.97 26.2 38.22 28.56 47.81 36.34 27.52 85.63 85.82 27.83 0 
Dimension>37
Bandera>13
Fitness Greedy Costo>511.78
47.92 4.78 8.61 31.77 30.32 29.89 3.7 32.37 24.73 19.91 0 58.49 26.4 30.51 12.59 57.37 68.38 15.54 40.68 
62.07 48.42 47.26 33.25 34.35 47.18 49.5 48.23 45.61 33.78 56.78 0 41.75 65.33 47.06 110.62 66.4 38.3 26.2 
62.07 48.42 47.26 33.25 34.35 47.18 49.5 48.23 45.61 33.78 56.78 0 41.75 65.33 47.06 110.62 66.4 38.3 26.2 
72.64 63.09 68 78.39 73.14 62.54 61.35 88.58 61.24 73.87 54.4 111.03 85.51 58 64.97 0 112.06 73.37 86.66 
45.47 0 2.34 24.55 24.17 26.94 5.14 27.58 21.7 12 4.33 50.91 21.51 28.04 10.82 65.3 62.7 6.96 34.88 
41.46 3.25 0 21.18 20.82 23.62 4.98 24.24 18.29 8.45 9.18 47 18.09 24.65 7.24 69.85 58.93 4.87 31.7 
36 23.07 22.34 0 5.43 11.09 21.54 37.78 9.74 10.23 28.27 36.64 29.96 28.23 15.62 74.33 70.27 11.98 16.43 
28.55 26.89 26.19 5.08 0 10.41 21.48 42.22 8.43 16.5 28.21 36.43 34.57 24.85 14.34 73.51 76.67 18.01 11.87 
29.71 26.31 25.58 15.53 9.86 0 21.74 48.91 2.73 18.12 28.06 49.6 41.83 14.62 9.88 59.71 78.96 17.92 24.5 
Dimension>37
Bandera>13
Fitness Greedy Costo>511.78
Solucion Greedy Costo>13 5 8 14 0 19 4 3 9 0 18 17 2 1 0 6 10 12 7 0 11 16 0 15 0 0 0 0 0 0 0 0 0 0 0 0 0 
Linea Vacia>
Solucion Greedy Costo>13 5 8 14 0 19 4 3 9 0 18 17 2 1 0 6 10 12 7 0 11 16 0 15 0 0 0 0 0 0 0 0 0 0 0 0 0 
Linea Vacia>
52.38 13.42 12.68 24.09 29.88 32.21 13.03 9.8 27.11 11.47 20.05 35.97 0 33.6 16.54 80.44 43.73 10.04 38.49 
12.47 35.42 34.67 31.82 23.81 17.03 29.74 56.56 18.16 27.57 37.47 66.25 49.61 0 19.59 66.02 86.92 27.35 34.63 
52.38 13.42 12.68 24.09 29.88 32.21 13.03 9.8 27.11 11.47 20.05 35.97 0 33.6 16.54 80.44 43.73 10.04 38.49 
12.47 35.42 34.67 31.82 23.81 17.03 29.74 56.56 18.16 27.57 37.47 66.25 49.61 0 19.59 66.02 86.92 27.35 34.63 
95.18 59.48 58.32 63.08 68.41 70.94 54.99 35.64 65.85 50.16 62.14 58.08 35.94 78.35 59.13 112.9 0 51.59 78.62 
42.81 7.8 7.05 15.03 17.6 19.58 9.08 24.53 14.15 3.26 16.2 40.67 16.84 30.38 8.13 75.56 59.87 0 28.65 
36 23.07 22.34 0 5.43 11.09 21.54 37.78 9.74 10.23 28.27 36.64 29.96 28.23 15.62 74.33 70.27 11.98 16.43 
28.55 26.89 26.19 5.08 0 10.41 21.48 42.22 8.43 16.5 28.21 36.43 34.57 24.85 14.34 73.51 76.67 18.01 11.87 
29.71 26.31 25.58 15.53 9.86 0 21.74 48.91 2.73 18.12 28.06 49.6 41.83 14.62 9.88 59.71 78.96 17.92 24.5 
42.71 3.77 5.58 25.89 24.44 24.43 0 26.5 19.12 13.69 3.14 51.94 20.37 26.09 7.86 63.6 62.08 9.24 35.13 
67.32 27.49 26.76 37.31 43.33 46.1 26.87 0 40.45 25.44 33.46 40.71 9.54 48.72 30.23 94.2 37.37 24.03 53.32 
30.39 23.48 22.76 13.67 8.12 3.8 19.32 42.1 0 15.68 25.26 47.19 36.32 17.97 6.88 61.82 73.47 15.49 22.86 
35.44 10.63 9.87 19.37 13.8 11.86 6.35 30.66 6.23 8.97 12.53 46.81 24.62 22.04 0 67.29 66.9 8.78 28.18 
72.64 63.09 68 78.39 73.14 62.54 61.35 88.58 61.24 73.87 54.4 111.03 85.51 58 64.97 0 112.06 73.37 86.66 
35.44 10.63 9.87 19.37 13.8 11.86 6.35 30.66 6.23 8.97 12.53 46.81 24.62 22.04 0 67.29 66.9 8.78 28.18 
72.64 63.09 68 78.39 73.14 62.54 61.35 88.58 61.24 73.87 54.4 111.03 85.51 58 64.97 0 112.06 73.37 86.66 
35.38 36.97 36.29 15.49 7.58 23.53 31.84 54.71 21.97 26.2 38.22 28.56 47.81 36.34 27.52 85.63 85.82 27.83 0 
42.71 3.77 5.58 25.89 24.44 24.43 0 26.5 19.12 13.69 3.14 51.94 20.37 26.09 7.86 63.6 62.08 9.24 35.13 
67.32 27.49 26.76 37.31 43.33 46.1 26.87 0 40.45 25.44 33.46 40.71 9.54 48.72 30.23 94.2 37.37 24.03 53.32 
Dimension>37
95.18 59.48 58.32 63.08 68.41 70.94 54.99 35.64 65.85 50.16 62.14 58.08 35.94 78.35 59.13 112.9 0 51.59 78.62 
42.81 7.8 7.05 15.03 17.6 19.58 9.08 24.53 14.15 3.26 16.2 40.67 16.84 30.38 8.13 75.56 59.87 0 28.65 
35.38 36.97 36.29 15.49 7.58 23.53 31.84 54.71 21.97 26.2 38.22 28.56 47.81 36.34 27.52 85.63 85.82 27.83 0 
30.39 23.48 22.76 13.67 8.12 3.8 19.32 42.1 0 15.68 25.26 47.19 36.32 17.97 6.88 61.82 73.47 15.49 22.86 
42.07 14.86 14.11 7.02 13.22 17.46 15.76 30.04 12.16 0 22.69 37.52 22.06 32.91 12.58 81.17 60.17 5.45 22.48 
47.92 4.78 8.61 31.77 30.32 29.89 3.7 32.37 24.73 19.91 0 58.49 26.4 30.51 12.59 57.37 68.38 15.54 40.68 
42.07 14.86 14.11 7.02 13.22 17.46 15.76 30.04 12.16 0 22.69 37.52 22.06 32.91 12.58 81.17 60.17 5.45 22.48 
47.92 4.78 8.61 31.77 30.32 29.89 3.7 32.37 24.73 19.91 0 58.49 26.4 30.51 12.59 57.37 68.38 15.54 40.68 
62.07 48.42 47.26 33.25 34.35 47.18 49.5 48.23 45.61 33.78 56.78 0 41.75 65.33 47.06 110.62 66.4 38.3 26.2 
52.38 13.42 12.68 24.09 29.88 32.21 13.03 9.8 27.11 11.47 20.05 35.97 0 33.6 16.54 80.44 43.73 10.04 38.49 
12.47 35.42 34.67 31.82 23.81 17.03 29.74 56.56 18.16 27.57 37.47 66.25 49.61 0 19.59 66.02 86.92 27.35 34.63 
35.44 10.63 9.87 19.37 13.8 11.86 6.35 30.66 6.23 8.97 12.53 46.81 24.62 22.04 0 67.29 66.9 8.78 28.18 
95.18 59.48 58.32 63.08 68.41 70.94 54.99 35.64 65.85 50.16 62.14 58.08 35.94 78.35 59.13 112.9 0 51.59 78.62 
42.81 7.8 7.05 15.03 17.6 19.58 9.08 24.53 14.15 3.26 16.2 40.67 16.84 30.38 8.13 75.56 59.87 0 28.65 
35.38 36.97 36.29 15.49 7.58 23.53 31.84 54.71 21.97 26.2 38.22 28.56 47.81 36.34 27.52 85.63 85.82 27.83 0 
Bandera>13
Fitness Greedy Costo>511.78
62.07 48.42 47.26 33.25 34.35 47.18 49.5 48.23 45.61 33.78 56.78 0 41.75 65.33 47.06 110.62 66.4 38.3 26.2 
52.38 13.42 12.68 24.09 29.88 32.21 13.03 9.8 27.11 11.47 20.05 35.97 0 33.6 16.54 80.44 43.73 10.04 38.49 
72.64 63.09 68 78.39 73.14 62.54 61.35 88.58 61.24 73.87 54.4 111.03 85.51 58 64.97 0 112.06 73.37 86.66 
95.18 59.48 58.32 63.08 68.41 70.94 54.99 35.64 65.85 50.16 62.14 58.08 35.94 78.35 59.13 112.9 0 51.59 78.62 
42.81 7.8 7.05 15.03 17.6 19.58 9.08 24.53 14.15 3.26 16.2 40.67 16.84 30.38 8.13 75.56 59.87 0 28.65 
Matriz de Costos>
0 42.24 41.06 40.23 28.66 26.72 37.57 64.71 32.49 44.38 44.62 60.65 57.89 14.11 33.98 71.91 99.43 43.93 31.41 
45.47 0 2.34 24.55 24.17 26.94 5.14 27.58 21.7 12 4.33 50.91 21.51 28.04 10.82 65.3 62.7 6.96 34.88 
41.46 3.25 0 21.18 20.82 23.62 4.98 24.24 18.29 8.45 9.18 47 18.09 24.65 7.24 69.85 58.93 4.87 31.7 
36 23.07 22.34 0 5.43 11.09 21.54 37.78 9.74 10.23 28.27 36.64 29.96 28.23 15.62 74.33 70.27 11.98 16.43 
28.55 26.89 26.19 5.08 0 10.41 21.48 42.22 8.43 16.5 28.21 36.43 34.57 24.85 14.34 73.51 76.67 18.01 11.87 
Solucion Greedy Costo>13 5 8 14 0 19 4 3 9 0 18 17 2 1 0 6 10 12 7 0 11 16 0 15 0 0 0 0 0 0 0 0 0 0 0 0 0 
Linea Vacia>
12.47 35.42 34.67 31.82 23.81 17.03 29.74 56.56 18.16 27.57 37.47 66.25 49.61 0 19.59 66.02 86.92 27.35 34.63 
35.44 10.63 9.87 19.37 13.8 11.86 6.35 30.66 6.23 8.97 12.53 46.81 24.62 22.04 0 67.29 66.9 8.78 28.18 
35.38 36.97 36.29 15.49 7.58 23.53 31.84 54.71 21.97 26.2 38.22 28.56 47.81 36.34 27.52 85.63 85.82 27.83 0 
Dimension>37
Bandera>13
Fitness Greedy Costo>511.78
Solucion Greedy Costo>13 5 8 14 0 19 4 3 9 0 18 17 2 1 0 6 10 12 7 0 11 16 0 15 0 0 0 0 0 0 0 0 0 0 0 0 0 
Linea Vacia>
Matriz de Costos>
0 42.24 41.06 40.23 28.66 26.72 37.57 64.71 32.49 44.38 44.62 60.65 57.89 14.11 33.98 71.91 99.43 43.93 31.41 
45.47 0 2.34 24.55 24.17 26.94 5.14 27.58 21.7 12 4.33 50.91 21.51 28.04 10.82 65.3 62.7 6.96 34.88 
41.46 3.25 0 21.18 20.82 23.62 4.98 24.24 18.29 8.45 9.18 47 18.09 24.65 7.24 69.85 58.93 4.87 31.7 
29.71 26.31 25.58 15.53 9.86 0 21.74 48.91 2.73 18.12 28.06 49.6 41.83 14.62 9.88 59.71 78.96 17.92 24.5 
42.71 3.77 5.58 25.89 24.44 24.43 0 26.5 19.12 13.69 3.14 51.94 20.37 26.09 7.86 63.6 62.08 9.24 35.13 
67.32 27.49 26.76 37.31 43.33 46.1 26.87 0 40.45 25.44 33.46 40.71 9.54 48.72 30.23 94.2 37.37 24.03 53.32 
30.39 23.48 22.76 13.67 8.12 3.8 19.32 42.1 0 15.68 25.26 47.19 36.32 17.97 6.88 61.82 73.47 15.49 22.86 
Dimension>37
Bandera>13
Fitness Greedy Costo>511.78
Solucion Greedy Costo>13 5 8 14 0 19 4 3 9 0 18 17 2 1 0 6 10 12 7 0 11 16 0 15 0 0 0 0 0 0 0 0 0 0 0 0 0 
Linea Vacia>
Dimension>37
Bandera>13
Fitness Greedy Costo>511.78
Solucion Greedy Costo>13 5 8 14 0 19 4 3 9 0 18 17 2 1 0 6 10 12 7 0 11 16 0 15 0 0 0 0 0 0 0 0 0 0 0 0 0 
Linea Vacia>
72.64 63.09 68 78.39 73.14 62.54 61.35 88.58 61.24 73.87 54.4 111.03 85.51 58 64.97 0 112.06 73.37 86.66 
95.18 59.48 58.32 63.08 68.41 70.94 54.99 35.64 65.85 50.16 62.14 58.08 35.94 78.35 59.13 112.9 0 51.59 78.62 
42.81 7.8 7.05 15.03 17.6 19.58 9.08 24.53 14.15 3.26 16.2 40.67 16.84 30.38 8.13 75.56 59.87 0 28.65 
36 23.07 22.34 0 5.43 11.09 21.54 37.78 9.74 10.23 28.27 36.64 29.96 28.23 15.62 74.33 70.27 11.98 16.43 
28.55 26.89 26.19 5.08 0 10.41 21.48 42.22 8.43 16.5 28.21 36.43 34.57 24.85 14.34 73.51 76.67 18.01 11.87 
29.71 26.31 25.58 15.53 9.86 0 21.74 48.91 2.73 18.12 28.06 49.6 41.83 14.62 9.88 59.71 78.96 17.92 24.5 
42.07 14.86 14.11 7.02 13.22 17.46 15.76 30.04 12.16 0 22.69 37.52 22.06 32.91 12.58 81.17 60.17 5.45 22.48 
47.92 4.78 8.61 31.77 30.32 29.89 3.7 32.37 24.73 19.91 0 58.49 26.4 30.51 12.59 57.37 68.38 15.54 40.68 
62.07 48.42 47.26 33.25 34.35 47.18 49.5 48.23 45.61 33.78 56.78 0 41.75 65.33 47.06 110.62 66.4 38.3 26.2 
52.38 13.42 12.68 24.09 29.88 32.21 13.03 9.8 27.11 11.47 20.05 35.97 0 33.6 16.54 80.44 43.73 10.04 38.49 
Dimension>37
Bandera>13
Fitness Greedy Costo>511.78
Solucion Greedy Costo>13 5 8 14 0 19 4 3 9 0 18 17 2 1 0 6 10 12 7 0 11 16 0 15 0 0 0 0 0 0 0 0 0 0 0 0 0 
Linea Vacia>
35.38 36.97 36.29 15.49 7.58 23.53 31.84 54.71 21.97 26.2 38.22 28.56 47.81 36.34 27.52 85.63 85.82 27.83 0 
42.71 3.77 5.58 25.89 24.44 24.43 0 26.5 19.12 13.69 3.14 51.94 20.37 26.09 7.86 63.6 62.08 9.24 35.13 
67.32 27.49 26.76 37.31 43.33 46.1 26.87 0 40.45 25.44 33.46 40.71 9.54 48.72 30.23 94.2 37.37 24.03 53.32 
30.39 23.48 22.76 13.67 8.12 3.8 19.32 42.1 0 15.68 25.26 47.19 36.32 17.97 6.88 61.82 73.47 15.49 22.86 
12.47 35.42 34.67 31.82 23.81 17.03 29.74 56.56 18.16 27.57 37.47 66.25 49.61 0 19.59 66.02 86.92 27.35 34.63 
35.44 10.63 9.87 19.37 13.8 11.86 6.35 30.66 6.23 8.97 12.53 46.81 24.62 22.04 0 67.29 66.9 8.78 28.18 
72.64 63.09 68 78.39 73.14 62.54 61.35 88.58 61.24 73.87 54.4 111.03 85.51 58 64.97 0 112.06 73.37 86.66 
95.18 59.48 58.32 63.08 68.41 70.94 54.99 35.64 65.85 50.16 62.14 58.08 35.94 78.35 59.13 112.9 0 51.59 78.62 
Matriz de Costos>
0 42.24 41.06 40.23 28.66 26.72 37.57 64.71 32.49 44.38 44.62 60.65 57.89 14.11 33.98 71.91 99.43 43.93 31.41 
45.47 0 2.34 24.55 24.17 26.94 5.14 27.58 21.7 12 4.33 50.91 21.51 28.04 10.82 65.3 62.7 6.96 34.88 
41.46 3.25 0 21.18 20.82 23.62 4.98 24.24 18.29 8.45 9.18 47 18.09 24.65 7.24 69.85 58.93 4.87 31.7 
36 23.07 22.34 0 5.43 11.09 21.54 37.78 9.74 10.23 28.27 36.64 29.96 28.23 15.62 74.33 70.27 11.98 16.43 
42.07 14.86 14.11 7.02 13.22 17.46 15.76 30.04 12.16 0 22.69 37.52 22.06 32.91 12.58 81.17 60.17 5.45 22.48 
47.92 4.78 8.61 31.77 30.32 29.89 3.7 32.37 24.73 19.91 0 58.49 26.4 30.51 12.59 57.37 68.38 15.54 40.68 
62.07 48.42 47.26 33.25 34.35 47.18 49.5 48.23 45.61 33.78 56.78 0 41.75 65.33 47.06 110.62 66.4 38.3 26.2 
52.38 13.42 12.68 24.09 29.88 32.21 13.03 9.8 27.11 11.47 20.05 35.97 0 33.6 16.54 80.44 43.73 10.04 38.49 
12.47 35.42 34.67 31.82 23.81 17.03 29.74 56.56 18.16 27.57 37.47 66.25 49.61 0 19.59 66.02 86.92 27.35 34.63 
35.44 10.63 9.87 19.37 13.8 11.86 6.35 30.66 6.23 8.97 12.53 46.81 24.62 22.04 0 67.29 66.9 8.78 28.18 
42.81 7.8 7.05 15.03 17.6 19.58 9.08 24.53 14.15 3.26 16.2 40.67 16.84 30.38 8.13 75.56 59.87 0 28.65 
35.38 36.97 36.29 15.49 7.58 23.53 31.84 54.71 21.97 26.2 38.22 28.56 47.81 36.34 27.52 85.63 85.82 27.83 0 
Matriz de Costos>
0 42.24 41.06 40.23 28.66 26.72 37.57 64.71 32.49 44.38 44.62 60.65 57.89 14.11 33.98 71.91 99.43 43.93 31.41 
45.47 0 2.34 24.55 24.17 26.94 5.14 27.58 21.7 12 4.33 50.91 21.51 28.04 10.82 65.3 62.7 6.96 34.88 
41.46 3.25 0 21.18 20.82 23.62 4.98 24.24 18.29 8.45 9.18 47 18.09 24.65 7.24 69.85 58.93 4.87 31.7 
Matriz de Costos>
0 42.24 41.06 40.23 28.66 26.72 37.57 64.71 32.49 44.38 44.62 60.65 57.89 14.11 33.98 71.91 99.43 43.93 31.41 
45.47 0 2.34 24.55 24.17 26.94 5.14 27.58 21.7 12 4.33 50.91 21.51 28.04 10.82 65.3 62.7 6.96 34.88 
41.46 3.25 0 21.18 20.82 23.62 4.98 24.24 18.29 8.45 9.18 47 18.09 24.65 7.24 69.85 58.93 4.87 31.7 
36 23.07 22.34 0 5.43 11.09 21.54 37.78 9.74 10.23 28.27 36.64 29.96 28.23 15.62 74.33 70.27 11.98 16.43 
28.55 26.89 26.19 5.08 0 10.41 21.48 42.22 8.43 16.5 28.21 36.43 34.57 24.85 14.34 73.51 76.67 18.01 11.87 
29.71 26.31 25.58 15.53 9.86 0 21.74 48.91 2.73 18.12 28.06 49.6 41.83 14.62 9.88 59.71 78.96 17.92 24.5 
Matriz de Costos>
0 42.24 41.06 40.23 28.66 26.72 37.57 64.71 32.49 44.38 44.62 60.65 57.89 14.11 33.98 71.91 99.43 43.93 31.41 
45.47 0 2.34 24.55 24.17 26.94 5.14 27.58 21.7 12 4.33 50.91 21.51 28.04 10.82 65.3 62.7 6.96 34.88 
28.55 26.89 26.19 5.08 0 10.41 21.48 42.22 8.43 16.5 28.21 36.43 34.57 24.85 14.34 73.51 76.67 18.01 11.87 
29.71 26.31 25.58 15.53 9.86 0 21.74 48.91 2.73 18.12 28.06 49.6 41.83 14.62 9.88 59.71 78.96 17.92 24.5 
42.71 3.77 5.58 25.89 24.44 24.43 0 26.5 19.12 13.69 3.14 51.94 20.37 26.09 7.86 63.6 62.08 9.24 35.13 
67.32 27.49 26.76 37.31 43.33 46.1 26.87 0 40.45 25.44 33.46 40.71 9.54 48.72 30.23 94.2 37.37 24.03 53.32 
30.39 23.48 22.76 13.67 8.12 3.8 19.32 42.1 0 15.68 25.26 47.19 36.32 17.97 6.88 61.82 73.47 15.49 22.86 
42.07 14.86 14.11 7.02 13.22 17.46 15.76 30.04 12.16 0 22.69 37.52 22.06 32.91 12.58 81.17 60.17 5.45 22.48 
72.64 63.09 68 78.39 73.14 62.54 61.35 88.58 61.24 73.87 54.4 111.03 85.51 58 64.97 0 112.06 73.37 86.66 
95.18 59.48 58.32 63.08 68.41 70.94 54.99 35.64 65.85 50.16 62.14 58.08 35.94 78.35 59.13 112.9 0 51.59 78.62 
42.81 7.8 7.05 15.03 17.6 19.58 9.08 24.53 14.15 3.26 16.2 40.67 16.84 30.38 8.13 75.56 59.87 0 28.65 
35.38 36.97 36.29 15.49 7.58 23.53 31.84 54.71 21.97 26.2 38.22 28.56 47.81 36.34 27.52 85.63 85.82 27.83 0 
Matriz de Costos>
0 42.24 41.06 40.23 28.66 26.72 37.57 64.71 32.49 44.38 44.62 60.65 57.89 14.11 33.98 71.91 99.43 43.93 31.41 
45.47 0 2.34 24.55 24.17 26.94 5.14 27.58 21.7 12 4.33 50.91 21.51 28.04 10.82 65.3 62.7 6.96 34.88 
41.46 3.25 0 21.18 20.82 23.62 4.98 24.24 18.29 8.45 9.18 47 18.09 24.65 7.24 69.85 58.93 4.87 31.7 
36 23.07 22.34 0 5.43 11.09 21.54 37.78 9.74 10.23 28.27 36.64 29.96 28.23 15.62 74.33 70.27 11.98 16.43 
28.55 26.89 26.19 5.08 0 10.41 21.48 42.22 8.43 16.5 28.21 36.43 34.57 24.85 14.34 73.51 76.67 18.01 11.87 
29.71 26.31 25.58 15.53 9.86 0 21.74 48.91 2.73 18.12 28.06 49.6 41.83 14.62 9.88 59.71 78.96 17.92 24.5 
42.71 3.77 5.58 25.89 24.44 24.43 0 26.5 19.12 13.69 3.14 51.94 20.37 26.09 7.86 63.6 62.08 9.24 35.13 
67.32 27.49 26.76 37.31 43.33 46.1 26.87 0 40.45 25.44 33.46 40.71 9.54 48.72 30.23 94.2 37.37 24.03 53.32 
36 23.07 22.34 0 5.43 11.09 21.54 37.78 9.74 10.23 28.27 36.64 29.96 28.23 15.62 74.33 70.27 11.98 16.43 
28.55 26.89 26.19 5.08 0 10.41 21.48 42.22 8.43 16.5 28.21 36.43 34.57 24.85 14.34 73.51 76.67 18.01 11.87 
29.71 26.31 25.58 15.53 9.86 0 21.74 48.91 2.73 18.12 28.06 49.6 41.83 14.62 9.88 59.71 78.96 17.92 24.5 
42.71 3.77 5.58 25.89 24.44 24.43 0 26.5 19.12 13.69 3.14 51.94 20.37 26.09 7.86 63.6 62.08 9.24 35.13 
67.32 27.49 26.76 37.31 43.33 46.1 26.87 0 40.45 25.44 33.46 40.71 9.54 48.72 30.23 94.2 37.37 24.03 53.32 
42.71 3.77 5.58 25.89 24.44 24.43 0 26.5 19.12 13.69 3.14 51.94 20.37 26.09 7.86 63.6 62.08 9.24 35.13 
67.32 27.49 26.76 37.31 43.33 46.1 26.87 0 40.45 25.44 33.46 40.71 9.54 48.72 30.23 94.2 37.37 24.03 53.32 
30.39 23.48 22.76 13.67 8.12 3.8 19.32 42.1 0 15.68 25.26 47.19 36.32 17.97 6.88 61.82 73.47 15.49 22.86 
42.07 14.86 14.11 7.02 13.22 17.46 15.76 30.04 12.16 0 22.69 37.52 22.06 32.91 12.58 81.17 60.17 5.45 22.48 
47.92 4.78 8.61 31.77 30.32 29.89 3.7 32.37 24.73 19.91 0 58.49 26.4 30.51 12.59 57.37 68.38 15.54 40.68 
62.07 48.42 47.26 33.25 34.35 47.18 49.5 48.23 45.61 33.78 56.78 0 41.75 65.33 47.06 110.62 66.4 38.3 26.2 
52.38 13.42 12.68 24.09 29.88 32.21 13.03 9.8 27.11 11.47 20.05 35.97 0 33.6 16.54 80.44 43.73 10.04 38.49 
12.47 35.42 34.67 31.82 23.81 17.03 29.74 56.56 18.16 27.57 37.47 66.25 49.61 0 19.59 66.02 86.92 27.35 34.63 
41.46 3.25 0 21.18 20.82 23.62 4.98 24.24 18.29 8.45 9.18 47 18.09 24.65 7.24 69.85 58.93 4.87 31.7 
36 23.07 22.34 0 5.43 11.09 21.54 37.78 9.74 10.23 28.27 36.64 29.96 28.23 15.62 74.33 70.27 11.98 16.43 
28.55 26.89 26.19 5.08 0 10.41 21.48 42.22 8.43 16.5 28.21 36.43 34.57 24.85 14.34 73.51 76.67 18.01 11.87 
29.71 26.31 25.58 15.53 9.86 0 21.74 48.91 2.73 18.12 28.06 49.6 41.83 14.62 9.88 59.71 78.96 17.92 24.5 
47.92 4.78 8.61 31.77 30.32 29.89 3.7 32.37 24.73 19.91 0 58.49 26.4 30.51 12.59 57.37 68.38 15.54 40.68 
62.07 48.42 47.26 33.25 34.35 47.18 49.5 48.23 45.61 33.78 56.78 0 41.75 65.33 47.06 110.62 66.4 38.3 26.2 
52.38 13.42 12.68 24.09 29.88 32.21 13.03 9.8 27.11 11.47 20.05 35.97 0 33.6 16.54 80.44 43.73 10.04 38.49 
12.47 35.42 34.67 31.82 23.81 17.03 29.74 56.56 18.16 27.57 37.47 66.25 49.61 0 19.59 66.02 86.92 27.35 34.63 
35.44 10.63 9.87 19.37 13.8 11.86 6.35 30.66 6.23 8.97 12.53 46.81 24.62 22.04 0 67.29 66.9 8.78 28.18 
72.64 63.09 68 78.39 73.14 62.54 61.35 88.58 61.24 73.87 54.4 111.03 85.51 58 64.97 0 112.06 73.37 86.66 
95.18 59.48 58.32 63.08 68.41 70.94 54.99 35.64 65.85 50.16 62.14 58.08 35.94 78.35 59.13 112.9 0 51.59 78.62 
30.39 23.48 22.76 13.67 8.12 3.8 19.32 42.1 0 15.68 25.26 47.19 36.32 17.97 6.88 61.82 73.47 15.49 22.86 
42.07 14.86 14.11 7.02 13.22 17.46 15.76 30.04 12.16 0 22.69 37.52 22.06 32.91 12.58 81.17 60.17 5.45 22.48 
47.92 4.78 8.61 31.77 30.32 29.89 3.7 32.37 24.73 19.91 0 58.49 26.4 30.51 12.59 57.37 68.38 15.54 40.68 
62.07 48.42 47.26 33.25 34.35 47.18 49.5 48.23 45.61 33.78 56.78 0 41.75 65.33 47.06 110.62 66.4 38.3 26.2 
52.38 13.42 12.68 24.09 29.88 32.21 13.03 9.8 27.11 11.47 20.05 35.97 0 33.6 16.54 80.44 43.73 10.04 38.49 
30.39 23.48 22.76 13.67 8.12 3.8 19.32 42.1 0 15.68 25.26 47.19 36.32 17.97 6.88 61.82 73.47 15.49 22.86 
42.07 14.86 14.11 7.02 13.22 17.46 15.76 30.04 12.16 0 22.69 37.52 22.06 32.91 12.58 81.17 60.17 5.45 22.48 
47.92 4.78 8.61 31.77 30.32 29.89 3.7 32.37 24.73 19.91 0 58.49 26.4 30.51 12.59 57.37 68.38 15.54 40.68 
62.07 48.42 47.26 33.25 34.35 47.18 49.5 48.23 45.61 33.78 56.78 0 41.75 65.33 47.06 110.62 66.4 38.3 26.2 
52.38 13.42 12.68 24.09 29.88 32.21 13.03 9.8 27.11 11.47 20.05 35.97 0 33.6 16.54 80.44 43.73 10.04 38.49 
12.47 35.42 34.67 31.82 23.81 17.03 29.74 56.56 18.16 27.57 37.47 66.25 49.61 0 19.59 66.02 86.92 27.35 34.63 
35.44 10.63 9.87 19.37 13.8 11.86 6.35 30.66 6.23 8.97 12.53 46.81 24.62 22.04 0 67.29 66.9 8.78 28.18 
42.81 7.8 7.05 15.03 17.6 19.58 9.08 24.53 14.15 3.26 16.2 40.67 16.84 30.38 8.13 75.56 59.87 0 28.65 
35.38 36.97 36.29 15.49 7.58 23.53 31.84 54.71 21.97 26.2 38.22 28.56 47.81 36.34 27.52 85.63 85.82 27.83 0 
12.47 35.42 34.67 31.82 23.81 17.03 29.74 56.56 18.16 27.57 37.47 66.25 49.61 0 19.59 66.02 86.92 27.35 34.63 
35.44 10.63 9.87 19.37 13.8 11.86 6.35 30.66 6.23 8.97 12.53 46.81 24.62 22.04 0 67.29 66.9 8.78 28.18 
72.64 63.09 68 78.39 73.14 62.54 61.35 88.58 61.24 73.87 54.4 111.03 85.51 58 64.97 0 112.06 73.37 86.66 
95.18 59.48 58.32 63.08 68.41 70.94 54.99 35.64 65.85 50.16 62.14 58.08 35.94 78.35 59.13 112.9 0 51.59 78.62 
35.44 10.63 9.87 19.37 13.8 11.86 6.35 30.66 6.23 8.97 12.53 46.81 24.62 22.04 0 67.29 66.9 8.78 28.18 
72.64 63.09 68 78.39 73.14 62.54 61.35 88.58 61.24 73.87 54.4 111.03 85.51 58 64.97 0 112.06 73.37 86.66 
95.18 59.48 58.32 63.08 68.41 70.94 54.99 35.64 65.85 50.16 62.14 58.08 35.94 78.35 59.13 112.9 0 51.59 78.62 
42.81 7.8 7.05 15.03 17.6 19.58 9.08 24.53 14.15 3.26 16.2 40.67 16.84 30.38 8.13 75.56 59.87 0 28.65 
35.38 36.97 36.29 15.49 7.58 23.53 31.84 54.71 21.97 26.2 38.22 28.56 47.81 36.34 27.52 85.63 85.82 27.83 0 
42.71 3.77 5.58 25.89 24.44 24.43 0 26.5 19.12 13.69 3.14 51.94 20.37 26.09 7.86 63.6 62.08 9.24 35.13 
67.32 27.49 26.76 37.31 43.33 46.1 26.87 0 40.45 25.44 33.46 40.71 9.54 48.72 30.23 94.2 37.37 24.03 53.32 
30.39 23.48 22.76 13.67 8.12 3.8 19.32 42.1 0 15.68 25.26 47.19 36.32 17.97 6.88 61.82 73.47 15.49 22.86 
42.07 14.86 14.11 7.02 13.22 17.46 15.76 30.04 12.16 0 22.69 37.52 22.06 32.91 12.58 81.17 60.17 5.45 22.48 
42.81 7.8 7.05 15.03 17.6 19.58 9.08 24.53 14.15 3.26 16.2 40.67 16.84 30.38 8.13 75.56 59.87 0 28.65 
35.38 36.97 36.29 15.49 7.58 23.53 31.84 54.71 21.97 26.2 38.22 28.56 47.81 36.34 27.52 85.63 85.82 27.83 0 
72.64 63.09 68 78.39 73.14 62.54 61.35 88.58 61.24 73.87 54.4 111.03 85.51 58 64.97 0 112.06 73.37 86.66 
95.18 59.48 58.32 63.08 68.41 70.94 54.99 35.64 65.85 50.16 62.14 58.08 35.94 78.35 59.13 112.9 0 51.59 78.62 
42.81 7.8 7.05 15.03 17.6 19.58 9.08 24.53 14.15 3.26 16.2 40.67 16.84 30.38 8.13 75.56 59.87 0 28.65 
35.38 36.97 36.29 15.49 7.58 23.53 31.84 54.71 21.97 26.2 38.22 28.56 47.81 36.34 27.52 85.63 85.82 27.83 0 
47.92 4.78 8.61 31.77 30.32 29.89 3.7 32.37 24.73 19.91 0 58.49 26.4 30.51 12.59 57.37 68.38 15.54 40.68 
62.07 48.42 47.26 33.25 34.35 47.18 49.5 48.23 45.61 33.78 56.78 0 41.75 65.33 47.06 110.62 66.4 38.3 26.2 
52.38 13.42 12.68 24.09 29.88 32.21 13.03 9.8 27.11 11.47 20.05 35.97 0 33.6 16.54 80.44 43.73 10.04 38.49 
12.47 35.42 34.67 31.82 23.81 17.03 29.74 56.56 18.16 27.57 37.47 66.25 49.61 0 19.59 66.02 86.92 27.35 34.63 
35.44 10.63 9.87 19.37 13.8 11.86 6.35 30.66 6.23 8.97 12.53 46.81 24.62 22.04 0 67.29 66.9 8.78 28.18 
72.64 63.09 68 78.39 73.14 62.54 61.35 88.58 61.24 73.87 54.4 111.03 85.51 58 64.97 0 112.06 73.37 86.66 
95.18 59.48 58.32 63.08 68.41 70.94 54.99 35.64 65.85 50.16 62.14 58.08 35.94 78.35 59.13 112.9 0 51.59 78.62 
42.81 7.8 7.05 15.03 17.6 19.58 9.08 24.53 14.15 3.26 16.2 40.67 16.84 30.38 8.13 75.56 59.87 0 28.65 
35.38 36.97 36.29 15.49 7.58 23.53 31.84 54.71 21.97 26.2 38.22 28.56 47.81 36.34 27.52 85.63 85.82 27.83 0 
Dimension>37
Bandera>13
Fitness Greedy Costo>511.78
Solucion Greedy Costo>13 5 8 14 0 19 4 3 9 0 18 17 2 1 0 6 10 12 7 0 11 16 0 15 0 0 0 0 0 0 0 0 0 0 0 0 0 
Linea Vacia>
Dimension>37
Bandera>13
Fitness Greedy Costo>511.78
Solucion Greedy Costo>13 5 8 14 0 19 4 3 9 0 18 17 2 1 0 6 10 12 7 0 11 16 0 15 0 0 0 0 0 0 0 0 0 0 0 0 0 
Linea Vacia>
Dimension>37
Bandera>13
Fitness Greedy Costo>511.78
Solucion Greedy Costo>13 5 8 14 0 19 4 3 9 0 18 17 2 1 0 6 10 12 7 0 11 16 0 15 0 0 0 0 0 0 0 0 0 0 0 0 0 
Linea Vacia>
Matriz de Costos>
0 42.24 41.06 40.23 28.66 26.72 37.57 64.71 32.49 44.38 44.62 60.65 57.89 14.11 33.98 71.91 99.43 43.93 31.41 
45.47 0 2.34 24.55 24.17 26.94 5.14 27.58 21.7 12 4.33 50.91 21.51 28.04 10.82 65.3 62.7 6.96 34.88 
41.46 3.25 0 21.18 20.82 23.62 4.98 24.24 18.29 8.45 9.18 47 18.09 24.65 7.24 69.85 58.93 4.87 31.7 
36 23.07 22.34 0 5.43 11.09 21.54 37.78 9.74 10.23 28.27 36.64 29.96 28.23 15.62 74.33 70.27 11.98 16.43 
28.55 26.89 26.19 5.08 0 10.41 21.48 42.22 8.43 16.5 28.21 36.43 34.57 24.85 14.34 73.51 76.67 18.01 11.87 
29.71 26.31 25.58 15.53 9.86 0 21.74 48.91 2.73 18.12 28.06 49.6 41.83 14.62 9.88 59.71 78.96 17.92 24.5 
42.71 3.77 5.58 25.89 24.44 24.43 0 26.5 19.12 13.69 3.14 51.94 20.37 26.09 7.86 63.6 62.08 9.24 35.13 
67.32 27.49 26.76 37.31 43.33 46.1 26.87 0 40.45 25.44 33.46 40.71 9.54 48.72 30.23 94.2 37.37 24.03 53.32 
Matriz de Costos>
0 42.24 41.06 40.23 28.66 26.72 37.57 64.71 32.49 44.38 44.62 60.65 57.89 14.11 33.98 71.91 99.43 43.93 31.41 
30.39 23.48 22.76 13.67 8.12 3.8 19.32 42.1 0 15.68 25.26 47.19 36.32 17.97 6.88 61.82 73.47 15.49 22.86 
42.07 14.86 14.11 7.02 13.22 17.46 15.76 30.04 12.16 0 22.69 37.52 22.06 32.91 12.58 81.17 60.17 5.45 22.48 
47.92 4.78 8.61 31.77 30.32 29.89 3.7 32.37 24.73 19.91 0 58.49 26.4 30.51 12.59 57.37 68.38 15.54 40.68 
45.47 0 2.34 24.55 24.17 26.94 5.14 27.58 21.7 12 4.33 50.91 21.51 28.04 10.82 65.3 62.7 6.96 34.88 
41.46 3.25 0 21.18 20.82 23.62 4.98 24.24 18.29 8.45 9.18 47 18.09 24.65 7.24 69.85 58.93 4.87 31.7 
36 23.07 22.34 0 5.43 11.09 21.54 37.78 9.74 10.23 28.27 36.64 29.96 28.23 15.62 74.33 70.27 11.98 16.43 
Matriz de Costos>
0 42.24 41.06 40.23 28.66 26.72 37.57 64.71 32.49 44.38 44.62 60.65 57.89 14.11 33.98 71.91 99.43 43.93 31.41 
62.07 48.42 47.26 33.25 34.35 47.18 49.5 48.23 45.61 33.78 56.78 0 41.75 65.33 47.06 110.62 66.4 38.3 26.2 
52.38 13.42 12.68 24.09 29.88 32.21 13.03 9.8 27.11 11.47 20.05 35.97 0 33.6 16.54 80.44 43.73 10.04 38.49 
12.47 35.42 34.67 31.82 23.81 17.03 29.74 56.56 18.16 27.57 37.47 66.25 49.61 0 19.59 66.02 86.92 27.35 34.63 
28.55 26.89 26.19 5.08 0 10.41 21.48 42.22 8.43 16.5 28.21 36.43 34.57 24.85 14.34 73.51 76.67 18.01 11.87 
29.71 26.31 25.58 15.53 9.86 0 21.74 48.91 2.73 18.12 28.06 49.6 41.83 14.62 9.88 59.71 78.96 17.92 24.5 
42.71 3.77 5.58 25.89 24.44 24.43 0 26.5 19.12 13.69 3.14 51.94 20.37 26.09 7.86 63.6 62.08 9.24 35.13 
67.32 27.49 26.76 37.31 43.33 46.1 26.87 0 40.45 25.44 33.46 40.71 9.54 48.72 30.23 94.2 37.37 24.03 53.32 
45.47 0 2.34 24.55 24.17 26.94 5.14 27.58 21.7 12 4.33 50.91 21.51 28.04 10.82 65.3 62.7 6.96 34.88 
41.46 3.25 0 21.18 20.82 23.62 4.98 24.24 18.29 8.45 9.18 47 18.09 24.65 7.24 69.85 58.93 4.87 31.7 
35.44 10.63 9.87 19.37 13.8 11.86 6.35 30.66 6.23 8.97 12.53 46.81 24.62 22.04 0 67.29 66.9 8.78 28.18 
72.64 63.09 68 78.39 73.14 62.54 61.35 88.58 61.24 73.87 54.4 111.03 85.51 58 64.97 0 112.06 73.37 86.66 
95.18 59.48 58.32 63.08 68.41 70.94 54.99 35.64 65.85 50.16 62.14 58.08 35.94 78.35 59.13 112.9 0 51.59 78.62 
42.81 7.8 7.05 15.03 17.6 19.58 9.08 24.53 14.15 3.26 16.2 40.67 16.84 30.38 8.13 75.56 59.87 0 28.65 
36 23.07 22.34 0 5.43 11.09 21.54 37.78 9.74 10.23 28.27 36.64 29.96 28.23 15.62 74.33 70.27 11.98 16.43 
28.55 26.89 26.19 5.08 0 10.41 21.48 42.22 8.43 16.5 28.21 36.43 34.57 24.85 14.34 73.51 76.67 18.01 11.87 
35.38 36.97 36.29 15.49 7.58 23.53 31.84 54.71 21.97 26.2 38.22 28.56 47.81 36.34 27.52 85.63 85.82 27.83 0 
30.39 23.48 22.76 13.67 8.12 3.8 19.32 42.1 0 15.68 25.26 47.19 36.32 17.97 6.88 61.82 73.47 15.49 22.86 
42.07 14.86 14.11 7.02 13.22 17.46 15.76 30.04 12.16 0 22.69 37.52 22.06 32.91 12.58 81.17 60.17 5.45 22.48 
47.92 4.78 8.61 31.77 30.32 29.89 3.7 32.37 24.73 19.91 0 58.49 26.4 30.51 12.59 57.37 68.38 15.54 40.68 
29.71 26.31 25.58 15.53 9.86 0 21.74 48.91 2.73 18.12 28.06 49.6 41.83 14.62 9.88 59.71 78.96 17.92 24.5 
62.07 48.42 47.26 33.25 34.35 47.18 49.5 48.23 45.61 33.78 56.78 0 41.75 65.33 47.06 110.62 66.4 38.3 26.2 
52.38 13.42 12.68 24.09 29.88 32.21 13.03 9.8 27.11 11.47 20.05 35.97 0 33.6 16.54 80.44 43.73 10.04 38.49 
42.71 3.77 5.58 25.89 24.44 24.43 0 26.5 19.12 13.69 3.14 51.94 20.37 26.09 7.86 63.6 62.08 9.24 35.13 
67.32 27.49 26.76 37.31 43.33 46.1 26.87 0 40.45 25.44 33.46 40.71 9.54 48.72 30.23 94.2 37.37 24.03 53.32 
12.47 35.42 34.67 31.82 23.81 17.03 29.74 56.56 18.16 27.57 37.47 66.25 49.61 0 19.59 66.02 86.92 27.35 34.63 
35.44 10.63 9.87 19.37 13.8 11.86 6.35 30.66 6.23 8.97 12.53 46.81 24.62 22.04 0 67.29 66.9 8.78 28.18 
30.39 23.48 22.76 13.67 8.12 3.8 19.32 42.1 0 15.68 25.26 47.19 36.32 17.97 6.88 61.82 73.47 15.49 22.86 
72.64 63.09 68 78.39 73.14 62.54 61.35 88.58 61.24 73.87 54.4 111.03 85.51 58 64.97 0 112.06 73.37 86.66 
95.18 59.48 58.32 63.08 68.41 70.94 54.99 35.64 65.85 50.16 62.14 58.08 35.94 78.35 59.13 112.9 0 51.59 78.62 
42.07 14.86 14.11 7.02 13.22 17.46 15.76 30.04 12.16 0 22.69 37.52 22.06 32.91 12.58 81.17 60.17 5.45 22.48 
47.92 4.78 8.61 31.77 30.32 29.89 3.7 32.37 24.73 19.91 0 58.49 26.4 30.51 12.59 57.37 68.38 15.54 40.68 
42.81 7.8 7.05 15.03 17.6 19.58 9.08 24.53 14.15 3.26 16.2 40.67 16.84 30.38 8.13 75.56 59.87 0 28.65 
35.38 36.97 36.29 15.49 7.58 23.53 31.84 54.71 21.97 26.2 38.22 28.56 47.81 36.34 27.52 85.63 85.82 27.83 0 
62.07 48.42 47.26 33.25 34.35 47.18 49.5 48.23 45.61 33.78 56.78 0 41.75 65.33 47.06 110.62 66.4 38.3 26.2 
52.38 13.42 12.68 24.09 29.88 32.21 13.03 9.8 27.11 11.47 20.05 35.97 0 33.6 16.54 80.44 43.73 10.04 38.49 
12.47 35.42 34.67 31.82 23.81 17.03 29.74 56.56 18.16 27.57 37.47 66.25 49.61 0 19.59 66.02 86.92 27.35 34.63 
35.44 10.63 9.87 19.37 13.8 11.86 6.35 30.66 6.23 8.97 12.53 46.81 24.62 22.04 0 67.29 66.9 8.78 28.18 
72.64 63.09 68 78.39 73.14 62.54 61.35 88.58 61.24 73.87 54.4 111.03 85.51 58 64.97 0 112.06 73.37 86.66 
95.18 59.48 58.32 63.08 68.41 70.94 54.99 35.64 65.85 50.16 62.14 58.08 35.94 78.35 59.13 112.9 0 51.59 78.62 
42.81 7.8 7.05 15.03 17.6 19.58 9.08 24.53 14.15 3.26 16.2 40.67 16.84 30.38 8.13 75.56 59.87 0 28.65 
35.38 36.97 36.29 15.49 7.58 23.53 31.84 54.71 21.97 26.2 38.22 28.56 47.81 36.34 27.52 85.63 85.82 27.83 0 
GEN 0 794.310000
GEN 0 794.040000
GEN 0 777.030000
GEN 0 815.870000
GEN 0 817.210000
GEN 0 804.570000
GEN 0 780.140000
GEN 0 785.690000
GEN 0 817.080000
GEN 0 809.390000
GEN 0 813.150000
TIEMPO 0 813.150000
GEN 0 772.130000
GEN 0 753.590000
TIEMPO 0 794.040000
TIEMPO 0 777.030000
TIEMPO 0 784.930000
TIEMPO 0 804.570000
TIEMPO 0 780.140000
TIEMPO 0 721.140000
TIEMPO 0 681.860000
TIEMPO 0 752.140000
TIEMPO 0 785.690000
TIEMPO 0 753.590000
TIEMPO 0 772.130000
TIEMPO 0 817.210000
GEN 0 811.180000
GEN 0 785.750000
GEN 0 773.380000
GEN 0 790.340000
TIEMPO 0 809.970000
TIEMPO 0 741.900000
TIEMPO 0 774.950000
TIEMPO 0 731.130000
GEN 0 806.030000
GEN 0 775.740000
GEN 0 800.460000
GEN 0 799.900000
TIEMPO 0 762.960000
TIEMPO 0 752.850000
TIEMPO 0 775.740000
TIEMPO 0 780.890000
GEN 0 785.400000
TIEMPO 0 777.150000
GEN 0 772.160000
TIEMPO 0 772.160000
GREEDY 0 0.009975
GEN 0 746.810000
TIEMPO 0 746.810000
GREEDY 0 0.013369
GREEDY 0 0.016981
GREEDY 5 0.019355
GREEDY 0 0.020767
GREEDY 0 0.032876
GREEDY 0 0.028385
GREEDY 5 0.033632
GREEDY 0 0.029910
GREEDY 0 0.031266
GREEDY 0 0.036802
GREEDY 0 0.037689
GREEDY 0 0.040771
GREEDY 0 0.041896
GREEDY 0 0.043694
GREEDY 0 0.045607
GREEDY 5 0.047415
GREEDY 5 0.050468
GREEDY 0 0.045045
GREEDY 5 0.050369
GREEDY 5 0.053084
GREEDY 5 0.053628
GREEDY 0 0.056656
GREEDY 5 0.053494
GREEDY 5 0.054067
GREEDY 0 0.059790
GREEDY 10 0.061969
GREEDY 0 0.063777
GREEDY 5 0.059579
GREEDY 0 0.067071
GREEDY 0 0.074522
GREEDY 5 0.075191
GREEDY 5 0.071047
GREEDY 10 0.079555
GREEDY 0 0.074703
GREEDY 5 0.092128
GREEDY 5 0.094564
GREEDY 5 0.095439
GREEDY 10 0.091311
GREEDY 5 0.099250
GREEDY 10 0.093856
GREEDY 0 0.102275
GREEDY 5 0.119320
GREEDY 5 0.117404
GREEDY 10 0.128303
GREEDY 0 0.122758
GREEDY 10 0.149091
GREEDY 10 0.157175
GREEDY 10 0.157922
GREEDY 5 0.166814
GREEDY 5 0.167747
GREEDY 10 0.170850
GEN 2500 474.380000
GREEDY 10 0.178922
GREEDY 10 0.183549
GREEDY 10 0.201906
GEN 2500 485.520000
GEN 2500 448.740000
GEN 2500 463.550000
GEN 2500 442.280000
GEN 2500 458.350000
GEN 2500 472.820000
GEN 2500 450.970000
GEN 2500 471.280000
GEN 2500 446.200000
GEN 2500 454.210000
GEN 2500 445.930000
GEN 2500 443.910000
GREEDY 10 0.249455
GEN 2500 437.070000
GREEDY 15 0.273841
GEN 2500 438.430000
GEN 2500 471.880000
GREEDY 5 0.295528
GREEDY 5 0.300796
GREEDY 10 0.301545
GEN 5000 468.830000
GEN 2500 521.610000
GREEDY 0 0.385951
GEN 2500 446.900000
GEN 5000 427.870000
GEN 2500 462.240000
GEN 5000 485.520000
GEN 5000 458.350000
GEN 2500 441.860000
GEN 2500 466.790000
GEN 5000 443.470000
GEN 2500 479.660000
GEN 5000 436.220000
GEN 5000 442.280000
GEN 5000 451.690000
GEN 2500 469.810000
GEN 5000 437.000000
GEN 5000 446.200000
GEN 5000 463.390000
GEN 5000 442.520000
GEN 2500 492.010000
GEN 5000 437.070000
GEN 5000 438.430000
GEN 5000 437.070000
GREEDY 5 0.485883
GEN 5000 471.880000
GEN 7500 468.830000
GREEDY 10 0.537049
GREEDY 10 0.585936
GEN 7500 427.870000
GEN 5000 446.750000
GEN 7500 442.240000
GREEDY 5 0.605027
GEN 7500 485.520000
GEN 7500 443.320000
GEN 7500 438.430000
GEN 7500 436.220000
GEN 7500 443.670000
GEN 7500 442.280000
GEN 7500 437.000000
GEN 7500 441.100000
GEN 7500 446.200000
GREEDY 10 0.676158
GEN 7500 460.830000
GEN 7500 437.070000
GREEDY 10 0.690686
GEN 7500 437.070000
GEN 7500 456.880000
GEN 10000 468.830000
TIEMPO 0.714231 468.830000
GEN 5000 441.700000
GREEDY 10 0.737872
GEN 10000 427.870000
TIEMPO 0.768799 427.870000
GEN 5000 455.610000
GEN 10000 440.660000
TIEMPO 0.805574 440.660000
GEN 10000 442.240000
TIEMPO 0.810594 442.240000
GEN 10000 485.520000
TIEMPO 0.811256 485.520000
GEN 5000 440.100000
GEN 5000 475.800000
GEN 10000 438.430000
TIEMPO 0.828996 438.430000
GEN 7500 446.750000
GEN 5000 466.910000
GEN 5000 462.750000
GEN 5000 454.610000
GEN 10000 456.880000
TIEMPO 0.876133 456.880000
GEN 10000 436.220000
TIEMPO 0.881100 436.220000
GEN 10000 443.550000
TIEMPO 0.884630 443.550000
GEN 10000 455.350000
TIEMPO 0.891163 455.350000
GEN 10000 440.300000
TIEMPO 0.892590 440.300000
GEN 10000 437.000000
TIEMPO 0.891812 437.000000
GEN 10000 441.100000
TIEMPO 0.897348 441.100000
GEN 10000 446.200000
TIEMPO 0.895612 446.200000
GEN 10000 437.070000
TIEMPO 0.903491 437.070000
GEN 10000 437.070000
TIEMPO 0.905714 437.070000
GEN 7500 442.190000
GEN 7500 441.700000
GEN 7500 440.100000
TIEMPO 1 440.100000
TIEMPO 1 446.750000
TIEMPO 1 442.190000
TIEMPO 1 441.700000
TIEMPO 1 462.750000
TIEMPO 1 445.110000
TIEMPO 1 466.910000
TIEMPO 1 475.800000
GEN 7500 466.910000
GEN 7500 475.800000
GEN 10000 446.750000
TIEMPO 1.054151 446.750000
GEN 7500 462.750000
GEN 7500 445.110000
GEN 10000 442.190000
TIEMPO 1.125240 442.190000
GEN 10000 440.100000
TIEMPO 1.167748 440.100000
GEN 10000 466.910000
TIEMPO 1.184867 466.910000
GEN 10000 441.700000
TIEMPO 1.198417 441.700000
GEN 10000 475.800000
TIEMPO 1.260873 475.800000
GEN 10000 445.110000
TIEMPO 1.285940 445.110000
GEN 10000 462.750000
TIEMPO 1.287724 462.750000

 Current State ---------------------------------------------
Solution:  14 12 7 16 0 6 10 1 2 0 13 5 8 15 0 4 3 17 9 0 19 18 11 0 0 0 0 0 0 0 0 0 0 0 0 0 0 Fitness: 427.87

 :( ---------------------- THE END --------------- :) 
