Dimension>37
Bandera>13
Fitness Greedy Costo>511.78
Solucion Greedy Costo>13 5 8 14 0 19 4 3 9 0 18 17 2 1 0 6 10 12 7 0 11 16 0 15 0 0 0 0 0 0 0 0 0 0 0 0 0 
Linea Vacia>
Dimension>37
Bandera>13
Fitness Greedy Costo>511.78
Solucion Greedy Costo>13 5 8 14 0 19 4 3 9 0 18 17 2 1 0 6 10 12 7 0 11 16 0 15 0 0 0 0 0 0 0 0 0 0 0 0 0 
Linea Vacia>
Matriz de Costos>
0 42.24 41.06 40.23 28.66 26.72 37.57 64.71 32.49 44.38 44.62 60.65 57.89 14.11 33.98 71.91 99.43 43.93 31.41 
45.47 0 2.34 24.55 24.17 26.94 5.14 27.58 21.7 12 4.33 50.91 21.51 28.04 10.82 65.3 62.7 6.96 34.88 
41.46 3.25 0 21.18 20.82 23.62 4.98 24.24 18.29 8.45 9.18 47 18.09 24.65 7.24 69.85 58.93 4.87 31.7 
36 23.07 22.34 0 5.43 11.09 21.54 37.78 9.74 10.23 28.27 36.64 29.96 28.23 15.62 74.33 70.27 11.98 16.43 
28.55 26.89 26.19 5.08 0 10.41 21.48 42.22 8.43 16.5 28.21 36.43 34.57 24.85 14.34 73.51 76.67 18.01 11.87 
29.71 26.31 25.58 15.53 9.86 0 21.74 48.91 2.73 18.12 28.06 49.6 41.83 14.62 9.88 59.71 78.96 17.92 24.5 
42.71 3.77 5.58 25.89 24.44 24.43 0 26.5 19.12 13.69 3.14 51.94 20.37 26.09 7.86 63.6 62.08 9.24 35.13 
67.32 27.49 26.76 37.31 43.33 46.1 26.87 0 40.45 25.44 33.46 40.71 9.54 48.72 30.23 94.2 37.37 24.03 53.32 
Dimension>37
Bandera>13
Fitness Greedy Costo>511.78
Solucion Greedy Costo>13 5 8 14 0 19 4 3 9 0 18 17 2 1 0 6 10 12 7 0 11 16 0 15 0 0 0 0 0 0 0 0 0 0 0 0 0 
Linea Vacia>
Dimension>37
Bandera>13
Fitness Greedy Costo>511.78
Solucion Greedy Costo>13 5 8 14 0 19 4 3 9 0 18 17 2 1 0 6 10 12 7 0 11 16 0 15 0 0 0 0 0 0 0 0 0 0 0 0 0 
Linea Vacia>
Matriz de Costos>
0 42.24 41.06 40.23 28.66 26.72 37.57 64.71 32.49 44.38 44.62 60.65 57.89 14.11 33.98 71.91 99.43 43.93 31.41 
45.47 0 2.34 24.55 24.17 26.94 5.14 27.58 21.7 12 4.33 50.91 21.51 28.04 10.82 65.3 62.7 6.96 34.88 
41.46 3.25 0 21.18 20.82 23.62 4.98 24.24 18.29 8.45 9.18 47 18.09 24.65 7.24 69.85 58.93 4.87 31.7 
36 23.07 22.34 0 5.43 11.09 21.54 37.78 9.74 10.23 28.27 36.64 29.96 28.23 15.62 74.33 70.27 11.98 16.43 
28.55 26.89 26.19 5.08 0 10.41 21.48 42.22 8.43 16.5 28.21 36.43 34.57 24.85 14.34 73.51 76.67 18.01 11.87 
29.71 26.31 25.58 15.53 9.86 0 21.74 48.91 2.73 18.12 28.06 49.6 41.83 14.62 9.88 59.71 78.96 17.92 24.5 
42.71 3.77 5.58 25.89 24.44 24.43 0 26.5 19.12 13.69 3.14 51.94 20.37 26.09 7.86 63.6 62.08 9.24 35.13 
67.32 27.49 26.76 37.31 43.33 46.1 26.87 0 40.45 25.44 33.46 40.71 9.54 48.72 30.23 94.2 37.37 24.03 53.32 
30.39 23.48 22.76 13.67 8.12 3.8 19.32 42.1 0 15.68 25.26 47.19 36.32 17.97 6.88 61.82 73.47 15.49 22.86 
Dimension>37
Bandera>13
Fitness Greedy Costo>511.78
Solucion Greedy Costo>13 5 8 14 0 19 4 3 9 0 18 17 2 1 0 6 10 12 7 0 11 16 0 15 0 0 0 0 0 0 0 0 0 0 0 0 0 
Linea Vacia>
Matriz de Costos>
30.39 23.48 22.76 13.67 8.12 3.8 19.32 42.1 0 15.68 25.26 47.19 36.32 17.97 6.88 61.82 73.47 15.49 22.86 
42.07 14.86 14.11 7.02 13.22 17.46 15.76 30.04 12.16 0 22.69 37.52 22.06 32.91 12.58 81.17 60.17 5.45 22.48 
42.07 14.86 14.11 7.02 13.22 17.46 15.76 30.04 12.16 0 22.69 37.52 22.06 32.91 12.58 81.17 60.17 5.45 22.48 
47.92 4.78 8.61 31.77 30.32 29.89 3.7 32.37 24.73 19.91 0 58.49 26.4 30.51 12.59 57.37 68.38 15.54 40.68 
Dimension>37
Bandera>13
Fitness Greedy Costo>511.78
0 42.24 41.06 40.23 28.66 26.72 37.57 64.71 32.49 44.38 44.62 60.65 57.89 14.11 33.98 71.91 99.43 43.93 31.41 
47.92 4.78 8.61 31.77 30.32 29.89 3.7 32.37 24.73 19.91 0 58.49 26.4 30.51 12.59 57.37 68.38 15.54 40.68 
62.07 48.42 47.26 33.25 34.35 47.18 49.5 48.23 45.61 33.78 56.78 0 41.75 65.33 47.06 110.62 66.4 38.3 26.2 
62.07 48.42 47.26 33.25 34.35 47.18 49.5 48.23 45.61 33.78 56.78 0 41.75 65.33 47.06 110.62 66.4 38.3 26.2 
52.38 13.42 12.68 24.09 29.88 32.21 13.03 9.8 27.11 11.47 20.05 35.97 0 33.6 16.54 80.44 43.73 10.04 38.49 
Solucion Greedy Costo>13 5 8 14 0 19 4 3 9 0 18 17 2 1 0 6 10 12 7 0 11 16 0 15 0 0 0 0 0 0 0 0 0 0 0 0 0 
Linea Vacia>
45.47 0 2.34 24.55 24.17 26.94 5.14 27.58 21.7 12 4.33 50.91 21.51 28.04 10.82 65.3 62.7 6.96 34.88 
52.38 13.42 12.68 24.09 29.88 32.21 13.03 9.8 27.11 11.47 20.05 35.97 0 33.6 16.54 80.44 43.73 10.04 38.49 
Matriz de Costos>
41.46 3.25 0 21.18 20.82 23.62 4.98 24.24 18.29 8.45 9.18 47 18.09 24.65 7.24 69.85 58.93 4.87 31.7 
12.47 35.42 34.67 31.82 23.81 17.03 29.74 56.56 18.16 27.57 37.47 66.25 49.61 0 19.59 66.02 86.92 27.35 34.63 
12.47 35.42 34.67 31.82 23.81 17.03 29.74 56.56 18.16 27.57 37.47 66.25 49.61 0 19.59 66.02 86.92 27.35 34.63 
35.44 10.63 9.87 19.37 13.8 11.86 6.35 30.66 6.23 8.97 12.53 46.81 24.62 22.04 0 67.29 66.9 8.78 28.18 
0 42.24 41.06 40.23 28.66 26.72 37.57 64.71 32.49 44.38 44.62 60.65 57.89 14.11 33.98 71.91 99.43 43.93 31.41 
35.44 10.63 9.87 19.37 13.8 11.86 6.35 30.66 6.23 8.97 12.53 46.81 24.62 22.04 0 67.29 66.9 8.78 28.18 
72.64 63.09 68 78.39 73.14 62.54 61.35 88.58 61.24 73.87 54.4 111.03 85.51 58 64.97 0 112.06 73.37 86.66 
72.64 63.09 68 78.39 73.14 62.54 61.35 88.58 61.24 73.87 54.4 111.03 85.51 58 64.97 0 112.06 73.37 86.66 
45.47 0 2.34 24.55 24.17 26.94 5.14 27.58 21.7 12 4.33 50.91 21.51 28.04 10.82 65.3 62.7 6.96 34.88 
36 23.07 22.34 0 5.43 11.09 21.54 37.78 9.74 10.23 28.27 36.64 29.96 28.23 15.62 74.33 70.27 11.98 16.43 
95.18 59.48 58.32 63.08 68.41 70.94 54.99 35.64 65.85 50.16 62.14 58.08 35.94 78.35 59.13 112.9 0 51.59 78.62 
95.18 59.48 58.32 63.08 68.41 70.94 54.99 35.64 65.85 50.16 62.14 58.08 35.94 78.35 59.13 112.9 0 51.59 78.62 
42.81 7.8 7.05 15.03 17.6 19.58 9.08 24.53 14.15 3.26 16.2 40.67 16.84 30.38 8.13 75.56 59.87 0 28.65 
41.46 3.25 0 21.18 20.82 23.62 4.98 24.24 18.29 8.45 9.18 47 18.09 24.65 7.24 69.85 58.93 4.87 31.7 
28.55 26.89 26.19 5.08 0 10.41 21.48 42.22 8.43 16.5 28.21 36.43 34.57 24.85 14.34 73.51 76.67 18.01 11.87 
42.81 7.8 7.05 15.03 17.6 19.58 9.08 24.53 14.15 3.26 16.2 40.67 16.84 30.38 8.13 75.56 59.87 0 28.65 
35.38 36.97 36.29 15.49 7.58 23.53 31.84 54.71 21.97 26.2 38.22 28.56 47.81 36.34 27.52 85.63 85.82 27.83 0 
35.38 36.97 36.29 15.49 7.58 23.53 31.84 54.71 21.97 26.2 38.22 28.56 47.81 36.34 27.52 85.63 85.82 27.83 0 
36 23.07 22.34 0 5.43 11.09 21.54 37.78 9.74 10.23 28.27 36.64 29.96 28.23 15.62 74.33 70.27 11.98 16.43 
29.71 26.31 25.58 15.53 9.86 0 21.74 48.91 2.73 18.12 28.06 49.6 41.83 14.62 9.88 59.71 78.96 17.92 24.5 
Matriz de Costos>
28.55 26.89 26.19 5.08 0 10.41 21.48 42.22 8.43 16.5 28.21 36.43 34.57 24.85 14.34 73.51 76.67 18.01 11.87 
29.71 26.31 25.58 15.53 9.86 0 21.74 48.91 2.73 18.12 28.06 49.6 41.83 14.62 9.88 59.71 78.96 17.92 24.5 
Dimension>37
42.71 3.77 5.58 25.89 24.44 24.43 0 26.5 19.12 13.69 3.14 51.94 20.37 26.09 7.86 63.6 62.08 9.24 35.13 
0 42.24 41.06 40.23 28.66 26.72 37.57 64.71 32.49 44.38 44.62 60.65 57.89 14.11 33.98 71.91 99.43 43.93 31.41 
45.47 0 2.34 24.55 24.17 26.94 5.14 27.58 21.7 12 4.33 50.91 21.51 28.04 10.82 65.3 62.7 6.96 34.88 
42.71 3.77 5.58 25.89 24.44 24.43 0 26.5 19.12 13.69 3.14 51.94 20.37 26.09 7.86 63.6 62.08 9.24 35.13 
Bandera>13
Fitness Greedy Costo>511.78
67.32 27.49 26.76 37.31 43.33 46.1 26.87 0 40.45 25.44 33.46 40.71 9.54 48.72 30.23 94.2 37.37 24.03 53.32 
41.46 3.25 0 21.18 20.82 23.62 4.98 24.24 18.29 8.45 9.18 47 18.09 24.65 7.24 69.85 58.93 4.87 31.7 
36 23.07 22.34 0 5.43 11.09 21.54 37.78 9.74 10.23 28.27 36.64 29.96 28.23 15.62 74.33 70.27 11.98 16.43 
67.32 27.49 26.76 37.31 43.33 46.1 26.87 0 40.45 25.44 33.46 40.71 9.54 48.72 30.23 94.2 37.37 24.03 53.32 
30.39 23.48 22.76 13.67 8.12 3.8 19.32 42.1 0 15.68 25.26 47.19 36.32 17.97 6.88 61.82 73.47 15.49 22.86 
30.39 23.48 22.76 13.67 8.12 3.8 19.32 42.1 0 15.68 25.26 47.19 36.32 17.97 6.88 61.82 73.47 15.49 22.86 
Solucion Greedy Costo>13 5 8 14 0 19 4 3 9 0 18 17 2 1 0 6 10 12 7 0 11 16 0 15 0 0 0 0 0 0 0 0 0 0 0 0 0 
Linea Vacia>
Matriz de Costos>
28.55 26.89 26.19 5.08 0 10.41 21.48 42.22 8.43 16.5 28.21 36.43 34.57 24.85 14.34 73.51 76.67 18.01 11.87 
29.71 26.31 25.58 15.53 9.86 0 21.74 48.91 2.73 18.12 28.06 49.6 41.83 14.62 9.88 59.71 78.96 17.92 24.5 
42.07 14.86 14.11 7.02 13.22 17.46 15.76 30.04 12.16 0 22.69 37.52 22.06 32.91 12.58 81.17 60.17 5.45 22.48 
42.07 14.86 14.11 7.02 13.22 17.46 15.76 30.04 12.16 0 22.69 37.52 22.06 32.91 12.58 81.17 60.17 5.45 22.48 
42.71 3.77 5.58 25.89 24.44 24.43 0 26.5 19.12 13.69 3.14 51.94 20.37 26.09 7.86 63.6 62.08 9.24 35.13 
47.92 4.78 8.61 31.77 30.32 29.89 3.7 32.37 24.73 19.91 0 58.49 26.4 30.51 12.59 57.37 68.38 15.54 40.68 
47.92 4.78 8.61 31.77 30.32 29.89 3.7 32.37 24.73 19.91 0 58.49 26.4 30.51 12.59 57.37 68.38 15.54 40.68 
0 42.24 41.06 40.23 28.66 26.72 37.57 64.71 32.49 44.38 44.62 60.65 57.89 14.11 33.98 71.91 99.43 43.93 31.41 
67.32 27.49 26.76 37.31 43.33 46.1 26.87 0 40.45 25.44 33.46 40.71 9.54 48.72 30.23 94.2 37.37 24.03 53.32 
62.07 48.42 47.26 33.25 34.35 47.18 49.5 48.23 45.61 33.78 56.78 0 41.75 65.33 47.06 110.62 66.4 38.3 26.2 
45.47 0 2.34 24.55 24.17 26.94 5.14 27.58 21.7 12 4.33 50.91 21.51 28.04 10.82 65.3 62.7 6.96 34.88 
30.39 23.48 22.76 13.67 8.12 3.8 19.32 42.1 0 15.68 25.26 47.19 36.32 17.97 6.88 61.82 73.47 15.49 22.86 
42.07 14.86 14.11 7.02 13.22 17.46 15.76 30.04 12.16 0 22.69 37.52 22.06 32.91 12.58 81.17 60.17 5.45 22.48 
52.38 13.42 12.68 24.09 29.88 32.21 13.03 9.8 27.11 11.47 20.05 35.97 0 33.6 16.54 80.44 43.73 10.04 38.49 
62.07 48.42 47.26 33.25 34.35 47.18 49.5 48.23 45.61 33.78 56.78 0 41.75 65.33 47.06 110.62 66.4 38.3 26.2 
12.47 35.42 34.67 31.82 23.81 17.03 29.74 56.56 18.16 27.57 37.47 66.25 49.61 0 19.59 66.02 86.92 27.35 34.63 
35.44 10.63 9.87 19.37 13.8 11.86 6.35 30.66 6.23 8.97 12.53 46.81 24.62 22.04 0 67.29 66.9 8.78 28.18 
52.38 13.42 12.68 24.09 29.88 32.21 13.03 9.8 27.11 11.47 20.05 35.97 0 33.6 16.54 80.44 43.73 10.04 38.49 
41.46 3.25 0 21.18 20.82 23.62 4.98 24.24 18.29 8.45 9.18 47 18.09 24.65 7.24 69.85 58.93 4.87 31.7 
47.92 4.78 8.61 31.77 30.32 29.89 3.7 32.37 24.73 19.91 0 58.49 26.4 30.51 12.59 57.37 68.38 15.54 40.68 
62.07 48.42 47.26 33.25 34.35 47.18 49.5 48.23 45.61 33.78 56.78 0 41.75 65.33 47.06 110.62 66.4 38.3 26.2 
52.38 13.42 12.68 24.09 29.88 32.21 13.03 9.8 27.11 11.47 20.05 35.97 0 33.6 16.54 80.44 43.73 10.04 38.49 
12.47 35.42 34.67 31.82 23.81 17.03 29.74 56.56 18.16 27.57 37.47 66.25 49.61 0 19.59 66.02 86.92 27.35 34.63 
35.44 10.63 9.87 19.37 13.8 11.86 6.35 30.66 6.23 8.97 12.53 46.81 24.62 22.04 0 67.29 66.9 8.78 28.18 
72.64 63.09 68 78.39 73.14 62.54 61.35 88.58 61.24 73.87 54.4 111.03 85.51 58 64.97 0 112.06 73.37 86.66 
95.18 59.48 58.32 63.08 68.41 70.94 54.99 35.64 65.85 50.16 62.14 58.08 35.94 78.35 59.13 112.9 0 51.59 78.62 
42.81 7.8 7.05 15.03 17.6 19.58 9.08 24.53 14.15 3.26 16.2 40.67 16.84 30.38 8.13 75.56 59.87 0 28.65 
12.47 35.42 34.67 31.82 23.81 17.03 29.74 56.56 18.16 27.57 37.47 66.25 49.61 0 19.59 66.02 86.92 27.35 34.63 
35.44 10.63 9.87 19.37 13.8 11.86 6.35 30.66 6.23 8.97 12.53 46.81 24.62 22.04 0 67.29 66.9 8.78 28.18 
72.64 63.09 68 78.39 73.14 62.54 61.35 88.58 61.24 73.87 54.4 111.03 85.51 58 64.97 0 112.06 73.37 86.66 
36 23.07 22.34 0 5.43 11.09 21.54 37.78 9.74 10.23 28.27 36.64 29.96 28.23 15.62 74.33 70.27 11.98 16.43 
28.55 26.89 26.19 5.08 0 10.41 21.48 42.22 8.43 16.5 28.21 36.43 34.57 24.85 14.34 73.51 76.67 18.01 11.87 
72.64 63.09 68 78.39 73.14 62.54 61.35 88.58 61.24 73.87 54.4 111.03 85.51 58 64.97 0 112.06 73.37 86.66 
95.18 59.48 58.32 63.08 68.41 70.94 54.99 35.64 65.85 50.16 62.14 58.08 35.94 78.35 59.13 112.9 0 51.59 78.62 
42.81 7.8 7.05 15.03 17.6 19.58 9.08 24.53 14.15 3.26 16.2 40.67 16.84 30.38 8.13 75.56 59.87 0 28.65 
35.38 36.97 36.29 15.49 7.58 23.53 31.84 54.71 21.97 26.2 38.22 28.56 47.81 36.34 27.52 85.63 85.82 27.83 0 
Matriz de Costos>
0 42.24 41.06 40.23 28.66 26.72 37.57 64.71 32.49 44.38 44.62 60.65 57.89 14.11 33.98 71.91 99.43 43.93 31.41 
Dimension>37
Bandera>13
Fitness Greedy Costo>511.78
95.18 59.48 58.32 63.08 68.41 70.94 54.99 35.64 65.85 50.16 62.14 58.08 35.94 78.35 59.13 112.9 0 51.59 78.62 
42.81 7.8 7.05 15.03 17.6 19.58 9.08 24.53 14.15 3.26 16.2 40.67 16.84 30.38 8.13 75.56 59.87 0 28.65 
35.38 36.97 36.29 15.49 7.58 23.53 31.84 54.71 21.97 26.2 38.22 28.56 47.81 36.34 27.52 85.63 85.82 27.83 0 
29.71 26.31 25.58 15.53 9.86 0 21.74 48.91 2.73 18.12 28.06 49.6 41.83 14.62 9.88 59.71 78.96 17.92 24.5 
42.71 3.77 5.58 25.89 24.44 24.43 0 26.5 19.12 13.69 3.14 51.94 20.37 26.09 7.86 63.6 62.08 9.24 35.13 
35.38 36.97 36.29 15.49 7.58 23.53 31.84 54.71 21.97 26.2 38.22 28.56 47.81 36.34 27.52 85.63 85.82 27.83 0 
Dimension>37
Bandera>13
Fitness Greedy Costo>511.78
Solucion Greedy Costo>13 5 8 14 0 19 4 3 9 0 18 17 2 1 0 6 10 12 7 0 11 16 0 15 0 0 0 0 0 0 0 0 0 0 0 0 0 
Linea Vacia>
45.47 0 2.34 24.55 24.17 26.94 5.14 27.58 21.7 12 4.33 50.91 21.51 28.04 10.82 65.3 62.7 6.96 34.88 
41.46 3.25 0 21.18 20.82 23.62 4.98 24.24 18.29 8.45 9.18 47 18.09 24.65 7.24 69.85 58.93 4.87 31.7 
36 23.07 22.34 0 5.43 11.09 21.54 37.78 9.74 10.23 28.27 36.64 29.96 28.23 15.62 74.33 70.27 11.98 16.43 
Dimension>37
Bandera>13
Fitness Greedy Costo>511.78
Solucion Greedy Costo>13 5 8 14 0 19 4 3 9 0 18 17 2 1 0 6 10 12 7 0 11 16 0 15 0 0 0 0 0 0 0 0 0 0 0 0 0 
Linea Vacia>
67.32 27.49 26.76 37.31 43.33 46.1 26.87 0 40.45 25.44 33.46 40.71 9.54 48.72 30.23 94.2 37.37 24.03 53.32 
30.39 23.48 22.76 13.67 8.12 3.8 19.32 42.1 0 15.68 25.26 47.19 36.32 17.97 6.88 61.82 73.47 15.49 22.86 
28.55 26.89 26.19 5.08 0 10.41 21.48 42.22 8.43 16.5 28.21 36.43 34.57 24.85 14.34 73.51 76.67 18.01 11.87 
29.71 26.31 25.58 15.53 9.86 0 21.74 48.91 2.73 18.12 28.06 49.6 41.83 14.62 9.88 59.71 78.96 17.92 24.5 
Solucion Greedy Costo>13 5 8 14 0 19 4 3 9 0 18 17 2 1 0 6 10 12 7 0 11 16 0 15 0 0 0 0 0 0 0 0 0 0 0 0 0 
Linea Vacia>
42.07 14.86 14.11 7.02 13.22 17.46 15.76 30.04 12.16 0 22.69 37.52 22.06 32.91 12.58 81.17 60.17 5.45 22.48 
42.71 3.77 5.58 25.89 24.44 24.43 0 26.5 19.12 13.69 3.14 51.94 20.37 26.09 7.86 63.6 62.08 9.24 35.13 
47.92 4.78 8.61 31.77 30.32 29.89 3.7 32.37 24.73 19.91 0 58.49 26.4 30.51 12.59 57.37 68.38 15.54 40.68 
67.32 27.49 26.76 37.31 43.33 46.1 26.87 0 40.45 25.44 33.46 40.71 9.54 48.72 30.23 94.2 37.37 24.03 53.32 
30.39 23.48 22.76 13.67 8.12 3.8 19.32 42.1 0 15.68 25.26 47.19 36.32 17.97 6.88 61.82 73.47 15.49 22.86 
42.07 14.86 14.11 7.02 13.22 17.46 15.76 30.04 12.16 0 22.69 37.52 22.06 32.91 12.58 81.17 60.17 5.45 22.48 
62.07 48.42 47.26 33.25 34.35 47.18 49.5 48.23 45.61 33.78 56.78 0 41.75 65.33 47.06 110.62 66.4 38.3 26.2 
52.38 13.42 12.68 24.09 29.88 32.21 13.03 9.8 27.11 11.47 20.05 35.97 0 33.6 16.54 80.44 43.73 10.04 38.49 
Matriz de Costos>
0 42.24 41.06 40.23 28.66 26.72 37.57 64.71 32.49 44.38 44.62 60.65 57.89 14.11 33.98 71.91 99.43 43.93 31.41 
Matriz de Costos>
Matriz de Costos>
0 42.24 41.06 40.23 28.66 26.72 37.57 64.71 32.49 44.38 44.62 60.65 57.89 14.11 33.98 71.91 99.43 43.93 31.41 
45.47 0 2.34 24.55 24.17 26.94 5.14 27.58 21.7 12 4.33 50.91 21.51 28.04 10.82 65.3 62.7 6.96 34.88 
Dimension>37
Bandera>13
12.47 35.42 34.67 31.82 23.81 17.03 29.74 56.56 18.16 27.57 37.47 66.25 49.61 0 19.59 66.02 86.92 27.35 34.63 
35.44 10.63 9.87 19.37 13.8 11.86 6.35 30.66 6.23 8.97 12.53 46.81 24.62 22.04 0 67.29 66.9 8.78 28.18 
47.92 4.78 8.61 31.77 30.32 29.89 3.7 32.37 24.73 19.91 0 58.49 26.4 30.51 12.59 57.37 68.38 15.54 40.68 
62.07 48.42 47.26 33.25 34.35 47.18 49.5 48.23 45.61 33.78 56.78 0 41.75 65.33 47.06 110.62 66.4 38.3 26.2 
52.38 13.42 12.68 24.09 29.88 32.21 13.03 9.8 27.11 11.47 20.05 35.97 0 33.6 16.54 80.44 43.73 10.04 38.49 
12.47 35.42 34.67 31.82 23.81 17.03 29.74 56.56 18.16 27.57 37.47 66.25 49.61 0 19.59 66.02 86.92 27.35 34.63 
45.47 0 2.34 24.55 24.17 26.94 5.14 27.58 21.7 12 4.33 50.91 21.51 28.04 10.82 65.3 62.7 6.96 34.88 
41.46 3.25 0 21.18 20.82 23.62 4.98 24.24 18.29 8.45 9.18 47 18.09 24.65 7.24 69.85 58.93 4.87 31.7 
36 23.07 22.34 0 5.43 11.09 21.54 37.78 9.74 10.23 28.27 36.64 29.96 28.23 15.62 74.33 70.27 11.98 16.43 
28.55 26.89 26.19 5.08 0 10.41 21.48 42.22 8.43 16.5 28.21 36.43 34.57 24.85 14.34 73.51 76.67 18.01 11.87 
Dimension>37
Bandera>13
Fitness Greedy Costo>511.78
Solucion Greedy Costo>13 5 8 14 0 19 4 3 9 0 18 17 2 1 0 6 10 12 7 0 11 16 0 15 0 0 0 0 0 0 0 0 0 0 0 0 0 
Linea Vacia>
0 42.24 41.06 40.23 28.66 26.72 37.57 64.71 32.49 44.38 44.62 60.65 57.89 14.11 33.98 71.91 99.43 43.93 31.41 
45.47 0 2.34 24.55 24.17 26.94 5.14 27.58 21.7 12 4.33 50.91 21.51 28.04 10.82 65.3 62.7 6.96 34.88 
41.46 3.25 0 21.18 20.82 23.62 4.98 24.24 18.29 8.45 9.18 47 18.09 24.65 7.24 69.85 58.93 4.87 31.7 
36 23.07 22.34 0 5.43 11.09 21.54 37.78 9.74 10.23 28.27 36.64 29.96 28.23 15.62 74.33 70.27 11.98 16.43 
41.46 3.25 0 21.18 20.82 23.62 4.98 24.24 18.29 8.45 9.18 47 18.09 24.65 7.24 69.85 58.93 4.87 31.7 
36 23.07 22.34 0 5.43 11.09 21.54 37.78 9.74 10.23 28.27 36.64 29.96 28.23 15.62 74.33 70.27 11.98 16.43 
28.55 26.89 26.19 5.08 0 10.41 21.48 42.22 8.43 16.5 28.21 36.43 34.57 24.85 14.34 73.51 76.67 18.01 11.87 
29.71 26.31 25.58 15.53 9.86 0 21.74 48.91 2.73 18.12 28.06 49.6 41.83 14.62 9.88 59.71 78.96 17.92 24.5 
Fitness Greedy Costo>511.78
Solucion Greedy Costo>13 5 8 14 0 19 4 3 9 0 18 17 2 1 0 6 10 12 7 0 11 16 0 15 0 0 0 0 0 0 0 0 0 0 0 0 0 
Linea Vacia>
72.64 63.09 68 78.39 73.14 62.54 61.35 88.58 61.24 73.87 54.4 111.03 85.51 58 64.97 0 112.06 73.37 86.66 
95.18 59.48 58.32 63.08 68.41 70.94 54.99 35.64 65.85 50.16 62.14 58.08 35.94 78.35 59.13 112.9 0 51.59 78.62 
35.44 10.63 9.87 19.37 13.8 11.86 6.35 30.66 6.23 8.97 12.53 46.81 24.62 22.04 0 67.29 66.9 8.78 28.18 
72.64 63.09 68 78.39 73.14 62.54 61.35 88.58 61.24 73.87 54.4 111.03 85.51 58 64.97 0 112.06 73.37 86.66 
95.18 59.48 58.32 63.08 68.41 70.94 54.99 35.64 65.85 50.16 62.14 58.08 35.94 78.35 59.13 112.9 0 51.59 78.62 
29.71 26.31 25.58 15.53 9.86 0 21.74 48.91 2.73 18.12 28.06 49.6 41.83 14.62 9.88 59.71 78.96 17.92 24.5 
42.71 3.77 5.58 25.89 24.44 24.43 0 26.5 19.12 13.69 3.14 51.94 20.37 26.09 7.86 63.6 62.08 9.24 35.13 
67.32 27.49 26.76 37.31 43.33 46.1 26.87 0 40.45 25.44 33.46 40.71 9.54 48.72 30.23 94.2 37.37 24.03 53.32 
30.39 23.48 22.76 13.67 8.12 3.8 19.32 42.1 0 15.68 25.26 47.19 36.32 17.97 6.88 61.82 73.47 15.49 22.86 
28.55 26.89 26.19 5.08 0 10.41 21.48 42.22 8.43 16.5 28.21 36.43 34.57 24.85 14.34 73.51 76.67 18.01 11.87 
29.71 26.31 25.58 15.53 9.86 0 21.74 48.91 2.73 18.12 28.06 49.6 41.83 14.62 9.88 59.71 78.96 17.92 24.5 
42.71 3.77 5.58 25.89 24.44 24.43 0 26.5 19.12 13.69 3.14 51.94 20.37 26.09 7.86 63.6 62.08 9.24 35.13 
67.32 27.49 26.76 37.31 43.33 46.1 26.87 0 40.45 25.44 33.46 40.71 9.54 48.72 30.23 94.2 37.37 24.03 53.32 
30.39 23.48 22.76 13.67 8.12 3.8 19.32 42.1 0 15.68 25.26 47.19 36.32 17.97 6.88 61.82 73.47 15.49 22.86 
42.81 7.8 7.05 15.03 17.6 19.58 9.08 24.53 14.15 3.26 16.2 40.67 16.84 30.38 8.13 75.56 59.87 0 28.65 
42.81 7.8 7.05 15.03 17.6 19.58 9.08 24.53 14.15 3.26 16.2 40.67 16.84 30.38 8.13 75.56 59.87 0 28.65 
42.07 14.86 14.11 7.02 13.22 17.46 15.76 30.04 12.16 0 22.69 37.52 22.06 32.91 12.58 81.17 60.17 5.45 22.48 
47.92 4.78 8.61 31.77 30.32 29.89 3.7 32.37 24.73 19.91 0 58.49 26.4 30.51 12.59 57.37 68.38 15.54 40.68 
62.07 48.42 47.26 33.25 34.35 47.18 49.5 48.23 45.61 33.78 56.78 0 41.75 65.33 47.06 110.62 66.4 38.3 26.2 
42.71 3.77 5.58 25.89 24.44 24.43 0 26.5 19.12 13.69 3.14 51.94 20.37 26.09 7.86 63.6 62.08 9.24 35.13 
67.32 27.49 26.76 37.31 43.33 46.1 26.87 0 40.45 25.44 33.46 40.71 9.54 48.72 30.23 94.2 37.37 24.03 53.32 
35.38 36.97 36.29 15.49 7.58 23.53 31.84 54.71 21.97 26.2 38.22 28.56 47.81 36.34 27.52 85.63 85.82 27.83 0 
35.38 36.97 36.29 15.49 7.58 23.53 31.84 54.71 21.97 26.2 38.22 28.56 47.81 36.34 27.52 85.63 85.82 27.83 0 
52.38 13.42 12.68 24.09 29.88 32.21 13.03 9.8 27.11 11.47 20.05 35.97 0 33.6 16.54 80.44 43.73 10.04 38.49 
12.47 35.42 34.67 31.82 23.81 17.03 29.74 56.56 18.16 27.57 37.47 66.25 49.61 0 19.59 66.02 86.92 27.35 34.63 
35.44 10.63 9.87 19.37 13.8 11.86 6.35 30.66 6.23 8.97 12.53 46.81 24.62 22.04 0 67.29 66.9 8.78 28.18 
42.07 14.86 14.11 7.02 13.22 17.46 15.76 30.04 12.16 0 22.69 37.52 22.06 32.91 12.58 81.17 60.17 5.45 22.48 
47.92 4.78 8.61 31.77 30.32 29.89 3.7 32.37 24.73 19.91 0 58.49 26.4 30.51 12.59 57.37 68.38 15.54 40.68 
62.07 48.42 47.26 33.25 34.35 47.18 49.5 48.23 45.61 33.78 56.78 0 41.75 65.33 47.06 110.62 66.4 38.3 26.2 
52.38 13.42 12.68 24.09 29.88 32.21 13.03 9.8 27.11 11.47 20.05 35.97 0 33.6 16.54 80.44 43.73 10.04 38.49 
72.64 63.09 68 78.39 73.14 62.54 61.35 88.58 61.24 73.87 54.4 111.03 85.51 58 64.97 0 112.06 73.37 86.66 
95.18 59.48 58.32 63.08 68.41 70.94 54.99 35.64 65.85 50.16 62.14 58.08 35.94 78.35 59.13 112.9 0 51.59 78.62 
30.39 23.48 22.76 13.67 8.12 3.8 19.32 42.1 0 15.68 25.26 47.19 36.32 17.97 6.88 61.82 73.47 15.49 22.86 
42.07 14.86 14.11 7.02 13.22 17.46 15.76 30.04 12.16 0 22.69 37.52 22.06 32.91 12.58 81.17 60.17 5.45 22.48 
47.92 4.78 8.61 31.77 30.32 29.89 3.7 32.37 24.73 19.91 0 58.49 26.4 30.51 12.59 57.37 68.38 15.54 40.68 
Matriz de Costos>
0 42.24 41.06 40.23 28.66 26.72 37.57 64.71 32.49 44.38 44.62 60.65 57.89 14.11 33.98 71.91 99.43 43.93 31.41 
42.81 7.8 7.05 15.03 17.6 19.58 9.08 24.53 14.15 3.26 16.2 40.67 16.84 30.38 8.13 75.56 59.87 0 28.65 
35.38 36.97 36.29 15.49 7.58 23.53 31.84 54.71 21.97 26.2 38.22 28.56 47.81 36.34 27.52 85.63 85.82 27.83 0 
62.07 48.42 47.26 33.25 34.35 47.18 49.5 48.23 45.61 33.78 56.78 0 41.75 65.33 47.06 110.62 66.4 38.3 26.2 
52.38 13.42 12.68 24.09 29.88 32.21 13.03 9.8 27.11 11.47 20.05 35.97 0 33.6 16.54 80.44 43.73 10.04 38.49 
12.47 35.42 34.67 31.82 23.81 17.03 29.74 56.56 18.16 27.57 37.47 66.25 49.61 0 19.59 66.02 86.92 27.35 34.63 
35.44 10.63 9.87 19.37 13.8 11.86 6.35 30.66 6.23 8.97 12.53 46.81 24.62 22.04 0 67.29 66.9 8.78 28.18 
72.64 63.09 68 78.39 73.14 62.54 61.35 88.58 61.24 73.87 54.4 111.03 85.51 58 64.97 0 112.06 73.37 86.66 
45.47 0 2.34 24.55 24.17 26.94 5.14 27.58 21.7 12 4.33 50.91 21.51 28.04 10.82 65.3 62.7 6.96 34.88 
Dimension>37
Bandera>13
Fitness Greedy Costo>511.78
Matriz de Costos>
0 42.24 41.06 40.23 28.66 26.72 37.57 64.71 32.49 44.38 44.62 60.65 57.89 14.11 33.98 71.91 99.43 43.93 31.41 
12.47 35.42 34.67 31.82 23.81 17.03 29.74 56.56 18.16 27.57 37.47 66.25 49.61 0 19.59 66.02 86.92 27.35 34.63 
35.44 10.63 9.87 19.37 13.8 11.86 6.35 30.66 6.23 8.97 12.53 46.81 24.62 22.04 0 67.29 66.9 8.78 28.18 
95.18 59.48 58.32 63.08 68.41 70.94 54.99 35.64 65.85 50.16 62.14 58.08 35.94 78.35 59.13 112.9 0 51.59 78.62 
42.81 7.8 7.05 15.03 17.6 19.58 9.08 24.53 14.15 3.26 16.2 40.67 16.84 30.38 8.13 75.56 59.87 0 28.65 
41.46 3.25 0 21.18 20.82 23.62 4.98 24.24 18.29 8.45 9.18 47 18.09 24.65 7.24 69.85 58.93 4.87 31.7 
36 23.07 22.34 0 5.43 11.09 21.54 37.78 9.74 10.23 28.27 36.64 29.96 28.23 15.62 74.33 70.27 11.98 16.43 
Dimension>37
45.47 0 2.34 24.55 24.17 26.94 5.14 27.58 21.7 12 4.33 50.91 21.51 28.04 10.82 65.3 62.7 6.96 34.88 
41.46 3.25 0 21.18 20.82 23.62 4.98 24.24 18.29 8.45 9.18 47 18.09 24.65 7.24 69.85 58.93 4.87 31.7 
36 23.07 22.34 0 5.43 11.09 21.54 37.78 9.74 10.23 28.27 36.64 29.96 28.23 15.62 74.33 70.27 11.98 16.43 
35.38 36.97 36.29 15.49 7.58 23.53 31.84 54.71 21.97 26.2 38.22 28.56 47.81 36.34 27.52 85.63 85.82 27.83 0 
Dimension>37
Bandera>13
Fitness Greedy Costo>511.78
Solucion Greedy Costo>13 5 8 14 0 19 4 3 9 0 18 17 2 1 0 6 10 12 7 0 11 16 0 15 0 0 0 0 0 0 0 0 0 0 0 0 0 
Solucion Greedy Costo>13 5 8 14 0 19 4 3 9 0 18 17 2 1 0 6 10 12 7 0 11 16 0 15 0 0 0 0 0 0 0 0 0 0 0 0 0 
Linea Vacia>
28.55 26.89 26.19 5.08 0 10.41 21.48 42.22 8.43 16.5 28.21 36.43 34.57 24.85 14.34 73.51 76.67 18.01 11.87 
29.71 26.31 25.58 15.53 9.86 0 21.74 48.91 2.73 18.12 28.06 49.6 41.83 14.62 9.88 59.71 78.96 17.92 24.5 
72.64 63.09 68 78.39 73.14 62.54 61.35 88.58 61.24 73.87 54.4 111.03 85.51 58 64.97 0 112.06 73.37 86.66 
95.18 59.48 58.32 63.08 68.41 70.94 54.99 35.64 65.85 50.16 62.14 58.08 35.94 78.35 59.13 112.9 0 51.59 78.62 
42.81 7.8 7.05 15.03 17.6 19.58 9.08 24.53 14.15 3.26 16.2 40.67 16.84 30.38 8.13 75.56 59.87 0 28.65 
35.38 36.97 36.29 15.49 7.58 23.53 31.84 54.71 21.97 26.2 38.22 28.56 47.81 36.34 27.52 85.63 85.82 27.83 0 
Linea Vacia>
28.55 26.89 26.19 5.08 0 10.41 21.48 42.22 8.43 16.5 28.21 36.43 34.57 24.85 14.34 73.51 76.67 18.01 11.87 
29.71 26.31 25.58 15.53 9.86 0 21.74 48.91 2.73 18.12 28.06 49.6 41.83 14.62 9.88 59.71 78.96 17.92 24.5 
42.71 3.77 5.58 25.89 24.44 24.43 0 26.5 19.12 13.69 3.14 51.94 20.37 26.09 7.86 63.6 62.08 9.24 35.13 
67.32 27.49 26.76 37.31 43.33 46.1 26.87 0 40.45 25.44 33.46 40.71 9.54 48.72 30.23 94.2 37.37 24.03 53.32 
Bandera>13
Fitness Greedy Costo>511.78
Solucion Greedy Costo>13 5 8 14 0 19 4 3 9 0 18 17 2 1 0 6 10 12 7 0 11 16 0 15 0 0 0 0 0 0 0 0 0 0 0 0 0 
42.71 3.77 5.58 25.89 24.44 24.43 0 26.5 19.12 13.69 3.14 51.94 20.37 26.09 7.86 63.6 62.08 9.24 35.13 
67.32 27.49 26.76 37.31 43.33 46.1 26.87 0 40.45 25.44 33.46 40.71 9.54 48.72 30.23 94.2 37.37 24.03 53.32 
30.39 23.48 22.76 13.67 8.12 3.8 19.32 42.1 0 15.68 25.26 47.19 36.32 17.97 6.88 61.82 73.47 15.49 22.86 
42.07 14.86 14.11 7.02 13.22 17.46 15.76 30.04 12.16 0 22.69 37.52 22.06 32.91 12.58 81.17 60.17 5.45 22.48 
Matriz de Costos>
0 42.24 41.06 40.23 28.66 26.72 37.57 64.71 32.49 44.38 44.62 60.65 57.89 14.11 33.98 71.91 99.43 43.93 31.41 
45.47 0 2.34 24.55 24.17 26.94 5.14 27.58 21.7 12 4.33 50.91 21.51 28.04 10.82 65.3 62.7 6.96 34.88 
Linea Vacia>
30.39 23.48 22.76 13.67 8.12 3.8 19.32 42.1 0 15.68 25.26 47.19 36.32 17.97 6.88 61.82 73.47 15.49 22.86 
42.07 14.86 14.11 7.02 13.22 17.46 15.76 30.04 12.16 0 22.69 37.52 22.06 32.91 12.58 81.17 60.17 5.45 22.48 
47.92 4.78 8.61 31.77 30.32 29.89 3.7 32.37 24.73 19.91 0 58.49 26.4 30.51 12.59 57.37 68.38 15.54 40.68 
62.07 48.42 47.26 33.25 34.35 47.18 49.5 48.23 45.61 33.78 56.78 0 41.75 65.33 47.06 110.62 66.4 38.3 26.2 
52.38 13.42 12.68 24.09 29.88 32.21 13.03 9.8 27.11 11.47 20.05 35.97 0 33.6 16.54 80.44 43.73 10.04 38.49 
12.47 35.42 34.67 31.82 23.81 17.03 29.74 56.56 18.16 27.57 37.47 66.25 49.61 0 19.59 66.02 86.92 27.35 34.63 
41.46 3.25 0 21.18 20.82 23.62 4.98 24.24 18.29 8.45 9.18 47 18.09 24.65 7.24 69.85 58.93 4.87 31.7 
36 23.07 22.34 0 5.43 11.09 21.54 37.78 9.74 10.23 28.27 36.64 29.96 28.23 15.62 74.33 70.27 11.98 16.43 
28.55 26.89 26.19 5.08 0 10.41 21.48 42.22 8.43 16.5 28.21 36.43 34.57 24.85 14.34 73.51 76.67 18.01 11.87 
29.71 26.31 25.58 15.53 9.86 0 21.74 48.91 2.73 18.12 28.06 49.6 41.83 14.62 9.88 59.71 78.96 17.92 24.5 
47.92 4.78 8.61 31.77 30.32 29.89 3.7 32.37 24.73 19.91 0 58.49 26.4 30.51 12.59 57.37 68.38 15.54 40.68 
62.07 48.42 47.26 33.25 34.35 47.18 49.5 48.23 45.61 33.78 56.78 0 41.75 65.33 47.06 110.62 66.4 38.3 26.2 
52.38 13.42 12.68 24.09 29.88 32.21 13.03 9.8 27.11 11.47 20.05 35.97 0 33.6 16.54 80.44 43.73 10.04 38.49 
35.44 10.63 9.87 19.37 13.8 11.86 6.35 30.66 6.23 8.97 12.53 46.81 24.62 22.04 0 67.29 66.9 8.78 28.18 
72.64 63.09 68 78.39 73.14 62.54 61.35 88.58 61.24 73.87 54.4 111.03 85.51 58 64.97 0 112.06 73.37 86.66 
42.71 3.77 5.58 25.89 24.44 24.43 0 26.5 19.12 13.69 3.14 51.94 20.37 26.09 7.86 63.6 62.08 9.24 35.13 
67.32 27.49 26.76 37.31 43.33 46.1 26.87 0 40.45 25.44 33.46 40.71 9.54 48.72 30.23 94.2 37.37 24.03 53.32 
12.47 35.42 34.67 31.82 23.81 17.03 29.74 56.56 18.16 27.57 37.47 66.25 49.61 0 19.59 66.02 86.92 27.35 34.63 
35.44 10.63 9.87 19.37 13.8 11.86 6.35 30.66 6.23 8.97 12.53 46.81 24.62 22.04 0 67.29 66.9 8.78 28.18 
Matriz de Costos>
0 42.24 41.06 40.23 28.66 26.72 37.57 64.71 32.49 44.38 44.62 60.65 57.89 14.11 33.98 71.91 99.43 43.93 31.41 
30.39 23.48 22.76 13.67 8.12 3.8 19.32 42.1 0 15.68 25.26 47.19 36.32 17.97 6.88 61.82 73.47 15.49 22.86 
42.07 14.86 14.11 7.02 13.22 17.46 15.76 30.04 12.16 0 22.69 37.52 22.06 32.91 12.58 81.17 60.17 5.45 22.48 
47.92 4.78 8.61 31.77 30.32 29.89 3.7 32.37 24.73 19.91 0 58.49 26.4 30.51 12.59 57.37 68.38 15.54 40.68 
72.64 63.09 68 78.39 73.14 62.54 61.35 88.58 61.24 73.87 54.4 111.03 85.51 58 64.97 0 112.06 73.37 86.66 
95.18 59.48 58.32 63.08 68.41 70.94 54.99 35.64 65.85 50.16 62.14 58.08 35.94 78.35 59.13 112.9 0 51.59 78.62 
42.81 7.8 7.05 15.03 17.6 19.58 9.08 24.53 14.15 3.26 16.2 40.67 16.84 30.38 8.13 75.56 59.87 0 28.65 
45.47 0 2.34 24.55 24.17 26.94 5.14 27.58 21.7 12 4.33 50.91 21.51 28.04 10.82 65.3 62.7 6.96 34.88 
41.46 3.25 0 21.18 20.82 23.62 4.98 24.24 18.29 8.45 9.18 47 18.09 24.65 7.24 69.85 58.93 4.87 31.7 
36 23.07 22.34 0 5.43 11.09 21.54 37.78 9.74 10.23 28.27 36.64 29.96 28.23 15.62 74.33 70.27 11.98 16.43 
95.18 59.48 58.32 63.08 68.41 70.94 54.99 35.64 65.85 50.16 62.14 58.08 35.94 78.35 59.13 112.9 0 51.59 78.62 
42.81 7.8 7.05 15.03 17.6 19.58 9.08 24.53 14.15 3.26 16.2 40.67 16.84 30.38 8.13 75.56 59.87 0 28.65 
35.38 36.97 36.29 15.49 7.58 23.53 31.84 54.71 21.97 26.2 38.22 28.56 47.81 36.34 27.52 85.63 85.82 27.83 0 
62.07 48.42 47.26 33.25 34.35 47.18 49.5 48.23 45.61 33.78 56.78 0 41.75 65.33 47.06 110.62 66.4 38.3 26.2 
52.38 13.42 12.68 24.09 29.88 32.21 13.03 9.8 27.11 11.47 20.05 35.97 0 33.6 16.54 80.44 43.73 10.04 38.49 
12.47 35.42 34.67 31.82 23.81 17.03 29.74 56.56 18.16 27.57 37.47 66.25 49.61 0 19.59 66.02 86.92 27.35 34.63 
35.44 10.63 9.87 19.37 13.8 11.86 6.35 30.66 6.23 8.97 12.53 46.81 24.62 22.04 0 67.29 66.9 8.78 28.18 
35.38 36.97 36.29 15.49 7.58 23.53 31.84 54.71 21.97 26.2 38.22 28.56 47.81 36.34 27.52 85.63 85.82 27.83 0 
Dimension>37
Bandera>13
Fitness Greedy Costo>511.78
28.55 26.89 26.19 5.08 0 10.41 21.48 42.22 8.43 16.5 28.21 36.43 34.57 24.85 14.34 73.51 76.67 18.01 11.87 
29.71 26.31 25.58 15.53 9.86 0 21.74 48.91 2.73 18.12 28.06 49.6 41.83 14.62 9.88 59.71 78.96 17.92 24.5 
42.71 3.77 5.58 25.89 24.44 24.43 0 26.5 19.12 13.69 3.14 51.94 20.37 26.09 7.86 63.6 62.08 9.24 35.13 
67.32 27.49 26.76 37.31 43.33 46.1 26.87 0 40.45 25.44 33.46 40.71 9.54 48.72 30.23 94.2 37.37 24.03 53.32 
30.39 23.48 22.76 13.67 8.12 3.8 19.32 42.1 0 15.68 25.26 47.19 36.32 17.97 6.88 61.82 73.47 15.49 22.86 
42.07 14.86 14.11 7.02 13.22 17.46 15.76 30.04 12.16 0 22.69 37.52 22.06 32.91 12.58 81.17 60.17 5.45 22.48 
72.64 63.09 68 78.39 73.14 62.54 61.35 88.58 61.24 73.87 54.4 111.03 85.51 58 64.97 0 112.06 73.37 86.66 
95.18 59.48 58.32 63.08 68.41 70.94 54.99 35.64 65.85 50.16 62.14 58.08 35.94 78.35 59.13 112.9 0 51.59 78.62 
42.81 7.8 7.05 15.03 17.6 19.58 9.08 24.53 14.15 3.26 16.2 40.67 16.84 30.38 8.13 75.56 59.87 0 28.65 
35.38 36.97 36.29 15.49 7.58 23.53 31.84 54.71 21.97 26.2 38.22 28.56 47.81 36.34 27.52 85.63 85.82 27.83 0 
Matriz de Costos>
0 42.24 41.06 40.23 28.66 26.72 37.57 64.71 32.49 44.38 44.62 60.65 57.89 14.11 33.98 71.91 99.43 43.93 31.41 
Solucion Greedy Costo>13 5 8 14 0 19 4 3 9 0 18 17 2 1 0 6 10 12 7 0 11 16 0 15 0 0 0 0 0 0 0 0 0 0 0 0 0 
Linea Vacia>
47.92 4.78 8.61 31.77 30.32 29.89 3.7 32.37 24.73 19.91 0 58.49 26.4 30.51 12.59 57.37 68.38 15.54 40.68 
62.07 48.42 47.26 33.25 34.35 47.18 49.5 48.23 45.61 33.78 56.78 0 41.75 65.33 47.06 110.62 66.4 38.3 26.2 
52.38 13.42 12.68 24.09 29.88 32.21 13.03 9.8 27.11 11.47 20.05 35.97 0 33.6 16.54 80.44 43.73 10.04 38.49 
12.47 35.42 34.67 31.82 23.81 17.03 29.74 56.56 18.16 27.57 37.47 66.25 49.61 0 19.59 66.02 86.92 27.35 34.63 
35.44 10.63 9.87 19.37 13.8 11.86 6.35 30.66 6.23 8.97 12.53 46.81 24.62 22.04 0 67.29 66.9 8.78 28.18 
45.47 0 2.34 24.55 24.17 26.94 5.14 27.58 21.7 12 4.33 50.91 21.51 28.04 10.82 65.3 62.7 6.96 34.88 
41.46 3.25 0 21.18 20.82 23.62 4.98 24.24 18.29 8.45 9.18 47 18.09 24.65 7.24 69.85 58.93 4.87 31.7 
36 23.07 22.34 0 5.43 11.09 21.54 37.78 9.74 10.23 28.27 36.64 29.96 28.23 15.62 74.33 70.27 11.98 16.43 
72.64 63.09 68 78.39 73.14 62.54 61.35 88.58 61.24 73.87 54.4 111.03 85.51 58 64.97 0 112.06 73.37 86.66 
95.18 59.48 58.32 63.08 68.41 70.94 54.99 35.64 65.85 50.16 62.14 58.08 35.94 78.35 59.13 112.9 0 51.59 78.62 
42.81 7.8 7.05 15.03 17.6 19.58 9.08 24.53 14.15 3.26 16.2 40.67 16.84 30.38 8.13 75.56 59.87 0 28.65 
35.38 36.97 36.29 15.49 7.58 23.53 31.84 54.71 21.97 26.2 38.22 28.56 47.81 36.34 27.52 85.63 85.82 27.83 0 
Dimension>37
Bandera>13
Fitness Greedy Costo>511.78
Solucion Greedy Costo>13 5 8 14 0 19 4 3 9 0 18 17 2 1 0 6 10 12 7 0 11 16 0 15 0 0 0 0 0 0 0 0 0 0 0 0 0 
Linea Vacia>
Dimension>37
Bandera>13
Fitness Greedy Costo>511.78
Dimension>37
Bandera>13
Fitness Greedy Costo>511.78
Solucion Greedy Costo>13 5 8 14 0 19 4 3 9 0 18 17 2 1 0 6 10 12 7 0 11 16 0 15 0 0 0 0 0 0 0 0 0 0 0 0 0 
Linea Vacia>
Matriz de Costos>
0 42.24 41.06 40.23 28.66 26.72 37.57 64.71 32.49 44.38 44.62 60.65 57.89 14.11 33.98 71.91 99.43 43.93 31.41 
45.47 0 2.34 24.55 24.17 26.94 5.14 27.58 21.7 12 4.33 50.91 21.51 28.04 10.82 65.3 62.7 6.96 34.88 
41.46 3.25 0 21.18 20.82 23.62 4.98 24.24 18.29 8.45 9.18 47 18.09 24.65 7.24 69.85 58.93 4.87 31.7 
36 23.07 22.34 0 5.43 11.09 21.54 37.78 9.74 10.23 28.27 36.64 29.96 28.23 15.62 74.33 70.27 11.98 16.43 
28.55 26.89 26.19 5.08 0 10.41 21.48 42.22 8.43 16.5 28.21 36.43 34.57 24.85 14.34 73.51 76.67 18.01 11.87 
29.71 26.31 25.58 15.53 9.86 0 21.74 48.91 2.73 18.12 28.06 49.6 41.83 14.62 9.88 59.71 78.96 17.92 24.5 
28.55 26.89 26.19 5.08 0 10.41 21.48 42.22 8.43 16.5 28.21 36.43 34.57 24.85 14.34 73.51 76.67 18.01 11.87 
29.71 26.31 25.58 15.53 9.86 0 21.74 48.91 2.73 18.12 28.06 49.6 41.83 14.62 9.88 59.71 78.96 17.92 24.5 
42.71 3.77 5.58 25.89 24.44 24.43 0 26.5 19.12 13.69 3.14 51.94 20.37 26.09 7.86 63.6 62.08 9.24 35.13 
67.32 27.49 26.76 37.31 43.33 46.1 26.87 0 40.45 25.44 33.46 40.71 9.54 48.72 30.23 94.2 37.37 24.03 53.32 
Solucion Greedy Costo>13 5 8 14 0 19 4 3 9 0 18 17 2 1 0 6 10 12 7 0 11 16 0 15 0 0 0 0 0 0 0 0 0 0 0 0 0 
Linea Vacia>
42.71 3.77 5.58 25.89 24.44 24.43 0 26.5 19.12 13.69 3.14 51.94 20.37 26.09 7.86 63.6 62.08 9.24 35.13 
67.32 27.49 26.76 37.31 43.33 46.1 26.87 0 40.45 25.44 33.46 40.71 9.54 48.72 30.23 94.2 37.37 24.03 53.32 
30.39 23.48 22.76 13.67 8.12 3.8 19.32 42.1 0 15.68 25.26 47.19 36.32 17.97 6.88 61.82 73.47 15.49 22.86 
42.07 14.86 14.11 7.02 13.22 17.46 15.76 30.04 12.16 0 22.69 37.52 22.06 32.91 12.58 81.17 60.17 5.45 22.48 
47.92 4.78 8.61 31.77 30.32 29.89 3.7 32.37 24.73 19.91 0 58.49 26.4 30.51 12.59 57.37 68.38 15.54 40.68 
62.07 48.42 47.26 33.25 34.35 47.18 49.5 48.23 45.61 33.78 56.78 0 41.75 65.33 47.06 110.62 66.4 38.3 26.2 
Matriz de Costos>
0 42.24 41.06 40.23 28.66 26.72 37.57 64.71 32.49 44.38 44.62 60.65 57.89 14.11 33.98 71.91 99.43 43.93 31.41 
45.47 0 2.34 24.55 24.17 26.94 5.14 27.58 21.7 12 4.33 50.91 21.51 28.04 10.82 65.3 62.7 6.96 34.88 
41.46 3.25 0 21.18 20.82 23.62 4.98 24.24 18.29 8.45 9.18 47 18.09 24.65 7.24 69.85 58.93 4.87 31.7 
36 23.07 22.34 0 5.43 11.09 21.54 37.78 9.74 10.23 28.27 36.64 29.96 28.23 15.62 74.33 70.27 11.98 16.43 
28.55 26.89 26.19 5.08 0 10.41 21.48 42.22 8.43 16.5 28.21 36.43 34.57 24.85 14.34 73.51 76.67 18.01 11.87 
29.71 26.31 25.58 15.53 9.86 0 21.74 48.91 2.73 18.12 28.06 49.6 41.83 14.62 9.88 59.71 78.96 17.92 24.5 
30.39 23.48 22.76 13.67 8.12 3.8 19.32 42.1 0 15.68 25.26 47.19 36.32 17.97 6.88 61.82 73.47 15.49 22.86 
42.07 14.86 14.11 7.02 13.22 17.46 15.76 30.04 12.16 0 22.69 37.52 22.06 32.91 12.58 81.17 60.17 5.45 22.48 
47.92 4.78 8.61 31.77 30.32 29.89 3.7 32.37 24.73 19.91 0 58.49 26.4 30.51 12.59 57.37 68.38 15.54 40.68 
Matriz de Costos>
0 42.24 41.06 40.23 28.66 26.72 37.57 64.71 32.49 44.38 44.62 60.65 57.89 14.11 33.98 71.91 99.43 43.93 31.41 
45.47 0 2.34 24.55 24.17 26.94 5.14 27.58 21.7 12 4.33 50.91 21.51 28.04 10.82 65.3 62.7 6.96 34.88 
41.46 3.25 0 21.18 20.82 23.62 4.98 24.24 18.29 8.45 9.18 47 18.09 24.65 7.24 69.85 58.93 4.87 31.7 
52.38 13.42 12.68 24.09 29.88 32.21 13.03 9.8 27.11 11.47 20.05 35.97 0 33.6 16.54 80.44 43.73 10.04 38.49 
12.47 35.42 34.67 31.82 23.81 17.03 29.74 56.56 18.16 27.57 37.47 66.25 49.61 0 19.59 66.02 86.92 27.35 34.63 
35.44 10.63 9.87 19.37 13.8 11.86 6.35 30.66 6.23 8.97 12.53 46.81 24.62 22.04 0 67.29 66.9 8.78 28.18 
72.64 63.09 68 78.39 73.14 62.54 61.35 88.58 61.24 73.87 54.4 111.03 85.51 58 64.97 0 112.06 73.37 86.66 
42.71 3.77 5.58 25.89 24.44 24.43 0 26.5 19.12 13.69 3.14 51.94 20.37 26.09 7.86 63.6 62.08 9.24 35.13 
67.32 27.49 26.76 37.31 43.33 46.1 26.87 0 40.45 25.44 33.46 40.71 9.54 48.72 30.23 94.2 37.37 24.03 53.32 
30.39 23.48 22.76 13.67 8.12 3.8 19.32 42.1 0 15.68 25.26 47.19 36.32 17.97 6.88 61.82 73.47 15.49 22.86 
42.07 14.86 14.11 7.02 13.22 17.46 15.76 30.04 12.16 0 22.69 37.52 22.06 32.91 12.58 81.17 60.17 5.45 22.48 
Dimension>37
Bandera>13
Fitness Greedy Costo>511.78
Solucion Greedy Costo>13 5 8 14 0 19 4 3 9 0 18 17 2 1 0 6 10 12 7 0 11 16 0 15 0 0 0 0 0 0 0 0 0 0 0 0 0 
Linea Vacia>
62.07 48.42 47.26 33.25 34.35 47.18 49.5 48.23 45.61 33.78 56.78 0 41.75 65.33 47.06 110.62 66.4 38.3 26.2 
52.38 13.42 12.68 24.09 29.88 32.21 13.03 9.8 27.11 11.47 20.05 35.97 0 33.6 16.54 80.44 43.73 10.04 38.49 
12.47 35.42 34.67 31.82 23.81 17.03 29.74 56.56 18.16 27.57 37.47 66.25 49.61 0 19.59 66.02 86.92 27.35 34.63 
36 23.07 22.34 0 5.43 11.09 21.54 37.78 9.74 10.23 28.27 36.64 29.96 28.23 15.62 74.33 70.27 11.98 16.43 
28.55 26.89 26.19 5.08 0 10.41 21.48 42.22 8.43 16.5 28.21 36.43 34.57 24.85 14.34 73.51 76.67 18.01 11.87 
29.71 26.31 25.58 15.53 9.86 0 21.74 48.91 2.73 18.12 28.06 49.6 41.83 14.62 9.88 59.71 78.96 17.92 24.5 
95.18 59.48 58.32 63.08 68.41 70.94 54.99 35.64 65.85 50.16 62.14 58.08 35.94 78.35 59.13 112.9 0 51.59 78.62 
42.81 7.8 7.05 15.03 17.6 19.58 9.08 24.53 14.15 3.26 16.2 40.67 16.84 30.38 8.13 75.56 59.87 0 28.65 
35.38 36.97 36.29 15.49 7.58 23.53 31.84 54.71 21.97 26.2 38.22 28.56 47.81 36.34 27.52 85.63 85.82 27.83 0 
47.92 4.78 8.61 31.77 30.32 29.89 3.7 32.37 24.73 19.91 0 58.49 26.4 30.51 12.59 57.37 68.38 15.54 40.68 
62.07 48.42 47.26 33.25 34.35 47.18 49.5 48.23 45.61 33.78 56.78 0 41.75 65.33 47.06 110.62 66.4 38.3 26.2 
52.38 13.42 12.68 24.09 29.88 32.21 13.03 9.8 27.11 11.47 20.05 35.97 0 33.6 16.54 80.44 43.73 10.04 38.49 
12.47 35.42 34.67 31.82 23.81 17.03 29.74 56.56 18.16 27.57 37.47 66.25 49.61 0 19.59 66.02 86.92 27.35 34.63 
35.44 10.63 9.87 19.37 13.8 11.86 6.35 30.66 6.23 8.97 12.53 46.81 24.62 22.04 0 67.29 66.9 8.78 28.18 
Matriz de Costos>
0 42.24 41.06 40.23 28.66 26.72 37.57 64.71 32.49 44.38 44.62 60.65 57.89 14.11 33.98 71.91 99.43 43.93 31.41 
45.47 0 2.34 24.55 24.17 26.94 5.14 27.58 21.7 12 4.33 50.91 21.51 28.04 10.82 65.3 62.7 6.96 34.88 
41.46 3.25 0 21.18 20.82 23.62 4.98 24.24 18.29 8.45 9.18 47 18.09 24.65 7.24 69.85 58.93 4.87 31.7 
42.71 3.77 5.58 25.89 24.44 24.43 0 26.5 19.12 13.69 3.14 51.94 20.37 26.09 7.86 63.6 62.08 9.24 35.13 
67.32 27.49 26.76 37.31 43.33 46.1 26.87 0 40.45 25.44 33.46 40.71 9.54 48.72 30.23 94.2 37.37 24.03 53.32 
30.39 23.48 22.76 13.67 8.12 3.8 19.32 42.1 0 15.68 25.26 47.19 36.32 17.97 6.88 61.82 73.47 15.49 22.86 
42.07 14.86 14.11 7.02 13.22 17.46 15.76 30.04 12.16 0 22.69 37.52 22.06 32.91 12.58 81.17 60.17 5.45 22.48 
72.64 63.09 68 78.39 73.14 62.54 61.35 88.58 61.24 73.87 54.4 111.03 85.51 58 64.97 0 112.06 73.37 86.66 
95.18 59.48 58.32 63.08 68.41 70.94 54.99 35.64 65.85 50.16 62.14 58.08 35.94 78.35 59.13 112.9 0 51.59 78.62 
42.81 7.8 7.05 15.03 17.6 19.58 9.08 24.53 14.15 3.26 16.2 40.67 16.84 30.38 8.13 75.56 59.87 0 28.65 
35.38 36.97 36.29 15.49 7.58 23.53 31.84 54.71 21.97 26.2 38.22 28.56 47.81 36.34 27.52 85.63 85.82 27.83 0 
Matriz de Costos>
0 42.24 41.06 40.23 28.66 26.72 37.57 64.71 32.49 44.38 44.62 60.65 57.89 14.11 33.98 71.91 99.43 43.93 31.41 
45.47 0 2.34 24.55 24.17 26.94 5.14 27.58 21.7 12 4.33 50.91 21.51 28.04 10.82 65.3 62.7 6.96 34.88 
41.46 3.25 0 21.18 20.82 23.62 4.98 24.24 18.29 8.45 9.18 47 18.09 24.65 7.24 69.85 58.93 4.87 31.7 
36 23.07 22.34 0 5.43 11.09 21.54 37.78 9.74 10.23 28.27 36.64 29.96 28.23 15.62 74.33 70.27 11.98 16.43 
35.44 10.63 9.87 19.37 13.8 11.86 6.35 30.66 6.23 8.97 12.53 46.81 24.62 22.04 0 67.29 66.9 8.78 28.18 
72.64 63.09 68 78.39 73.14 62.54 61.35 88.58 61.24 73.87 54.4 111.03 85.51 58 64.97 0 112.06 73.37 86.66 
95.18 59.48 58.32 63.08 68.41 70.94 54.99 35.64 65.85 50.16 62.14 58.08 35.94 78.35 59.13 112.9 0 51.59 78.62 
36 23.07 22.34 0 5.43 11.09 21.54 37.78 9.74 10.23 28.27 36.64 29.96 28.23 15.62 74.33 70.27 11.98 16.43 
28.55 26.89 26.19 5.08 0 10.41 21.48 42.22 8.43 16.5 28.21 36.43 34.57 24.85 14.34 73.51 76.67 18.01 11.87 
29.71 26.31 25.58 15.53 9.86 0 21.74 48.91 2.73 18.12 28.06 49.6 41.83 14.62 9.88 59.71 78.96 17.92 24.5 
47.92 4.78 8.61 31.77 30.32 29.89 3.7 32.37 24.73 19.91 0 58.49 26.4 30.51 12.59 57.37 68.38 15.54 40.68 
62.07 48.42 47.26 33.25 34.35 47.18 49.5 48.23 45.61 33.78 56.78 0 41.75 65.33 47.06 110.62 66.4 38.3 26.2 
52.38 13.42 12.68 24.09 29.88 32.21 13.03 9.8 27.11 11.47 20.05 35.97 0 33.6 16.54 80.44 43.73 10.04 38.49 
42.71 3.77 5.58 25.89 24.44 24.43 0 26.5 19.12 13.69 3.14 51.94 20.37 26.09 7.86 63.6 62.08 9.24 35.13 
67.32 27.49 26.76 37.31 43.33 46.1 26.87 0 40.45 25.44 33.46 40.71 9.54 48.72 30.23 94.2 37.37 24.03 53.32 
12.47 35.42 34.67 31.82 23.81 17.03 29.74 56.56 18.16 27.57 37.47 66.25 49.61 0 19.59 66.02 86.92 27.35 34.63 
35.44 10.63 9.87 19.37 13.8 11.86 6.35 30.66 6.23 8.97 12.53 46.81 24.62 22.04 0 67.29 66.9 8.78 28.18 
28.55 26.89 26.19 5.08 0 10.41 21.48 42.22 8.43 16.5 28.21 36.43 34.57 24.85 14.34 73.51 76.67 18.01 11.87 
29.71 26.31 25.58 15.53 9.86 0 21.74 48.91 2.73 18.12 28.06 49.6 41.83 14.62 9.88 59.71 78.96 17.92 24.5 
42.71 3.77 5.58 25.89 24.44 24.43 0 26.5 19.12 13.69 3.14 51.94 20.37 26.09 7.86 63.6 62.08 9.24 35.13 
67.32 27.49 26.76 37.31 43.33 46.1 26.87 0 40.45 25.44 33.46 40.71 9.54 48.72 30.23 94.2 37.37 24.03 53.32 
30.39 23.48 22.76 13.67 8.12 3.8 19.32 42.1 0 15.68 25.26 47.19 36.32 17.97 6.88 61.82 73.47 15.49 22.86 
42.07 14.86 14.11 7.02 13.22 17.46 15.76 30.04 12.16 0 22.69 37.52 22.06 32.91 12.58 81.17 60.17 5.45 22.48 
47.92 4.78 8.61 31.77 30.32 29.89 3.7 32.37 24.73 19.91 0 58.49 26.4 30.51 12.59 57.37 68.38 15.54 40.68 
42.81 7.8 7.05 15.03 17.6 19.58 9.08 24.53 14.15 3.26 16.2 40.67 16.84 30.38 8.13 75.56 59.87 0 28.65 
35.38 36.97 36.29 15.49 7.58 23.53 31.84 54.71 21.97 26.2 38.22 28.56 47.81 36.34 27.52 85.63 85.82 27.83 0 
30.39 23.48 22.76 13.67 8.12 3.8 19.32 42.1 0 15.68 25.26 47.19 36.32 17.97 6.88 61.82 73.47 15.49 22.86 
42.07 14.86 14.11 7.02 13.22 17.46 15.76 30.04 12.16 0 22.69 37.52 22.06 32.91 12.58 81.17 60.17 5.45 22.48 
72.64 63.09 68 78.39 73.14 62.54 61.35 88.58 61.24 73.87 54.4 111.03 85.51 58 64.97 0 112.06 73.37 86.66 
95.18 59.48 58.32 63.08 68.41 70.94 54.99 35.64 65.85 50.16 62.14 58.08 35.94 78.35 59.13 112.9 0 51.59 78.62 
42.81 7.8 7.05 15.03 17.6 19.58 9.08 24.53 14.15 3.26 16.2 40.67 16.84 30.38 8.13 75.56 59.87 0 28.65 
47.92 4.78 8.61 31.77 30.32 29.89 3.7 32.37 24.73 19.91 0 58.49 26.4 30.51 12.59 57.37 68.38 15.54 40.68 
62.07 48.42 47.26 33.25 34.35 47.18 49.5 48.23 45.61 33.78 56.78 0 41.75 65.33 47.06 110.62 66.4 38.3 26.2 
52.38 13.42 12.68 24.09 29.88 32.21 13.03 9.8 27.11 11.47 20.05 35.97 0 33.6 16.54 80.44 43.73 10.04 38.49 
12.47 35.42 34.67 31.82 23.81 17.03 29.74 56.56 18.16 27.57 37.47 66.25 49.61 0 19.59 66.02 86.92 27.35 34.63 
35.44 10.63 9.87 19.37 13.8 11.86 6.35 30.66 6.23 8.97 12.53 46.81 24.62 22.04 0 67.29 66.9 8.78 28.18 
72.64 63.09 68 78.39 73.14 62.54 61.35 88.58 61.24 73.87 54.4 111.03 85.51 58 64.97 0 112.06 73.37 86.66 
62.07 48.42 47.26 33.25 34.35 47.18 49.5 48.23 45.61 33.78 56.78 0 41.75 65.33 47.06 110.62 66.4 38.3 26.2 
35.38 36.97 36.29 15.49 7.58 23.53 31.84 54.71 21.97 26.2 38.22 28.56 47.81 36.34 27.52 85.63 85.82 27.83 0 
52.38 13.42 12.68 24.09 29.88 32.21 13.03 9.8 27.11 11.47 20.05 35.97 0 33.6 16.54 80.44 43.73 10.04 38.49 
12.47 35.42 34.67 31.82 23.81 17.03 29.74 56.56 18.16 27.57 37.47 66.25 49.61 0 19.59 66.02 86.92 27.35 34.63 
95.18 59.48 58.32 63.08 68.41 70.94 54.99 35.64 65.85 50.16 62.14 58.08 35.94 78.35 59.13 112.9 0 51.59 78.62 
42.81 7.8 7.05 15.03 17.6 19.58 9.08 24.53 14.15 3.26 16.2 40.67 16.84 30.38 8.13 75.56 59.87 0 28.65 
35.38 36.97 36.29 15.49 7.58 23.53 31.84 54.71 21.97 26.2 38.22 28.56 47.81 36.34 27.52 85.63 85.82 27.83 0 
Dimension>37
Bandera>13
Fitness Greedy Costo>511.78
Solucion Greedy Costo>13 5 8 14 0 19 4 3 9 0 18 17 2 1 0 6 10 12 7 0 11 16 0 15 0 0 0 0 0 0 0 0 0 0 0 0 0 
Linea Vacia>
35.44 10.63 9.87 19.37 13.8 11.86 6.35 30.66 6.23 8.97 12.53 46.81 24.62 22.04 0 67.29 66.9 8.78 28.18 
72.64 63.09 68 78.39 73.14 62.54 61.35 88.58 61.24 73.87 54.4 111.03 85.51 58 64.97 0 112.06 73.37 86.66 
95.18 59.48 58.32 63.08 68.41 70.94 54.99 35.64 65.85 50.16 62.14 58.08 35.94 78.35 59.13 112.9 0 51.59 78.62 
42.81 7.8 7.05 15.03 17.6 19.58 9.08 24.53 14.15 3.26 16.2 40.67 16.84 30.38 8.13 75.56 59.87 0 28.65 
35.38 36.97 36.29 15.49 7.58 23.53 31.84 54.71 21.97 26.2 38.22 28.56 47.81 36.34 27.52 85.63 85.82 27.83 0 
Matriz de Costos>
0 42.24 41.06 40.23 28.66 26.72 37.57 64.71 32.49 44.38 44.62 60.65 57.89 14.11 33.98 71.91 99.43 43.93 31.41 
45.47 0 2.34 24.55 24.17 26.94 5.14 27.58 21.7 12 4.33 50.91 21.51 28.04 10.82 65.3 62.7 6.96 34.88 
Dimension>37
Bandera>13
Fitness Greedy Costo>511.78
41.46 3.25 0 21.18 20.82 23.62 4.98 24.24 18.29 8.45 9.18 47 18.09 24.65 7.24 69.85 58.93 4.87 31.7 
36 23.07 22.34 0 5.43 11.09 21.54 37.78 9.74 10.23 28.27 36.64 29.96 28.23 15.62 74.33 70.27 11.98 16.43 
28.55 26.89 26.19 5.08 0 10.41 21.48 42.22 8.43 16.5 28.21 36.43 34.57 24.85 14.34 73.51 76.67 18.01 11.87 
Solucion Greedy Costo>13 5 8 14 0 19 4 3 9 0 18 17 2 1 0 6 10 12 7 0 11 16 0 15 0 0 0 0 0 0 0 0 0 0 0 0 0 
Linea Vacia>
29.71 26.31 25.58 15.53 9.86 0 21.74 48.91 2.73 18.12 28.06 49.6 41.83 14.62 9.88 59.71 78.96 17.92 24.5 
42.71 3.77 5.58 25.89 24.44 24.43 0 26.5 19.12 13.69 3.14 51.94 20.37 26.09 7.86 63.6 62.08 9.24 35.13 
67.32 27.49 26.76 37.31 43.33 46.1 26.87 0 40.45 25.44 33.46 40.71 9.54 48.72 30.23 94.2 37.37 24.03 53.32 
30.39 23.48 22.76 13.67 8.12 3.8 19.32 42.1 0 15.68 25.26 47.19 36.32 17.97 6.88 61.82 73.47 15.49 22.86 
42.07 14.86 14.11 7.02 13.22 17.46 15.76 30.04 12.16 0 22.69 37.52 22.06 32.91 12.58 81.17 60.17 5.45 22.48 
47.92 4.78 8.61 31.77 30.32 29.89 3.7 32.37 24.73 19.91 0 58.49 26.4 30.51 12.59 57.37 68.38 15.54 40.68 
62.07 48.42 47.26 33.25 34.35 47.18 49.5 48.23 45.61 33.78 56.78 0 41.75 65.33 47.06 110.62 66.4 38.3 26.2 
52.38 13.42 12.68 24.09 29.88 32.21 13.03 9.8 27.11 11.47 20.05 35.97 0 33.6 16.54 80.44 43.73 10.04 38.49 
12.47 35.42 34.67 31.82 23.81 17.03 29.74 56.56 18.16 27.57 37.47 66.25 49.61 0 19.59 66.02 86.92 27.35 34.63 
35.44 10.63 9.87 19.37 13.8 11.86 6.35 30.66 6.23 8.97 12.53 46.81 24.62 22.04 0 67.29 66.9 8.78 28.18 
72.64 63.09 68 78.39 73.14 62.54 61.35 88.58 61.24 73.87 54.4 111.03 85.51 58 64.97 0 112.06 73.37 86.66 
95.18 59.48 58.32 63.08 68.41 70.94 54.99 35.64 65.85 50.16 62.14 58.08 35.94 78.35 59.13 112.9 0 51.59 78.62 
42.81 7.8 7.05 15.03 17.6 19.58 9.08 24.53 14.15 3.26 16.2 40.67 16.84 30.38 8.13 75.56 59.87 0 28.65 
35.38 36.97 36.29 15.49 7.58 23.53 31.84 54.71 21.97 26.2 38.22 28.56 47.81 36.34 27.52 85.63 85.82 27.83 0 
Matriz de Costos>
0 42.24 41.06 40.23 28.66 26.72 37.57 64.71 32.49 44.38 44.62 60.65 57.89 14.11 33.98 71.91 99.43 43.93 31.41 
45.47 0 2.34 24.55 24.17 26.94 5.14 27.58 21.7 12 4.33 50.91 21.51 28.04 10.82 65.3 62.7 6.96 34.88 
41.46 3.25 0 21.18 20.82 23.62 4.98 24.24 18.29 8.45 9.18 47 18.09 24.65 7.24 69.85 58.93 4.87 31.7 
36 23.07 22.34 0 5.43 11.09 21.54 37.78 9.74 10.23 28.27 36.64 29.96 28.23 15.62 74.33 70.27 11.98 16.43 
28.55 26.89 26.19 5.08 0 10.41 21.48 42.22 8.43 16.5 28.21 36.43 34.57 24.85 14.34 73.51 76.67 18.01 11.87 
29.71 26.31 25.58 15.53 9.86 0 21.74 48.91 2.73 18.12 28.06 49.6 41.83 14.62 9.88 59.71 78.96 17.92 24.5 
42.71 3.77 5.58 25.89 24.44 24.43 0 26.5 19.12 13.69 3.14 51.94 20.37 26.09 7.86 63.6 62.08 9.24 35.13 
67.32 27.49 26.76 37.31 43.33 46.1 26.87 0 40.45 25.44 33.46 40.71 9.54 48.72 30.23 94.2 37.37 24.03 53.32 
30.39 23.48 22.76 13.67 8.12 3.8 19.32 42.1 0 15.68 25.26 47.19 36.32 17.97 6.88 61.82 73.47 15.49 22.86 
42.07 14.86 14.11 7.02 13.22 17.46 15.76 30.04 12.16 0 22.69 37.52 22.06 32.91 12.58 81.17 60.17 5.45 22.48 
47.92 4.78 8.61 31.77 30.32 29.89 3.7 32.37 24.73 19.91 0 58.49 26.4 30.51 12.59 57.37 68.38 15.54 40.68 
62.07 48.42 47.26 33.25 34.35 47.18 49.5 48.23 45.61 33.78 56.78 0 41.75 65.33 47.06 110.62 66.4 38.3 26.2 
52.38 13.42 12.68 24.09 29.88 32.21 13.03 9.8 27.11 11.47 20.05 35.97 0 33.6 16.54 80.44 43.73 10.04 38.49 
12.47 35.42 34.67 31.82 23.81 17.03 29.74 56.56 18.16 27.57 37.47 66.25 49.61 0 19.59 66.02 86.92 27.35 34.63 
35.44 10.63 9.87 19.37 13.8 11.86 6.35 30.66 6.23 8.97 12.53 46.81 24.62 22.04 0 67.29 66.9 8.78 28.18 
72.64 63.09 68 78.39 73.14 62.54 61.35 88.58 61.24 73.87 54.4 111.03 85.51 58 64.97 0 112.06 73.37 86.66 
95.18 59.48 58.32 63.08 68.41 70.94 54.99 35.64 65.85 50.16 62.14 58.08 35.94 78.35 59.13 112.9 0 51.59 78.62 
42.81 7.8 7.05 15.03 17.6 19.58 9.08 24.53 14.15 3.26 16.2 40.67 16.84 30.38 8.13 75.56 59.87 0 28.65 
35.38 36.97 36.29 15.49 7.58 23.53 31.84 54.71 21.97 26.2 38.22 28.56 47.81 36.34 27.52 85.63 85.82 27.83 0 
Dimension>37
Bandera>13
Fitness Greedy Costo>511.78
Solucion Greedy Costo>13 5 8 14 0 19 4 3 9 0 18 17 2 1 0 6 10 12 7 0 11 16 0 15 0 0 0 0 0 0 0 0 0 0 0 0 0 
Linea Vacia>
Dimension>37
Bandera>13
Fitness Greedy Costo>511.78
Solucion Greedy Costo>13 5 8 14 0 19 4 3 9 0 18 17 2 1 0 6 10 12 7 0 11 16 0 15 0 0 0 0 0 0 0 0 0 0 0 0 0 
Linea Vacia>
Matriz de Costos>
0 42.24 41.06 40.23 28.66 26.72 37.57 64.71 32.49 44.38 44.62 60.65 57.89 14.11 33.98 71.91 99.43 43.93 31.41 
45.47 0 2.34 24.55 24.17 26.94 5.14 27.58 21.7 12 4.33 50.91 21.51 28.04 10.82 65.3 62.7 6.96 34.88 
41.46 3.25 0 21.18 20.82 23.62 4.98 24.24 18.29 8.45 9.18 47 18.09 24.65 7.24 69.85 58.93 4.87 31.7 
36 23.07 22.34 0 5.43 11.09 21.54 37.78 9.74 10.23 28.27 36.64 29.96 28.23 15.62 74.33 70.27 11.98 16.43 
28.55 26.89 26.19 5.08 0 10.41 21.48 42.22 8.43 16.5 28.21 36.43 34.57 24.85 14.34 73.51 76.67 18.01 11.87 
29.71 26.31 25.58 15.53 9.86 0 21.74 48.91 2.73 18.12 28.06 49.6 41.83 14.62 9.88 59.71 78.96 17.92 24.5 
42.71 3.77 5.58 25.89 24.44 24.43 0 26.5 19.12 13.69 3.14 51.94 20.37 26.09 7.86 63.6 62.08 9.24 35.13 
67.32 27.49 26.76 37.31 43.33 46.1 26.87 0 40.45 25.44 33.46 40.71 9.54 48.72 30.23 94.2 37.37 24.03 53.32 
Dimension>37
30.39 23.48 22.76 13.67 8.12 3.8 19.32 42.1 0 15.68 25.26 47.19 36.32 17.97 6.88 61.82 73.47 15.49 22.86 
Bandera>13
Fitness Greedy Costo>511.78
42.07 14.86 14.11 7.02 13.22 17.46 15.76 30.04 12.16 0 22.69 37.52 22.06 32.91 12.58 81.17 60.17 5.45 22.48 
47.92 4.78 8.61 31.77 30.32 29.89 3.7 32.37 24.73 19.91 0 58.49 26.4 30.51 12.59 57.37 68.38 15.54 40.68 
Matriz de Costos>
Solucion Greedy Costo>13 5 8 14 0 19 4 3 9 0 18 17 2 1 0 6 10 12 7 0 11 16 0 15 0 0 0 0 0 0 0 0 0 0 0 0 0 
Linea Vacia>
62.07 48.42 47.26 33.25 34.35 47.18 49.5 48.23 45.61 33.78 56.78 0 41.75 65.33 47.06 110.62 66.4 38.3 26.2 
52.38 13.42 12.68 24.09 29.88 32.21 13.03 9.8 27.11 11.47 20.05 35.97 0 33.6 16.54 80.44 43.73 10.04 38.49 
0 42.24 41.06 40.23 28.66 26.72 37.57 64.71 32.49 44.38 44.62 60.65 57.89 14.11 33.98 71.91 99.43 43.93 31.41 
12.47 35.42 34.67 31.82 23.81 17.03 29.74 56.56 18.16 27.57 37.47 66.25 49.61 0 19.59 66.02 86.92 27.35 34.63 
45.47 0 2.34 24.55 24.17 26.94 5.14 27.58 21.7 12 4.33 50.91 21.51 28.04 10.82 65.3 62.7 6.96 34.88 
35.44 10.63 9.87 19.37 13.8 11.86 6.35 30.66 6.23 8.97 12.53 46.81 24.62 22.04 0 67.29 66.9 8.78 28.18 
72.64 63.09 68 78.39 73.14 62.54 61.35 88.58 61.24 73.87 54.4 111.03 85.51 58 64.97 0 112.06 73.37 86.66 
41.46 3.25 0 21.18 20.82 23.62 4.98 24.24 18.29 8.45 9.18 47 18.09 24.65 7.24 69.85 58.93 4.87 31.7 
95.18 59.48 58.32 63.08 68.41 70.94 54.99 35.64 65.85 50.16 62.14 58.08 35.94 78.35 59.13 112.9 0 51.59 78.62 
36 23.07 22.34 0 5.43 11.09 21.54 37.78 9.74 10.23 28.27 36.64 29.96 28.23 15.62 74.33 70.27 11.98 16.43 
42.81 7.8 7.05 15.03 17.6 19.58 9.08 24.53 14.15 3.26 16.2 40.67 16.84 30.38 8.13 75.56 59.87 0 28.65 
28.55 26.89 26.19 5.08 0 10.41 21.48 42.22 8.43 16.5 28.21 36.43 34.57 24.85 14.34 73.51 76.67 18.01 11.87 
35.38 36.97 36.29 15.49 7.58 23.53 31.84 54.71 21.97 26.2 38.22 28.56 47.81 36.34 27.52 85.63 85.82 27.83 0 
29.71 26.31 25.58 15.53 9.86 0 21.74 48.91 2.73 18.12 28.06 49.6 41.83 14.62 9.88 59.71 78.96 17.92 24.5 
42.71 3.77 5.58 25.89 24.44 24.43 0 26.5 19.12 13.69 3.14 51.94 20.37 26.09 7.86 63.6 62.08 9.24 35.13 
67.32 27.49 26.76 37.31 43.33 46.1 26.87 0 40.45 25.44 33.46 40.71 9.54 48.72 30.23 94.2 37.37 24.03 53.32 
Matriz de Costos>
30.39 23.48 22.76 13.67 8.12 3.8 19.32 42.1 0 15.68 25.26 47.19 36.32 17.97 6.88 61.82 73.47 15.49 22.86 
0 42.24 41.06 40.23 28.66 26.72 37.57 64.71 32.49 44.38 44.62 60.65 57.89 14.11 33.98 71.91 99.43 43.93 31.41 
42.07 14.86 14.11 7.02 13.22 17.46 15.76 30.04 12.16 0 22.69 37.52 22.06 32.91 12.58 81.17 60.17 5.45 22.48 
45.47 0 2.34 24.55 24.17 26.94 5.14 27.58 21.7 12 4.33 50.91 21.51 28.04 10.82 65.3 62.7 6.96 34.88 
47.92 4.78 8.61 31.77 30.32 29.89 3.7 32.37 24.73 19.91 0 58.49 26.4 30.51 12.59 57.37 68.38 15.54 40.68 
41.46 3.25 0 21.18 20.82 23.62 4.98 24.24 18.29 8.45 9.18 47 18.09 24.65 7.24 69.85 58.93 4.87 31.7 
62.07 48.42 47.26 33.25 34.35 47.18 49.5 48.23 45.61 33.78 56.78 0 41.75 65.33 47.06 110.62 66.4 38.3 26.2 
36 23.07 22.34 0 5.43 11.09 21.54 37.78 9.74 10.23 28.27 36.64 29.96 28.23 15.62 74.33 70.27 11.98 16.43 
28.55 26.89 26.19 5.08 0 10.41 21.48 42.22 8.43 16.5 28.21 36.43 34.57 24.85 14.34 73.51 76.67 18.01 11.87 
52.38 13.42 12.68 24.09 29.88 32.21 13.03 9.8 27.11 11.47 20.05 35.97 0 33.6 16.54 80.44 43.73 10.04 38.49 
12.47 35.42 34.67 31.82 23.81 17.03 29.74 56.56 18.16 27.57 37.47 66.25 49.61 0 19.59 66.02 86.92 27.35 34.63 
29.71 26.31 25.58 15.53 9.86 0 21.74 48.91 2.73 18.12 28.06 49.6 41.83 14.62 9.88 59.71 78.96 17.92 24.5 
35.44 10.63 9.87 19.37 13.8 11.86 6.35 30.66 6.23 8.97 12.53 46.81 24.62 22.04 0 67.29 66.9 8.78 28.18 
42.71 3.77 5.58 25.89 24.44 24.43 0 26.5 19.12 13.69 3.14 51.94 20.37 26.09 7.86 63.6 62.08 9.24 35.13 
72.64 63.09 68 78.39 73.14 62.54 61.35 88.58 61.24 73.87 54.4 111.03 85.51 58 64.97 0 112.06 73.37 86.66 
67.32 27.49 26.76 37.31 43.33 46.1 26.87 0 40.45 25.44 33.46 40.71 9.54 48.72 30.23 94.2 37.37 24.03 53.32 
95.18 59.48 58.32 63.08 68.41 70.94 54.99 35.64 65.85 50.16 62.14 58.08 35.94 78.35 59.13 112.9 0 51.59 78.62 
30.39 23.48 22.76 13.67 8.12 3.8 19.32 42.1 0 15.68 25.26 47.19 36.32 17.97 6.88 61.82 73.47 15.49 22.86 
42.81 7.8 7.05 15.03 17.6 19.58 9.08 24.53 14.15 3.26 16.2 40.67 16.84 30.38 8.13 75.56 59.87 0 28.65 
42.07 14.86 14.11 7.02 13.22 17.46 15.76 30.04 12.16 0 22.69 37.52 22.06 32.91 12.58 81.17 60.17 5.45 22.48 
47.92 4.78 8.61 31.77 30.32 29.89 3.7 32.37 24.73 19.91 0 58.49 26.4 30.51 12.59 57.37 68.38 15.54 40.68 
35.38 36.97 36.29 15.49 7.58 23.53 31.84 54.71 21.97 26.2 38.22 28.56 47.81 36.34 27.52 85.63 85.82 27.83 0 
62.07 48.42 47.26 33.25 34.35 47.18 49.5 48.23 45.61 33.78 56.78 0 41.75 65.33 47.06 110.62 66.4 38.3 26.2 
52.38 13.42 12.68 24.09 29.88 32.21 13.03 9.8 27.11 11.47 20.05 35.97 0 33.6 16.54 80.44 43.73 10.04 38.49 
12.47 35.42 34.67 31.82 23.81 17.03 29.74 56.56 18.16 27.57 37.47 66.25 49.61 0 19.59 66.02 86.92 27.35 34.63 
35.44 10.63 9.87 19.37 13.8 11.86 6.35 30.66 6.23 8.97 12.53 46.81 24.62 22.04 0 67.29 66.9 8.78 28.18 
72.64 63.09 68 78.39 73.14 62.54 61.35 88.58 61.24 73.87 54.4 111.03 85.51 58 64.97 0 112.06 73.37 86.66 
95.18 59.48 58.32 63.08 68.41 70.94 54.99 35.64 65.85 50.16 62.14 58.08 35.94 78.35 59.13 112.9 0 51.59 78.62 
42.81 7.8 7.05 15.03 17.6 19.58 9.08 24.53 14.15 3.26 16.2 40.67 16.84 30.38 8.13 75.56 59.87 0 28.65 
35.38 36.97 36.29 15.49 7.58 23.53 31.84 54.71 21.97 26.2 38.22 28.56 47.81 36.34 27.52 85.63 85.82 27.83 0 
GEN 0 770.220000
GEN 0 814.870000
GEN 0 753.590000
TIEMPO 0 770.220000
TIEMPO 0 753.590000
GEN 0 746.810000
TIEMPO 0 746.810000
GEN 0 790.340000
TIEMPO 0 774.950000
GEN 0 781.150000
TIEMPO 0 804.830000
TIEMPO 0 741.840000
GEN 0 785.690000
GEN 0 785.400000
TIEMPO 0 785.690000
TIEMPO 0 777.150000
GEN 0 766.870000
TIEMPO 0 766.870000
GEN 0 772.160000
TIEMPO 0 772.160000
GEN 0 796.250000
GEN 0 809.080000
TIEMPO 0 796.250000
TIEMPO 0 789.930000
GEN 0 780.030000
TIEMPO 0 780.030000
GEN 0 751.660000
TIEMPO 0 751.660000
GEN 0 817.080000
TIEMPO 0 721.140000
GEN 0 810.460000
GEN 0 781.030000
TIEMPO 0 778.130000
TIEMPO 0 751.680000
GEN 0 813.150000
GEN 0 772.130000
TIEMPO 0 813.150000
TIEMPO 0 772.130000
GREEDY 0 0.028516
GEN 0 742.450000
TIEMPO 0 685.830000
GEN 0 809.390000
TIEMPO 0 681.860000
GEN 0 786.640000
TIEMPO 0 786.640000
GEN 0 793.260000
TIEMPO 0 793.260000
GEN 0 759.740000
TIEMPO 0 759.740000
GREEDY 0 0.006319
GREEDY 0 0.045540
GREEDY 0 0.047233
GREEDY 0 0.044586
GREEDY 0 0.046812
GREEDY 0 0.077494
GREEDY 0 0.036697
GREEDY 5 0.064179
GREEDY 0 0.043621
GREEDY 0 0.071869
GREEDY 5 0.076693
GREEDY 5 0.053615
GREEDY 5 0.080416
GREEDY 5 0.070544
GREEDY 0 0.073099
GREEDY 0 0.070782
GREEDY 0 0.070659
GREEDY 10 0.084129
GREEDY 5 0.086424
GREEDY 0 0.133854
GREEDY 0 0.096171
GREEDY 10 0.123250
GREEDY 0 0.113778
GREEDY 0 0.131023
GREEDY 5 0.150911
GREEDY 5 0.154535
GREEDY 5 0.128310
GREEDY 10 0.120050
GREEDY 0 0.152508
GREEDY 5 0.153099
GREEDY 0 0.160114
GREEDY 0 0.146746
GREEDY 10 0.166290
GREEDY 5 0.155561
GREEDY 5 0.165043
GREEDY 5 0.227956
GREEDY 5 0.178481
GREEDY 0 0.180941
GEN 2500 469.810000
GREEDY 0 0.241985
GREEDY 5 0.234691
GREEDY 5 0.242533
GREEDY 5 0.277551
GREEDY 5 0.262959
GEN 2500 479.660000
GEN 2500 438.430000
GREEDY 10 0.264114
GREEDY 0 0.327977
GREEDY 0 0.301327
GEN 2500 471.880000
GREEDY 10 0.348437
GREEDY 10 0.340581
GREEDY 10 0.346035
GREEDY 5 0.329968
GEN 2500 437.070000
GEN 2500 488.310000
GEN 2500 459.020000
GEN 2500 451.940000
GEN 2500 492.010000
GEN 5000 466.910000
GEN 2500 450.140000
GREEDY 5 0.480086
GREEDY 10 0.448494
GEN 2500 445.950000
GEN 2500 462.240000
GREEDY 10 0.501421
GEN 2500 462.290000
GREEDY 10 0.466001
GEN 2500 471.850000
GREEDY 5 0.478068
GEN 2500 480.240000
GEN 5000 471.880000
GREEDY 10 0.524388
GREEDY 10 0.559571
GREEDY 10 0.573986
GREEDY 5 0.611947
GEN 5000 438.430000
GEN 7500 466.910000
GEN 2500 454.210000
GEN 2500 491.180000
GREEDY 5 0.661690
GEN 7500 456.880000
GEN 5000 441.700000
GEN 2500 443.030000
GEN 5000 454.610000
GEN 2500 459.770000
GEN 2500 485.520000
GEN 2500 439.110000
GEN 2500 474.380000
GEN 2500 451.490000
GEN 5000 437.070000
GEN 2500 482.210000
GREEDY 5 0.770986
GREEDY 10 0.810007
GEN 5000 444.450000
GEN 5000 454.810000
GREEDY 10 0.804347
GEN 5000 475.800000
GEN 5000 439.350000
GEN 5000 451.010000
GEN 5000 435.960000
GREEDY 15 0.836005
GEN 5000 462.290000
GEN 5000 480.240000
GEN 10000 466.910000
TIEMPO 0.869153 466.910000
GEN 10000 456.880000
TIEMPO 0.849745 456.880000
GEN 5000 456.580000
GEN 5000 483.380000
GEN 7500 438.430000
GEN 7500 441.700000
GEN 5000 442.520000
GEN 5000 433.990000
GEN 5000 485.520000
GEN 5000 468.830000
GEN 5000 436.760000
GEN 7500 437.070000
GEN 5000 482.210000
GEN 7500 444.450000
GEN 7500 437.130000
TIEMPO 1 437.130000
TIEMPO 1 442.520000
TIEMPO 1 451.010000
GEN 7500 445.110000
TIEMPO 1 475.800000
TIEMPO 1 445.110000
TIEMPO 1 444.450000
TIEMPO 1 438.430000
TIEMPO 1 433.990000
TIEMPO 1 437.070000
TIEMPO 1 480.240000
TIEMPO 1 456.580000
TIEMPO 1 462.290000
TIEMPO 1 483.380000
TIEMPO 1 468.830000
TIEMPO 1 459.770000
TIEMPO 1 439.350000
TIEMPO 1 485.520000
TIEMPO 1 436.760000
TIEMPO 1 441.700000
TIEMPO 1 435.960000
TIEMPO 1 482.210000
TIEMPO 1 439.110000
GEN 7500 439.350000
GEN 7500 451.010000
GEN 5000 459.770000
GEN 7500 435.960000
GEN 5000 439.110000
GEN 7500 462.290000
GEN 7500 480.240000
GEN 7500 483.380000
GEN 7500 475.800000
GEN 7500 433.990000
GEN 7500 468.830000
GEN 7500 485.520000
GEN 7500 436.760000
GEN 10000 437.070000
TIEMPO 1.129106 437.070000
GEN 10000 438.430000
TIEMPO 1.137584 438.430000
GEN 10000 441.700000
TIEMPO 1.107274 441.700000
GEN 7500 482.210000
GEN 10000 444.450000
TIEMPO 1.148916 444.450000
GEN 7500 456.580000
GEN 10000 437.130000
TIEMPO 1.172554 437.130000
GEN 7500 441.100000
GEN 7500 445.690000
GEN 10000 439.350000
TIEMPO 1.243521 439.350000
GEN 10000 440.840000
TIEMPO 1.285405 440.840000
GEN 10000 483.380000
TIEMPO 1.265868 483.380000
GEN 10000 435.960000
TIEMPO 1.250950 435.960000
GEN 10000 462.290000
TIEMPO 1.280755 462.290000
GEN 10000 480.240000
TIEMPO 1.289311 480.240000
GEN 10000 468.830000
TIEMPO 1.287659 468.830000
GEN 10000 436.760000
TIEMPO 1.284159 436.760000
GEN 10000 433.990000
TIEMPO 1.311713 433.990000
GEN 10000 482.210000
TIEMPO 1.279589 482.210000
GEN 10000 485.520000
TIEMPO 1.297918 485.520000
GEN 7500 437.130000
GEN 10000 446.000000
TIEMPO 1.329268 446.000000
GEN 10000 441.100000
TIEMPO 1.378285 441.100000
GEN 10000 445.110000
TIEMPO 1.376845 445.110000
GEN 10000 445.690000
TIEMPO 1.419593 445.690000
GEN 10000 475.800000
TIEMPO 1.474814 475.800000
GEN 10000 437.130000
TIEMPO 1.535247 437.130000

 Current State ---------------------------------------------
Solution:  19 5 8 14 0 4 18 11 0 6 1 10 15 0 13 17 9 3 0 0 0 0 0 0 0 0 0 0 0 0 0 0 0 2 12 7 16 Fitness: 433.99

 :( ---------------------- THE END --------------- :) 
