Dimension>37
Bandera>13
Fitness Greedy Costo>511.78
Solucion Greedy Costo>13 5 8 14 0 19 4 3 9 0 18 17 2 1 0 6 10 12 7 0 11 16 0 15 0 0 0 0 0 0 0 0 0 0 0 0 0 
Linea Vacia>
Matriz de Costos>
0 42.24 41.06 40.23 28.66 26.72 37.57 64.71 32.49 44.38 44.62 60.65 57.89 14.11 33.98 71.91 99.43 43.93 31.41 
45.47 0 2.34 24.55 24.17 26.94 5.14 27.58 21.7 12 4.33 50.91 21.51 28.04 10.82 65.3 62.7 6.96 34.88 
41.46 3.25 0 21.18 20.82 23.62 4.98 24.24 18.29 8.45 9.18 47 18.09 24.65 7.24 69.85 58.93 4.87 31.7 
36 23.07 22.34 0 5.43 11.09 21.54 37.78 9.74 10.23 28.27 36.64 29.96 28.23 15.62 74.33 70.27 11.98 16.43 
28.55 26.89 26.19 5.08 0 10.41 21.48 42.22 8.43 16.5 28.21 36.43 34.57 24.85 14.34 73.51 76.67 18.01 11.87 
Dimension>37
Bandera>13
Fitness Greedy Costo>511.78
Solucion Greedy Costo>13 5 8 14 0 19 4 3 9 0 18 17 2 1 0 6 10 12 7 0 11 16 0 15 0 0 0 0 0 0 0 0 0 0 0 0 0 
Linea Vacia>
Matriz de Costos>
Dimension>37
Bandera>13
Fitness Greedy Costo>511.78
Solucion Greedy Costo>13 5 8 14 0 19 4 3 9 0 18 17 2 1 0 6 10 12 7 0 11 16 0 15 0 0 0 0 0 0 0 0 0 0 0 0 0 
Linea Vacia>
Matriz de Costos>
0 42.24 41.06 40.23 28.66 26.72 37.57 64.71 32.49 44.38 44.62 60.65 57.89 14.11 33.98 71.91 99.43 43.93 31.41 
45.47 0 2.34 24.55 24.17 26.94 5.14 27.58 21.7 12 4.33 50.91 21.51 28.04 10.82 65.3 62.7 6.96 34.88 
41.46 3.25 0 21.18 20.82 23.62 4.98 24.24 18.29 8.45 9.18 47 18.09 24.65 7.24 69.85 58.93 4.87 31.7 
36 23.07 22.34 0 5.43 11.09 21.54 37.78 9.74 10.23 28.27 36.64 29.96 28.23 15.62 74.33 70.27 11.98 16.43 
Dimension>37
Bandera>13
Fitness Greedy Costo>511.78
Solucion Greedy Costo>13 5 8 14 0 19 4 3 9 0 18 17 2 1 0 6 10 12 7 0 11 16 0 15 0 0 0 0 0 0 0 0 0 0 0 0 0 
Linea Vacia>
29.71 26.31 25.58 15.53 9.86 0 21.74 48.91 2.73 18.12 28.06 49.6 41.83 14.62 9.88 59.71 78.96 17.92 24.5 
0 42.24 41.06 40.23 28.66 26.72 37.57 64.71 32.49 44.38 44.62 60.65 57.89 14.11 33.98 71.91 99.43 43.93 31.41 
45.47 0 2.34 24.55 24.17 26.94 5.14 27.58 21.7 12 4.33 50.91 21.51 28.04 10.82 65.3 62.7 6.96 34.88 
28.55 26.89 26.19 5.08 0 10.41 21.48 42.22 8.43 16.5 28.21 36.43 34.57 24.85 14.34 73.51 76.67 18.01 11.87 
42.71 3.77 5.58 25.89 24.44 24.43 0 26.5 19.12 13.69 3.14 51.94 20.37 26.09 7.86 63.6 62.08 9.24 35.13 
41.46 3.25 0 21.18 20.82 23.62 4.98 24.24 18.29 8.45 9.18 47 18.09 24.65 7.24 69.85 58.93 4.87 31.7 
29.71 26.31 25.58 15.53 9.86 0 21.74 48.91 2.73 18.12 28.06 49.6 41.83 14.62 9.88 59.71 78.96 17.92 24.5 
Dimension>37
36 23.07 22.34 0 5.43 11.09 21.54 37.78 9.74 10.23 28.27 36.64 29.96 28.23 15.62 74.33 70.27 11.98 16.43 
28.55 26.89 26.19 5.08 0 10.41 21.48 42.22 8.43 16.5 28.21 36.43 34.57 24.85 14.34 73.51 76.67 18.01 11.87 
42.71 3.77 5.58 25.89 24.44 24.43 0 26.5 19.12 13.69 3.14 51.94 20.37 26.09 7.86 63.6 62.08 9.24 35.13 
67.32 27.49 26.76 37.31 43.33 46.1 26.87 0 40.45 25.44 33.46 40.71 9.54 48.72 30.23 94.2 37.37 24.03 53.32 
Dimension>37
Bandera>13
Fitness Greedy Costo>511.78
30.39 23.48 22.76 13.67 8.12 3.8 19.32 42.1 0 15.68 25.26 47.19 36.32 17.97 6.88 61.82 73.47 15.49 22.86 
29.71 26.31 25.58 15.53 9.86 0 21.74 48.91 2.73 18.12 28.06 49.6 41.83 14.62 9.88 59.71 78.96 17.92 24.5 
42.71 3.77 5.58 25.89 24.44 24.43 0 26.5 19.12 13.69 3.14 51.94 20.37 26.09 7.86 63.6 62.08 9.24 35.13 
67.32 27.49 26.76 37.31 43.33 46.1 26.87 0 40.45 25.44 33.46 40.71 9.54 48.72 30.23 94.2 37.37 24.03 53.32 
Solucion Greedy Costo>13 5 8 14 0 19 4 3 9 0 18 17 2 1 0 6 10 12 7 0 11 16 0 15 0 0 0 0 0 0 0 0 0 0 0 0 0 
Linea Vacia>
30.39 23.48 22.76 13.67 8.12 3.8 19.32 42.1 0 15.68 25.26 47.19 36.32 17.97 6.88 61.82 73.47 15.49 22.86 
42.07 14.86 14.11 7.02 13.22 17.46 15.76 30.04 12.16 0 22.69 37.52 22.06 32.91 12.58 81.17 60.17 5.45 22.48 
67.32 27.49 26.76 37.31 43.33 46.1 26.87 0 40.45 25.44 33.46 40.71 9.54 48.72 30.23 94.2 37.37 24.03 53.32 
Bandera>13
Fitness Greedy Costo>511.78
47.92 4.78 8.61 31.77 30.32 29.89 3.7 32.37 24.73 19.91 0 58.49 26.4 30.51 12.59 57.37 68.38 15.54 40.68 
30.39 23.48 22.76 13.67 8.12 3.8 19.32 42.1 0 15.68 25.26 47.19 36.32 17.97 6.88 61.82 73.47 15.49 22.86 
42.07 14.86 14.11 7.02 13.22 17.46 15.76 30.04 12.16 0 22.69 37.52 22.06 32.91 12.58 81.17 60.17 5.45 22.48 
47.92 4.78 8.61 31.77 30.32 29.89 3.7 32.37 24.73 19.91 0 58.49 26.4 30.51 12.59 57.37 68.38 15.54 40.68 
Solucion Greedy Costo>13 5 8 14 0 19 4 3 9 0 18 17 2 1 0 6 10 12 7 0 11 16 0 15 0 0 0 0 0 0 0 0 0 0 0 0 0 
Linea Vacia>
42.07 14.86 14.11 7.02 13.22 17.46 15.76 30.04 12.16 0 22.69 37.52 22.06 32.91 12.58 81.17 60.17 5.45 22.48 
62.07 48.42 47.26 33.25 34.35 47.18 49.5 48.23 45.61 33.78 56.78 0 41.75 65.33 47.06 110.62 66.4 38.3 26.2 
47.92 4.78 8.61 31.77 30.32 29.89 3.7 32.37 24.73 19.91 0 58.49 26.4 30.51 12.59 57.37 68.38 15.54 40.68 
62.07 48.42 47.26 33.25 34.35 47.18 49.5 48.23 45.61 33.78 56.78 0 41.75 65.33 47.06 110.62 66.4 38.3 26.2 
52.38 13.42 12.68 24.09 29.88 32.21 13.03 9.8 27.11 11.47 20.05 35.97 0 33.6 16.54 80.44 43.73 10.04 38.49 
62.07 48.42 47.26 33.25 34.35 47.18 49.5 48.23 45.61 33.78 56.78 0 41.75 65.33 47.06 110.62 66.4 38.3 26.2 
52.38 13.42 12.68 24.09 29.88 32.21 13.03 9.8 27.11 11.47 20.05 35.97 0 33.6 16.54 80.44 43.73 10.04 38.49 
Matriz de Costos>
12.47 35.42 34.67 31.82 23.81 17.03 29.74 56.56 18.16 27.57 37.47 66.25 49.61 0 19.59 66.02 86.92 27.35 34.63 
52.38 13.42 12.68 24.09 29.88 32.21 13.03 9.8 27.11 11.47 20.05 35.97 0 33.6 16.54 80.44 43.73 10.04 38.49 
0 42.24 41.06 40.23 28.66 26.72 37.57 64.71 32.49 44.38 44.62 60.65 57.89 14.11 33.98 71.91 99.43 43.93 31.41 
12.47 35.42 34.67 31.82 23.81 17.03 29.74 56.56 18.16 27.57 37.47 66.25 49.61 0 19.59 66.02 86.92 27.35 34.63 
12.47 35.42 34.67 31.82 23.81 17.03 29.74 56.56 18.16 27.57 37.47 66.25 49.61 0 19.59 66.02 86.92 27.35 34.63 
35.44 10.63 9.87 19.37 13.8 11.86 6.35 30.66 6.23 8.97 12.53 46.81 24.62 22.04 0 67.29 66.9 8.78 28.18 
35.44 10.63 9.87 19.37 13.8 11.86 6.35 30.66 6.23 8.97 12.53 46.81 24.62 22.04 0 67.29 66.9 8.78 28.18 
45.47 0 2.34 24.55 24.17 26.94 5.14 27.58 21.7 12 4.33 50.91 21.51 28.04 10.82 65.3 62.7 6.96 34.88 
41.46 3.25 0 21.18 20.82 23.62 4.98 24.24 18.29 8.45 9.18 47 18.09 24.65 7.24 69.85 58.93 4.87 31.7 
35.44 10.63 9.87 19.37 13.8 11.86 6.35 30.66 6.23 8.97 12.53 46.81 24.62 22.04 0 67.29 66.9 8.78 28.18 
72.64 63.09 68 78.39 73.14 62.54 61.35 88.58 61.24 73.87 54.4 111.03 85.51 58 64.97 0 112.06 73.37 86.66 
72.64 63.09 68 78.39 73.14 62.54 61.35 88.58 61.24 73.87 54.4 111.03 85.51 58 64.97 0 112.06 73.37 86.66 
72.64 63.09 68 78.39 73.14 62.54 61.35 88.58 61.24 73.87 54.4 111.03 85.51 58 64.97 0 112.06 73.37 86.66 
36 23.07 22.34 0 5.43 11.09 21.54 37.78 9.74 10.23 28.27 36.64 29.96 28.23 15.62 74.33 70.27 11.98 16.43 
Matriz de Costos>
0 42.24 41.06 40.23 28.66 26.72 37.57 64.71 32.49 44.38 44.62 60.65 57.89 14.11 33.98 71.91 99.43 43.93 31.41 
95.18 59.48 58.32 63.08 68.41 70.94 54.99 35.64 65.85 50.16 62.14 58.08 35.94 78.35 59.13 112.9 0 51.59 78.62 
42.81 7.8 7.05 15.03 17.6 19.58 9.08 24.53 14.15 3.26 16.2 40.67 16.84 30.38 8.13 75.56 59.87 0 28.65 
95.18 59.48 58.32 63.08 68.41 70.94 54.99 35.64 65.85 50.16 62.14 58.08 35.94 78.35 59.13 112.9 0 51.59 78.62 
95.18 59.48 58.32 63.08 68.41 70.94 54.99 35.64 65.85 50.16 62.14 58.08 35.94 78.35 59.13 112.9 0 51.59 78.62 
28.55 26.89 26.19 5.08 0 10.41 21.48 42.22 8.43 16.5 28.21 36.43 34.57 24.85 14.34 73.51 76.67 18.01 11.87 
29.71 26.31 25.58 15.53 9.86 0 21.74 48.91 2.73 18.12 28.06 49.6 41.83 14.62 9.88 59.71 78.96 17.92 24.5 
42.81 7.8 7.05 15.03 17.6 19.58 9.08 24.53 14.15 3.26 16.2 40.67 16.84 30.38 8.13 75.56 59.87 0 28.65 
42.81 7.8 7.05 15.03 17.6 19.58 9.08 24.53 14.15 3.26 16.2 40.67 16.84 30.38 8.13 75.56 59.87 0 28.65 
45.47 0 2.34 24.55 24.17 26.94 5.14 27.58 21.7 12 4.33 50.91 21.51 28.04 10.82 65.3 62.7 6.96 34.88 
41.46 3.25 0 21.18 20.82 23.62 4.98 24.24 18.29 8.45 9.18 47 18.09 24.65 7.24 69.85 58.93 4.87 31.7 
35.38 36.97 36.29 15.49 7.58 23.53 31.84 54.71 21.97 26.2 38.22 28.56 47.81 36.34 27.52 85.63 85.82 27.83 0 
42.71 3.77 5.58 25.89 24.44 24.43 0 26.5 19.12 13.69 3.14 51.94 20.37 26.09 7.86 63.6 62.08 9.24 35.13 
Matriz de Costos>
35.38 36.97 36.29 15.49 7.58 23.53 31.84 54.71 21.97 26.2 38.22 28.56 47.81 36.34 27.52 85.63 85.82 27.83 0 
35.38 36.97 36.29 15.49 7.58 23.53 31.84 54.71 21.97 26.2 38.22 28.56 47.81 36.34 27.52 85.63 85.82 27.83 0 
67.32 27.49 26.76 37.31 43.33 46.1 26.87 0 40.45 25.44 33.46 40.71 9.54 48.72 30.23 94.2 37.37 24.03 53.32 
36 23.07 22.34 0 5.43 11.09 21.54 37.78 9.74 10.23 28.27 36.64 29.96 28.23 15.62 74.33 70.27 11.98 16.43 
28.55 26.89 26.19 5.08 0 10.41 21.48 42.22 8.43 16.5 28.21 36.43 34.57 24.85 14.34 73.51 76.67 18.01 11.87 
30.39 23.48 22.76 13.67 8.12 3.8 19.32 42.1 0 15.68 25.26 47.19 36.32 17.97 6.88 61.82 73.47 15.49 22.86 
0 42.24 41.06 40.23 28.66 26.72 37.57 64.71 32.49 44.38 44.62 60.65 57.89 14.11 33.98 71.91 99.43 43.93 31.41 
45.47 0 2.34 24.55 24.17 26.94 5.14 27.58 21.7 12 4.33 50.91 21.51 28.04 10.82 65.3 62.7 6.96 34.88 
29.71 26.31 25.58 15.53 9.86 0 21.74 48.91 2.73 18.12 28.06 49.6 41.83 14.62 9.88 59.71 78.96 17.92 24.5 
42.71 3.77 5.58 25.89 24.44 24.43 0 26.5 19.12 13.69 3.14 51.94 20.37 26.09 7.86 63.6 62.08 9.24 35.13 
42.07 14.86 14.11 7.02 13.22 17.46 15.76 30.04 12.16 0 22.69 37.52 22.06 32.91 12.58 81.17 60.17 5.45 22.48 
41.46 3.25 0 21.18 20.82 23.62 4.98 24.24 18.29 8.45 9.18 47 18.09 24.65 7.24 69.85 58.93 4.87 31.7 
47.92 4.78 8.61 31.77 30.32 29.89 3.7 32.37 24.73 19.91 0 58.49 26.4 30.51 12.59 57.37 68.38 15.54 40.68 
67.32 27.49 26.76 37.31 43.33 46.1 26.87 0 40.45 25.44 33.46 40.71 9.54 48.72 30.23 94.2 37.37 24.03 53.32 
30.39 23.48 22.76 13.67 8.12 3.8 19.32 42.1 0 15.68 25.26 47.19 36.32 17.97 6.88 61.82 73.47 15.49 22.86 
62.07 48.42 47.26 33.25 34.35 47.18 49.5 48.23 45.61 33.78 56.78 0 41.75 65.33 47.06 110.62 66.4 38.3 26.2 
36 23.07 22.34 0 5.43 11.09 21.54 37.78 9.74 10.23 28.27 36.64 29.96 28.23 15.62 74.33 70.27 11.98 16.43 
28.55 26.89 26.19 5.08 0 10.41 21.48 42.22 8.43 16.5 28.21 36.43 34.57 24.85 14.34 73.51 76.67 18.01 11.87 
52.38 13.42 12.68 24.09 29.88 32.21 13.03 9.8 27.11 11.47 20.05 35.97 0 33.6 16.54 80.44 43.73 10.04 38.49 
42.07 14.86 14.11 7.02 13.22 17.46 15.76 30.04 12.16 0 22.69 37.52 22.06 32.91 12.58 81.17 60.17 5.45 22.48 
47.92 4.78 8.61 31.77 30.32 29.89 3.7 32.37 24.73 19.91 0 58.49 26.4 30.51 12.59 57.37 68.38 15.54 40.68 
12.47 35.42 34.67 31.82 23.81 17.03 29.74 56.56 18.16 27.57 37.47 66.25 49.61 0 19.59 66.02 86.92 27.35 34.63 
29.71 26.31 25.58 15.53 9.86 0 21.74 48.91 2.73 18.12 28.06 49.6 41.83 14.62 9.88 59.71 78.96 17.92 24.5 
62.07 48.42 47.26 33.25 34.35 47.18 49.5 48.23 45.61 33.78 56.78 0 41.75 65.33 47.06 110.62 66.4 38.3 26.2 
35.44 10.63 9.87 19.37 13.8 11.86 6.35 30.66 6.23 8.97 12.53 46.81 24.62 22.04 0 67.29 66.9 8.78 28.18 
72.64 63.09 68 78.39 73.14 62.54 61.35 88.58 61.24 73.87 54.4 111.03 85.51 58 64.97 0 112.06 73.37 86.66 
42.71 3.77 5.58 25.89 24.44 24.43 0 26.5 19.12 13.69 3.14 51.94 20.37 26.09 7.86 63.6 62.08 9.24 35.13 
52.38 13.42 12.68 24.09 29.88 32.21 13.03 9.8 27.11 11.47 20.05 35.97 0 33.6 16.54 80.44 43.73 10.04 38.49 
12.47 35.42 34.67 31.82 23.81 17.03 29.74 56.56 18.16 27.57 37.47 66.25 49.61 0 19.59 66.02 86.92 27.35 34.63 
67.32 27.49 26.76 37.31 43.33 46.1 26.87 0 40.45 25.44 33.46 40.71 9.54 48.72 30.23 94.2 37.37 24.03 53.32 
35.44 10.63 9.87 19.37 13.8 11.86 6.35 30.66 6.23 8.97 12.53 46.81 24.62 22.04 0 67.29 66.9 8.78 28.18 
95.18 59.48 58.32 63.08 68.41 70.94 54.99 35.64 65.85 50.16 62.14 58.08 35.94 78.35 59.13 112.9 0 51.59 78.62 
42.81 7.8 7.05 15.03 17.6 19.58 9.08 24.53 14.15 3.26 16.2 40.67 16.84 30.38 8.13 75.56 59.87 0 28.65 
30.39 23.48 22.76 13.67 8.12 3.8 19.32 42.1 0 15.68 25.26 47.19 36.32 17.97 6.88 61.82 73.47 15.49 22.86 
72.64 63.09 68 78.39 73.14 62.54 61.35 88.58 61.24 73.87 54.4 111.03 85.51 58 64.97 0 112.06 73.37 86.66 
95.18 59.48 58.32 63.08 68.41 70.94 54.99 35.64 65.85 50.16 62.14 58.08 35.94 78.35 59.13 112.9 0 51.59 78.62 
35.38 36.97 36.29 15.49 7.58 23.53 31.84 54.71 21.97 26.2 38.22 28.56 47.81 36.34 27.52 85.63 85.82 27.83 0 
42.07 14.86 14.11 7.02 13.22 17.46 15.76 30.04 12.16 0 22.69 37.52 22.06 32.91 12.58 81.17 60.17 5.45 22.48 
47.92 4.78 8.61 31.77 30.32 29.89 3.7 32.37 24.73 19.91 0 58.49 26.4 30.51 12.59 57.37 68.38 15.54 40.68 
62.07 48.42 47.26 33.25 34.35 47.18 49.5 48.23 45.61 33.78 56.78 0 41.75 65.33 47.06 110.62 66.4 38.3 26.2 
42.81 7.8 7.05 15.03 17.6 19.58 9.08 24.53 14.15 3.26 16.2 40.67 16.84 30.38 8.13 75.56 59.87 0 28.65 
35.38 36.97 36.29 15.49 7.58 23.53 31.84 54.71 21.97 26.2 38.22 28.56 47.81 36.34 27.52 85.63 85.82 27.83 0 
52.38 13.42 12.68 24.09 29.88 32.21 13.03 9.8 27.11 11.47 20.05 35.97 0 33.6 16.54 80.44 43.73 10.04 38.49 
12.47 35.42 34.67 31.82 23.81 17.03 29.74 56.56 18.16 27.57 37.47 66.25 49.61 0 19.59 66.02 86.92 27.35 34.63 
35.44 10.63 9.87 19.37 13.8 11.86 6.35 30.66 6.23 8.97 12.53 46.81 24.62 22.04 0 67.29 66.9 8.78 28.18 
72.64 63.09 68 78.39 73.14 62.54 61.35 88.58 61.24 73.87 54.4 111.03 85.51 58 64.97 0 112.06 73.37 86.66 
95.18 59.48 58.32 63.08 68.41 70.94 54.99 35.64 65.85 50.16 62.14 58.08 35.94 78.35 59.13 112.9 0 51.59 78.62 
42.81 7.8 7.05 15.03 17.6 19.58 9.08 24.53 14.15 3.26 16.2 40.67 16.84 30.38 8.13 75.56 59.87 0 28.65 
35.38 36.97 36.29 15.49 7.58 23.53 31.84 54.71 21.97 26.2 38.22 28.56 47.81 36.34 27.52 85.63 85.82 27.83 0 
Dimension>37
Bandera>13
Fitness Greedy Costo>511.78
Solucion Greedy Costo>13 5 8 14 0 19 4 3 9 0 18 17 2 1 0 6 10 12 7 0 11 16 0 15 0 0 0 0 0 0 0 0 0 0 0 0 0 
Linea Vacia>
Dimension>37
Bandera>13
Fitness Greedy Costo>511.78
Dimension>37
Bandera>13
Fitness Greedy Costo>511.78
Solucion Greedy Costo>13 5 8 14 0 19 4 3 9 0 18 17 2 1 0 6 10 12 7 0 11 16 0 15 0 0 0 0 0 0 0 0 0 0 0 0 0 
Linea Vacia>
Solucion Greedy Costo>13 5 8 14 0 19 4 3 9 0 18 17 2 1 0 6 10 12 7 0 11 16 0 15 0 0 0 0 0 0 0 0 0 0 0 0 0 
Linea Vacia>
Dimension>37
Bandera>13
Dimension>37
Bandera>13
Fitness Greedy Costo>511.78
Solucion Greedy Costo>13 5 8 14 0 19 4 3 9 0 18 17 2 1 0 6 10 12 7 0 11 16 0 15 0 0 0 0 0 0 0 0 0 0 0 0 0 
Linea Vacia>
Dimension>37
Bandera>13
Fitness Greedy Costo>511.78
Matriz de Costos>
0 42.24 41.06 40.23 28.66 26.72 37.57 64.71 32.49 44.38 44.62 60.65 57.89 14.11 33.98 71.91 99.43 43.93 31.41 
Fitness Greedy Costo>511.78
Solucion Greedy Costo>13 5 8 14 0 19 4 3 9 0 18 17 2 1 0 6 10 12 7 0 11 16 0 15 0 0 0 0 0 0 0 0 0 0 0 0 0 
Linea Vacia>
Solucion Greedy Costo>13 5 8 14 0 19 4 3 9 0 18 17 2 1 0 6 10 12 7 0 11 16 0 15 0 0 0 0 0 0 0 0 0 0 0 0 0 
Linea Vacia>
Dimension>37
Bandera>13
Fitness Greedy Costo>511.78
Solucion Greedy Costo>13 5 8 14 0 19 4 3 9 0 18 17 2 1 0 6 10 12 7 0 11 16 0 15 0 0 0 0 0 0 0 0 0 0 0 0 0 
Linea Vacia>
Dimension>37
Bandera>13
Fitness Greedy Costo>511.78
45.47 0 2.34 24.55 24.17 26.94 5.14 27.58 21.7 12 4.33 50.91 21.51 28.04 10.82 65.3 62.7 6.96 34.88 
41.46 3.25 0 21.18 20.82 23.62 4.98 24.24 18.29 8.45 9.18 47 18.09 24.65 7.24 69.85 58.93 4.87 31.7 
36 23.07 22.34 0 5.43 11.09 21.54 37.78 9.74 10.23 28.27 36.64 29.96 28.23 15.62 74.33 70.27 11.98 16.43 
Dimension>37
Dimension>37
Bandera>13
Fitness Greedy Costo>511.78
Solucion Greedy Costo>13 5 8 14 0 19 4 3 9 0 18 17 2 1 0 6 10 12 7 0 11 16 0 15 0 0 0 0 0 0 0 0 0 0 0 0 0 
Linea Vacia>
Dimension>37
Bandera>13
Solucion Greedy Costo>13 5 8 14 0 19 4 3 9 0 18 17 2 1 0 6 10 12 7 0 11 16 0 15 0 0 0 0 0 0 0 0 0 0 0 0 0 
Linea Vacia>
28.55 26.89 26.19 5.08 0 10.41 21.48 42.22 8.43 16.5 28.21 36.43 34.57 24.85 14.34 73.51 76.67 18.01 11.87 
29.71 26.31 25.58 15.53 9.86 0 21.74 48.91 2.73 18.12 28.06 49.6 41.83 14.62 9.88 59.71 78.96 17.92 24.5 
Bandera>13
Fitness Greedy Costo>511.78
Fitness Greedy Costo>511.78
Solucion Greedy Costo>13 5 8 14 0 19 4 3 9 0 18 17 2 1 0 6 10 12 7 0 11 16 0 15 0 0 0 0 0 0 0 0 0 0 0 0 0 
Linea Vacia>
Matriz de Costos>
42.71 3.77 5.58 25.89 24.44 24.43 0 26.5 19.12 13.69 3.14 51.94 20.37 26.09 7.86 63.6 62.08 9.24 35.13 
67.32 27.49 26.76 37.31 43.33 46.1 26.87 0 40.45 25.44 33.46 40.71 9.54 48.72 30.23 94.2 37.37 24.03 53.32 
Matriz de Costos>
Solucion Greedy Costo>13 5 8 14 0 19 4 3 9 0 18 17 2 1 0 6 10 12 7 0 11 16 0 15 0 0 0 0 0 0 0 0 0 0 0 0 0 
Linea Vacia>
Matriz de Costos>
0 42.24 41.06 40.23 28.66 26.72 37.57 64.71 32.49 44.38 44.62 60.65 57.89 14.11 33.98 71.91 99.43 43.93 31.41 
Dimension>37
Bandera>13
Fitness Greedy Costo>511.78
Solucion Greedy Costo>13 5 8 14 0 19 4 3 9 0 18 17 2 1 0 6 10 12 7 0 11 16 0 15 0 0 0 0 0 0 0 0 0 0 0 0 0 
Linea Vacia>
0 42.24 41.06 40.23 28.66 26.72 37.57 64.71 32.49 44.38 44.62 60.65 57.89 14.11 33.98 71.91 99.43 43.93 31.41 
45.47 0 2.34 24.55 24.17 26.94 5.14 27.58 21.7 12 4.33 50.91 21.51 28.04 10.82 65.3 62.7 6.96 34.88 
41.46 3.25 0 21.18 20.82 23.62 4.98 24.24 18.29 8.45 9.18 47 18.09 24.65 7.24 69.85 58.93 4.87 31.7 
30.39 23.48 22.76 13.67 8.12 3.8 19.32 42.1 0 15.68 25.26 47.19 36.32 17.97 6.88 61.82 73.47 15.49 22.86 
42.07 14.86 14.11 7.02 13.22 17.46 15.76 30.04 12.16 0 22.69 37.52 22.06 32.91 12.58 81.17 60.17 5.45 22.48 
0 42.24 41.06 40.23 28.66 26.72 37.57 64.71 32.49 44.38 44.62 60.65 57.89 14.11 33.98 71.91 99.43 43.93 31.41 
45.47 0 2.34 24.55 24.17 26.94 5.14 27.58 21.7 12 4.33 50.91 21.51 28.04 10.82 65.3 62.7 6.96 34.88 
41.46 3.25 0 21.18 20.82 23.62 4.98 24.24 18.29 8.45 9.18 47 18.09 24.65 7.24 69.85 58.93 4.87 31.7 
Matriz de Costos>
0 42.24 41.06 40.23 28.66 26.72 37.57 64.71 32.49 44.38 44.62 60.65 57.89 14.11 33.98 71.91 99.43 43.93 31.41 
Matriz de Costos>
0 42.24 41.06 40.23 28.66 26.72 37.57 64.71 32.49 44.38 44.62 60.65 57.89 14.11 33.98 71.91 99.43 43.93 31.41 
45.47 0 2.34 24.55 24.17 26.94 5.14 27.58 21.7 12 4.33 50.91 21.51 28.04 10.82 65.3 62.7 6.96 34.88 
41.46 3.25 0 21.18 20.82 23.62 4.98 24.24 18.29 8.45 9.18 47 18.09 24.65 7.24 69.85 58.93 4.87 31.7 
45.47 0 2.34 24.55 24.17 26.94 5.14 27.58 21.7 12 4.33 50.91 21.51 28.04 10.82 65.3 62.7 6.96 34.88 
41.46 3.25 0 21.18 20.82 23.62 4.98 24.24 18.29 8.45 9.18 47 18.09 24.65 7.24 69.85 58.93 4.87 31.7 
36 23.07 22.34 0 5.43 11.09 21.54 37.78 9.74 10.23 28.27 36.64 29.96 28.23 15.62 74.33 70.27 11.98 16.43 
Matriz de Costos>
0 42.24 41.06 40.23 28.66 26.72 37.57 64.71 32.49 44.38 44.62 60.65 57.89 14.11 33.98 71.91 99.43 43.93 31.41 
45.47 0 2.34 24.55 24.17 26.94 5.14 27.58 21.7 12 4.33 50.91 21.51 28.04 10.82 65.3 62.7 6.96 34.88 
41.46 3.25 0 21.18 20.82 23.62 4.98 24.24 18.29 8.45 9.18 47 18.09 24.65 7.24 69.85 58.93 4.87 31.7 
Dimension>37
Bandera>13
Fitness Greedy Costo>511.78
Solucion Greedy Costo>13 5 8 14 0 19 4 3 9 0 18 17 2 1 0 6 10 12 7 0 11 16 0 15 0 0 0 0 0 0 0 0 0 0 0 0 0 
Linea Vacia>
36 23.07 22.34 0 5.43 11.09 21.54 37.78 9.74 10.23 28.27 36.64 29.96 28.23 15.62 74.33 70.27 11.98 16.43 
28.55 26.89 26.19 5.08 0 10.41 21.48 42.22 8.43 16.5 28.21 36.43 34.57 24.85 14.34 73.51 76.67 18.01 11.87 
47.92 4.78 8.61 31.77 30.32 29.89 3.7 32.37 24.73 19.91 0 58.49 26.4 30.51 12.59 57.37 68.38 15.54 40.68 
62.07 48.42 47.26 33.25 34.35 47.18 49.5 48.23 45.61 33.78 56.78 0 41.75 65.33 47.06 110.62 66.4 38.3 26.2 
52.38 13.42 12.68 24.09 29.88 32.21 13.03 9.8 27.11 11.47 20.05 35.97 0 33.6 16.54 80.44 43.73 10.04 38.49 
36 23.07 22.34 0 5.43 11.09 21.54 37.78 9.74 10.23 28.27 36.64 29.96 28.23 15.62 74.33 70.27 11.98 16.43 
28.55 26.89 26.19 5.08 0 10.41 21.48 42.22 8.43 16.5 28.21 36.43 34.57 24.85 14.34 73.51 76.67 18.01 11.87 
45.47 0 2.34 24.55 24.17 26.94 5.14 27.58 21.7 12 4.33 50.91 21.51 28.04 10.82 65.3 62.7 6.96 34.88 
41.46 3.25 0 21.18 20.82 23.62 4.98 24.24 18.29 8.45 9.18 47 18.09 24.65 7.24 69.85 58.93 4.87 31.7 
36 23.07 22.34 0 5.43 11.09 21.54 37.78 9.74 10.23 28.27 36.64 29.96 28.23 15.62 74.33 70.27 11.98 16.43 
28.55 26.89 26.19 5.08 0 10.41 21.48 42.22 8.43 16.5 28.21 36.43 34.57 24.85 14.34 73.51 76.67 18.01 11.87 
36 23.07 22.34 0 5.43 11.09 21.54 37.78 9.74 10.23 28.27 36.64 29.96 28.23 15.62 74.33 70.27 11.98 16.43 
28.55 26.89 26.19 5.08 0 10.41 21.48 42.22 8.43 16.5 28.21 36.43 34.57 24.85 14.34 73.51 76.67 18.01 11.87 
29.71 26.31 25.58 15.53 9.86 0 21.74 48.91 2.73 18.12 28.06 49.6 41.83 14.62 9.88 59.71 78.96 17.92 24.5 
42.71 3.77 5.58 25.89 24.44 24.43 0 26.5 19.12 13.69 3.14 51.94 20.37 26.09 7.86 63.6 62.08 9.24 35.13 
28.55 26.89 26.19 5.08 0 10.41 21.48 42.22 8.43 16.5 28.21 36.43 34.57 24.85 14.34 73.51 76.67 18.01 11.87 
29.71 26.31 25.58 15.53 9.86 0 21.74 48.91 2.73 18.12 28.06 49.6 41.83 14.62 9.88 59.71 78.96 17.92 24.5 
42.71 3.77 5.58 25.89 24.44 24.43 0 26.5 19.12 13.69 3.14 51.94 20.37 26.09 7.86 63.6 62.08 9.24 35.13 
67.32 27.49 26.76 37.31 43.33 46.1 26.87 0 40.45 25.44 33.46 40.71 9.54 48.72 30.23 94.2 37.37 24.03 53.32 
Matriz de Costos>
0 42.24 41.06 40.23 28.66 26.72 37.57 64.71 32.49 44.38 44.62 60.65 57.89 14.11 33.98 71.91 99.43 43.93 31.41 
45.47 0 2.34 24.55 24.17 26.94 5.14 27.58 21.7 12 4.33 50.91 21.51 28.04 10.82 65.3 62.7 6.96 34.88 
41.46 3.25 0 21.18 20.82 23.62 4.98 24.24 18.29 8.45 9.18 47 18.09 24.65 7.24 69.85 58.93 4.87 31.7 
36 23.07 22.34 0 5.43 11.09 21.54 37.78 9.74 10.23 28.27 36.64 29.96 28.23 15.62 74.33 70.27 11.98 16.43 
28.55 26.89 26.19 5.08 0 10.41 21.48 42.22 8.43 16.5 28.21 36.43 34.57 24.85 14.34 73.51 76.67 18.01 11.87 
29.71 26.31 25.58 15.53 9.86 0 21.74 48.91 2.73 18.12 28.06 49.6 41.83 14.62 9.88 59.71 78.96 17.92 24.5 
42.71 3.77 5.58 25.89 24.44 24.43 0 26.5 19.12 13.69 3.14 51.94 20.37 26.09 7.86 63.6 62.08 9.24 35.13 
67.32 27.49 26.76 37.31 43.33 46.1 26.87 0 40.45 25.44 33.46 40.71 9.54 48.72 30.23 94.2 37.37 24.03 53.32 
30.39 23.48 22.76 13.67 8.12 3.8 19.32 42.1 0 15.68 25.26 47.19 36.32 17.97 6.88 61.82 73.47 15.49 22.86 
Matriz de Costos>
0 42.24 41.06 40.23 28.66 26.72 37.57 64.71 32.49 44.38 44.62 60.65 57.89 14.11 33.98 71.91 99.43 43.93 31.41 
45.47 0 2.34 24.55 24.17 26.94 5.14 27.58 21.7 12 4.33 50.91 21.51 28.04 10.82 65.3 62.7 6.96 34.88 
41.46 3.25 0 21.18 20.82 23.62 4.98 24.24 18.29 8.45 9.18 47 18.09 24.65 7.24 69.85 58.93 4.87 31.7 
36 23.07 22.34 0 5.43 11.09 21.54 37.78 9.74 10.23 28.27 36.64 29.96 28.23 15.62 74.33 70.27 11.98 16.43 
28.55 26.89 26.19 5.08 0 10.41 21.48 42.22 8.43 16.5 28.21 36.43 34.57 24.85 14.34 73.51 76.67 18.01 11.87 
Dimension>37
Bandera>13
Fitness Greedy Costo>511.78
Solucion Greedy Costo>13 5 8 14 0 19 4 3 9 0 18 17 2 1 0 6 10 12 7 0 11 16 0 15 0 0 0 0 0 0 0 0 0 0 0 0 0 
Linea Vacia>
29.71 26.31 25.58 15.53 9.86 0 21.74 48.91 2.73 18.12 28.06 49.6 41.83 14.62 9.88 59.71 78.96 17.92 24.5 
42.71 3.77 5.58 25.89 24.44 24.43 0 26.5 19.12 13.69 3.14 51.94 20.37 26.09 7.86 63.6 62.08 9.24 35.13 
67.32 27.49 26.76 37.31 43.33 46.1 26.87 0 40.45 25.44 33.46 40.71 9.54 48.72 30.23 94.2 37.37 24.03 53.32 
30.39 23.48 22.76 13.67 8.12 3.8 19.32 42.1 0 15.68 25.26 47.19 36.32 17.97 6.88 61.82 73.47 15.49 22.86 
12.47 35.42 34.67 31.82 23.81 17.03 29.74 56.56 18.16 27.57 37.47 66.25 49.61 0 19.59 66.02 86.92 27.35 34.63 
35.44 10.63 9.87 19.37 13.8 11.86 6.35 30.66 6.23 8.97 12.53 46.81 24.62 22.04 0 67.29 66.9 8.78 28.18 
72.64 63.09 68 78.39 73.14 62.54 61.35 88.58 61.24 73.87 54.4 111.03 85.51 58 64.97 0 112.06 73.37 86.66 
95.18 59.48 58.32 63.08 68.41 70.94 54.99 35.64 65.85 50.16 62.14 58.08 35.94 78.35 59.13 112.9 0 51.59 78.62 
42.81 7.8 7.05 15.03 17.6 19.58 9.08 24.53 14.15 3.26 16.2 40.67 16.84 30.38 8.13 75.56 59.87 0 28.65 
29.71 26.31 25.58 15.53 9.86 0 21.74 48.91 2.73 18.12 28.06 49.6 41.83 14.62 9.88 59.71 78.96 17.92 24.5 
42.71 3.77 5.58 25.89 24.44 24.43 0 26.5 19.12 13.69 3.14 51.94 20.37 26.09 7.86 63.6 62.08 9.24 35.13 
67.32 27.49 26.76 37.31 43.33 46.1 26.87 0 40.45 25.44 33.46 40.71 9.54 48.72 30.23 94.2 37.37 24.03 53.32 
30.39 23.48 22.76 13.67 8.12 3.8 19.32 42.1 0 15.68 25.26 47.19 36.32 17.97 6.88 61.82 73.47 15.49 22.86 
29.71 26.31 25.58 15.53 9.86 0 21.74 48.91 2.73 18.12 28.06 49.6 41.83 14.62 9.88 59.71 78.96 17.92 24.5 
42.71 3.77 5.58 25.89 24.44 24.43 0 26.5 19.12 13.69 3.14 51.94 20.37 26.09 7.86 63.6 62.08 9.24 35.13 
67.32 27.49 26.76 37.31 43.33 46.1 26.87 0 40.45 25.44 33.46 40.71 9.54 48.72 30.23 94.2 37.37 24.03 53.32 
30.39 23.48 22.76 13.67 8.12 3.8 19.32 42.1 0 15.68 25.26 47.19 36.32 17.97 6.88 61.82 73.47 15.49 22.86 
67.32 27.49 26.76 37.31 43.33 46.1 26.87 0 40.45 25.44 33.46 40.71 9.54 48.72 30.23 94.2 37.37 24.03 53.32 
30.39 23.48 22.76 13.67 8.12 3.8 19.32 42.1 0 15.68 25.26 47.19 36.32 17.97 6.88 61.82 73.47 15.49 22.86 
42.07 14.86 14.11 7.02 13.22 17.46 15.76 30.04 12.16 0 22.69 37.52 22.06 32.91 12.58 81.17 60.17 5.45 22.48 
47.92 4.78 8.61 31.77 30.32 29.89 3.7 32.37 24.73 19.91 0 58.49 26.4 30.51 12.59 57.37 68.38 15.54 40.68 
30.39 23.48 22.76 13.67 8.12 3.8 19.32 42.1 0 15.68 25.26 47.19 36.32 17.97 6.88 61.82 73.47 15.49 22.86 
42.07 14.86 14.11 7.02 13.22 17.46 15.76 30.04 12.16 0 22.69 37.52 22.06 32.91 12.58 81.17 60.17 5.45 22.48 
47.92 4.78 8.61 31.77 30.32 29.89 3.7 32.37 24.73 19.91 0 58.49 26.4 30.51 12.59 57.37 68.38 15.54 40.68 
62.07 48.42 47.26 33.25 34.35 47.18 49.5 48.23 45.61 33.78 56.78 0 41.75 65.33 47.06 110.62 66.4 38.3 26.2 
36 23.07 22.34 0 5.43 11.09 21.54 37.78 9.74 10.23 28.27 36.64 29.96 28.23 15.62 74.33 70.27 11.98 16.43 
28.55 26.89 26.19 5.08 0 10.41 21.48 42.22 8.43 16.5 28.21 36.43 34.57 24.85 14.34 73.51 76.67 18.01 11.87 
29.71 26.31 25.58 15.53 9.86 0 21.74 48.91 2.73 18.12 28.06 49.6 41.83 14.62 9.88 59.71 78.96 17.92 24.5 
42.07 14.86 14.11 7.02 13.22 17.46 15.76 30.04 12.16 0 22.69 37.52 22.06 32.91 12.58 81.17 60.17 5.45 22.48 
47.92 4.78 8.61 31.77 30.32 29.89 3.7 32.37 24.73 19.91 0 58.49 26.4 30.51 12.59 57.37 68.38 15.54 40.68 
62.07 48.42 47.26 33.25 34.35 47.18 49.5 48.23 45.61 33.78 56.78 0 41.75 65.33 47.06 110.62 66.4 38.3 26.2 
52.38 13.42 12.68 24.09 29.88 32.21 13.03 9.8 27.11 11.47 20.05 35.97 0 33.6 16.54 80.44 43.73 10.04 38.49 
12.47 35.42 34.67 31.82 23.81 17.03 29.74 56.56 18.16 27.57 37.47 66.25 49.61 0 19.59 66.02 86.92 27.35 34.63 
Matriz de Costos>
0 42.24 41.06 40.23 28.66 26.72 37.57 64.71 32.49 44.38 44.62 60.65 57.89 14.11 33.98 71.91 99.43 43.93 31.41 
45.47 0 2.34 24.55 24.17 26.94 5.14 27.58 21.7 12 4.33 50.91 21.51 28.04 10.82 65.3 62.7 6.96 34.88 
41.46 3.25 0 21.18 20.82 23.62 4.98 24.24 18.29 8.45 9.18 47 18.09 24.65 7.24 69.85 58.93 4.87 31.7 
36 23.07 22.34 0 5.43 11.09 21.54 37.78 9.74 10.23 28.27 36.64 29.96 28.23 15.62 74.33 70.27 11.98 16.43 
29.71 26.31 25.58 15.53 9.86 0 21.74 48.91 2.73 18.12 28.06 49.6 41.83 14.62 9.88 59.71 78.96 17.92 24.5 
42.71 3.77 5.58 25.89 24.44 24.43 0 26.5 19.12 13.69 3.14 51.94 20.37 26.09 7.86 63.6 62.08 9.24 35.13 
67.32 27.49 26.76 37.31 43.33 46.1 26.87 0 40.45 25.44 33.46 40.71 9.54 48.72 30.23 94.2 37.37 24.03 53.32 
30.39 23.48 22.76 13.67 8.12 3.8 19.32 42.1 0 15.68 25.26 47.19 36.32 17.97 6.88 61.82 73.47 15.49 22.86 
Matriz de Costos>
0 42.24 41.06 40.23 28.66 26.72 37.57 64.71 32.49 44.38 44.62 60.65 57.89 14.11 33.98 71.91 99.43 43.93 31.41 
45.47 0 2.34 24.55 24.17 26.94 5.14 27.58 21.7 12 4.33 50.91 21.51 28.04 10.82 65.3 62.7 6.96 34.88 
41.46 3.25 0 21.18 20.82 23.62 4.98 24.24 18.29 8.45 9.18 47 18.09 24.65 7.24 69.85 58.93 4.87 31.7 
36 23.07 22.34 0 5.43 11.09 21.54 37.78 9.74 10.23 28.27 36.64 29.96 28.23 15.62 74.33 70.27 11.98 16.43 
28.55 26.89 26.19 5.08 0 10.41 21.48 42.22 8.43 16.5 28.21 36.43 34.57 24.85 14.34 73.51 76.67 18.01 11.87 
29.71 26.31 25.58 15.53 9.86 0 21.74 48.91 2.73 18.12 28.06 49.6 41.83 14.62 9.88 59.71 78.96 17.92 24.5 
42.71 3.77 5.58 25.89 24.44 24.43 0 26.5 19.12 13.69 3.14 51.94 20.37 26.09 7.86 63.6 62.08 9.24 35.13 
67.32 27.49 26.76 37.31 43.33 46.1 26.87 0 40.45 25.44 33.46 40.71 9.54 48.72 30.23 94.2 37.37 24.03 53.32 
30.39 23.48 22.76 13.67 8.12 3.8 19.32 42.1 0 15.68 25.26 47.19 36.32 17.97 6.88 61.82 73.47 15.49 22.86 
42.07 14.86 14.11 7.02 13.22 17.46 15.76 30.04 12.16 0 22.69 37.52 22.06 32.91 12.58 81.17 60.17 5.45 22.48 
47.92 4.78 8.61 31.77 30.32 29.89 3.7 32.37 24.73 19.91 0 58.49 26.4 30.51 12.59 57.37 68.38 15.54 40.68 
62.07 48.42 47.26 33.25 34.35 47.18 49.5 48.23 45.61 33.78 56.78 0 41.75 65.33 47.06 110.62 66.4 38.3 26.2 
35.38 36.97 36.29 15.49 7.58 23.53 31.84 54.71 21.97 26.2 38.22 28.56 47.81 36.34 27.52 85.63 85.82 27.83 0 
42.07 14.86 14.11 7.02 13.22 17.46 15.76 30.04 12.16 0 22.69 37.52 22.06 32.91 12.58 81.17 60.17 5.45 22.48 
47.92 4.78 8.61 31.77 30.32 29.89 3.7 32.37 24.73 19.91 0 58.49 26.4 30.51 12.59 57.37 68.38 15.54 40.68 
62.07 48.42 47.26 33.25 34.35 47.18 49.5 48.23 45.61 33.78 56.78 0 41.75 65.33 47.06 110.62 66.4 38.3 26.2 
42.07 14.86 14.11 7.02 13.22 17.46 15.76 30.04 12.16 0 22.69 37.52 22.06 32.91 12.58 81.17 60.17 5.45 22.48 
47.92 4.78 8.61 31.77 30.32 29.89 3.7 32.37 24.73 19.91 0 58.49 26.4 30.51 12.59 57.37 68.38 15.54 40.68 
62.07 48.42 47.26 33.25 34.35 47.18 49.5 48.23 45.61 33.78 56.78 0 41.75 65.33 47.06 110.62 66.4 38.3 26.2 
52.38 13.42 12.68 24.09 29.88 32.21 13.03 9.8 27.11 11.47 20.05 35.97 0 33.6 16.54 80.44 43.73 10.04 38.49 
62.07 48.42 47.26 33.25 34.35 47.18 49.5 48.23 45.61 33.78 56.78 0 41.75 65.33 47.06 110.62 66.4 38.3 26.2 
52.38 13.42 12.68 24.09 29.88 32.21 13.03 9.8 27.11 11.47 20.05 35.97 0 33.6 16.54 80.44 43.73 10.04 38.49 
12.47 35.42 34.67 31.82 23.81 17.03 29.74 56.56 18.16 27.57 37.47 66.25 49.61 0 19.59 66.02 86.92 27.35 34.63 
35.44 10.63 9.87 19.37 13.8 11.86 6.35 30.66 6.23 8.97 12.53 46.81 24.62 22.04 0 67.29 66.9 8.78 28.18 
52.38 13.42 12.68 24.09 29.88 32.21 13.03 9.8 27.11 11.47 20.05 35.97 0 33.6 16.54 80.44 43.73 10.04 38.49 
12.47 35.42 34.67 31.82 23.81 17.03 29.74 56.56 18.16 27.57 37.47 66.25 49.61 0 19.59 66.02 86.92 27.35 34.63 
35.44 10.63 9.87 19.37 13.8 11.86 6.35 30.66 6.23 8.97 12.53 46.81 24.62 22.04 0 67.29 66.9 8.78 28.18 
72.64 63.09 68 78.39 73.14 62.54 61.35 88.58 61.24 73.87 54.4 111.03 85.51 58 64.97 0 112.06 73.37 86.66 
42.71 3.77 5.58 25.89 24.44 24.43 0 26.5 19.12 13.69 3.14 51.94 20.37 26.09 7.86 63.6 62.08 9.24 35.13 
67.32 27.49 26.76 37.31 43.33 46.1 26.87 0 40.45 25.44 33.46 40.71 9.54 48.72 30.23 94.2 37.37 24.03 53.32 
30.39 23.48 22.76 13.67 8.12 3.8 19.32 42.1 0 15.68 25.26 47.19 36.32 17.97 6.88 61.82 73.47 15.49 22.86 
42.07 14.86 14.11 7.02 13.22 17.46 15.76 30.04 12.16 0 22.69 37.52 22.06 32.91 12.58 81.17 60.17 5.45 22.48 
35.44 10.63 9.87 19.37 13.8 11.86 6.35 30.66 6.23 8.97 12.53 46.81 24.62 22.04 0 67.29 66.9 8.78 28.18 
72.64 63.09 68 78.39 73.14 62.54 61.35 88.58 61.24 73.87 54.4 111.03 85.51 58 64.97 0 112.06 73.37 86.66 
95.18 59.48 58.32 63.08 68.41 70.94 54.99 35.64 65.85 50.16 62.14 58.08 35.94 78.35 59.13 112.9 0 51.59 78.62 
42.81 7.8 7.05 15.03 17.6 19.58 9.08 24.53 14.15 3.26 16.2 40.67 16.84 30.38 8.13 75.56 59.87 0 28.65 
35.38 36.97 36.29 15.49 7.58 23.53 31.84 54.71 21.97 26.2 38.22 28.56 47.81 36.34 27.52 85.63 85.82 27.83 0 
28.55 26.89 26.19 5.08 0 10.41 21.48 42.22 8.43 16.5 28.21 36.43 34.57 24.85 14.34 73.51 76.67 18.01 11.87 
29.71 26.31 25.58 15.53 9.86 0 21.74 48.91 2.73 18.12 28.06 49.6 41.83 14.62 9.88 59.71 78.96 17.92 24.5 
42.71 3.77 5.58 25.89 24.44 24.43 0 26.5 19.12 13.69 3.14 51.94 20.37 26.09 7.86 63.6 62.08 9.24 35.13 
67.32 27.49 26.76 37.31 43.33 46.1 26.87 0 40.45 25.44 33.46 40.71 9.54 48.72 30.23 94.2 37.37 24.03 53.32 
42.07 14.86 14.11 7.02 13.22 17.46 15.76 30.04 12.16 0 22.69 37.52 22.06 32.91 12.58 81.17 60.17 5.45 22.48 
47.92 4.78 8.61 31.77 30.32 29.89 3.7 32.37 24.73 19.91 0 58.49 26.4 30.51 12.59 57.37 68.38 15.54 40.68 
62.07 48.42 47.26 33.25 34.35 47.18 49.5 48.23 45.61 33.78 56.78 0 41.75 65.33 47.06 110.62 66.4 38.3 26.2 
42.07 14.86 14.11 7.02 13.22 17.46 15.76 30.04 12.16 0 22.69 37.52 22.06 32.91 12.58 81.17 60.17 5.45 22.48 
47.92 4.78 8.61 31.77 30.32 29.89 3.7 32.37 24.73 19.91 0 58.49 26.4 30.51 12.59 57.37 68.38 15.54 40.68 
62.07 48.42 47.26 33.25 34.35 47.18 49.5 48.23 45.61 33.78 56.78 0 41.75 65.33 47.06 110.62 66.4 38.3 26.2 
52.38 13.42 12.68 24.09 29.88 32.21 13.03 9.8 27.11 11.47 20.05 35.97 0 33.6 16.54 80.44 43.73 10.04 38.49 
12.47 35.42 34.67 31.82 23.81 17.03 29.74 56.56 18.16 27.57 37.47 66.25 49.61 0 19.59 66.02 86.92 27.35 34.63 
35.44 10.63 9.87 19.37 13.8 11.86 6.35 30.66 6.23 8.97 12.53 46.81 24.62 22.04 0 67.29 66.9 8.78 28.18 
Matriz de Costos>
0 42.24 41.06 40.23 28.66 26.72 37.57 64.71 32.49 44.38 44.62 60.65 57.89 14.11 33.98 71.91 99.43 43.93 31.41 
45.47 0 2.34 24.55 24.17 26.94 5.14 27.58 21.7 12 4.33 50.91 21.51 28.04 10.82 65.3 62.7 6.96 34.88 
41.46 3.25 0 21.18 20.82 23.62 4.98 24.24 18.29 8.45 9.18 47 18.09 24.65 7.24 69.85 58.93 4.87 31.7 
36 23.07 22.34 0 5.43 11.09 21.54 37.78 9.74 10.23 28.27 36.64 29.96 28.23 15.62 74.33 70.27 11.98 16.43 
28.55 26.89 26.19 5.08 0 10.41 21.48 42.22 8.43 16.5 28.21 36.43 34.57 24.85 14.34 73.51 76.67 18.01 11.87 
29.71 26.31 25.58 15.53 9.86 0 21.74 48.91 2.73 18.12 28.06 49.6 41.83 14.62 9.88 59.71 78.96 17.92 24.5 
42.71 3.77 5.58 25.89 24.44 24.43 0 26.5 19.12 13.69 3.14 51.94 20.37 26.09 7.86 63.6 62.08 9.24 35.13 
Dimension>37
Bandera>13
Fitness Greedy Costo>511.78
Solucion Greedy Costo>13 5 8 14 0 19 4 3 9 0 18 17 2 1 0 6 10 12 7 0 11 16 0 15 0 0 0 0 0 0 0 0 0 0 0 0 0 
Linea Vacia>
52.38 13.42 12.68 24.09 29.88 32.21 13.03 9.8 27.11 11.47 20.05 35.97 0 33.6 16.54 80.44 43.73 10.04 38.49 
12.47 35.42 34.67 31.82 23.81 17.03 29.74 56.56 18.16 27.57 37.47 66.25 49.61 0 19.59 66.02 86.92 27.35 34.63 
35.44 10.63 9.87 19.37 13.8 11.86 6.35 30.66 6.23 8.97 12.53 46.81 24.62 22.04 0 67.29 66.9 8.78 28.18 
72.64 63.09 68 78.39 73.14 62.54 61.35 88.58 61.24 73.87 54.4 111.03 85.51 58 64.97 0 112.06 73.37 86.66 
95.18 59.48 58.32 63.08 68.41 70.94 54.99 35.64 65.85 50.16 62.14 58.08 35.94 78.35 59.13 112.9 0 51.59 78.62 
52.38 13.42 12.68 24.09 29.88 32.21 13.03 9.8 27.11 11.47 20.05 35.97 0 33.6 16.54 80.44 43.73 10.04 38.49 
12.47 35.42 34.67 31.82 23.81 17.03 29.74 56.56 18.16 27.57 37.47 66.25 49.61 0 19.59 66.02 86.92 27.35 34.63 
35.44 10.63 9.87 19.37 13.8 11.86 6.35 30.66 6.23 8.97 12.53 46.81 24.62 22.04 0 67.29 66.9 8.78 28.18 
72.64 63.09 68 78.39 73.14 62.54 61.35 88.58 61.24 73.87 54.4 111.03 85.51 58 64.97 0 112.06 73.37 86.66 
Matriz de Costos>
0 42.24 41.06 40.23 28.66 26.72 37.57 64.71 32.49 44.38 44.62 60.65 57.89 14.11 33.98 71.91 99.43 43.93 31.41 
45.47 0 2.34 24.55 24.17 26.94 5.14 27.58 21.7 12 4.33 50.91 21.51 28.04 10.82 65.3 62.7 6.96 34.88 
12.47 35.42 34.67 31.82 23.81 17.03 29.74 56.56 18.16 27.57 37.47 66.25 49.61 0 19.59 66.02 86.92 27.35 34.63 
35.44 10.63 9.87 19.37 13.8 11.86 6.35 30.66 6.23 8.97 12.53 46.81 24.62 22.04 0 67.29 66.9 8.78 28.18 
72.64 63.09 68 78.39 73.14 62.54 61.35 88.58 61.24 73.87 54.4 111.03 85.51 58 64.97 0 112.06 73.37 86.66 
95.18 59.48 58.32 63.08 68.41 70.94 54.99 35.64 65.85 50.16 62.14 58.08 35.94 78.35 59.13 112.9 0 51.59 78.62 
42.81 7.8 7.05 15.03 17.6 19.58 9.08 24.53 14.15 3.26 16.2 40.67 16.84 30.38 8.13 75.56 59.87 0 28.65 
72.64 63.09 68 78.39 73.14 62.54 61.35 88.58 61.24 73.87 54.4 111.03 85.51 58 64.97 0 112.06 73.37 86.66 
95.18 59.48 58.32 63.08 68.41 70.94 54.99 35.64 65.85 50.16 62.14 58.08 35.94 78.35 59.13 112.9 0 51.59 78.62 
42.81 7.8 7.05 15.03 17.6 19.58 9.08 24.53 14.15 3.26 16.2 40.67 16.84 30.38 8.13 75.56 59.87 0 28.65 
35.38 36.97 36.29 15.49 7.58 23.53 31.84 54.71 21.97 26.2 38.22 28.56 47.81 36.34 27.52 85.63 85.82 27.83 0 
95.18 59.48 58.32 63.08 68.41 70.94 54.99 35.64 65.85 50.16 62.14 58.08 35.94 78.35 59.13 112.9 0 51.59 78.62 
42.81 7.8 7.05 15.03 17.6 19.58 9.08 24.53 14.15 3.26 16.2 40.67 16.84 30.38 8.13 75.56 59.87 0 28.65 
35.38 36.97 36.29 15.49 7.58 23.53 31.84 54.71 21.97 26.2 38.22 28.56 47.81 36.34 27.52 85.63 85.82 27.83 0 
47.92 4.78 8.61 31.77 30.32 29.89 3.7 32.37 24.73 19.91 0 58.49 26.4 30.51 12.59 57.37 68.38 15.54 40.68 
62.07 48.42 47.26 33.25 34.35 47.18 49.5 48.23 45.61 33.78 56.78 0 41.75 65.33 47.06 110.62 66.4 38.3 26.2 
52.38 13.42 12.68 24.09 29.88 32.21 13.03 9.8 27.11 11.47 20.05 35.97 0 33.6 16.54 80.44 43.73 10.04 38.49 
12.47 35.42 34.67 31.82 23.81 17.03 29.74 56.56 18.16 27.57 37.47 66.25 49.61 0 19.59 66.02 86.92 27.35 34.63 
35.44 10.63 9.87 19.37 13.8 11.86 6.35 30.66 6.23 8.97 12.53 46.81 24.62 22.04 0 67.29 66.9 8.78 28.18 
30.39 23.48 22.76 13.67 8.12 3.8 19.32 42.1 0 15.68 25.26 47.19 36.32 17.97 6.88 61.82 73.47 15.49 22.86 
42.07 14.86 14.11 7.02 13.22 17.46 15.76 30.04 12.16 0 22.69 37.52 22.06 32.91 12.58 81.17 60.17 5.45 22.48 
47.92 4.78 8.61 31.77 30.32 29.89 3.7 32.37 24.73 19.91 0 58.49 26.4 30.51 12.59 57.37 68.38 15.54 40.68 
62.07 48.42 47.26 33.25 34.35 47.18 49.5 48.23 45.61 33.78 56.78 0 41.75 65.33 47.06 110.62 66.4 38.3 26.2 
52.38 13.42 12.68 24.09 29.88 32.21 13.03 9.8 27.11 11.47 20.05 35.97 0 33.6 16.54 80.44 43.73 10.04 38.49 
12.47 35.42 34.67 31.82 23.81 17.03 29.74 56.56 18.16 27.57 37.47 66.25 49.61 0 19.59 66.02 86.92 27.35 34.63 
35.44 10.63 9.87 19.37 13.8 11.86 6.35 30.66 6.23 8.97 12.53 46.81 24.62 22.04 0 67.29 66.9 8.78 28.18 
72.64 63.09 68 78.39 73.14 62.54 61.35 88.58 61.24 73.87 54.4 111.03 85.51 58 64.97 0 112.06 73.37 86.66 
95.18 59.48 58.32 63.08 68.41 70.94 54.99 35.64 65.85 50.16 62.14 58.08 35.94 78.35 59.13 112.9 0 51.59 78.62 
42.81 7.8 7.05 15.03 17.6 19.58 9.08 24.53 14.15 3.26 16.2 40.67 16.84 30.38 8.13 75.56 59.87 0 28.65 
35.38 36.97 36.29 15.49 7.58 23.53 31.84 54.71 21.97 26.2 38.22 28.56 47.81 36.34 27.52 85.63 85.82 27.83 0 
67.32 27.49 26.76 37.31 43.33 46.1 26.87 0 40.45 25.44 33.46 40.71 9.54 48.72 30.23 94.2 37.37 24.03 53.32 
30.39 23.48 22.76 13.67 8.12 3.8 19.32 42.1 0 15.68 25.26 47.19 36.32 17.97 6.88 61.82 73.47 15.49 22.86 
42.07 14.86 14.11 7.02 13.22 17.46 15.76 30.04 12.16 0 22.69 37.52 22.06 32.91 12.58 81.17 60.17 5.45 22.48 
47.92 4.78 8.61 31.77 30.32 29.89 3.7 32.37 24.73 19.91 0 58.49 26.4 30.51 12.59 57.37 68.38 15.54 40.68 
62.07 48.42 47.26 33.25 34.35 47.18 49.5 48.23 45.61 33.78 56.78 0 41.75 65.33 47.06 110.62 66.4 38.3 26.2 
Matriz de Costos>
0 42.24 41.06 40.23 28.66 26.72 37.57 64.71 32.49 44.38 44.62 60.65 57.89 14.11 33.98 71.91 99.43 43.93 31.41 
45.47 0 2.34 24.55 24.17 26.94 5.14 27.58 21.7 12 4.33 50.91 21.51 28.04 10.82 65.3 62.7 6.96 34.88 
41.46 3.25 0 21.18 20.82 23.62 4.98 24.24 18.29 8.45 9.18 47 18.09 24.65 7.24 69.85 58.93 4.87 31.7 
42.81 7.8 7.05 15.03 17.6 19.58 9.08 24.53 14.15 3.26 16.2 40.67 16.84 30.38 8.13 75.56 59.87 0 28.65 
35.38 36.97 36.29 15.49 7.58 23.53 31.84 54.71 21.97 26.2 38.22 28.56 47.81 36.34 27.52 85.63 85.82 27.83 0 
95.18 59.48 58.32 63.08 68.41 70.94 54.99 35.64 65.85 50.16 62.14 58.08 35.94 78.35 59.13 112.9 0 51.59 78.62 
42.81 7.8 7.05 15.03 17.6 19.58 9.08 24.53 14.15 3.26 16.2 40.67 16.84 30.38 8.13 75.56 59.87 0 28.65 
35.38 36.97 36.29 15.49 7.58 23.53 31.84 54.71 21.97 26.2 38.22 28.56 47.81 36.34 27.52 85.63 85.82 27.83 0 
41.46 3.25 0 21.18 20.82 23.62 4.98 24.24 18.29 8.45 9.18 47 18.09 24.65 7.24 69.85 58.93 4.87 31.7 
36 23.07 22.34 0 5.43 11.09 21.54 37.78 9.74 10.23 28.27 36.64 29.96 28.23 15.62 74.33 70.27 11.98 16.43 
28.55 26.89 26.19 5.08 0 10.41 21.48 42.22 8.43 16.5 28.21 36.43 34.57 24.85 14.34 73.51 76.67 18.01 11.87 
35.38 36.97 36.29 15.49 7.58 23.53 31.84 54.71 21.97 26.2 38.22 28.56 47.81 36.34 27.52 85.63 85.82 27.83 0 
72.64 63.09 68 78.39 73.14 62.54 61.35 88.58 61.24 73.87 54.4 111.03 85.51 58 64.97 0 112.06 73.37 86.66 
95.18 59.48 58.32 63.08 68.41 70.94 54.99 35.64 65.85 50.16 62.14 58.08 35.94 78.35 59.13 112.9 0 51.59 78.62 
42.81 7.8 7.05 15.03 17.6 19.58 9.08 24.53 14.15 3.26 16.2 40.67 16.84 30.38 8.13 75.56 59.87 0 28.65 
52.38 13.42 12.68 24.09 29.88 32.21 13.03 9.8 27.11 11.47 20.05 35.97 0 33.6 16.54 80.44 43.73 10.04 38.49 
12.47 35.42 34.67 31.82 23.81 17.03 29.74 56.56 18.16 27.57 37.47 66.25 49.61 0 19.59 66.02 86.92 27.35 34.63 
35.44 10.63 9.87 19.37 13.8 11.86 6.35 30.66 6.23 8.97 12.53 46.81 24.62 22.04 0 67.29 66.9 8.78 28.18 
72.64 63.09 68 78.39 73.14 62.54 61.35 88.58 61.24 73.87 54.4 111.03 85.51 58 64.97 0 112.06 73.37 86.66 
72.64 63.09 68 78.39 73.14 62.54 61.35 88.58 61.24 73.87 54.4 111.03 85.51 58 64.97 0 112.06 73.37 86.66 
95.18 59.48 58.32 63.08 68.41 70.94 54.99 35.64 65.85 50.16 62.14 58.08 35.94 78.35 59.13 112.9 0 51.59 78.62 
42.81 7.8 7.05 15.03 17.6 19.58 9.08 24.53 14.15 3.26 16.2 40.67 16.84 30.38 8.13 75.56 59.87 0 28.65 
52.38 13.42 12.68 24.09 29.88 32.21 13.03 9.8 27.11 11.47 20.05 35.97 0 33.6 16.54 80.44 43.73 10.04 38.49 
12.47 35.42 34.67 31.82 23.81 17.03 29.74 56.56 18.16 27.57 37.47 66.25 49.61 0 19.59 66.02 86.92 27.35 34.63 
35.44 10.63 9.87 19.37 13.8 11.86 6.35 30.66 6.23 8.97 12.53 46.81 24.62 22.04 0 67.29 66.9 8.78 28.18 
72.64 63.09 68 78.39 73.14 62.54 61.35 88.58 61.24 73.87 54.4 111.03 85.51 58 64.97 0 112.06 73.37 86.66 
Matriz de Costos>
0 42.24 41.06 40.23 28.66 26.72 37.57 64.71 32.49 44.38 44.62 60.65 57.89 14.11 33.98 71.91 99.43 43.93 31.41 
45.47 0 2.34 24.55 24.17 26.94 5.14 27.58 21.7 12 4.33 50.91 21.51 28.04 10.82 65.3 62.7 6.96 34.88 
41.46 3.25 0 21.18 20.82 23.62 4.98 24.24 18.29 8.45 9.18 47 18.09 24.65 7.24 69.85 58.93 4.87 31.7 
36 23.07 22.34 0 5.43 11.09 21.54 37.78 9.74 10.23 28.27 36.64 29.96 28.23 15.62 74.33 70.27 11.98 16.43 
36 23.07 22.34 0 5.43 11.09 21.54 37.78 9.74 10.23 28.27 36.64 29.96 28.23 15.62 74.33 70.27 11.98 16.43 
28.55 26.89 26.19 5.08 0 10.41 21.48 42.22 8.43 16.5 28.21 36.43 34.57 24.85 14.34 73.51 76.67 18.01 11.87 
29.71 26.31 25.58 15.53 9.86 0 21.74 48.91 2.73 18.12 28.06 49.6 41.83 14.62 9.88 59.71 78.96 17.92 24.5 
42.71 3.77 5.58 25.89 24.44 24.43 0 26.5 19.12 13.69 3.14 51.94 20.37 26.09 7.86 63.6 62.08 9.24 35.13 
29.71 26.31 25.58 15.53 9.86 0 21.74 48.91 2.73 18.12 28.06 49.6 41.83 14.62 9.88 59.71 78.96 17.92 24.5 
42.71 3.77 5.58 25.89 24.44 24.43 0 26.5 19.12 13.69 3.14 51.94 20.37 26.09 7.86 63.6 62.08 9.24 35.13 
35.38 36.97 36.29 15.49 7.58 23.53 31.84 54.71 21.97 26.2 38.22 28.56 47.81 36.34 27.52 85.63 85.82 27.83 0 
95.18 59.48 58.32 63.08 68.41 70.94 54.99 35.64 65.85 50.16 62.14 58.08 35.94 78.35 59.13 112.9 0 51.59 78.62 
42.81 7.8 7.05 15.03 17.6 19.58 9.08 24.53 14.15 3.26 16.2 40.67 16.84 30.38 8.13 75.56 59.87 0 28.65 
35.38 36.97 36.29 15.49 7.58 23.53 31.84 54.71 21.97 26.2 38.22 28.56 47.81 36.34 27.52 85.63 85.82 27.83 0 
35.38 36.97 36.29 15.49 7.58 23.53 31.84 54.71 21.97 26.2 38.22 28.56 47.81 36.34 27.52 85.63 85.82 27.83 0 
Dimension>37
95.18 59.48 58.32 63.08 68.41 70.94 54.99 35.64 65.85 50.16 62.14 58.08 35.94 78.35 59.13 112.9 0 51.59 78.62 
42.81 7.8 7.05 15.03 17.6 19.58 9.08 24.53 14.15 3.26 16.2 40.67 16.84 30.38 8.13 75.56 59.87 0 28.65 
35.38 36.97 36.29 15.49 7.58 23.53 31.84 54.71 21.97 26.2 38.22 28.56 47.81 36.34 27.52 85.63 85.82 27.83 0 
67.32 27.49 26.76 37.31 43.33 46.1 26.87 0 40.45 25.44 33.46 40.71 9.54 48.72 30.23 94.2 37.37 24.03 53.32 
30.39 23.48 22.76 13.67 8.12 3.8 19.32 42.1 0 15.68 25.26 47.19 36.32 17.97 6.88 61.82 73.47 15.49 22.86 
Bandera>13
Fitness Greedy Costo>511.78
Solucion Greedy Costo>13 5 8 14 0 19 4 3 9 0 18 17 2 1 0 6 10 12 7 0 11 16 0 15 0 0 0 0 0 0 0 0 0 0 0 0 0 
Linea Vacia>
28.55 26.89 26.19 5.08 0 10.41 21.48 42.22 8.43 16.5 28.21 36.43 34.57 24.85 14.34 73.51 76.67 18.01 11.87 
29.71 26.31 25.58 15.53 9.86 0 21.74 48.91 2.73 18.12 28.06 49.6 41.83 14.62 9.88 59.71 78.96 17.92 24.5 
42.71 3.77 5.58 25.89 24.44 24.43 0 26.5 19.12 13.69 3.14 51.94 20.37 26.09 7.86 63.6 62.08 9.24 35.13 
67.32 27.49 26.76 37.31 43.33 46.1 26.87 0 40.45 25.44 33.46 40.71 9.54 48.72 30.23 94.2 37.37 24.03 53.32 
30.39 23.48 22.76 13.67 8.12 3.8 19.32 42.1 0 15.68 25.26 47.19 36.32 17.97 6.88 61.82 73.47 15.49 22.86 
42.07 14.86 14.11 7.02 13.22 17.46 15.76 30.04 12.16 0 22.69 37.52 22.06 32.91 12.58 81.17 60.17 5.45 22.48 
47.92 4.78 8.61 31.77 30.32 29.89 3.7 32.37 24.73 19.91 0 58.49 26.4 30.51 12.59 57.37 68.38 15.54 40.68 
67.32 27.49 26.76 37.31 43.33 46.1 26.87 0 40.45 25.44 33.46 40.71 9.54 48.72 30.23 94.2 37.37 24.03 53.32 
30.39 23.48 22.76 13.67 8.12 3.8 19.32 42.1 0 15.68 25.26 47.19 36.32 17.97 6.88 61.82 73.47 15.49 22.86 
42.07 14.86 14.11 7.02 13.22 17.46 15.76 30.04 12.16 0 22.69 37.52 22.06 32.91 12.58 81.17 60.17 5.45 22.48 
47.92 4.78 8.61 31.77 30.32 29.89 3.7 32.37 24.73 19.91 0 58.49 26.4 30.51 12.59 57.37 68.38 15.54 40.68 
62.07 48.42 47.26 33.25 34.35 47.18 49.5 48.23 45.61 33.78 56.78 0 41.75 65.33 47.06 110.62 66.4 38.3 26.2 
52.38 13.42 12.68 24.09 29.88 32.21 13.03 9.8 27.11 11.47 20.05 35.97 0 33.6 16.54 80.44 43.73 10.04 38.49 
42.07 14.86 14.11 7.02 13.22 17.46 15.76 30.04 12.16 0 22.69 37.52 22.06 32.91 12.58 81.17 60.17 5.45 22.48 
47.92 4.78 8.61 31.77 30.32 29.89 3.7 32.37 24.73 19.91 0 58.49 26.4 30.51 12.59 57.37 68.38 15.54 40.68 
62.07 48.42 47.26 33.25 34.35 47.18 49.5 48.23 45.61 33.78 56.78 0 41.75 65.33 47.06 110.62 66.4 38.3 26.2 
12.47 35.42 34.67 31.82 23.81 17.03 29.74 56.56 18.16 27.57 37.47 66.25 49.61 0 19.59 66.02 86.92 27.35 34.63 
35.44 10.63 9.87 19.37 13.8 11.86 6.35 30.66 6.23 8.97 12.53 46.81 24.62 22.04 0 67.29 66.9 8.78 28.18 
72.64 63.09 68 78.39 73.14 62.54 61.35 88.58 61.24 73.87 54.4 111.03 85.51 58 64.97 0 112.06 73.37 86.66 
95.18 59.48 58.32 63.08 68.41 70.94 54.99 35.64 65.85 50.16 62.14 58.08 35.94 78.35 59.13 112.9 0 51.59 78.62 
42.81 7.8 7.05 15.03 17.6 19.58 9.08 24.53 14.15 3.26 16.2 40.67 16.84 30.38 8.13 75.56 59.87 0 28.65 
52.38 13.42 12.68 24.09 29.88 32.21 13.03 9.8 27.11 11.47 20.05 35.97 0 33.6 16.54 80.44 43.73 10.04 38.49 
12.47 35.42 34.67 31.82 23.81 17.03 29.74 56.56 18.16 27.57 37.47 66.25 49.61 0 19.59 66.02 86.92 27.35 34.63 
35.44 10.63 9.87 19.37 13.8 11.86 6.35 30.66 6.23 8.97 12.53 46.81 24.62 22.04 0 67.29 66.9 8.78 28.18 
72.64 63.09 68 78.39 73.14 62.54 61.35 88.58 61.24 73.87 54.4 111.03 85.51 58 64.97 0 112.06 73.37 86.66 
95.18 59.48 58.32 63.08 68.41 70.94 54.99 35.64 65.85 50.16 62.14 58.08 35.94 78.35 59.13 112.9 0 51.59 78.62 
62.07 48.42 47.26 33.25 34.35 47.18 49.5 48.23 45.61 33.78 56.78 0 41.75 65.33 47.06 110.62 66.4 38.3 26.2 
52.38 13.42 12.68 24.09 29.88 32.21 13.03 9.8 27.11 11.47 20.05 35.97 0 33.6 16.54 80.44 43.73 10.04 38.49 
42.81 7.8 7.05 15.03 17.6 19.58 9.08 24.53 14.15 3.26 16.2 40.67 16.84 30.38 8.13 75.56 59.87 0 28.65 
35.38 36.97 36.29 15.49 7.58 23.53 31.84 54.71 21.97 26.2 38.22 28.56 47.81 36.34 27.52 85.63 85.82 27.83 0 
Matriz de Costos>
0 42.24 41.06 40.23 28.66 26.72 37.57 64.71 32.49 44.38 44.62 60.65 57.89 14.11 33.98 71.91 99.43 43.93 31.41 
45.47 0 2.34 24.55 24.17 26.94 5.14 27.58 21.7 12 4.33 50.91 21.51 28.04 10.82 65.3 62.7 6.96 34.88 
41.46 3.25 0 21.18 20.82 23.62 4.98 24.24 18.29 8.45 9.18 47 18.09 24.65 7.24 69.85 58.93 4.87 31.7 
36 23.07 22.34 0 5.43 11.09 21.54 37.78 9.74 10.23 28.27 36.64 29.96 28.23 15.62 74.33 70.27 11.98 16.43 
28.55 26.89 26.19 5.08 0 10.41 21.48 42.22 8.43 16.5 28.21 36.43 34.57 24.85 14.34 73.51 76.67 18.01 11.87 
29.71 26.31 25.58 15.53 9.86 0 21.74 48.91 2.73 18.12 28.06 49.6 41.83 14.62 9.88 59.71 78.96 17.92 24.5 
42.71 3.77 5.58 25.89 24.44 24.43 0 26.5 19.12 13.69 3.14 51.94 20.37 26.09 7.86 63.6 62.08 9.24 35.13 
67.32 27.49 26.76 37.31 43.33 46.1 26.87 0 40.45 25.44 33.46 40.71 9.54 48.72 30.23 94.2 37.37 24.03 53.32 
30.39 23.48 22.76 13.67 8.12 3.8 19.32 42.1 0 15.68 25.26 47.19 36.32 17.97 6.88 61.82 73.47 15.49 22.86 
42.07 14.86 14.11 7.02 13.22 17.46 15.76 30.04 12.16 0 22.69 37.52 22.06 32.91 12.58 81.17 60.17 5.45 22.48 
47.92 4.78 8.61 31.77 30.32 29.89 3.7 32.37 24.73 19.91 0 58.49 26.4 30.51 12.59 57.37 68.38 15.54 40.68 
62.07 48.42 47.26 33.25 34.35 47.18 49.5 48.23 45.61 33.78 56.78 0 41.75 65.33 47.06 110.62 66.4 38.3 26.2 
Dimension>37
Bandera>13
Fitness Greedy Costo>511.78
Solucion Greedy Costo>13 5 8 14 0 19 4 3 9 0 18 17 2 1 0 6 10 12 7 0 11 16 0 15 0 0 0 0 0 0 0 0 0 0 0 0 0 
Linea Vacia>
Matriz de Costos>
0 42.24 41.06 40.23 28.66 26.72 37.57 64.71 32.49 44.38 44.62 60.65 57.89 14.11 33.98 71.91 99.43 43.93 31.41 
45.47 0 2.34 24.55 24.17 26.94 5.14 27.58 21.7 12 4.33 50.91 21.51 28.04 10.82 65.3 62.7 6.96 34.88 
41.46 3.25 0 21.18 20.82 23.62 4.98 24.24 18.29 8.45 9.18 47 18.09 24.65 7.24 69.85 58.93 4.87 31.7 
35.38 36.97 36.29 15.49 7.58 23.53 31.84 54.71 21.97 26.2 38.22 28.56 47.81 36.34 27.52 85.63 85.82 27.83 0 
52.38 13.42 12.68 24.09 29.88 32.21 13.03 9.8 27.11 11.47 20.05 35.97 0 33.6 16.54 80.44 43.73 10.04 38.49 
12.47 35.42 34.67 31.82 23.81 17.03 29.74 56.56 18.16 27.57 37.47 66.25 49.61 0 19.59 66.02 86.92 27.35 34.63 
35.44 10.63 9.87 19.37 13.8 11.86 6.35 30.66 6.23 8.97 12.53 46.81 24.62 22.04 0 67.29 66.9 8.78 28.18 
72.64 63.09 68 78.39 73.14 62.54 61.35 88.58 61.24 73.87 54.4 111.03 85.51 58 64.97 0 112.06 73.37 86.66 
95.18 59.48 58.32 63.08 68.41 70.94 54.99 35.64 65.85 50.16 62.14 58.08 35.94 78.35 59.13 112.9 0 51.59 78.62 
42.81 7.8 7.05 15.03 17.6 19.58 9.08 24.53 14.15 3.26 16.2 40.67 16.84 30.38 8.13 75.56 59.87 0 28.65 
35.38 36.97 36.29 15.49 7.58 23.53 31.84 54.71 21.97 26.2 38.22 28.56 47.81 36.34 27.52 85.63 85.82 27.83 0 
12.47 35.42 34.67 31.82 23.81 17.03 29.74 56.56 18.16 27.57 37.47 66.25 49.61 0 19.59 66.02 86.92 27.35 34.63 
35.44 10.63 9.87 19.37 13.8 11.86 6.35 30.66 6.23 8.97 12.53 46.81 24.62 22.04 0 67.29 66.9 8.78 28.18 
72.64 63.09 68 78.39 73.14 62.54 61.35 88.58 61.24 73.87 54.4 111.03 85.51 58 64.97 0 112.06 73.37 86.66 
95.18 59.48 58.32 63.08 68.41 70.94 54.99 35.64 65.85 50.16 62.14 58.08 35.94 78.35 59.13 112.9 0 51.59 78.62 
42.81 7.8 7.05 15.03 17.6 19.58 9.08 24.53 14.15 3.26 16.2 40.67 16.84 30.38 8.13 75.56 59.87 0 28.65 
35.38 36.97 36.29 15.49 7.58 23.53 31.84 54.71 21.97 26.2 38.22 28.56 47.81 36.34 27.52 85.63 85.82 27.83 0 
36 23.07 22.34 0 5.43 11.09 21.54 37.78 9.74 10.23 28.27 36.64 29.96 28.23 15.62 74.33 70.27 11.98 16.43 
28.55 26.89 26.19 5.08 0 10.41 21.48 42.22 8.43 16.5 28.21 36.43 34.57 24.85 14.34 73.51 76.67 18.01 11.87 
29.71 26.31 25.58 15.53 9.86 0 21.74 48.91 2.73 18.12 28.06 49.6 41.83 14.62 9.88 59.71 78.96 17.92 24.5 
42.71 3.77 5.58 25.89 24.44 24.43 0 26.5 19.12 13.69 3.14 51.94 20.37 26.09 7.86 63.6 62.08 9.24 35.13 
67.32 27.49 26.76 37.31 43.33 46.1 26.87 0 40.45 25.44 33.46 40.71 9.54 48.72 30.23 94.2 37.37 24.03 53.32 
30.39 23.48 22.76 13.67 8.12 3.8 19.32 42.1 0 15.68 25.26 47.19 36.32 17.97 6.88 61.82 73.47 15.49 22.86 
42.07 14.86 14.11 7.02 13.22 17.46 15.76 30.04 12.16 0 22.69 37.52 22.06 32.91 12.58 81.17 60.17 5.45 22.48 
47.92 4.78 8.61 31.77 30.32 29.89 3.7 32.37 24.73 19.91 0 58.49 26.4 30.51 12.59 57.37 68.38 15.54 40.68 
62.07 48.42 47.26 33.25 34.35 47.18 49.5 48.23 45.61 33.78 56.78 0 41.75 65.33 47.06 110.62 66.4 38.3 26.2 
52.38 13.42 12.68 24.09 29.88 32.21 13.03 9.8 27.11 11.47 20.05 35.97 0 33.6 16.54 80.44 43.73 10.04 38.49 
12.47 35.42 34.67 31.82 23.81 17.03 29.74 56.56 18.16 27.57 37.47 66.25 49.61 0 19.59 66.02 86.92 27.35 34.63 
35.44 10.63 9.87 19.37 13.8 11.86 6.35 30.66 6.23 8.97 12.53 46.81 24.62 22.04 0 67.29 66.9 8.78 28.18 
72.64 63.09 68 78.39 73.14 62.54 61.35 88.58 61.24 73.87 54.4 111.03 85.51 58 64.97 0 112.06 73.37 86.66 
95.18 59.48 58.32 63.08 68.41 70.94 54.99 35.64 65.85 50.16 62.14 58.08 35.94 78.35 59.13 112.9 0 51.59 78.62 
42.81 7.8 7.05 15.03 17.6 19.58 9.08 24.53 14.15 3.26 16.2 40.67 16.84 30.38 8.13 75.56 59.87 0 28.65 
35.38 36.97 36.29 15.49 7.58 23.53 31.84 54.71 21.97 26.2 38.22 28.56 47.81 36.34 27.52 85.63 85.82 27.83 0 
Dimension>37
Bandera>13
Fitness Greedy Costo>511.78
Solucion Greedy Costo>13 5 8 14 0 19 4 3 9 0 18 17 2 1 0 6 10 12 7 0 11 16 0 15 0 0 0 0 0 0 0 0 0 0 0 0 0 
Linea Vacia>
Matriz de Costos>
0 42.24 41.06 40.23 28.66 26.72 37.57 64.71 32.49 44.38 44.62 60.65 57.89 14.11 33.98 71.91 99.43 43.93 31.41 
45.47 0 2.34 24.55 24.17 26.94 5.14 27.58 21.7 12 4.33 50.91 21.51 28.04 10.82 65.3 62.7 6.96 34.88 
41.46 3.25 0 21.18 20.82 23.62 4.98 24.24 18.29 8.45 9.18 47 18.09 24.65 7.24 69.85 58.93 4.87 31.7 
36 23.07 22.34 0 5.43 11.09 21.54 37.78 9.74 10.23 28.27 36.64 29.96 28.23 15.62 74.33 70.27 11.98 16.43 
28.55 26.89 26.19 5.08 0 10.41 21.48 42.22 8.43 16.5 28.21 36.43 34.57 24.85 14.34 73.51 76.67 18.01 11.87 
29.71 26.31 25.58 15.53 9.86 0 21.74 48.91 2.73 18.12 28.06 49.6 41.83 14.62 9.88 59.71 78.96 17.92 24.5 
42.71 3.77 5.58 25.89 24.44 24.43 0 26.5 19.12 13.69 3.14 51.94 20.37 26.09 7.86 63.6 62.08 9.24 35.13 
67.32 27.49 26.76 37.31 43.33 46.1 26.87 0 40.45 25.44 33.46 40.71 9.54 48.72 30.23 94.2 37.37 24.03 53.32 
30.39 23.48 22.76 13.67 8.12 3.8 19.32 42.1 0 15.68 25.26 47.19 36.32 17.97 6.88 61.82 73.47 15.49 22.86 
42.07 14.86 14.11 7.02 13.22 17.46 15.76 30.04 12.16 0 22.69 37.52 22.06 32.91 12.58 81.17 60.17 5.45 22.48 
47.92 4.78 8.61 31.77 30.32 29.89 3.7 32.37 24.73 19.91 0 58.49 26.4 30.51 12.59 57.37 68.38 15.54 40.68 
62.07 48.42 47.26 33.25 34.35 47.18 49.5 48.23 45.61 33.78 56.78 0 41.75 65.33 47.06 110.62 66.4 38.3 26.2 
52.38 13.42 12.68 24.09 29.88 32.21 13.03 9.8 27.11 11.47 20.05 35.97 0 33.6 16.54 80.44 43.73 10.04 38.49 
12.47 35.42 34.67 31.82 23.81 17.03 29.74 56.56 18.16 27.57 37.47 66.25 49.61 0 19.59 66.02 86.92 27.35 34.63 
35.44 10.63 9.87 19.37 13.8 11.86 6.35 30.66 6.23 8.97 12.53 46.81 24.62 22.04 0 67.29 66.9 8.78 28.18 
72.64 63.09 68 78.39 73.14 62.54 61.35 88.58 61.24 73.87 54.4 111.03 85.51 58 64.97 0 112.06 73.37 86.66 
Dimension>37
Bandera>13
Fitness Greedy Costo>511.78
Solucion Greedy Costo>13 5 8 14 0 19 4 3 9 0 18 17 2 1 0 6 10 12 7 0 11 16 0 15 0 0 0 0 0 0 0 0 0 0 0 0 0 
Linea Vacia>
Matriz de Costos>
0 42.24 41.06 40.23 28.66 26.72 37.57 64.71 32.49 44.38 44.62 60.65 57.89 14.11 33.98 71.91 99.43 43.93 31.41 
45.47 0 2.34 24.55 24.17 26.94 5.14 27.58 21.7 12 4.33 50.91 21.51 28.04 10.82 65.3 62.7 6.96 34.88 
41.46 3.25 0 21.18 20.82 23.62 4.98 24.24 18.29 8.45 9.18 47 18.09 24.65 7.24 69.85 58.93 4.87 31.7 
36 23.07 22.34 0 5.43 11.09 21.54 37.78 9.74 10.23 28.27 36.64 29.96 28.23 15.62 74.33 70.27 11.98 16.43 
28.55 26.89 26.19 5.08 0 10.41 21.48 42.22 8.43 16.5 28.21 36.43 34.57 24.85 14.34 73.51 76.67 18.01 11.87 
29.71 26.31 25.58 15.53 9.86 0 21.74 48.91 2.73 18.12 28.06 49.6 41.83 14.62 9.88 59.71 78.96 17.92 24.5 
42.71 3.77 5.58 25.89 24.44 24.43 0 26.5 19.12 13.69 3.14 51.94 20.37 26.09 7.86 63.6 62.08 9.24 35.13 
67.32 27.49 26.76 37.31 43.33 46.1 26.87 0 40.45 25.44 33.46 40.71 9.54 48.72 30.23 94.2 37.37 24.03 53.32 
30.39 23.48 22.76 13.67 8.12 3.8 19.32 42.1 0 15.68 25.26 47.19 36.32 17.97 6.88 61.82 73.47 15.49 22.86 
42.07 14.86 14.11 7.02 13.22 17.46 15.76 30.04 12.16 0 22.69 37.52 22.06 32.91 12.58 81.17 60.17 5.45 22.48 
47.92 4.78 8.61 31.77 30.32 29.89 3.7 32.37 24.73 19.91 0 58.49 26.4 30.51 12.59 57.37 68.38 15.54 40.68 
62.07 48.42 47.26 33.25 34.35 47.18 49.5 48.23 45.61 33.78 56.78 0 41.75 65.33 47.06 110.62 66.4 38.3 26.2 
95.18 59.48 58.32 63.08 68.41 70.94 54.99 35.64 65.85 50.16 62.14 58.08 35.94 78.35 59.13 112.9 0 51.59 78.62 
42.81 7.8 7.05 15.03 17.6 19.58 9.08 24.53 14.15 3.26 16.2 40.67 16.84 30.38 8.13 75.56 59.87 0 28.65 
35.38 36.97 36.29 15.49 7.58 23.53 31.84 54.71 21.97 26.2 38.22 28.56 47.81 36.34 27.52 85.63 85.82 27.83 0 
52.38 13.42 12.68 24.09 29.88 32.21 13.03 9.8 27.11 11.47 20.05 35.97 0 33.6 16.54 80.44 43.73 10.04 38.49 
12.47 35.42 34.67 31.82 23.81 17.03 29.74 56.56 18.16 27.57 37.47 66.25 49.61 0 19.59 66.02 86.92 27.35 34.63 
35.44 10.63 9.87 19.37 13.8 11.86 6.35 30.66 6.23 8.97 12.53 46.81 24.62 22.04 0 67.29 66.9 8.78 28.18 
72.64 63.09 68 78.39 73.14 62.54 61.35 88.58 61.24 73.87 54.4 111.03 85.51 58 64.97 0 112.06 73.37 86.66 
95.18 59.48 58.32 63.08 68.41 70.94 54.99 35.64 65.85 50.16 62.14 58.08 35.94 78.35 59.13 112.9 0 51.59 78.62 
42.81 7.8 7.05 15.03 17.6 19.58 9.08 24.53 14.15 3.26 16.2 40.67 16.84 30.38 8.13 75.56 59.87 0 28.65 
35.38 36.97 36.29 15.49 7.58 23.53 31.84 54.71 21.97 26.2 38.22 28.56 47.81 36.34 27.52 85.63 85.82 27.83 0 
GEN 0 768.040000
GEN 0 841.770000
TIEMPO 0 764.460000
TIEMPO 0 727.970000
GEN 0 799.840000
TIEMPO 0 799.840000
GREEDY 0 0.006828
GEN 0 751.190000
TIEMPO 0 751.190000
GREEDY 5 0.016044
GEN 0 794.310000
GEN 0 816.320000
GEN 0 784.360000
GEN 0 781.440000
GEN 0 777.030000
GEN 0 831.040000
TIEMPO 0 752.140000
GEN 0 794.040000
TIEMPO 0 784.360000
TIEMPO 0 777.030000
TIEMPO 0 791.630000
TIEMPO 0 816.320000
TIEMPO 0 734.940000
TIEMPO 0 794.040000
GREEDY 0 0.017287
GEN 0 752.990000
TIEMPO 0 752.990000
GEN 0 790.400000
GEN 0 775.740000
GEN 0 811.180000
TIEMPO 0 790.400000
GEN 0 769.390000
GEN 0 806.030000
GEN 0 804.570000
GEN 0 773.380000
TIEMPO 0 718.510000
TIEMPO 0 775.740000
GEN 0 800.460000
GEN 0 780.140000
TIEMPO 0 809.970000
TIEMPO 0 804.570000
TIEMPO 0 741.900000
GEN 0 817.210000
TIEMPO 0 780.890000
TIEMPO 0 817.210000
TIEMPO 0 780.140000
GREEDY 0 0.013838
GEN 0 799.900000
GEN 0 815.870000
TIEMPO 0 752.850000
TIEMPO 0 762.960000
TIEMPO 0 784.930000
GREEDY 0 0.025618
GREEDY 5 0.026198
GREEDY 0 0.016471
GREEDY 5 0.046988
GREEDY 0 0.025986
GREEDY 0 0.037205
GREEDY 0 0.027166
GREEDY 0 0.028374
GREEDY 5 0.040544
GREEDY 0 0.040646
GREEDY 5 0.049906
GREEDY 0 0.053916
GREEDY 5 0.044469
GREEDY 0 0.046088
GREEDY 5 0.057780
GREEDY 0 0.045857
GREEDY 5 0.056891
GREEDY 0 0.061797
GREEDY 10 0.072521
GREEDY 0 0.083767
GREEDY 0 0.068744
GREEDY 10 0.080104
GREEDY 5 0.071501
GREEDY 0 0.085925
GREEDY 0 0.086723
GREEDY 5 0.087034
GREEDY 0 0.083038
GREEDY 5 0.088122
GREEDY 5 0.079518
GREEDY 0 0.092476
GREEDY 10 0.110245
GREEDY 10 0.101201
GREEDY 5 0.107389
GREEDY 0 0.099763
GREEDY 5 0.113228
GREEDY 0 0.117870
GREEDY 5 0.123371
GREEDY 5 0.149440
GREEDY 10 0.154200
GEN 2500 464.500000
GREEDY 10 0.153437
GREEDY 10 0.158894
GREEDY 5 0.167477
GREEDY 5 0.180767
GEN 2500 471.020000
GEN 2500 521.610000
GREEDY 5 0.185050
GEN 2500 463.550000
GREEDY 5 0.212208
GREEDY 10 0.224289
GEN 2500 446.900000
GREEDY 0 0.198189
GREEDY 10 0.210851
GEN 2500 443.910000
GEN 2500 486.640000
GEN 2500 435.090000
GREEDY 15 0.233283
GREEDY 15 0.243446
GREEDY 5 0.239981
GREEDY 10 0.269469
GEN 2500 472.820000
GEN 2500 441.860000
GREEDY 10 0.286780
GEN 2500 473.540000
GREEDY 10 0.288625
GREEDY 5 0.283483
GEN 2500 442.280000
GEN 2500 471.280000
GEN 5000 441.030000
GEN 2500 467.600000
GEN 2500 450.970000
GEN 2500 458.350000
GREEDY 10 0.343031
GEN 2500 445.930000
GEN 2500 479.470000
GREEDY 0 0.385740
GEN 2500 474.400000
GREEDY 10 0.374889
GEN 5000 455.610000
GREEDY 10 0.359434
GEN 5000 427.870000
GEN 5000 471.020000
GEN 2500 504.490000
GREEDY 10 0.393685
GEN 2500 460.260000
GEN 5000 446.750000
GREEDY 5 0.465728
GEN 2500 472.580000
GEN 5000 486.640000
GEN 5000 443.470000
GEN 5000 433.670000
GEN 2500 446.200000
GEN 5000 462.930000
GEN 2500 448.740000
GEN 5000 442.280000
GEN 5000 451.690000
GREEDY 10 0.525385
GEN 7500 441.030000
GEN 5000 463.390000
GEN 5000 460.510000
GEN 7500 442.190000
GEN 5000 437.000000
GEN 5000 458.350000
GEN 7500 427.870000
GEN 5000 437.070000
GREEDY 10 0.596763
GEN 5000 471.330000
GEN 5000 474.400000
GEN 5000 440.100000
GEN 5000 449.750000
GEN 7500 446.750000
GEN 5000 460.260000
GEN 7500 471.020000
GEN 5000 472.580000
GEN 7500 486.640000
GEN 7500 443.320000
GEN 7500 433.670000
GEN 7500 442.280000
GEN 5000 446.200000
GEN 10000 441.030000
TIEMPO 0.735904 441.030000
GEN 7500 445.590000
GEN 5000 436.220000
GEN 7500 443.670000
GEN 10000 442.190000
TIEMPO 0.739393 442.190000
GEN 7500 460.830000
GEN 10000 427.870000
TIEMPO 0.752458 427.870000
GREEDY 10 0.758637
GEN 7500 437.000000
GEN 7500 442.240000
GEN 7500 460.510000
GEN 7500 437.070000
GEN 7500 471.150000
GEN 7500 440.100000
GEN 7500 449.750000
GEN 7500 474.400000
GEN 10000 446.750000
TIEMPO 0.838768 446.750000
GEN 7500 460.260000
GEN 10000 486.640000
TIEMPO 0.863184 486.640000
GEN 7500 472.580000
GEN 10000 440.300000
TIEMPO 0.892423 440.300000
GEN 10000 440.660000
TIEMPO 0.883625 440.660000
GEN 10000 433.670000
TIEMPO 0.894548 433.670000
GEN 7500 446.200000
GEN 7500 436.220000
GEN 10000 471.020000
TIEMPO 0.925885 471.020000
GEN 10000 445.590000
TIEMPO 0.926949 445.590000
GEN 10000 443.550000
TIEMPO 0.934639 443.550000
GEN 10000 437.000000
TIEMPO 0.948653 437.000000
GEN 10000 442.240000
TIEMPO 0.951394 442.240000
TIEMPO 1 449.750000
GEN 10000 437.070000
TIEMPO 0.973331 437.070000
GEN 10000 455.350000
TIEMPO 0.977789 455.350000
TIEMPO 1 471.150000
GEN 10000 460.510000
TIEMPO 0.997858 460.510000
TIEMPO 1 440.100000
TIEMPO 1 472.580000
TIEMPO 1 474.400000
GEN 10000 440.100000
TIEMPO 1.006999 440.100000
TIEMPO 1 446.200000
TIEMPO 1 460.260000
GEN 10000 471.150000
TIEMPO 1.025627 471.150000
TIEMPO 1 436.220000
GEN 10000 449.750000
TIEMPO 1.044170 449.750000
GEN 10000 460.260000
TIEMPO 1.048354 460.260000
GEN 10000 474.400000
TIEMPO 1.059649 474.400000
GEN 10000 436.220000
TIEMPO 1.077147 436.220000
GEN 10000 472.580000
TIEMPO 1.097333 472.580000
GEN 10000 446.200000
TIEMPO 1.089047 446.200000

 Current State ---------------------------------------------
Solution:  14 12 7 16 0 6 10 1 2 0 13 5 8 15 0 4 3 17 9 0 19 18 11 0 0 0 0 0 0 0 0 0 0 0 0 0 0 Fitness: 427.87

 :( ---------------------- THE END --------------- :) 
