Dimension>17
Bandera>10
Fitness Greedy Costo>173.28
Solucion Greedy Costo>1 2 3 4 0 7 8 9 0 5 6 0 0 0 0 0 0 
Linea Vacia>
Matriz de Costos>
0 11.72 21.73 30.86 30.13 31.1 36.44 24.99 25.58 
9.9 0 14.5 23.66 28.26 32.05 37.39 35.78 36.37 
22.99 15.1 0 8.54 14.38 20.72 26.23 33.79 41.54 
Dimension>17
27.96 20.08 7.19 0 12.29 18.89 24.15 35.31 41.58 
29.72 29.45 16.87 11.32 0 8.43 11.96 30.36 40.52 
32.4 32.64 25.56 19.81 10.17 0 7.15 22 35.45 
34.8 35.72 25.75 19.3 9.4 7.62 0 27.8 40.33 
26.95 36.64 35.98 34.07 30.07 23.42 27.89 0 13.93 
Bandera>10
Fitness Greedy Costo>173.28
Solucion Greedy Costo>1 2 3 4 0 7 8 9 0 5 6 0 0 0 0 0 0 
Linea Vacia>
25.62 35.31 39.13 41.53 40.23 35.44 44.24 13.97 0 
Matriz de Costos>
0 11.72 21.73 30.86 30.13 31.1 36.44 24.99 25.58 
9.9 0 14.5 23.66 28.26 32.05 37.39 35.78 36.37 
22.99 15.1 0 8.54 14.38 20.72 26.23 33.79 41.54 
Dimension>17
27.96 20.08 7.19 0 12.29 18.89 24.15 35.31 41.58 
29.72 29.45 16.87 11.32 0 8.43 11.96 30.36 40.52 
32.4 32.64 25.56 19.81 10.17 0 7.15 22 35.45 
34.8 35.72 25.75 19.3 9.4 7.62 0 27.8 40.33 
26.95 36.64 35.98 34.07 30.07 23.42 27.89 0 13.93 
25.62 35.31 39.13 41.53 40.23 35.44 44.24 13.97 0 
Bandera>10
Fitness Greedy Costo>173.28
Solucion Greedy Costo>1 2 3 4 0 7 8 9 0 5 6 0 0 0 0 0 0 
Linea Vacia>
Dimension>17
Dimension>17
Dimension>17
Bandera>10
Fitness Greedy Costo>173.28
Solucion Greedy Costo>1 2 3 4 0 7 8 9 0 5 6 0 0 0 0 0 0 
Linea Vacia>
Matriz de Costos>
0 11.72 21.73 30.86 30.13 31.1 36.44 24.99 25.58 
Bandera>10
Fitness Greedy Costo>173.28
Solucion Greedy Costo>1 2 3 4 0 7 8 9 0 5 6 0 0 0 0 0 0 
Linea Vacia>
Bandera>10
Fitness Greedy Costo>173.28
Solucion Greedy Costo>1 2 3 4 0 7 8 9 0 5 6 0 0 0 0 0 0 
Linea Vacia>
Matriz de Costos>
0 11.72 21.73 30.86 30.13 31.1 36.44 24.99 25.58 
9.9 0 14.5 23.66 28.26 32.05 37.39 35.78 36.37 
22.99 15.1 0 8.54 14.38 20.72 26.23 33.79 41.54 
27.96 20.08 7.19 0 12.29 18.89 24.15 35.31 41.58 
Matriz de Costos>
0 11.72 21.73 30.86 30.13 31.1 36.44 24.99 25.58 
9.9 0 14.5 23.66 28.26 32.05 37.39 35.78 36.37 
9.9 0 14.5 23.66 28.26 32.05 37.39 35.78 36.37 
22.99 15.1 0 8.54 14.38 20.72 26.23 33.79 41.54 
27.96 20.08 7.19 0 12.29 18.89 24.15 35.31 41.58 
29.72 29.45 16.87 11.32 0 8.43 11.96 30.36 40.52 
32.4 32.64 25.56 19.81 10.17 0 7.15 22 35.45 
34.8 35.72 25.75 19.3 9.4 7.62 0 27.8 40.33 
26.95 36.64 35.98 34.07 30.07 23.42 27.89 0 13.93 
25.62 35.31 39.13 41.53 40.23 35.44 44.24 13.97 0 
Matriz de Costos>
0 11.72 21.73 30.86 30.13 31.1 36.44 24.99 25.58 
9.9 0 14.5 23.66 28.26 32.05 37.39 35.78 36.37 
22.99 15.1 0 8.54 14.38 20.72 26.23 33.79 41.54 
27.96 20.08 7.19 0 12.29 18.89 24.15 35.31 41.58 
29.72 29.45 16.87 11.32 0 8.43 11.96 30.36 40.52 
29.72 29.45 16.87 11.32 0 8.43 11.96 30.36 40.52 
32.4 32.64 25.56 19.81 10.17 0 7.15 22 35.45 
34.8 35.72 25.75 19.3 9.4 7.62 0 27.8 40.33 
26.95 36.64 35.98 34.07 30.07 23.42 27.89 0 13.93 
25.62 35.31 39.13 41.53 40.23 35.44 44.24 13.97 0 
22.99 15.1 0 8.54 14.38 20.72 26.23 33.79 41.54 
27.96 20.08 7.19 0 12.29 18.89 24.15 35.31 41.58 
29.72 29.45 16.87 11.32 0 8.43 11.96 30.36 40.52 
32.4 32.64 25.56 19.81 10.17 0 7.15 22 35.45 
32.4 32.64 25.56 19.81 10.17 0 7.15 22 35.45 
34.8 35.72 25.75 19.3 9.4 7.62 0 27.8 40.33 
26.95 36.64 35.98 34.07 30.07 23.42 27.89 0 13.93 
25.62 35.31 39.13 41.53 40.23 35.44 44.24 13.97 0 
34.8 35.72 25.75 19.3 9.4 7.62 0 27.8 40.33 
26.95 36.64 35.98 34.07 30.07 23.42 27.89 0 13.93 
25.62 35.31 39.13 41.53 40.23 35.44 44.24 13.97 0 
Dimension>17
Bandera>10
Fitness Greedy Costo>173.28
Solucion Greedy Costo>1 2 3 4 0 7 8 9 0 5 6 0 0 0 0 0 0 
Linea Vacia>
Matriz de Costos>
0 11.72 21.73 30.86 30.13 31.1 36.44 24.99 25.58 
9.9 0 14.5 23.66 28.26 32.05 37.39 35.78 36.37 
22.99 15.1 0 8.54 14.38 20.72 26.23 33.79 41.54 
27.96 20.08 7.19 0 12.29 18.89 24.15 35.31 41.58 
29.72 29.45 16.87 11.32 0 8.43 11.96 30.36 40.52 
Dimension>17
Bandera>10
Fitness Greedy Costo>173.28
32.4 32.64 25.56 19.81 10.17 0 7.15 22 35.45 
34.8 35.72 25.75 19.3 9.4 7.62 0 27.8 40.33 
26.95 36.64 35.98 34.07 30.07 23.42 27.89 0 13.93 
25.62 35.31 39.13 41.53 40.23 35.44 44.24 13.97 0 
Solucion Greedy Costo>1 2 3 4 0 7 8 9 0 5 6 0 0 0 0 0 0 
Linea Vacia>
Matriz de Costos>
0 11.72 21.73 30.86 30.13 31.1 36.44 24.99 25.58 
9.9 0 14.5 23.66 28.26 32.05 37.39 35.78 36.37 
22.99 15.1 0 8.54 14.38 20.72 26.23 33.79 41.54 
27.96 20.08 7.19 0 12.29 18.89 24.15 35.31 41.58 
29.72 29.45 16.87 11.32 0 8.43 11.96 30.36 40.52 
32.4 32.64 25.56 19.81 10.17 0 7.15 22 35.45 
34.8 35.72 25.75 19.3 9.4 7.62 0 27.8 40.33 
26.95 36.64 35.98 34.07 30.07 23.42 27.89 0 13.93 
25.62 35.31 39.13 41.53 40.23 35.44 44.24 13.97 0 
Dimension>17
Bandera>10
Fitness Greedy Costo>173.28
Dimension>17
Bandera>10
Fitness Greedy Costo>173.28
Solucion Greedy Costo>1 2 3 4 0 7 8 9 0 5 6 0 0 0 0 0 0 
Linea Vacia>
Solucion Greedy Costo>1 2 3 4 0 7 8 9 0 5 6 0 0 0 0 0 0 
Linea Vacia>
Matriz de Costos>
0 11.72 21.73 30.86 30.13 31.1 36.44 24.99 25.58 
9.9 0 14.5 23.66 28.26 32.05 37.39 35.78 36.37 
22.99 15.1 0 8.54 14.38 20.72 26.23 33.79 41.54 
Dimension>17
Bandera>10
Fitness Greedy Costo>173.28
Solucion Greedy Costo>1 2 3 4 0 7 8 9 0 5 6 0 0 0 0 0 0 
Linea Vacia>
Matriz de Costos>
0 11.72 21.73 30.86 30.13 31.1 36.44 24.99 25.58 
9.9 0 14.5 23.66 28.26 32.05 37.39 35.78 36.37 
22.99 15.1 0 8.54 14.38 20.72 26.23 33.79 41.54 
27.96 20.08 7.19 0 12.29 18.89 24.15 35.31 41.58 
29.72 29.45 16.87 11.32 0 8.43 11.96 30.36 40.52 
32.4 32.64 25.56 19.81 10.17 0 7.15 22 35.45 
34.8 35.72 25.75 19.3 9.4 7.62 0 27.8 40.33 
26.95 36.64 35.98 34.07 30.07 23.42 27.89 0 13.93 
25.62 35.31 39.13 41.53 40.23 35.44 44.24 13.97 0 
27.96 20.08 7.19 0 12.29 18.89 24.15 35.31 41.58 
29.72 29.45 16.87 11.32 0 8.43 11.96 30.36 40.52 
32.4 32.64 25.56 19.81 10.17 0 7.15 22 35.45 
34.8 35.72 25.75 19.3 9.4 7.62 0 27.8 40.33 
26.95 36.64 35.98 34.07 30.07 23.42 27.89 0 13.93 
25.62 35.31 39.13 41.53 40.23 35.44 44.24 13.97 0 
Dimension>17
Bandera>10
Fitness Greedy Costo>173.28
Solucion Greedy Costo>1 2 3 4 0 7 8 9 0 5 6 0 0 0 0 0 0 
Linea Vacia>
Matriz de Costos>
0 11.72 21.73 30.86 30.13 31.1 36.44 24.99 25.58 
9.9 0 14.5 23.66 28.26 32.05 37.39 35.78 36.37 
22.99 15.1 0 8.54 14.38 20.72 26.23 33.79 41.54 
27.96 20.08 7.19 0 12.29 18.89 24.15 35.31 41.58 
29.72 29.45 16.87 11.32 0 8.43 11.96 30.36 40.52 
32.4 32.64 25.56 19.81 10.17 0 7.15 22 35.45 
34.8 35.72 25.75 19.3 9.4 7.62 0 27.8 40.33 
26.95 36.64 35.98 34.07 30.07 23.42 27.89 0 13.93 
25.62 35.31 39.13 41.53 40.23 35.44 44.24 13.97 0 
Dimension>17
Bandera>10
Dimension>17
Fitness Greedy Costo>173.28
Solucion Greedy Costo>1 2 3 4 0 7 8 9 0 5 6 0 0 0 0 0 0 
Linea Vacia>
Dimension>17
Bandera>10
Fitness Greedy Costo>173.28
Solucion Greedy Costo>1 2 3 4 0 7 8 9 0 5 6 0 0 0 0 0 0 
Linea Vacia>
Bandera>10
Fitness Greedy Costo>173.28
Solucion Greedy Costo>1 2 3 4 0 7 8 9 0 5 6 0 0 0 0 0 0 
Linea Vacia>
Matriz de Costos>
0 11.72 21.73 30.86 30.13 31.1 36.44 24.99 25.58 
Matriz de Costos>
0 11.72 21.73 30.86 30.13 31.1 36.44 24.99 25.58 
9.9 0 14.5 23.66 28.26 32.05 37.39 35.78 36.37 
22.99 15.1 0 8.54 14.38 20.72 26.23 33.79 41.54 
27.96 20.08 7.19 0 12.29 18.89 24.15 35.31 41.58 
29.72 29.45 16.87 11.32 0 8.43 11.96 30.36 40.52 
32.4 32.64 25.56 19.81 10.17 0 7.15 22 35.45 
Dimension>17
Bandera>10
Fitness Greedy Costo>173.28
Solucion Greedy Costo>1 2 3 4 0 7 8 9 0 5 6 0 0 0 0 0 0 
Linea Vacia>
Dimension>17
Bandera>10
Fitness Greedy Costo>173.28
Solucion Greedy Costo>1 2 3 4 0 7 8 9 0 5 6 0 0 0 0 0 0 
Linea Vacia>
Matriz de Costos>
0 11.72 21.73 30.86 30.13 31.1 36.44 24.99 25.58 
9.9 0 14.5 23.66 28.26 32.05 37.39 35.78 36.37 
22.99 15.1 0 8.54 14.38 20.72 26.23 33.79 41.54 
27.96 20.08 7.19 0 12.29 18.89 24.15 35.31 41.58 
29.72 29.45 16.87 11.32 0 8.43 11.96 30.36 40.52 
32.4 32.64 25.56 19.81 10.17 0 7.15 22 35.45 
34.8 35.72 25.75 19.3 9.4 7.62 0 27.8 40.33 
26.95 36.64 35.98 34.07 30.07 23.42 27.89 0 13.93 
9.9 0 14.5 23.66 28.26 32.05 37.39 35.78 36.37 
22.99 15.1 0 8.54 14.38 20.72 26.23 33.79 41.54 
27.96 20.08 7.19 0 12.29 18.89 24.15 35.31 41.58 
29.72 29.45 16.87 11.32 0 8.43 11.96 30.36 40.52 
32.4 32.64 25.56 19.81 10.17 0 7.15 22 35.45 
34.8 35.72 25.75 19.3 9.4 7.62 0 27.8 40.33 
26.95 36.64 35.98 34.07 30.07 23.42 27.89 0 13.93 
25.62 35.31 39.13 41.53 40.23 35.44 44.24 13.97 0 
Matriz de Costos>
0 11.72 21.73 30.86 30.13 31.1 36.44 24.99 25.58 
9.9 0 14.5 23.66 28.26 32.05 37.39 35.78 36.37 
22.99 15.1 0 8.54 14.38 20.72 26.23 33.79 41.54 
27.96 20.08 7.19 0 12.29 18.89 24.15 35.31 41.58 
29.72 29.45 16.87 11.32 0 8.43 11.96 30.36 40.52 
32.4 32.64 25.56 19.81 10.17 0 7.15 22 35.45 
34.8 35.72 25.75 19.3 9.4 7.62 0 27.8 40.33 
26.95 36.64 35.98 34.07 30.07 23.42 27.89 0 13.93 
34.8 35.72 25.75 19.3 9.4 7.62 0 27.8 40.33 
26.95 36.64 35.98 34.07 30.07 23.42 27.89 0 13.93 
25.62 35.31 39.13 41.53 40.23 35.44 44.24 13.97 0 
25.62 35.31 39.13 41.53 40.23 35.44 44.24 13.97 0 
25.62 35.31 39.13 41.53 40.23 35.44 44.24 13.97 0 
Matriz de Costos>
0 11.72 21.73 30.86 30.13 31.1 36.44 24.99 25.58 
9.9 0 14.5 23.66 28.26 32.05 37.39 35.78 36.37 
22.99 15.1 0 8.54 14.38 20.72 26.23 33.79 41.54 
27.96 20.08 7.19 0 12.29 18.89 24.15 35.31 41.58 
29.72 29.45 16.87 11.32 0 8.43 11.96 30.36 40.52 
32.4 32.64 25.56 19.81 10.17 0 7.15 22 35.45 
34.8 35.72 25.75 19.3 9.4 7.62 0 27.8 40.33 
26.95 36.64 35.98 34.07 30.07 23.42 27.89 0 13.93 
25.62 35.31 39.13 41.53 40.23 35.44 44.24 13.97 0 
Matriz de Costos>
0 11.72 21.73 30.86 30.13 31.1 36.44 24.99 25.58 
9.9 0 14.5 23.66 28.26 32.05 37.39 35.78 36.37 
22.99 15.1 0 8.54 14.38 20.72 26.23 33.79 41.54 
27.96 20.08 7.19 0 12.29 18.89 24.15 35.31 41.58 
29.72 29.45 16.87 11.32 0 8.43 11.96 30.36 40.52 
32.4 32.64 25.56 19.81 10.17 0 7.15 22 35.45 
34.8 35.72 25.75 19.3 9.4 7.62 0 27.8 40.33 
26.95 36.64 35.98 34.07 30.07 23.42 27.89 0 13.93 
25.62 35.31 39.13 41.53 40.23 35.44 44.24 13.97 0 
Dimension>17
Bandera>10
Fitness Greedy Costo>173.28
Solucion Greedy Costo>1 2 3 4 0 7 8 9 0 5 6 0 0 0 0 0 0 
Linea Vacia>
Matriz de Costos>
0 11.72 21.73 30.86 30.13 31.1 36.44 24.99 25.58 
9.9 0 14.5 23.66 28.26 32.05 37.39 35.78 36.37 
22.99 15.1 0 8.54 14.38 20.72 26.23 33.79 41.54 
27.96 20.08 7.19 0 12.29 18.89 24.15 35.31 41.58 
29.72 29.45 16.87 11.32 0 8.43 11.96 30.36 40.52 
32.4 32.64 25.56 19.81 10.17 0 7.15 22 35.45 
Dimension>17
Bandera>10
Fitness Greedy Costo>173.28
Solucion Greedy Costo>1 2 3 4 0 7 8 9 0 5 6 0 0 0 0 0 0 
Linea Vacia>
Matriz de Costos>
0 11.72 21.73 30.86 30.13 31.1 36.44 24.99 25.58 
9.9 0 14.5 23.66 28.26 32.05 37.39 35.78 36.37 
22.99 15.1 0 8.54 14.38 20.72 26.23 33.79 41.54 
27.96 20.08 7.19 0 12.29 18.89 24.15 35.31 41.58 
29.72 29.45 16.87 11.32 0 8.43 11.96 30.36 40.52 
32.4 32.64 25.56 19.81 10.17 0 7.15 22 35.45 
34.8 35.72 25.75 19.3 9.4 7.62 0 27.8 40.33 
26.95 36.64 35.98 34.07 30.07 23.42 27.89 0 13.93 
34.8 35.72 25.75 19.3 9.4 7.62 0 27.8 40.33 
26.95 36.64 35.98 34.07 30.07 23.42 27.89 0 13.93 
25.62 35.31 39.13 41.53 40.23 35.44 44.24 13.97 0 
Dimension>17
Bandera>10
Fitness Greedy Costo>173.28
Solucion Greedy Costo>1 2 3 4 0 7 8 9 0 5 6 0 0 0 0 0 0 
Linea Vacia>
Matriz de Costos>
0 11.72 21.73 30.86 30.13 31.1 36.44 24.99 25.58 
9.9 0 14.5 23.66 28.26 32.05 37.39 35.78 36.37 
22.99 15.1 0 8.54 14.38 20.72 26.23 33.79 41.54 
27.96 20.08 7.19 0 12.29 18.89 24.15 35.31 41.58 
29.72 29.45 16.87 11.32 0 8.43 11.96 30.36 40.52 
32.4 32.64 25.56 19.81 10.17 0 7.15 22 35.45 
34.8 35.72 25.75 19.3 9.4 7.62 0 27.8 40.33 
26.95 36.64 35.98 34.07 30.07 23.42 27.89 0 13.93 
25.62 35.31 39.13 41.53 40.23 35.44 44.24 13.97 0 
25.62 35.31 39.13 41.53 40.23 35.44 44.24 13.97 0 
Dimension>17
Bandera>10
Fitness Greedy Costo>173.28
Solucion Greedy Costo>1 2 3 4 0 7 8 9 0 5 6 0 0 0 0 0 0 
Linea Vacia>
Matriz de Costos>
0 11.72 21.73 30.86 30.13 31.1 36.44 24.99 25.58 
9.9 0 14.5 23.66 28.26 32.05 37.39 35.78 36.37 
22.99 15.1 0 8.54 14.38 20.72 26.23 33.79 41.54 
27.96 20.08 7.19 0 12.29 18.89 24.15 35.31 41.58 
29.72 29.45 16.87 11.32 0 8.43 11.96 30.36 40.52 
32.4 32.64 25.56 19.81 10.17 0 7.15 22 35.45 
34.8 35.72 25.75 19.3 9.4 7.62 0 27.8 40.33 
26.95 36.64 35.98 34.07 30.07 23.42 27.89 0 13.93 
25.62 35.31 39.13 41.53 40.23 35.44 44.24 13.97 0 
Dimension>17
Bandera>10
Fitness Greedy Costo>173.28
Solucion Greedy Costo>1 2 3 4 0 7 8 9 0 5 6 0 0 0 0 0 0 
Linea Vacia>
Matriz de Costos>
Dimension>17
Bandera>10
Fitness Greedy Costo>173.28
Solucion Greedy Costo>1 2 3 4 0 7 8 9 0 5 6 0 0 0 0 0 0 
Linea Vacia>
Matriz de Costos>
0 11.72 21.73 30.86 30.13 31.1 36.44 24.99 25.58 
Dimension>17
Bandera>10
Fitness Greedy Costo>173.28
Solucion Greedy Costo>1 2 3 4 0 7 8 9 0 5 6 0 0 0 0 0 0 
Linea Vacia>
Matriz de Costos>
0 11.72 21.73 30.86 30.13 31.1 36.44 24.99 25.58 
9.9 0 14.5 23.66 28.26 32.05 37.39 35.78 36.37 
22.99 15.1 0 8.54 14.38 20.72 26.23 33.79 41.54 
27.96 20.08 7.19 0 12.29 18.89 24.15 35.31 41.58 
0 11.72 21.73 30.86 30.13 31.1 36.44 24.99 25.58 
9.9 0 14.5 23.66 28.26 32.05 37.39 35.78 36.37 
22.99 15.1 0 8.54 14.38 20.72 26.23 33.79 41.54 
27.96 20.08 7.19 0 12.29 18.89 24.15 35.31 41.58 
29.72 29.45 16.87 11.32 0 8.43 11.96 30.36 40.52 
32.4 32.64 25.56 19.81 10.17 0 7.15 22 35.45 
34.8 35.72 25.75 19.3 9.4 7.62 0 27.8 40.33 
26.95 36.64 35.98 34.07 30.07 23.42 27.89 0 13.93 
25.62 35.31 39.13 41.53 40.23 35.44 44.24 13.97 0 
9.9 0 14.5 23.66 28.26 32.05 37.39 35.78 36.37 
22.99 15.1 0 8.54 14.38 20.72 26.23 33.79 41.54 
27.96 20.08 7.19 0 12.29 18.89 24.15 35.31 41.58 
29.72 29.45 16.87 11.32 0 8.43 11.96 30.36 40.52 
32.4 32.64 25.56 19.81 10.17 0 7.15 22 35.45 
34.8 35.72 25.75 19.3 9.4 7.62 0 27.8 40.33 
26.95 36.64 35.98 34.07 30.07 23.42 27.89 0 13.93 
25.62 35.31 39.13 41.53 40.23 35.44 44.24 13.97 0 
29.72 29.45 16.87 11.32 0 8.43 11.96 30.36 40.52 
32.4 32.64 25.56 19.81 10.17 0 7.15 22 35.45 
34.8 35.72 25.75 19.3 9.4 7.62 0 27.8 40.33 
26.95 36.64 35.98 34.07 30.07 23.42 27.89 0 13.93 
25.62 35.31 39.13 41.53 40.23 35.44 44.24 13.97 0 
Dimension>17
Bandera>10
Fitness Greedy Costo>173.28
Solucion Greedy Costo>1 2 3 4 0 7 8 9 0 5 6 0 0 0 0 0 0 
Linea Vacia>
Matriz de Costos>
0 11.72 21.73 30.86 30.13 31.1 36.44 24.99 25.58 
9.9 0 14.5 23.66 28.26 32.05 37.39 35.78 36.37 
22.99 15.1 0 8.54 14.38 20.72 26.23 33.79 41.54 
27.96 20.08 7.19 0 12.29 18.89 24.15 35.31 41.58 
29.72 29.45 16.87 11.32 0 8.43 11.96 30.36 40.52 
32.4 32.64 25.56 19.81 10.17 0 7.15 22 35.45 
34.8 35.72 25.75 19.3 9.4 7.62 0 27.8 40.33 
26.95 36.64 35.98 34.07 30.07 23.42 27.89 0 13.93 
25.62 35.31 39.13 41.53 40.23 35.44 44.24 13.97 0 
GEN 0 173.280000
GEN 0 173.280000
GREEDY 0 0.000000
GEN 0 173.280000
GREEDY 0 0.000000
GEN 0 173.280000
GREEDY 0 0.000000
TIEMPO 0 173.280000
GEN 0 173.280000
GREEDY 0 0.000000
GEN 0 173.280000
GREEDY 0 0.000000
TIEMPO 0 173.280000
TIEMPO 0 173.280000
TIEMPO 0 173.280000
TIEMPO 0 173.280000
GREEDY 0 0.000000
TIEMPO 0 173.280000
GEN 0 173.280000
GREEDY 0 0.000000
TIEMPO 0 173.280000
GEN 0 173.280000
GREEDY 0 0.000000
TIEMPO 0 173.280000
GEN 0 173.280000
GREEDY 0 0.000000
GEN 0 173.280000
GEN 0 173.280000
GREEDY 0 0.000000
GEN 0 173.280000
GREEDY 0 0.000000
GEN 0 173.280000
GREEDY 0 0.000000
TIEMPO 0 173.280000
TIEMPO 0 173.280000
TIEMPO 0 173.280000
TIEMPO 0 173.280000
GEN 0 173.280000
GREEDY 0 0.000000
TIEMPO 0 173.280000
GEN 0 170.390000
GREEDY 0 0.000000
TIEMPO 0 170.390000
GEN 0 173.280000
GREEDY 0 0.000000
GREEDY 0 0.000000
TIEMPO 0 173.280000
TIEMPO 0 173.280000
GEN 0 173.280000
GREEDY 0 0.000000
TIEMPO 0 173.280000
GEN 0 173.280000
GREEDY 0 0.000000
TIEMPO 0 173.280000
GEN 0 173.280000
GREEDY 0 0.000000
TIEMPO 0 173.280000
GEN 0 170.390000
GREEDY 0 0.000000
TIEMPO 0 170.390000
GEN 0 173.280000
GREEDY 0 0.000000
TIEMPO 0 173.280000
GEN 0 173.280000
GREEDY 0 0.000000
GEN 0 173.280000
GREEDY 0 0.000000
TIEMPO 0 173.280000
TIEMPO 0 173.280000
GEN 0 173.280000
GREEDY 0 0.000000
TIEMPO 0 173.280000
GEN 2500 168.450000
GEN 2500 168.450000
GEN 2500 168.450000
GEN 2500 168.450000
GEN 2500 168.450000
GEN 2500 168.450000
GEN 2500 168.450000
GEN 2500 168.450000
GEN 2500 168.450000
GEN 5000 168.450000
GEN 5000 168.450000
GEN 2500 168.450000
GEN 2500 168.450000
GEN 2500 168.450000
GEN 2500 168.450000
GEN 2500 168.450000
GEN 2500 168.450000
GEN 5000 168.450000
GEN 5000 168.450000
GEN 2500 168.450000
GEN 2500 168.450000
GEN 5000 168.450000
GEN 2500 168.450000
GEN 5000 168.450000
GEN 7500 168.450000
GEN 7500 168.450000
GEN 2500 168.450000
GEN 2500 168.450000
GEN 5000 168.450000
GEN 2500 168.450000
GEN 2500 168.450000
GEN 2500 168.450000
GEN 2500 168.450000
GEN 5000 168.450000
GEN 5000 168.450000
GEN 7500 168.450000
GEN 5000 168.450000
GEN 5000 168.450000
GEN 7500 168.450000
GEN 10000 168.450000
TIEMPO 0.382196 168.450000
GEN 10000 168.450000
TIEMPO 0.390921 168.450000
GEN 7500 168.450000
GEN 10000 168.450000
TIEMPO 0.432528 168.450000
GEN 7500 168.450000
GEN 7500 168.450000
GEN 7500 168.450000
GEN 5000 168.450000
GEN 5000 168.450000
GEN 10000 168.450000
TIEMPO 0.444193 168.450000
GEN 5000 168.450000
GEN 5000 168.450000
GEN 7500 168.450000
GEN 10000 168.450000
TIEMPO 0.489939 168.450000
GEN 7500 168.450000
GEN 5000 168.450000
GEN 5000 168.450000
GEN 5000 168.450000
GEN 10000 168.450000
TIEMPO 0.528487 168.450000
GEN 5000 168.450000
GEN 5000 168.450000
GEN 10000 168.450000
TIEMPO 0.554545 168.450000
GEN 5000 168.450000
GEN 5000 168.450000
GEN 5000 168.450000
GEN 5000 168.450000
GEN 10000 168.450000
TIEMPO 0.535296 168.450000
GEN 10000 168.450000
TIEMPO 0.567174 168.450000
GEN 7500 168.450000
GEN 7500 168.450000
GEN 7500 168.450000
GEN 7500 168.450000
GEN 7500 168.450000
GEN 7500 168.450000
GEN 7500 168.450000
GEN 10000 168.450000
TIEMPO 0.739398 168.450000
GEN 7500 168.450000
GEN 7500 168.450000
GEN 7500 168.450000
GEN 7500 168.450000
GEN 7500 168.450000
GEN 7500 168.450000
GEN 7500 168.450000
GEN 10000 168.450000
TIEMPO 0.853883 168.450000
GEN 10000 168.450000
TIEMPO 0.947067 168.450000
GEN 10000 168.450000
TIEMPO 0.948100 168.450000
GEN 10000 168.450000
TIEMPO 0.954432 168.450000
GEN 10000 168.450000
TIEMPO 0.962865 168.450000
GEN 10000 168.450000
TIEMPO 0.965541 168.450000
GEN 10000 168.450000
TIEMPO 0.970611 168.450000
GEN 10000 168.450000
TIEMPO 0.979215 168.450000
TIEMPO 1 168.450000
TIEMPO 1 168.450000
TIEMPO 1 168.450000
TIEMPO 1 168.450000
GEN 10000 168.450000
TIEMPO 1.026430 168.450000
GEN 10000 168.450000
TIEMPO 1.022030 168.450000
GEN 10000 168.450000
TIEMPO 1.015251 168.450000
TIEMPO 1 168.450000
GEN 10000 168.450000
TIEMPO 1.011658 168.450000
TIEMPO 1 168.450000
GEN 10000 168.450000
TIEMPO 1.037221 168.450000
GEN 10000 168.450000
TIEMPO 1.011258 168.450000

 Current State ---------------------------------------------
Solution:  1 2 3 0 7 8 9 0 4 5 6 0 0 0 0 0 0 Fitness: 168.45

 :( ---------------------- THE END --------------- :) 
