Dimension>25
Bandera>13
Fitness Greedy Costo>200.01
Dimension>25
Bandera>13
Fitness Greedy Costo>200.01
Solucion Greedy Costo>4 0 12 11 2 5 0 6 7 3 1 0 13 0 10 9 0 8 0 0 0 0 0 0 0 
Linea Vacia>
Solucion Greedy Costo>4 0 12 11 2 5 0 6 7 3 1 0 13 0 10 9 0 8 0 0 0 0 0 0 0 
Linea Vacia>
Matriz de Costos>
0 10.72 5.99 13.77 1.76 21.73 10 16.12 34.99 19.2 18.45 6.27 5.08 
8.36 0 14.84 4.55 7.59 30.02 10.56 5.3 32.16 23.92 23.18 16.6 11.12 
Dimension>25
7.07 15.58 0 19.83 6.29 15.07 16.73 22.13 39.65 18.07 17.32 3.96 10.86 
8.98 4.83 14.94 0 8.22 31.89 3.96 2.28 31.42 18.14 17.39 19.5 14.08 
Matriz de Costos>
0 10.72 5.99 13.77 1.76 21.73 10 16.12 34.99 19.2 18.45 6.27 5.08 
0.21 9.16 6.56 10.38 0 22.27 6.55 12.77 35.49 15.89 15.13 6.83 5.25 
19.26 25.64 13.28 29.92 18.41 0 27.65 32.13 50.56 27.91 27.16 10.63 12.62 
Dimension>25
Bandera>13
Fitness Greedy Costo>200.01
8.06 11.44 13.93 6.34 7.29 29.88 0 5.01 36.67 11.66 10.92 20.42 15.18 
12.47 7.05 19.31 3.15 11.72 35.86 8 0 32.19 19.04 18.31 22.81 17.48 
8.36 0 14.84 4.55 7.59 30.02 10.56 5.3 32.16 23.92 23.18 16.6 11.12 
7.07 15.58 0 19.83 6.29 15.07 16.73 22.13 39.65 18.07 17.32 3.96 10.86 
Solucion Greedy Costo>4 0 12 11 2 5 0 6 7 3 1 0 13 0 10 9 0 8 0 0 0 0 0 0 0 
Linea Vacia>
41.17 27.62 46.41 29.43 40.97 54.72 37.69 31.07 0 42.24 41.06 40.23 28.66 
13.99 25.25 17.51 21 13.24 33.9 10.97 19.03 45.47 0 2.34 24.55 24.17 
10.47 21.89 14.03 17.59 9.71 30.66 7.4 15.57 41.46 3.25 0 21.18 20.82 
5.46 11.53 5.05 18.47 4.93 15.82 16.91 20.79 36 23.07 22.34 0 5.43 
4.89 10.85 9.88 17.83 4.36 16.16 16.83 20.14 28.55 26.89 26.19 5.08 0 
8.98 4.83 14.94 0 8.22 31.89 3.96 2.28 31.42 18.14 17.39 19.5 14.08 
0.21 9.16 6.56 10.38 0 22.27 6.55 12.77 35.49 15.89 15.13 6.83 5.25 
19.26 25.64 13.28 29.92 18.41 0 27.65 32.13 50.56 27.91 27.16 10.63 12.62 
8.06 11.44 13.93 6.34 7.29 29.88 0 5.01 36.67 11.66 10.92 20.42 15.18 
12.47 7.05 19.31 3.15 11.72 35.86 8 0 32.19 19.04 18.31 22.81 17.48 
Bandera>13
Fitness Greedy Costo>200.01
Solucion Greedy Costo>4 0 12 11 2 5 0 6 7 3 1 0 13 0 10 9 0 8 0 0 0 0 0 0 0 
Linea Vacia>
41.17 27.62 46.41 29.43 40.97 54.72 37.69 31.07 0 42.24 41.06 40.23 28.66 
13.99 25.25 17.51 21 13.24 33.9 10.97 19.03 45.47 0 2.34 24.55 24.17 
Matriz de Costos>
0 10.72 5.99 13.77 1.76 21.73 10 16.12 34.99 19.2 18.45 6.27 5.08 
Matriz de Costos>
0 10.72 5.99 13.77 1.76 21.73 10 16.12 34.99 19.2 18.45 6.27 5.08 
10.47 21.89 14.03 17.59 9.71 30.66 7.4 15.57 41.46 3.25 0 21.18 20.82 
8.36 0 14.84 4.55 7.59 30.02 10.56 5.3 32.16 23.92 23.18 16.6 11.12 
7.07 15.58 0 19.83 6.29 15.07 16.73 22.13 39.65 18.07 17.32 3.96 10.86 
8.36 0 14.84 4.55 7.59 30.02 10.56 5.3 32.16 23.92 23.18 16.6 11.12 
7.07 15.58 0 19.83 6.29 15.07 16.73 22.13 39.65 18.07 17.32 3.96 10.86 
5.46 11.53 5.05 18.47 4.93 15.82 16.91 20.79 36 23.07 22.34 0 5.43 
4.89 10.85 9.88 17.83 4.36 16.16 16.83 20.14 28.55 26.89 26.19 5.08 0 
8.98 4.83 14.94 0 8.22 31.89 3.96 2.28 31.42 18.14 17.39 19.5 14.08 
0.21 9.16 6.56 10.38 0 22.27 6.55 12.77 35.49 15.89 15.13 6.83 5.25 
19.26 25.64 13.28 29.92 18.41 0 27.65 32.13 50.56 27.91 27.16 10.63 12.62 
8.98 4.83 14.94 0 8.22 31.89 3.96 2.28 31.42 18.14 17.39 19.5 14.08 
0.21 9.16 6.56 10.38 0 22.27 6.55 12.77 35.49 15.89 15.13 6.83 5.25 
8.06 11.44 13.93 6.34 7.29 29.88 0 5.01 36.67 11.66 10.92 20.42 15.18 
12.47 7.05 19.31 3.15 11.72 35.86 8 0 32.19 19.04 18.31 22.81 17.48 
19.26 25.64 13.28 29.92 18.41 0 27.65 32.13 50.56 27.91 27.16 10.63 12.62 
8.06 11.44 13.93 6.34 7.29 29.88 0 5.01 36.67 11.66 10.92 20.42 15.18 
41.17 27.62 46.41 29.43 40.97 54.72 37.69 31.07 0 42.24 41.06 40.23 28.66 
13.99 25.25 17.51 21 13.24 33.9 10.97 19.03 45.47 0 2.34 24.55 24.17 
12.47 7.05 19.31 3.15 11.72 35.86 8 0 32.19 19.04 18.31 22.81 17.48 
41.17 27.62 46.41 29.43 40.97 54.72 37.69 31.07 0 42.24 41.06 40.23 28.66 
10.47 21.89 14.03 17.59 9.71 30.66 7.4 15.57 41.46 3.25 0 21.18 20.82 
5.46 11.53 5.05 18.47 4.93 15.82 16.91 20.79 36 23.07 22.34 0 5.43 
4.89 10.85 9.88 17.83 4.36 16.16 16.83 20.14 28.55 26.89 26.19 5.08 0 
13.99 25.25 17.51 21 13.24 33.9 10.97 19.03 45.47 0 2.34 24.55 24.17 
10.47 21.89 14.03 17.59 9.71 30.66 7.4 15.57 41.46 3.25 0 21.18 20.82 
5.46 11.53 5.05 18.47 4.93 15.82 16.91 20.79 36 23.07 22.34 0 5.43 
4.89 10.85 9.88 17.83 4.36 16.16 16.83 20.14 28.55 26.89 26.19 5.08 0 
Dimension>25
Bandera>13
Fitness Greedy Costo>200.01
Dimension>25
Bandera>13
Fitness Greedy Costo>200.01
Solucion Greedy Costo>4 0 12 11 2 5 0 6 7 3 1 0 13 0 10 9 0 8 0 0 0 0 0 0 0 
Linea Vacia>
Solucion Greedy Costo>4 0 12 11 2 5 0 6 7 3 1 0 13 0 10 9 0 8 0 0 0 0 0 0 0 
Linea Vacia>
Dimension>25
Bandera>13
Fitness Greedy Costo>200.01
Solucion Greedy Costo>4 0 12 11 2 5 0 6 7 3 1 0 13 0 10 9 0 8 0 0 0 0 0 0 0 
Linea Vacia>
Matriz de Costos>
0 10.72 5.99 13.77 1.76 21.73 10 16.12 34.99 19.2 18.45 6.27 5.08 
8.36 0 14.84 4.55 7.59 30.02 10.56 5.3 32.16 23.92 23.18 16.6 11.12 
7.07 15.58 0 19.83 6.29 15.07 16.73 22.13 39.65 18.07 17.32 3.96 10.86 
8.98 4.83 14.94 0 8.22 31.89 3.96 2.28 31.42 18.14 17.39 19.5 14.08 
0.21 9.16 6.56 10.38 0 22.27 6.55 12.77 35.49 15.89 15.13 6.83 5.25 
Matriz de Costos>
0 10.72 5.99 13.77 1.76 21.73 10 16.12 34.99 19.2 18.45 6.27 5.08 
8.36 0 14.84 4.55 7.59 30.02 10.56 5.3 32.16 23.92 23.18 16.6 11.12 
7.07 15.58 0 19.83 6.29 15.07 16.73 22.13 39.65 18.07 17.32 3.96 10.86 
8.98 4.83 14.94 0 8.22 31.89 3.96 2.28 31.42 18.14 17.39 19.5 14.08 
19.26 25.64 13.28 29.92 18.41 0 27.65 32.13 50.56 27.91 27.16 10.63 12.62 
8.06 11.44 13.93 6.34 7.29 29.88 0 5.01 36.67 11.66 10.92 20.42 15.18 
12.47 7.05 19.31 3.15 11.72 35.86 8 0 32.19 19.04 18.31 22.81 17.48 
0.21 9.16 6.56 10.38 0 22.27 6.55 12.77 35.49 15.89 15.13 6.83 5.25 
19.26 25.64 13.28 29.92 18.41 0 27.65 32.13 50.56 27.91 27.16 10.63 12.62 
41.17 27.62 46.41 29.43 40.97 54.72 37.69 31.07 0 42.24 41.06 40.23 28.66 
8.06 11.44 13.93 6.34 7.29 29.88 0 5.01 36.67 11.66 10.92 20.42 15.18 
12.47 7.05 19.31 3.15 11.72 35.86 8 0 32.19 19.04 18.31 22.81 17.48 
13.99 25.25 17.51 21 13.24 33.9 10.97 19.03 45.47 0 2.34 24.55 24.17 
10.47 21.89 14.03 17.59 9.71 30.66 7.4 15.57 41.46 3.25 0 21.18 20.82 
5.46 11.53 5.05 18.47 4.93 15.82 16.91 20.79 36 23.07 22.34 0 5.43 
Matriz de Costos>
0 10.72 5.99 13.77 1.76 21.73 10 16.12 34.99 19.2 18.45 6.27 5.08 
41.17 27.62 46.41 29.43 40.97 54.72 37.69 31.07 0 42.24 41.06 40.23 28.66 
13.99 25.25 17.51 21 13.24 33.9 10.97 19.03 45.47 0 2.34 24.55 24.17 
4.89 10.85 9.88 17.83 4.36 16.16 16.83 20.14 28.55 26.89 26.19 5.08 0 
8.36 0 14.84 4.55 7.59 30.02 10.56 5.3 32.16 23.92 23.18 16.6 11.12 
10.47 21.89 14.03 17.59 9.71 30.66 7.4 15.57 41.46 3.25 0 21.18 20.82 
7.07 15.58 0 19.83 6.29 15.07 16.73 22.13 39.65 18.07 17.32 3.96 10.86 
8.98 4.83 14.94 0 8.22 31.89 3.96 2.28 31.42 18.14 17.39 19.5 14.08 
Dimension>25
5.46 11.53 5.05 18.47 4.93 15.82 16.91 20.79 36 23.07 22.34 0 5.43 
4.89 10.85 9.88 17.83 4.36 16.16 16.83 20.14 28.55 26.89 26.19 5.08 0 
0.21 9.16 6.56 10.38 0 22.27 6.55 12.77 35.49 15.89 15.13 6.83 5.25 
19.26 25.64 13.28 29.92 18.41 0 27.65 32.13 50.56 27.91 27.16 10.63 12.62 
8.06 11.44 13.93 6.34 7.29 29.88 0 5.01 36.67 11.66 10.92 20.42 15.18 
Bandera>13
Fitness Greedy Costo>200.01
12.47 7.05 19.31 3.15 11.72 35.86 8 0 32.19 19.04 18.31 22.81 17.48 
Solucion Greedy Costo>4 0 12 11 2 5 0 6 7 3 1 0 13 0 10 9 0 8 0 0 0 0 0 0 0 
Linea Vacia>
41.17 27.62 46.41 29.43 40.97 54.72 37.69 31.07 0 42.24 41.06 40.23 28.66 
13.99 25.25 17.51 21 13.24 33.9 10.97 19.03 45.47 0 2.34 24.55 24.17 
10.47 21.89 14.03 17.59 9.71 30.66 7.4 15.57 41.46 3.25 0 21.18 20.82 
Dimension>25
5.46 11.53 5.05 18.47 4.93 15.82 16.91 20.79 36 23.07 22.34 0 5.43 
4.89 10.85 9.88 17.83 4.36 16.16 16.83 20.14 28.55 26.89 26.19 5.08 0 
Bandera>13
Fitness Greedy Costo>200.01
Solucion Greedy Costo>4 0 12 11 2 5 0 6 7 3 1 0 13 0 10 9 0 8 0 0 0 0 0 0 0 
Linea Vacia>
Matriz de Costos>
0 10.72 5.99 13.77 1.76 21.73 10 16.12 34.99 19.2 18.45 6.27 5.08 
8.36 0 14.84 4.55 7.59 30.02 10.56 5.3 32.16 23.92 23.18 16.6 11.12 
7.07 15.58 0 19.83 6.29 15.07 16.73 22.13 39.65 18.07 17.32 3.96 10.86 
8.98 4.83 14.94 0 8.22 31.89 3.96 2.28 31.42 18.14 17.39 19.5 14.08 
0.21 9.16 6.56 10.38 0 22.27 6.55 12.77 35.49 15.89 15.13 6.83 5.25 
19.26 25.64 13.28 29.92 18.41 0 27.65 32.13 50.56 27.91 27.16 10.63 12.62 
8.06 11.44 13.93 6.34 7.29 29.88 0 5.01 36.67 11.66 10.92 20.42 15.18 
12.47 7.05 19.31 3.15 11.72 35.86 8 0 32.19 19.04 18.31 22.81 17.48 
Matriz de Costos>
0 10.72 5.99 13.77 1.76 21.73 10 16.12 34.99 19.2 18.45 6.27 5.08 
8.36 0 14.84 4.55 7.59 30.02 10.56 5.3 32.16 23.92 23.18 16.6 11.12 
41.17 27.62 46.41 29.43 40.97 54.72 37.69 31.07 0 42.24 41.06 40.23 28.66 
13.99 25.25 17.51 21 13.24 33.9 10.97 19.03 45.47 0 2.34 24.55 24.17 
10.47 21.89 14.03 17.59 9.71 30.66 7.4 15.57 41.46 3.25 0 21.18 20.82 
5.46 11.53 5.05 18.47 4.93 15.82 16.91 20.79 36 23.07 22.34 0 5.43 
4.89 10.85 9.88 17.83 4.36 16.16 16.83 20.14 28.55 26.89 26.19 5.08 0 
7.07 15.58 0 19.83 6.29 15.07 16.73 22.13 39.65 18.07 17.32 3.96 10.86 
8.98 4.83 14.94 0 8.22 31.89 3.96 2.28 31.42 18.14 17.39 19.5 14.08 
0.21 9.16 6.56 10.38 0 22.27 6.55 12.77 35.49 15.89 15.13 6.83 5.25 
19.26 25.64 13.28 29.92 18.41 0 27.65 32.13 50.56 27.91 27.16 10.63 12.62 
8.06 11.44 13.93 6.34 7.29 29.88 0 5.01 36.67 11.66 10.92 20.42 15.18 
12.47 7.05 19.31 3.15 11.72 35.86 8 0 32.19 19.04 18.31 22.81 17.48 
41.17 27.62 46.41 29.43 40.97 54.72 37.69 31.07 0 42.24 41.06 40.23 28.66 
13.99 25.25 17.51 21 13.24 33.9 10.97 19.03 45.47 0 2.34 24.55 24.17 
10.47 21.89 14.03 17.59 9.71 30.66 7.4 15.57 41.46 3.25 0 21.18 20.82 
5.46 11.53 5.05 18.47 4.93 15.82 16.91 20.79 36 23.07 22.34 0 5.43 
4.89 10.85 9.88 17.83 4.36 16.16 16.83 20.14 28.55 26.89 26.19 5.08 0 
Dimension>25
Bandera>13
Fitness Greedy Costo>200.01
Solucion Greedy Costo>4 0 12 11 2 5 0 6 7 3 1 0 13 0 10 9 0 8 0 0 0 0 0 0 0 
Linea Vacia>
Matriz de Costos>
0 10.72 5.99 13.77 1.76 21.73 10 16.12 34.99 19.2 18.45 6.27 5.08 
Dimension>25
Bandera>13
Fitness Greedy Costo>200.01
Solucion Greedy Costo>4 0 12 11 2 5 0 6 7 3 1 0 13 0 10 9 0 8 0 0 0 0 0 0 0 
Linea Vacia>
Matriz de Costos>
0 10.72 5.99 13.77 1.76 21.73 10 16.12 34.99 19.2 18.45 6.27 5.08 
8.36 0 14.84 4.55 7.59 30.02 10.56 5.3 32.16 23.92 23.18 16.6 11.12 
7.07 15.58 0 19.83 6.29 15.07 16.73 22.13 39.65 18.07 17.32 3.96 10.86 
8.98 4.83 14.94 0 8.22 31.89 3.96 2.28 31.42 18.14 17.39 19.5 14.08 
0.21 9.16 6.56 10.38 0 22.27 6.55 12.77 35.49 15.89 15.13 6.83 5.25 
19.26 25.64 13.28 29.92 18.41 0 27.65 32.13 50.56 27.91 27.16 10.63 12.62 
8.06 11.44 13.93 6.34 7.29 29.88 0 5.01 36.67 11.66 10.92 20.42 15.18 
12.47 7.05 19.31 3.15 11.72 35.86 8 0 32.19 19.04 18.31 22.81 17.48 
41.17 27.62 46.41 29.43 40.97 54.72 37.69 31.07 0 42.24 41.06 40.23 28.66 
13.99 25.25 17.51 21 13.24 33.9 10.97 19.03 45.47 0 2.34 24.55 24.17 
10.47 21.89 14.03 17.59 9.71 30.66 7.4 15.57 41.46 3.25 0 21.18 20.82 
5.46 11.53 5.05 18.47 4.93 15.82 16.91 20.79 36 23.07 22.34 0 5.43 
4.89 10.85 9.88 17.83 4.36 16.16 16.83 20.14 28.55 26.89 26.19 5.08 0 
Dimension>25
Bandera>13
Fitness Greedy Costo>200.01
Solucion Greedy Costo>4 0 12 11 2 5 0 6 7 3 1 0 13 0 10 9 0 8 0 0 0 0 0 0 0 
Linea Vacia>
Matriz de Costos>
0 10.72 5.99 13.77 1.76 21.73 10 16.12 34.99 19.2 18.45 6.27 5.08 
8.36 0 14.84 4.55 7.59 30.02 10.56 5.3 32.16 23.92 23.18 16.6 11.12 
7.07 15.58 0 19.83 6.29 15.07 16.73 22.13 39.65 18.07 17.32 3.96 10.86 
8.98 4.83 14.94 0 8.22 31.89 3.96 2.28 31.42 18.14 17.39 19.5 14.08 
0.21 9.16 6.56 10.38 0 22.27 6.55 12.77 35.49 15.89 15.13 6.83 5.25 
19.26 25.64 13.28 29.92 18.41 0 27.65 32.13 50.56 27.91 27.16 10.63 12.62 
8.06 11.44 13.93 6.34 7.29 29.88 0 5.01 36.67 11.66 10.92 20.42 15.18 
12.47 7.05 19.31 3.15 11.72 35.86 8 0 32.19 19.04 18.31 22.81 17.48 
41.17 27.62 46.41 29.43 40.97 54.72 37.69 31.07 0 42.24 41.06 40.23 28.66 
13.99 25.25 17.51 21 13.24 33.9 10.97 19.03 45.47 0 2.34 24.55 24.17 
10.47 21.89 14.03 17.59 9.71 30.66 7.4 15.57 41.46 3.25 0 21.18 20.82 
5.46 11.53 5.05 18.47 4.93 15.82 16.91 20.79 36 23.07 22.34 0 5.43 
8.36 0 14.84 4.55 7.59 30.02 10.56 5.3 32.16 23.92 23.18 16.6 11.12 
7.07 15.58 0 19.83 6.29 15.07 16.73 22.13 39.65 18.07 17.32 3.96 10.86 
8.98 4.83 14.94 0 8.22 31.89 3.96 2.28 31.42 18.14 17.39 19.5 14.08 
0.21 9.16 6.56 10.38 0 22.27 6.55 12.77 35.49 15.89 15.13 6.83 5.25 
19.26 25.64 13.28 29.92 18.41 0 27.65 32.13 50.56 27.91 27.16 10.63 12.62 
4.89 10.85 9.88 17.83 4.36 16.16 16.83 20.14 28.55 26.89 26.19 5.08 0 
8.06 11.44 13.93 6.34 7.29 29.88 0 5.01 36.67 11.66 10.92 20.42 15.18 
12.47 7.05 19.31 3.15 11.72 35.86 8 0 32.19 19.04 18.31 22.81 17.48 
41.17 27.62 46.41 29.43 40.97 54.72 37.69 31.07 0 42.24 41.06 40.23 28.66 
13.99 25.25 17.51 21 13.24 33.9 10.97 19.03 45.47 0 2.34 24.55 24.17 
10.47 21.89 14.03 17.59 9.71 30.66 7.4 15.57 41.46 3.25 0 21.18 20.82 
5.46 11.53 5.05 18.47 4.93 15.82 16.91 20.79 36 23.07 22.34 0 5.43 
4.89 10.85 9.88 17.83 4.36 16.16 16.83 20.14 28.55 26.89 26.19 5.08 0 
Dimension>25
Bandera>13
Fitness Greedy Costo>200.01
Solucion Greedy Costo>4 0 12 11 2 5 0 6 7 3 1 0 13 0 10 9 0 8 0 0 0 0 0 0 0 
Linea Vacia>
Dimension>25
Bandera>13
Fitness Greedy Costo>200.01
Solucion Greedy Costo>4 0 12 11 2 5 0 6 7 3 1 0 13 0 10 9 0 8 0 0 0 0 0 0 0 
Linea Vacia>
Matriz de Costos>
0 10.72 5.99 13.77 1.76 21.73 10 16.12 34.99 19.2 18.45 6.27 5.08 
8.36 0 14.84 4.55 7.59 30.02 10.56 5.3 32.16 23.92 23.18 16.6 11.12 
7.07 15.58 0 19.83 6.29 15.07 16.73 22.13 39.65 18.07 17.32 3.96 10.86 
Dimension>25
Bandera>13
Fitness Greedy Costo>200.01
Solucion Greedy Costo>4 0 12 11 2 5 0 6 7 3 1 0 13 0 10 9 0 8 0 0 0 0 0 0 0 
Linea Vacia>
Matriz de Costos>
0 10.72 5.99 13.77 1.76 21.73 10 16.12 34.99 19.2 18.45 6.27 5.08 
8.36 0 14.84 4.55 7.59 30.02 10.56 5.3 32.16 23.92 23.18 16.6 11.12 
7.07 15.58 0 19.83 6.29 15.07 16.73 22.13 39.65 18.07 17.32 3.96 10.86 
8.98 4.83 14.94 0 8.22 31.89 3.96 2.28 31.42 18.14 17.39 19.5 14.08 
0.21 9.16 6.56 10.38 0 22.27 6.55 12.77 35.49 15.89 15.13 6.83 5.25 
8.98 4.83 14.94 0 8.22 31.89 3.96 2.28 31.42 18.14 17.39 19.5 14.08 
0.21 9.16 6.56 10.38 0 22.27 6.55 12.77 35.49 15.89 15.13 6.83 5.25 
19.26 25.64 13.28 29.92 18.41 0 27.65 32.13 50.56 27.91 27.16 10.63 12.62 
8.06 11.44 13.93 6.34 7.29 29.88 0 5.01 36.67 11.66 10.92 20.42 15.18 
12.47 7.05 19.31 3.15 11.72 35.86 8 0 32.19 19.04 18.31 22.81 17.48 
41.17 27.62 46.41 29.43 40.97 54.72 37.69 31.07 0 42.24 41.06 40.23 28.66 
13.99 25.25 17.51 21 13.24 33.9 10.97 19.03 45.47 0 2.34 24.55 24.17 
10.47 21.89 14.03 17.59 9.71 30.66 7.4 15.57 41.46 3.25 0 21.18 20.82 
5.46 11.53 5.05 18.47 4.93 15.82 16.91 20.79 36 23.07 22.34 0 5.43 
4.89 10.85 9.88 17.83 4.36 16.16 16.83 20.14 28.55 26.89 26.19 5.08 0 
19.26 25.64 13.28 29.92 18.41 0 27.65 32.13 50.56 27.91 27.16 10.63 12.62 
8.06 11.44 13.93 6.34 7.29 29.88 0 5.01 36.67 11.66 10.92 20.42 15.18 
12.47 7.05 19.31 3.15 11.72 35.86 8 0 32.19 19.04 18.31 22.81 17.48 
41.17 27.62 46.41 29.43 40.97 54.72 37.69 31.07 0 42.24 41.06 40.23 28.66 
13.99 25.25 17.51 21 13.24 33.9 10.97 19.03 45.47 0 2.34 24.55 24.17 
10.47 21.89 14.03 17.59 9.71 30.66 7.4 15.57 41.46 3.25 0 21.18 20.82 
5.46 11.53 5.05 18.47 4.93 15.82 16.91 20.79 36 23.07 22.34 0 5.43 
4.89 10.85 9.88 17.83 4.36 16.16 16.83 20.14 28.55 26.89 26.19 5.08 0 
Matriz de Costos>
0 10.72 5.99 13.77 1.76 21.73 10 16.12 34.99 19.2 18.45 6.27 5.08 
8.36 0 14.84 4.55 7.59 30.02 10.56 5.3 32.16 23.92 23.18 16.6 11.12 
7.07 15.58 0 19.83 6.29 15.07 16.73 22.13 39.65 18.07 17.32 3.96 10.86 
8.98 4.83 14.94 0 8.22 31.89 3.96 2.28 31.42 18.14 17.39 19.5 14.08 
0.21 9.16 6.56 10.38 0 22.27 6.55 12.77 35.49 15.89 15.13 6.83 5.25 
19.26 25.64 13.28 29.92 18.41 0 27.65 32.13 50.56 27.91 27.16 10.63 12.62 
8.06 11.44 13.93 6.34 7.29 29.88 0 5.01 36.67 11.66 10.92 20.42 15.18 
12.47 7.05 19.31 3.15 11.72 35.86 8 0 32.19 19.04 18.31 22.81 17.48 
41.17 27.62 46.41 29.43 40.97 54.72 37.69 31.07 0 42.24 41.06 40.23 28.66 
13.99 25.25 17.51 21 13.24 33.9 10.97 19.03 45.47 0 2.34 24.55 24.17 
10.47 21.89 14.03 17.59 9.71 30.66 7.4 15.57 41.46 3.25 0 21.18 20.82 
5.46 11.53 5.05 18.47 4.93 15.82 16.91 20.79 36 23.07 22.34 0 5.43 
4.89 10.85 9.88 17.83 4.36 16.16 16.83 20.14 28.55 26.89 26.19 5.08 0 
Dimension>25
Bandera>13
Fitness Greedy Costo>200.01
Solucion Greedy Costo>4 0 12 11 2 5 0 6 7 3 1 0 13 0 10 9 0 8 0 0 0 0 0 0 0 
Linea Vacia>
Dimension>25
Bandera>13
Fitness Greedy Costo>200.01
Solucion Greedy Costo>4 0 12 11 2 5 0 6 7 3 1 0 13 0 10 9 0 8 0 0 0 0 0 0 0 
Linea Vacia>
Dimension>25
Bandera>13
Fitness Greedy Costo>200.01
Solucion Greedy Costo>4 0 12 11 2 5 0 6 7 3 1 0 13 0 10 9 0 8 0 0 0 0 0 0 0 
Linea Vacia>
Dimension>25
Bandera>13
Fitness Greedy Costo>200.01
Solucion Greedy Costo>4 0 12 11 2 5 0 6 7 3 1 0 13 0 10 9 0 8 0 0 0 0 0 0 0 
Linea Vacia>
Matriz de Costos>
0 10.72 5.99 13.77 1.76 21.73 10 16.12 34.99 19.2 18.45 6.27 5.08 
8.36 0 14.84 4.55 7.59 30.02 10.56 5.3 32.16 23.92 23.18 16.6 11.12 
7.07 15.58 0 19.83 6.29 15.07 16.73 22.13 39.65 18.07 17.32 3.96 10.86 
8.98 4.83 14.94 0 8.22 31.89 3.96 2.28 31.42 18.14 17.39 19.5 14.08 
Matriz de Costos>
0 10.72 5.99 13.77 1.76 21.73 10 16.12 34.99 19.2 18.45 6.27 5.08 
8.36 0 14.84 4.55 7.59 30.02 10.56 5.3 32.16 23.92 23.18 16.6 11.12 
7.07 15.58 0 19.83 6.29 15.07 16.73 22.13 39.65 18.07 17.32 3.96 10.86 
8.98 4.83 14.94 0 8.22 31.89 3.96 2.28 31.42 18.14 17.39 19.5 14.08 
0.21 9.16 6.56 10.38 0 22.27 6.55 12.77 35.49 15.89 15.13 6.83 5.25 
Matriz de Costos>
0 10.72 5.99 13.77 1.76 21.73 10 16.12 34.99 19.2 18.45 6.27 5.08 
8.36 0 14.84 4.55 7.59 30.02 10.56 5.3 32.16 23.92 23.18 16.6 11.12 
7.07 15.58 0 19.83 6.29 15.07 16.73 22.13 39.65 18.07 17.32 3.96 10.86 
8.98 4.83 14.94 0 8.22 31.89 3.96 2.28 31.42 18.14 17.39 19.5 14.08 
0.21 9.16 6.56 10.38 0 22.27 6.55 12.77 35.49 15.89 15.13 6.83 5.25 
19.26 25.64 13.28 29.92 18.41 0 27.65 32.13 50.56 27.91 27.16 10.63 12.62 
8.06 11.44 13.93 6.34 7.29 29.88 0 5.01 36.67 11.66 10.92 20.42 15.18 
12.47 7.05 19.31 3.15 11.72 35.86 8 0 32.19 19.04 18.31 22.81 17.48 
41.17 27.62 46.41 29.43 40.97 54.72 37.69 31.07 0 42.24 41.06 40.23 28.66 
13.99 25.25 17.51 21 13.24 33.9 10.97 19.03 45.47 0 2.34 24.55 24.17 
10.47 21.89 14.03 17.59 9.71 30.66 7.4 15.57 41.46 3.25 0 21.18 20.82 
5.46 11.53 5.05 18.47 4.93 15.82 16.91 20.79 36 23.07 22.34 0 5.43 
4.89 10.85 9.88 17.83 4.36 16.16 16.83 20.14 28.55 26.89 26.19 5.08 0 
Dimension>25
Bandera>13
Fitness Greedy Costo>200.01
Solucion Greedy Costo>4 0 12 11 2 5 0 6 7 3 1 0 13 0 10 9 0 8 0 0 0 0 0 0 0 
Linea Vacia>
19.26 25.64 13.28 29.92 18.41 0 27.65 32.13 50.56 27.91 27.16 10.63 12.62 
8.06 11.44 13.93 6.34 7.29 29.88 0 5.01 36.67 11.66 10.92 20.42 15.18 
12.47 7.05 19.31 3.15 11.72 35.86 8 0 32.19 19.04 18.31 22.81 17.48 
41.17 27.62 46.41 29.43 40.97 54.72 37.69 31.07 0 42.24 41.06 40.23 28.66 
13.99 25.25 17.51 21 13.24 33.9 10.97 19.03 45.47 0 2.34 24.55 24.17 
10.47 21.89 14.03 17.59 9.71 30.66 7.4 15.57 41.46 3.25 0 21.18 20.82 
5.46 11.53 5.05 18.47 4.93 15.82 16.91 20.79 36 23.07 22.34 0 5.43 
Dimension>25
Bandera>13
Fitness Greedy Costo>200.01
Solucion Greedy Costo>4 0 12 11 2 5 0 6 7 3 1 0 13 0 10 9 0 8 0 0 0 0 0 0 0 
Linea Vacia>
Matriz de Costos>
0 10.72 5.99 13.77 1.76 21.73 10 16.12 34.99 19.2 18.45 6.27 5.08 
Matriz de Costos>
0 10.72 5.99 13.77 1.76 21.73 10 16.12 34.99 19.2 18.45 6.27 5.08 
8.36 0 14.84 4.55 7.59 30.02 10.56 5.3 32.16 23.92 23.18 16.6 11.12 
7.07 15.58 0 19.83 6.29 15.07 16.73 22.13 39.65 18.07 17.32 3.96 10.86 
8.98 4.83 14.94 0 8.22 31.89 3.96 2.28 31.42 18.14 17.39 19.5 14.08 
0.21 9.16 6.56 10.38 0 22.27 6.55 12.77 35.49 15.89 15.13 6.83 5.25 
19.26 25.64 13.28 29.92 18.41 0 27.65 32.13 50.56 27.91 27.16 10.63 12.62 
8.06 11.44 13.93 6.34 7.29 29.88 0 5.01 36.67 11.66 10.92 20.42 15.18 
12.47 7.05 19.31 3.15 11.72 35.86 8 0 32.19 19.04 18.31 22.81 17.48 
41.17 27.62 46.41 29.43 40.97 54.72 37.69 31.07 0 42.24 41.06 40.23 28.66 
13.99 25.25 17.51 21 13.24 33.9 10.97 19.03 45.47 0 2.34 24.55 24.17 
10.47 21.89 14.03 17.59 9.71 30.66 7.4 15.57 41.46 3.25 0 21.18 20.82 
5.46 11.53 5.05 18.47 4.93 15.82 16.91 20.79 36 23.07 22.34 0 5.43 
4.89 10.85 9.88 17.83 4.36 16.16 16.83 20.14 28.55 26.89 26.19 5.08 0 
0.21 9.16 6.56 10.38 0 22.27 6.55 12.77 35.49 15.89 15.13 6.83 5.25 
19.26 25.64 13.28 29.92 18.41 0 27.65 32.13 50.56 27.91 27.16 10.63 12.62 
8.06 11.44 13.93 6.34 7.29 29.88 0 5.01 36.67 11.66 10.92 20.42 15.18 
12.47 7.05 19.31 3.15 11.72 35.86 8 0 32.19 19.04 18.31 22.81 17.48 
41.17 27.62 46.41 29.43 40.97 54.72 37.69 31.07 0 42.24 41.06 40.23 28.66 
13.99 25.25 17.51 21 13.24 33.9 10.97 19.03 45.47 0 2.34 24.55 24.17 
10.47 21.89 14.03 17.59 9.71 30.66 7.4 15.57 41.46 3.25 0 21.18 20.82 
5.46 11.53 5.05 18.47 4.93 15.82 16.91 20.79 36 23.07 22.34 0 5.43 
4.89 10.85 9.88 17.83 4.36 16.16 16.83 20.14 28.55 26.89 26.19 5.08 0 
Matriz de Costos>
0 10.72 5.99 13.77 1.76 21.73 10 16.12 34.99 19.2 18.45 6.27 5.08 
8.36 0 14.84 4.55 7.59 30.02 10.56 5.3 32.16 23.92 23.18 16.6 11.12 
7.07 15.58 0 19.83 6.29 15.07 16.73 22.13 39.65 18.07 17.32 3.96 10.86 
8.98 4.83 14.94 0 8.22 31.89 3.96 2.28 31.42 18.14 17.39 19.5 14.08 
0.21 9.16 6.56 10.38 0 22.27 6.55 12.77 35.49 15.89 15.13 6.83 5.25 
19.26 25.64 13.28 29.92 18.41 0 27.65 32.13 50.56 27.91 27.16 10.63 12.62 
8.06 11.44 13.93 6.34 7.29 29.88 0 5.01 36.67 11.66 10.92 20.42 15.18 
12.47 7.05 19.31 3.15 11.72 35.86 8 0 32.19 19.04 18.31 22.81 17.48 
41.17 27.62 46.41 29.43 40.97 54.72 37.69 31.07 0 42.24 41.06 40.23 28.66 
13.99 25.25 17.51 21 13.24 33.9 10.97 19.03 45.47 0 2.34 24.55 24.17 
10.47 21.89 14.03 17.59 9.71 30.66 7.4 15.57 41.46 3.25 0 21.18 20.82 
4.89 10.85 9.88 17.83 4.36 16.16 16.83 20.14 28.55 26.89 26.19 5.08 0 
8.36 0 14.84 4.55 7.59 30.02 10.56 5.3 32.16 23.92 23.18 16.6 11.12 
7.07 15.58 0 19.83 6.29 15.07 16.73 22.13 39.65 18.07 17.32 3.96 10.86 
8.98 4.83 14.94 0 8.22 31.89 3.96 2.28 31.42 18.14 17.39 19.5 14.08 
0.21 9.16 6.56 10.38 0 22.27 6.55 12.77 35.49 15.89 15.13 6.83 5.25 
19.26 25.64 13.28 29.92 18.41 0 27.65 32.13 50.56 27.91 27.16 10.63 12.62 
8.06 11.44 13.93 6.34 7.29 29.88 0 5.01 36.67 11.66 10.92 20.42 15.18 
12.47 7.05 19.31 3.15 11.72 35.86 8 0 32.19 19.04 18.31 22.81 17.48 
41.17 27.62 46.41 29.43 40.97 54.72 37.69 31.07 0 42.24 41.06 40.23 28.66 
5.46 11.53 5.05 18.47 4.93 15.82 16.91 20.79 36 23.07 22.34 0 5.43 
4.89 10.85 9.88 17.83 4.36 16.16 16.83 20.14 28.55 26.89 26.19 5.08 0 
13.99 25.25 17.51 21 13.24 33.9 10.97 19.03 45.47 0 2.34 24.55 24.17 
10.47 21.89 14.03 17.59 9.71 30.66 7.4 15.57 41.46 3.25 0 21.18 20.82 
5.46 11.53 5.05 18.47 4.93 15.82 16.91 20.79 36 23.07 22.34 0 5.43 
4.89 10.85 9.88 17.83 4.36 16.16 16.83 20.14 28.55 26.89 26.19 5.08 0 
Dimension>25
Bandera>13
Fitness Greedy Costo>200.01
Solucion Greedy Costo>4 0 12 11 2 5 0 6 7 3 1 0 13 0 10 9 0 8 0 0 0 0 0 0 0 
Linea Vacia>
Dimension>25
Bandera>13
Fitness Greedy Costo>200.01
Solucion Greedy Costo>4 0 12 11 2 5 0 6 7 3 1 0 13 0 10 9 0 8 0 0 0 0 0 0 0 
Linea Vacia>
Matriz de Costos>
0 10.72 5.99 13.77 1.76 21.73 10 16.12 34.99 19.2 18.45 6.27 5.08 
8.36 0 14.84 4.55 7.59 30.02 10.56 5.3 32.16 23.92 23.18 16.6 11.12 
7.07 15.58 0 19.83 6.29 15.07 16.73 22.13 39.65 18.07 17.32 3.96 10.86 
8.98 4.83 14.94 0 8.22 31.89 3.96 2.28 31.42 18.14 17.39 19.5 14.08 
0.21 9.16 6.56 10.38 0 22.27 6.55 12.77 35.49 15.89 15.13 6.83 5.25 
19.26 25.64 13.28 29.92 18.41 0 27.65 32.13 50.56 27.91 27.16 10.63 12.62 
8.06 11.44 13.93 6.34 7.29 29.88 0 5.01 36.67 11.66 10.92 20.42 15.18 
12.47 7.05 19.31 3.15 11.72 35.86 8 0 32.19 19.04 18.31 22.81 17.48 
Dimension>25
Bandera>13
Fitness Greedy Costo>200.01
Solucion Greedy Costo>4 0 12 11 2 5 0 6 7 3 1 0 13 0 10 9 0 8 0 0 0 0 0 0 0 
Linea Vacia>
Matriz de Costos>
0 10.72 5.99 13.77 1.76 21.73 10 16.12 34.99 19.2 18.45 6.27 5.08 
8.36 0 14.84 4.55 7.59 30.02 10.56 5.3 32.16 23.92 23.18 16.6 11.12 
7.07 15.58 0 19.83 6.29 15.07 16.73 22.13 39.65 18.07 17.32 3.96 10.86 
8.98 4.83 14.94 0 8.22 31.89 3.96 2.28 31.42 18.14 17.39 19.5 14.08 
0.21 9.16 6.56 10.38 0 22.27 6.55 12.77 35.49 15.89 15.13 6.83 5.25 
19.26 25.64 13.28 29.92 18.41 0 27.65 32.13 50.56 27.91 27.16 10.63 12.62 
8.06 11.44 13.93 6.34 7.29 29.88 0 5.01 36.67 11.66 10.92 20.42 15.18 
12.47 7.05 19.31 3.15 11.72 35.86 8 0 32.19 19.04 18.31 22.81 17.48 
41.17 27.62 46.41 29.43 40.97 54.72 37.69 31.07 0 42.24 41.06 40.23 28.66 
13.99 25.25 17.51 21 13.24 33.9 10.97 19.03 45.47 0 2.34 24.55 24.17 
10.47 21.89 14.03 17.59 9.71 30.66 7.4 15.57 41.46 3.25 0 21.18 20.82 
5.46 11.53 5.05 18.47 4.93 15.82 16.91 20.79 36 23.07 22.34 0 5.43 
4.89 10.85 9.88 17.83 4.36 16.16 16.83 20.14 28.55 26.89 26.19 5.08 0 
Dimension>25
Bandera>13
Fitness Greedy Costo>200.01
Solucion Greedy Costo>4 0 12 11 2 5 0 6 7 3 1 0 13 0 10 9 0 8 0 0 0 0 0 0 0 
Linea Vacia>
Matriz de Costos>
0 10.72 5.99 13.77 1.76 21.73 10 16.12 34.99 19.2 18.45 6.27 5.08 
8.36 0 14.84 4.55 7.59 30.02 10.56 5.3 32.16 23.92 23.18 16.6 11.12 
7.07 15.58 0 19.83 6.29 15.07 16.73 22.13 39.65 18.07 17.32 3.96 10.86 
8.98 4.83 14.94 0 8.22 31.89 3.96 2.28 31.42 18.14 17.39 19.5 14.08 
0.21 9.16 6.56 10.38 0 22.27 6.55 12.77 35.49 15.89 15.13 6.83 5.25 
19.26 25.64 13.28 29.92 18.41 0 27.65 32.13 50.56 27.91 27.16 10.63 12.62 
8.06 11.44 13.93 6.34 7.29 29.88 0 5.01 36.67 11.66 10.92 20.42 15.18 
12.47 7.05 19.31 3.15 11.72 35.86 8 0 32.19 19.04 18.31 22.81 17.48 
41.17 27.62 46.41 29.43 40.97 54.72 37.69 31.07 0 42.24 41.06 40.23 28.66 
41.17 27.62 46.41 29.43 40.97 54.72 37.69 31.07 0 42.24 41.06 40.23 28.66 
13.99 25.25 17.51 21 13.24 33.9 10.97 19.03 45.47 0 2.34 24.55 24.17 
10.47 21.89 14.03 17.59 9.71 30.66 7.4 15.57 41.46 3.25 0 21.18 20.82 
5.46 11.53 5.05 18.47 4.93 15.82 16.91 20.79 36 23.07 22.34 0 5.43 
4.89 10.85 9.88 17.83 4.36 16.16 16.83 20.14 28.55 26.89 26.19 5.08 0 
13.99 25.25 17.51 21 13.24 33.9 10.97 19.03 45.47 0 2.34 24.55 24.17 
10.47 21.89 14.03 17.59 9.71 30.66 7.4 15.57 41.46 3.25 0 21.18 20.82 
5.46 11.53 5.05 18.47 4.93 15.82 16.91 20.79 36 23.07 22.34 0 5.43 
4.89 10.85 9.88 17.83 4.36 16.16 16.83 20.14 28.55 26.89 26.19 5.08 0 
Matriz de Costos>
0 10.72 5.99 13.77 1.76 21.73 10 16.12 34.99 19.2 18.45 6.27 5.08 
8.36 0 14.84 4.55 7.59 30.02 10.56 5.3 32.16 23.92 23.18 16.6 11.12 
7.07 15.58 0 19.83 6.29 15.07 16.73 22.13 39.65 18.07 17.32 3.96 10.86 
8.98 4.83 14.94 0 8.22 31.89 3.96 2.28 31.42 18.14 17.39 19.5 14.08 
0.21 9.16 6.56 10.38 0 22.27 6.55 12.77 35.49 15.89 15.13 6.83 5.25 
19.26 25.64 13.28 29.92 18.41 0 27.65 32.13 50.56 27.91 27.16 10.63 12.62 
8.06 11.44 13.93 6.34 7.29 29.88 0 5.01 36.67 11.66 10.92 20.42 15.18 
12.47 7.05 19.31 3.15 11.72 35.86 8 0 32.19 19.04 18.31 22.81 17.48 
41.17 27.62 46.41 29.43 40.97 54.72 37.69 31.07 0 42.24 41.06 40.23 28.66 
13.99 25.25 17.51 21 13.24 33.9 10.97 19.03 45.47 0 2.34 24.55 24.17 
10.47 21.89 14.03 17.59 9.71 30.66 7.4 15.57 41.46 3.25 0 21.18 20.82 
5.46 11.53 5.05 18.47 4.93 15.82 16.91 20.79 36 23.07 22.34 0 5.43 
4.89 10.85 9.88 17.83 4.36 16.16 16.83 20.14 28.55 26.89 26.19 5.08 0 
GEN 0 257.850000
TIEMPO 0 257.260000
GEN 0 266.600000
TIEMPO 0 266.600000
GREEDY 0 0.002102
GEN 0 269.380000
TIEMPO 0 269.380000
GEN 0 262.000000
TIEMPO 0 262.000000
GREEDY 5 0.008801
GEN 0 241.680000
GEN 0 223.030000
GEN 0 261.420000
GEN 0 277.280000
TIEMPO 0 223.030000
TIEMPO 0 263.190000
TIEMPO 0 261.420000
GEN 0 271.330000
GREEDY 0 0.000428
TIEMPO 0 256.360000
GEN 0 236.060000
TIEMPO 0 236.060000
GEN 0 230.250000
TIEMPO 0 230.250000
GREEDY 0 0.000546
GREEDY 5 0.002705
GEN 0 237.850000
GREEDY 5 0.002203
TIEMPO 0 228.090000
GREEDY 0 0.003305
GEN 0 252.230000
GEN 0 246.630000
TIEMPO 0 252.230000
TIEMPO 0 245.490000
GREEDY 0 0.003807
GREEDY 5 0.004863
GREEDY 0 0.002459
GREEDY 10 0.004926
GREEDY 10 0.006267
GEN 0 265.500000
TIEMPO 0 241.230000
GREEDY 0 0.003467
TIEMPO 0 241.680000
GREEDY 0 0.008349
GREEDY 0 0.002497
GREEDY 5 0.008594
GREEDY 5 0.009663
GREEDY 10 0.010203
GREEDY 0 0.021704
GEN 0 272.350000
TIEMPO 0 233.070000
GREEDY 5 0.009876
GEN 0 279.710000
GEN 0 243.470000
GEN 0 239.660000
TIEMPO 0 279.710000
TIEMPO 0 243.470000
TIEMPO 0 239.660000
GREEDY 5 0.006752
GREEDY 0 0.010388
GREEDY 0 0.002495
GREEDY 0 0.001630
GREEDY 5 0.010745
GEN 0 270.400000
TIEMPO 0 259.060000
GEN 0 238.160000
TIEMPO 0 233.960000
GREEDY 0 0.019369
GREEDY 15 0.015244
GREEDY 0 0.001097
GREEDY 5 0.001175
GEN 0 246.690000
GREEDY 10 0.009272
TIEMPO 0 246.690000
GREEDY 20 0.016345
GREEDY 0 0.003456
GREEDY 5 0.004716
GREEDY 10 0.013076
GEN 0 258.160000
GREEDY 5 0.005154
TIEMPO 0 247.580000
GREEDY 5 0.022784
GREEDY 0 0.004174
GREEDY 0 0.006566
GREEDY 15 0.017492
GREEDY 0 0.005871
GEN 0 244.690000
TIEMPO 0 244.690000
GREEDY 0 0.026393
GREEDY 0 0.010022
GREEDY 5 0.010871
GREEDY 5 0.036130
GREEDY 10 0.011445
GREEDY 10 0.023655
GREEDY 5 0.025255
GREEDY 10 0.025390
GREEDY 5 0.018506
GREEDY 10 0.024226
GREEDY 5 0.021457
GREEDY 5 0.023410
GREEDY 10 0.024577
GREEDY 15 0.035398
GREEDY 5 0.027246
GREEDY 15 0.028875
GREEDY 10 0.027824
GREEDY 5 0.048675
GREEDY 10 0.048981
GREEDY 15 0.049494
GREEDY 20 0.049588
GREEDY 0 0.046120
GREEDY 5 0.046244
GREEDY 10 0.060693
GREEDY 10 0.058402
GREEDY 10 0.066548
GREEDY 0 0.049353
GREEDY 15 0.058141
GREEDY 10 0.071741
GREEDY 0 0.075488
GREEDY 10 0.064541
GREEDY 15 0.088660
GREEDY 15 0.088452
GREEDY 15 0.086385
GREEDY 15 0.073935
GREEDY 5 0.073820
GREEDY 5 0.109695
GREEDY 10 0.100861
GREEDY 10 0.105317
GREEDY 15 0.136334
GREEDY 15 0.147164
GEN 2500 152.180000
GEN 2500 166.410000
GREEDY 15 0.156080
GREEDY 10 0.157326
GREEDY 10 0.176260
GREEDY 15 0.194376
GREEDY 10 0.206379
GREEDY 15 0.206999
GREEDY 10 0.210043
GREEDY 15 0.203876
GREEDY 15 0.217929
GREEDY 20 0.223490
GEN 2500 164.800000
GEN 2500 173.460000
GREEDY 15 0.268352
GEN 2500 165.200000
GREEDY 15 0.303035
GEN 5000 166.410000
GREEDY 20 0.318391
GREEDY 20 0.334474
GEN 5000 152.180000
GEN 2500 181.050000
GEN 2500 164.520000
GREEDY 15 0.389620
GEN 2500 166.280000
GEN 2500 166.280000
GEN 5000 164.800000
GEN 5000 173.460000
GEN 2500 163.490000
GEN 7500 166.410000
GEN 2500 163.960000
GEN 2500 166.410000
GEN 2500 170.750000
GEN 2500 166.240000
GEN 2500 166.450000
GREEDY 20 0.474220
GEN 7500 152.180000
GEN 2500 155.800000
GEN 2500 152.180000
GEN 2500 158.100000
GEN 2500 164.900000
GEN 2500 152.180000
GEN 2500 170.810000
GEN 2500 168.630000
GEN 2500 152.180000
GEN 2500 164.370000
GEN 7500 164.180000
GREEDY 15 0.589421
GEN 7500 173.460000
GEN 10000 166.410000
TIEMPO 0.601487 166.410000
GEN 10000 152.180000
TIEMPO 0.614240 152.180000
GEN 5000 165.200000
GEN 10000 164.180000
TIEMPO 0.701845 164.180000
GEN 5000 164.520000
GEN 10000 173.460000
TIEMPO 0.752754 173.460000
GEN 5000 181.050000
GEN 5000 166.280000
GEN 5000 155.800000
GREEDY 10 0.791441
GEN 5000 152.180000
GEN 5000 163.490000
GEN 5000 166.450000
GEN 5000 166.280000
GEN 5000 170.750000
GEN 5000 166.180000
GEN 5000 164.800000
GEN 5000 163.960000
GREEDY 20 0.858969
GEN 5000 152.180000
GEN 5000 158.100000
GEN 7500 165.200000
GEN 5000 158.050000
GEN 5000 164.520000
GEN 5000 166.540000
GEN 5000 164.370000
GEN 5000 152.180000
GEN 7500 164.520000
GEN 7500 171.990000
GEN 7500 166.450000
GEN 7500 155.800000
GEN 7500 166.280000
GEN 7500 163.960000
GEN 7500 166.280000
GEN 7500 152.180000
TIEMPO 1 163.490000
TIEMPO 1 166.540000
TIEMPO 1 152.180000
GEN 7500 170.750000
TIEMPO 1 166.280000
TIEMPO 1 164.520000
TIEMPO 1 163.960000
TIEMPO 1 158.050000
TIEMPO 1 163.960000
GEN 7500 166.180000
TIEMPO 1 166.180000
TIEMPO 1 170.750000
TIEMPO 1 165.200000
TIEMPO 1 163.960000
TIEMPO 1 166.280000
TIEMPO 1 166.450000
TIEMPO 1 171.990000
TIEMPO 1 152.180000
TIEMPO 1 155.800000
TIEMPO 1 158.100000
GEN 7500 152.180000
TIEMPO 1 152.180000
TIEMPO 1 164.800000
GEN 7500 164.800000
GEN 10000 164.520000
TIEMPO 1.026931 164.520000
GEN 7500 158.100000
GEN 10000 165.200000
TIEMPO 1.024211 165.200000
GEN 7500 163.960000
GEN 7500 163.960000
GEN 7500 152.180000
GEN 10000 171.990000
TIEMPO 1.038247 171.990000
GEN 7500 163.490000
GEN 10000 166.450000
TIEMPO 1.062449 166.450000
GEN 10000 163.960000
TIEMPO 1.090379 163.960000
GEN 10000 166.280000
TIEMPO 1.106509 166.280000
GEN 10000 155.800000
TIEMPO 1.096597 155.800000
GEN 10000 152.180000
TIEMPO 1.133327 152.180000
GEN 7500 158.050000
GEN 10000 166.280000
TIEMPO 1.138900 166.280000
GEN 10000 170.750000
TIEMPO 1.150277 170.750000
GEN 10000 165.740000
TIEMPO 1.156077 165.740000
GEN 10000 152.180000
TIEMPO 1.156585 152.180000
GEN 10000 158.100000
TIEMPO 1.166991 158.100000
GEN 7500 166.540000
GEN 10000 163.960000
TIEMPO 1.201325 163.960000
GEN 10000 163.960000
TIEMPO 1.189894 163.960000
GEN 10000 152.180000
TIEMPO 1.188884 152.180000
GEN 10000 163.490000
TIEMPO 1.271835 163.490000
GEN 10000 152.180000
TIEMPO 1.297820 152.180000
GEN 10000 164.800000
TIEMPO 1.331112 164.800000
GEN 10000 166.540000
TIEMPO 1.390834 166.540000

 Current State ---------------------------------------------
Solution:  4 6 9 10 0 12 8 0 13 1 3 7 0 0 0 0 0 0 0 0 0 0 2 11 5 Fitness: 152.18

 :( ---------------------- THE END --------------- :) 
