Dimension>25
Bandera>13
Fitness Greedy Costo>200.01
Solucion Greedy Costo>4 0 12 11 2 5 0 6 7 3 1 0 13 0 10 9 0 8 0 0 0 0 0 0 0 
Linea Vacia>
Dimension>25
Bandera>13
Fitness Greedy Costo>200.01
Solucion Greedy Costo>4 0 12 11 2 5 0 6 7 3 1 0 13 0 10 9 0 8 0 0 0 0 0 0 0 
Linea Vacia>
Matriz de Costos>
0 10.72 5.99 13.77 1.76 21.73 10 16.12 34.99 19.2 18.45 6.27 5.08 
8.36 0 14.84 4.55 7.59 30.02 10.56 5.3 32.16 23.92 23.18 16.6 11.12 
7.07 15.58 0 19.83 6.29 15.07 16.73 22.13 39.65 18.07 17.32 3.96 10.86 
8.98 4.83 14.94 0 8.22 31.89 3.96 2.28 31.42 18.14 17.39 19.5 14.08 
0.21 9.16 6.56 10.38 0 22.27 6.55 12.77 35.49 15.89 15.13 6.83 5.25 
Dimension>25
Bandera>13
Fitness Greedy Costo>200.01
Solucion Greedy Costo>4 0 12 11 2 5 0 6 7 3 1 0 13 0 10 9 0 8 0 0 0 0 0 0 0 
Linea Vacia>
Matriz de Costos>
0 10.72 5.99 13.77 1.76 21.73 10 16.12 34.99 19.2 18.45 6.27 5.08 
Dimension>25
Bandera>13
Fitness Greedy Costo>200.01
Solucion Greedy Costo>4 0 12 11 2 5 0 6 7 3 1 0 13 0 10 9 0 8 0 0 0 0 0 0 0 
Linea Vacia>
Dimension>25
Bandera>13
Fitness Greedy Costo>200.01
Solucion Greedy Costo>4 0 12 11 2 5 0 6 7 3 1 0 13 0 10 9 0 8 0 0 0 0 0 0 0 
Linea Vacia>
Dimension>25
Bandera>13
Fitness Greedy Costo>200.01
Solucion Greedy Costo>4 0 12 11 2 5 0 6 7 3 1 0 13 0 10 9 0 8 0 0 0 0 0 0 0 
Linea Vacia>
Matriz de Costos>
0 10.72 5.99 13.77 1.76 21.73 10 16.12 34.99 19.2 18.45 6.27 5.08 
8.36 0 14.84 4.55 7.59 30.02 10.56 5.3 32.16 23.92 23.18 16.6 11.12 
7.07 15.58 0 19.83 6.29 15.07 16.73 22.13 39.65 18.07 17.32 3.96 10.86 
8.98 4.83 14.94 0 8.22 31.89 3.96 2.28 31.42 18.14 17.39 19.5 14.08 
0.21 9.16 6.56 10.38 0 22.27 6.55 12.77 35.49 15.89 15.13 6.83 5.25 
19.26 25.64 13.28 29.92 18.41 0 27.65 32.13 50.56 27.91 27.16 10.63 12.62 
8.06 11.44 13.93 6.34 7.29 29.88 0 5.01 36.67 11.66 10.92 20.42 15.18 
12.47 7.05 19.31 3.15 11.72 35.86 8 0 32.19 19.04 18.31 22.81 17.48 
41.17 27.62 46.41 29.43 40.97 54.72 37.69 31.07 0 42.24 41.06 40.23 28.66 
13.99 25.25 17.51 21 13.24 33.9 10.97 19.03 45.47 0 2.34 24.55 24.17 
8.36 0 14.84 4.55 7.59 30.02 10.56 5.3 32.16 23.92 23.18 16.6 11.12 
7.07 15.58 0 19.83 6.29 15.07 16.73 22.13 39.65 18.07 17.32 3.96 10.86 
8.98 4.83 14.94 0 8.22 31.89 3.96 2.28 31.42 18.14 17.39 19.5 14.08 
0.21 9.16 6.56 10.38 0 22.27 6.55 12.77 35.49 15.89 15.13 6.83 5.25 
Dimension>25
Bandera>13
Fitness Greedy Costo>200.01
Solucion Greedy Costo>4 0 12 11 2 5 0 6 7 3 1 0 13 0 10 9 0 8 0 0 0 0 0 0 0 
Linea Vacia>
Dimension>25
Bandera>13
Fitness Greedy Costo>200.01
Solucion Greedy Costo>4 0 12 11 2 5 0 6 7 3 1 0 13 0 10 9 0 8 0 0 0 0 0 0 0 
Linea Vacia>
Dimension>25
Bandera>13
Fitness Greedy Costo>200.01
Dimension>25
Bandera>13
Fitness Greedy Costo>200.01
Solucion Greedy Costo>4 0 12 11 2 5 0 6 7 3 1 0 13 0 10 9 0 8 0 0 0 0 0 0 0 
Linea Vacia>
19.26 25.64 13.28 29.92 18.41 0 27.65 32.13 50.56 27.91 27.16 10.63 12.62 
8.06 11.44 13.93 6.34 7.29 29.88 0 5.01 36.67 11.66 10.92 20.42 15.18 
12.47 7.05 19.31 3.15 11.72 35.86 8 0 32.19 19.04 18.31 22.81 17.48 
41.17 27.62 46.41 29.43 40.97 54.72 37.69 31.07 0 42.24 41.06 40.23 28.66 
10.47 21.89 14.03 17.59 9.71 30.66 7.4 15.57 41.46 3.25 0 21.18 20.82 
5.46 11.53 5.05 18.47 4.93 15.82 16.91 20.79 36 23.07 22.34 0 5.43 
4.89 10.85 9.88 17.83 4.36 16.16 16.83 20.14 28.55 26.89 26.19 5.08 0 
19.26 25.64 13.28 29.92 18.41 0 27.65 32.13 50.56 27.91 27.16 10.63 12.62 
8.06 11.44 13.93 6.34 7.29 29.88 0 5.01 36.67 11.66 10.92 20.42 15.18 
12.47 7.05 19.31 3.15 11.72 35.86 8 0 32.19 19.04 18.31 22.81 17.48 
Matriz de Costos>
0 10.72 5.99 13.77 1.76 21.73 10 16.12 34.99 19.2 18.45 6.27 5.08 
8.36 0 14.84 4.55 7.59 30.02 10.56 5.3 32.16 23.92 23.18 16.6 11.12 
7.07 15.58 0 19.83 6.29 15.07 16.73 22.13 39.65 18.07 17.32 3.96 10.86 
8.98 4.83 14.94 0 8.22 31.89 3.96 2.28 31.42 18.14 17.39 19.5 14.08 
Solucion Greedy Costo>4 0 12 11 2 5 0 6 7 3 1 0 13 0 10 9 0 8 0 0 0 0 0 0 0 
Linea Vacia>
Matriz de Costos>
0 10.72 5.99 13.77 1.76 21.73 10 16.12 34.99 19.2 18.45 6.27 5.08 
8.36 0 14.84 4.55 7.59 30.02 10.56 5.3 32.16 23.92 23.18 16.6 11.12 
7.07 15.58 0 19.83 6.29 15.07 16.73 22.13 39.65 18.07 17.32 3.96 10.86 
8.98 4.83 14.94 0 8.22 31.89 3.96 2.28 31.42 18.14 17.39 19.5 14.08 
0.21 9.16 6.56 10.38 0 22.27 6.55 12.77 35.49 15.89 15.13 6.83 5.25 
19.26 25.64 13.28 29.92 18.41 0 27.65 32.13 50.56 27.91 27.16 10.63 12.62 
Matriz de Costos>
0 10.72 5.99 13.77 1.76 21.73 10 16.12 34.99 19.2 18.45 6.27 5.08 
8.36 0 14.84 4.55 7.59 30.02 10.56 5.3 32.16 23.92 23.18 16.6 11.12 
7.07 15.58 0 19.83 6.29 15.07 16.73 22.13 39.65 18.07 17.32 3.96 10.86 
Matriz de Costos>
0 10.72 5.99 13.77 1.76 21.73 10 16.12 34.99 19.2 18.45 6.27 5.08 
8.36 0 14.84 4.55 7.59 30.02 10.56 5.3 32.16 23.92 23.18 16.6 11.12 
13.99 25.25 17.51 21 13.24 33.9 10.97 19.03 45.47 0 2.34 24.55 24.17 
10.47 21.89 14.03 17.59 9.71 30.66 7.4 15.57 41.46 3.25 0 21.18 20.82 
5.46 11.53 5.05 18.47 4.93 15.82 16.91 20.79 36 23.07 22.34 0 5.43 
4.89 10.85 9.88 17.83 4.36 16.16 16.83 20.14 28.55 26.89 26.19 5.08 0 
41.17 27.62 46.41 29.43 40.97 54.72 37.69 31.07 0 42.24 41.06 40.23 28.66 
13.99 25.25 17.51 21 13.24 33.9 10.97 19.03 45.47 0 2.34 24.55 24.17 
10.47 21.89 14.03 17.59 9.71 30.66 7.4 15.57 41.46 3.25 0 21.18 20.82 
Matriz de Costos>
0 10.72 5.99 13.77 1.76 21.73 10 16.12 34.99 19.2 18.45 6.27 5.08 
Matriz de Costos>
0 10.72 5.99 13.77 1.76 21.73 10 16.12 34.99 19.2 18.45 6.27 5.08 
8.36 0 14.84 4.55 7.59 30.02 10.56 5.3 32.16 23.92 23.18 16.6 11.12 
7.07 15.58 0 19.83 6.29 15.07 16.73 22.13 39.65 18.07 17.32 3.96 10.86 
0.21 9.16 6.56 10.38 0 22.27 6.55 12.77 35.49 15.89 15.13 6.83 5.25 
19.26 25.64 13.28 29.92 18.41 0 27.65 32.13 50.56 27.91 27.16 10.63 12.62 
8.06 11.44 13.93 6.34 7.29 29.88 0 5.01 36.67 11.66 10.92 20.42 15.18 
12.47 7.05 19.31 3.15 11.72 35.86 8 0 32.19 19.04 18.31 22.81 17.48 
8.06 11.44 13.93 6.34 7.29 29.88 0 5.01 36.67 11.66 10.92 20.42 15.18 
12.47 7.05 19.31 3.15 11.72 35.86 8 0 32.19 19.04 18.31 22.81 17.48 
41.17 27.62 46.41 29.43 40.97 54.72 37.69 31.07 0 42.24 41.06 40.23 28.66 
13.99 25.25 17.51 21 13.24 33.9 10.97 19.03 45.47 0 2.34 24.55 24.17 
8.98 4.83 14.94 0 8.22 31.89 3.96 2.28 31.42 18.14 17.39 19.5 14.08 
0.21 9.16 6.56 10.38 0 22.27 6.55 12.77 35.49 15.89 15.13 6.83 5.25 
19.26 25.64 13.28 29.92 18.41 0 27.65 32.13 50.56 27.91 27.16 10.63 12.62 
8.06 11.44 13.93 6.34 7.29 29.88 0 5.01 36.67 11.66 10.92 20.42 15.18 
12.47 7.05 19.31 3.15 11.72 35.86 8 0 32.19 19.04 18.31 22.81 17.48 
7.07 15.58 0 19.83 6.29 15.07 16.73 22.13 39.65 18.07 17.32 3.96 10.86 
8.98 4.83 14.94 0 8.22 31.89 3.96 2.28 31.42 18.14 17.39 19.5 14.08 
0.21 9.16 6.56 10.38 0 22.27 6.55 12.77 35.49 15.89 15.13 6.83 5.25 
5.46 11.53 5.05 18.47 4.93 15.82 16.91 20.79 36 23.07 22.34 0 5.43 
4.89 10.85 9.88 17.83 4.36 16.16 16.83 20.14 28.55 26.89 26.19 5.08 0 
8.36 0 14.84 4.55 7.59 30.02 10.56 5.3 32.16 23.92 23.18 16.6 11.12 
7.07 15.58 0 19.83 6.29 15.07 16.73 22.13 39.65 18.07 17.32 3.96 10.86 
8.98 4.83 14.94 0 8.22 31.89 3.96 2.28 31.42 18.14 17.39 19.5 14.08 
0.21 9.16 6.56 10.38 0 22.27 6.55 12.77 35.49 15.89 15.13 6.83 5.25 
8.98 4.83 14.94 0 8.22 31.89 3.96 2.28 31.42 18.14 17.39 19.5 14.08 
0.21 9.16 6.56 10.38 0 22.27 6.55 12.77 35.49 15.89 15.13 6.83 5.25 
19.26 25.64 13.28 29.92 18.41 0 27.65 32.13 50.56 27.91 27.16 10.63 12.62 
8.06 11.44 13.93 6.34 7.29 29.88 0 5.01 36.67 11.66 10.92 20.42 15.18 
41.17 27.62 46.41 29.43 40.97 54.72 37.69 31.07 0 42.24 41.06 40.23 28.66 
13.99 25.25 17.51 21 13.24 33.9 10.97 19.03 45.47 0 2.34 24.55 24.17 
10.47 21.89 14.03 17.59 9.71 30.66 7.4 15.57 41.46 3.25 0 21.18 20.82 
5.46 11.53 5.05 18.47 4.93 15.82 16.91 20.79 36 23.07 22.34 0 5.43 
Matriz de Costos>
0 10.72 5.99 13.77 1.76 21.73 10 16.12 34.99 19.2 18.45 6.27 5.08 
8.36 0 14.84 4.55 7.59 30.02 10.56 5.3 32.16 23.92 23.18 16.6 11.12 
7.07 15.58 0 19.83 6.29 15.07 16.73 22.13 39.65 18.07 17.32 3.96 10.86 
8.98 4.83 14.94 0 8.22 31.89 3.96 2.28 31.42 18.14 17.39 19.5 14.08 
0.21 9.16 6.56 10.38 0 22.27 6.55 12.77 35.49 15.89 15.13 6.83 5.25 
10.47 21.89 14.03 17.59 9.71 30.66 7.4 15.57 41.46 3.25 0 21.18 20.82 
5.46 11.53 5.05 18.47 4.93 15.82 16.91 20.79 36 23.07 22.34 0 5.43 
4.89 10.85 9.88 17.83 4.36 16.16 16.83 20.14 28.55 26.89 26.19 5.08 0 
41.17 27.62 46.41 29.43 40.97 54.72 37.69 31.07 0 42.24 41.06 40.23 28.66 
13.99 25.25 17.51 21 13.24 33.9 10.97 19.03 45.47 0 2.34 24.55 24.17 
10.47 21.89 14.03 17.59 9.71 30.66 7.4 15.57 41.46 3.25 0 21.18 20.82 
5.46 11.53 5.05 18.47 4.93 15.82 16.91 20.79 36 23.07 22.34 0 5.43 
19.26 25.64 13.28 29.92 18.41 0 27.65 32.13 50.56 27.91 27.16 10.63 12.62 
8.06 11.44 13.93 6.34 7.29 29.88 0 5.01 36.67 11.66 10.92 20.42 15.18 
12.47 7.05 19.31 3.15 11.72 35.86 8 0 32.19 19.04 18.31 22.81 17.48 
Dimension>25
19.26 25.64 13.28 29.92 18.41 0 27.65 32.13 50.56 27.91 27.16 10.63 12.62 
8.06 11.44 13.93 6.34 7.29 29.88 0 5.01 36.67 11.66 10.92 20.42 15.18 
12.47 7.05 19.31 3.15 11.72 35.86 8 0 32.19 19.04 18.31 22.81 17.48 
41.17 27.62 46.41 29.43 40.97 54.72 37.69 31.07 0 42.24 41.06 40.23 28.66 
12.47 7.05 19.31 3.15 11.72 35.86 8 0 32.19 19.04 18.31 22.81 17.48 
41.17 27.62 46.41 29.43 40.97 54.72 37.69 31.07 0 42.24 41.06 40.23 28.66 
13.99 25.25 17.51 21 13.24 33.9 10.97 19.03 45.47 0 2.34 24.55 24.17 
10.47 21.89 14.03 17.59 9.71 30.66 7.4 15.57 41.46 3.25 0 21.18 20.82 
5.46 11.53 5.05 18.47 4.93 15.82 16.91 20.79 36 23.07 22.34 0 5.43 
4.89 10.85 9.88 17.83 4.36 16.16 16.83 20.14 28.55 26.89 26.19 5.08 0 
19.26 25.64 13.28 29.92 18.41 0 27.65 32.13 50.56 27.91 27.16 10.63 12.62 
8.06 11.44 13.93 6.34 7.29 29.88 0 5.01 36.67 11.66 10.92 20.42 15.18 
12.47 7.05 19.31 3.15 11.72 35.86 8 0 32.19 19.04 18.31 22.81 17.48 
41.17 27.62 46.41 29.43 40.97 54.72 37.69 31.07 0 42.24 41.06 40.23 28.66 
Dimension>25
Bandera>13
Fitness Greedy Costo>200.01
Solucion Greedy Costo>4 0 12 11 2 5 0 6 7 3 1 0 13 0 10 9 0 8 0 0 0 0 0 0 0 
Linea Vacia>
4.89 10.85 9.88 17.83 4.36 16.16 16.83 20.14 28.55 26.89 26.19 5.08 0 
Dimension>25
Bandera>13
Fitness Greedy Costo>200.01
Solucion Greedy Costo>4 0 12 11 2 5 0 6 7 3 1 0 13 0 10 9 0 8 0 0 0 0 0 0 0 
Linea Vacia>
41.17 27.62 46.41 29.43 40.97 54.72 37.69 31.07 0 42.24 41.06 40.23 28.66 
13.99 25.25 17.51 21 13.24 33.9 10.97 19.03 45.47 0 2.34 24.55 24.17 
10.47 21.89 14.03 17.59 9.71 30.66 7.4 15.57 41.46 3.25 0 21.18 20.82 
5.46 11.53 5.05 18.47 4.93 15.82 16.91 20.79 36 23.07 22.34 0 5.43 
4.89 10.85 9.88 17.83 4.36 16.16 16.83 20.14 28.55 26.89 26.19 5.08 0 
Bandera>13
Fitness Greedy Costo>200.01
Solucion Greedy Costo>4 0 12 11 2 5 0 6 7 3 1 0 13 0 10 9 0 8 0 0 0 0 0 0 0 
Linea Vacia>
13.99 25.25 17.51 21 13.24 33.9 10.97 19.03 45.47 0 2.34 24.55 24.17 
10.47 21.89 14.03 17.59 9.71 30.66 7.4 15.57 41.46 3.25 0 21.18 20.82 
5.46 11.53 5.05 18.47 4.93 15.82 16.91 20.79 36 23.07 22.34 0 5.43 
4.89 10.85 9.88 17.83 4.36 16.16 16.83 20.14 28.55 26.89 26.19 5.08 0 
4.89 10.85 9.88 17.83 4.36 16.16 16.83 20.14 28.55 26.89 26.19 5.08 0 
13.99 25.25 17.51 21 13.24 33.9 10.97 19.03 45.47 0 2.34 24.55 24.17 
10.47 21.89 14.03 17.59 9.71 30.66 7.4 15.57 41.46 3.25 0 21.18 20.82 
5.46 11.53 5.05 18.47 4.93 15.82 16.91 20.79 36 23.07 22.34 0 5.43 
4.89 10.85 9.88 17.83 4.36 16.16 16.83 20.14 28.55 26.89 26.19 5.08 0 
Matriz de Costos>
0 10.72 5.99 13.77 1.76 21.73 10 16.12 34.99 19.2 18.45 6.27 5.08 
8.36 0 14.84 4.55 7.59 30.02 10.56 5.3 32.16 23.92 23.18 16.6 11.12 
7.07 15.58 0 19.83 6.29 15.07 16.73 22.13 39.65 18.07 17.32 3.96 10.86 
8.98 4.83 14.94 0 8.22 31.89 3.96 2.28 31.42 18.14 17.39 19.5 14.08 
0.21 9.16 6.56 10.38 0 22.27 6.55 12.77 35.49 15.89 15.13 6.83 5.25 
19.26 25.64 13.28 29.92 18.41 0 27.65 32.13 50.56 27.91 27.16 10.63 12.62 
8.06 11.44 13.93 6.34 7.29 29.88 0 5.01 36.67 11.66 10.92 20.42 15.18 
12.47 7.05 19.31 3.15 11.72 35.86 8 0 32.19 19.04 18.31 22.81 17.48 
Matriz de Costos>
0 10.72 5.99 13.77 1.76 21.73 10 16.12 34.99 19.2 18.45 6.27 5.08 
8.36 0 14.84 4.55 7.59 30.02 10.56 5.3 32.16 23.92 23.18 16.6 11.12 
7.07 15.58 0 19.83 6.29 15.07 16.73 22.13 39.65 18.07 17.32 3.96 10.86 
8.98 4.83 14.94 0 8.22 31.89 3.96 2.28 31.42 18.14 17.39 19.5 14.08 
0.21 9.16 6.56 10.38 0 22.27 6.55 12.77 35.49 15.89 15.13 6.83 5.25 
19.26 25.64 13.28 29.92 18.41 0 27.65 32.13 50.56 27.91 27.16 10.63 12.62 
8.06 11.44 13.93 6.34 7.29 29.88 0 5.01 36.67 11.66 10.92 20.42 15.18 
12.47 7.05 19.31 3.15 11.72 35.86 8 0 32.19 19.04 18.31 22.81 17.48 
Matriz de Costos>
0 10.72 5.99 13.77 1.76 21.73 10 16.12 34.99 19.2 18.45 6.27 5.08 
8.36 0 14.84 4.55 7.59 30.02 10.56 5.3 32.16 23.92 23.18 16.6 11.12 
7.07 15.58 0 19.83 6.29 15.07 16.73 22.13 39.65 18.07 17.32 3.96 10.86 
8.98 4.83 14.94 0 8.22 31.89 3.96 2.28 31.42 18.14 17.39 19.5 14.08 
0.21 9.16 6.56 10.38 0 22.27 6.55 12.77 35.49 15.89 15.13 6.83 5.25 
19.26 25.64 13.28 29.92 18.41 0 27.65 32.13 50.56 27.91 27.16 10.63 12.62 
8.06 11.44 13.93 6.34 7.29 29.88 0 5.01 36.67 11.66 10.92 20.42 15.18 
12.47 7.05 19.31 3.15 11.72 35.86 8 0 32.19 19.04 18.31 22.81 17.48 
41.17 27.62 46.41 29.43 40.97 54.72 37.69 31.07 0 42.24 41.06 40.23 28.66 
13.99 25.25 17.51 21 13.24 33.9 10.97 19.03 45.47 0 2.34 24.55 24.17 
10.47 21.89 14.03 17.59 9.71 30.66 7.4 15.57 41.46 3.25 0 21.18 20.82 
5.46 11.53 5.05 18.47 4.93 15.82 16.91 20.79 36 23.07 22.34 0 5.43 
4.89 10.85 9.88 17.83 4.36 16.16 16.83 20.14 28.55 26.89 26.19 5.08 0 
Dimension>25
Bandera>13
Fitness Greedy Costo>200.01
Solucion Greedy Costo>4 0 12 11 2 5 0 6 7 3 1 0 13 0 10 9 0 8 0 0 0 0 0 0 0 
Linea Vacia>
Matriz de Costos>
0 10.72 5.99 13.77 1.76 21.73 10 16.12 34.99 19.2 18.45 6.27 5.08 
41.17 27.62 46.41 29.43 40.97 54.72 37.69 31.07 0 42.24 41.06 40.23 28.66 
13.99 25.25 17.51 21 13.24 33.9 10.97 19.03 45.47 0 2.34 24.55 24.17 
10.47 21.89 14.03 17.59 9.71 30.66 7.4 15.57 41.46 3.25 0 21.18 20.82 
5.46 11.53 5.05 18.47 4.93 15.82 16.91 20.79 36 23.07 22.34 0 5.43 
4.89 10.85 9.88 17.83 4.36 16.16 16.83 20.14 28.55 26.89 26.19 5.08 0 
41.17 27.62 46.41 29.43 40.97 54.72 37.69 31.07 0 42.24 41.06 40.23 28.66 
13.99 25.25 17.51 21 13.24 33.9 10.97 19.03 45.47 0 2.34 24.55 24.17 
10.47 21.89 14.03 17.59 9.71 30.66 7.4 15.57 41.46 3.25 0 21.18 20.82 
5.46 11.53 5.05 18.47 4.93 15.82 16.91 20.79 36 23.07 22.34 0 5.43 
4.89 10.85 9.88 17.83 4.36 16.16 16.83 20.14 28.55 26.89 26.19 5.08 0 
Dimension>25
Bandera>13
Fitness Greedy Costo>200.01
Solucion Greedy Costo>4 0 12 11 2 5 0 6 7 3 1 0 13 0 10 9 0 8 0 0 0 0 0 0 0 
Linea Vacia>
Matriz de Costos>
0 10.72 5.99 13.77 1.76 21.73 10 16.12 34.99 19.2 18.45 6.27 5.08 
8.36 0 14.84 4.55 7.59 30.02 10.56 5.3 32.16 23.92 23.18 16.6 11.12 
7.07 15.58 0 19.83 6.29 15.07 16.73 22.13 39.65 18.07 17.32 3.96 10.86 
8.98 4.83 14.94 0 8.22 31.89 3.96 2.28 31.42 18.14 17.39 19.5 14.08 
0.21 9.16 6.56 10.38 0 22.27 6.55 12.77 35.49 15.89 15.13 6.83 5.25 
19.26 25.64 13.28 29.92 18.41 0 27.65 32.13 50.56 27.91 27.16 10.63 12.62 
8.06 11.44 13.93 6.34 7.29 29.88 0 5.01 36.67 11.66 10.92 20.42 15.18 
12.47 7.05 19.31 3.15 11.72 35.86 8 0 32.19 19.04 18.31 22.81 17.48 
41.17 27.62 46.41 29.43 40.97 54.72 37.69 31.07 0 42.24 41.06 40.23 28.66 
Dimension>25
Bandera>13
Fitness Greedy Costo>200.01
Solucion Greedy Costo>4 0 12 11 2 5 0 6 7 3 1 0 13 0 10 9 0 8 0 0 0 0 0 0 0 
Linea Vacia>
Matriz de Costos>
0 10.72 5.99 13.77 1.76 21.73 10 16.12 34.99 19.2 18.45 6.27 5.08 
8.36 0 14.84 4.55 7.59 30.02 10.56 5.3 32.16 23.92 23.18 16.6 11.12 
8.36 0 14.84 4.55 7.59 30.02 10.56 5.3 32.16 23.92 23.18 16.6 11.12 
7.07 15.58 0 19.83 6.29 15.07 16.73 22.13 39.65 18.07 17.32 3.96 10.86 
8.98 4.83 14.94 0 8.22 31.89 3.96 2.28 31.42 18.14 17.39 19.5 14.08 
0.21 9.16 6.56 10.38 0 22.27 6.55 12.77 35.49 15.89 15.13 6.83 5.25 
19.26 25.64 13.28 29.92 18.41 0 27.65 32.13 50.56 27.91 27.16 10.63 12.62 
8.06 11.44 13.93 6.34 7.29 29.88 0 5.01 36.67 11.66 10.92 20.42 15.18 
12.47 7.05 19.31 3.15 11.72 35.86 8 0 32.19 19.04 18.31 22.81 17.48 
41.17 27.62 46.41 29.43 40.97 54.72 37.69 31.07 0 42.24 41.06 40.23 28.66 
13.99 25.25 17.51 21 13.24 33.9 10.97 19.03 45.47 0 2.34 24.55 24.17 
13.99 25.25 17.51 21 13.24 33.9 10.97 19.03 45.47 0 2.34 24.55 24.17 
10.47 21.89 14.03 17.59 9.71 30.66 7.4 15.57 41.46 3.25 0 21.18 20.82 
5.46 11.53 5.05 18.47 4.93 15.82 16.91 20.79 36 23.07 22.34 0 5.43 
4.89 10.85 9.88 17.83 4.36 16.16 16.83 20.14 28.55 26.89 26.19 5.08 0 
7.07 15.58 0 19.83 6.29 15.07 16.73 22.13 39.65 18.07 17.32 3.96 10.86 
8.98 4.83 14.94 0 8.22 31.89 3.96 2.28 31.42 18.14 17.39 19.5 14.08 
0.21 9.16 6.56 10.38 0 22.27 6.55 12.77 35.49 15.89 15.13 6.83 5.25 
19.26 25.64 13.28 29.92 18.41 0 27.65 32.13 50.56 27.91 27.16 10.63 12.62 
8.06 11.44 13.93 6.34 7.29 29.88 0 5.01 36.67 11.66 10.92 20.42 15.18 
12.47 7.05 19.31 3.15 11.72 35.86 8 0 32.19 19.04 18.31 22.81 17.48 
41.17 27.62 46.41 29.43 40.97 54.72 37.69 31.07 0 42.24 41.06 40.23 28.66 
13.99 25.25 17.51 21 13.24 33.9 10.97 19.03 45.47 0 2.34 24.55 24.17 
10.47 21.89 14.03 17.59 9.71 30.66 7.4 15.57 41.46 3.25 0 21.18 20.82 
5.46 11.53 5.05 18.47 4.93 15.82 16.91 20.79 36 23.07 22.34 0 5.43 
4.89 10.85 9.88 17.83 4.36 16.16 16.83 20.14 28.55 26.89 26.19 5.08 0 
Dimension>25
Bandera>13
Fitness Greedy Costo>200.01
Solucion Greedy Costo>4 0 12 11 2 5 0 6 7 3 1 0 13 0 10 9 0 8 0 0 0 0 0 0 0 
Linea Vacia>
Matriz de Costos>
0 10.72 5.99 13.77 1.76 21.73 10 16.12 34.99 19.2 18.45 6.27 5.08 
8.36 0 14.84 4.55 7.59 30.02 10.56 5.3 32.16 23.92 23.18 16.6 11.12 
7.07 15.58 0 19.83 6.29 15.07 16.73 22.13 39.65 18.07 17.32 3.96 10.86 
Dimension>25
Bandera>13
Fitness Greedy Costo>200.01
Solucion Greedy Costo>4 0 12 11 2 5 0 6 7 3 1 0 13 0 10 9 0 8 0 0 0 0 0 0 0 
Linea Vacia>
Matriz de Costos>
0 10.72 5.99 13.77 1.76 21.73 10 16.12 34.99 19.2 18.45 6.27 5.08 
8.36 0 14.84 4.55 7.59 30.02 10.56 5.3 32.16 23.92 23.18 16.6 11.12 
7.07 15.58 0 19.83 6.29 15.07 16.73 22.13 39.65 18.07 17.32 3.96 10.86 
8.98 4.83 14.94 0 8.22 31.89 3.96 2.28 31.42 18.14 17.39 19.5 14.08 
0.21 9.16 6.56 10.38 0 22.27 6.55 12.77 35.49 15.89 15.13 6.83 5.25 
8.98 4.83 14.94 0 8.22 31.89 3.96 2.28 31.42 18.14 17.39 19.5 14.08 
0.21 9.16 6.56 10.38 0 22.27 6.55 12.77 35.49 15.89 15.13 6.83 5.25 
19.26 25.64 13.28 29.92 18.41 0 27.65 32.13 50.56 27.91 27.16 10.63 12.62 
8.06 11.44 13.93 6.34 7.29 29.88 0 5.01 36.67 11.66 10.92 20.42 15.18 
12.47 7.05 19.31 3.15 11.72 35.86 8 0 32.19 19.04 18.31 22.81 17.48 
41.17 27.62 46.41 29.43 40.97 54.72 37.69 31.07 0 42.24 41.06 40.23 28.66 
13.99 25.25 17.51 21 13.24 33.9 10.97 19.03 45.47 0 2.34 24.55 24.17 
10.47 21.89 14.03 17.59 9.71 30.66 7.4 15.57 41.46 3.25 0 21.18 20.82 
5.46 11.53 5.05 18.47 4.93 15.82 16.91 20.79 36 23.07 22.34 0 5.43 
4.89 10.85 9.88 17.83 4.36 16.16 16.83 20.14 28.55 26.89 26.19 5.08 0 
10.47 21.89 14.03 17.59 9.71 30.66 7.4 15.57 41.46 3.25 0 21.18 20.82 
5.46 11.53 5.05 18.47 4.93 15.82 16.91 20.79 36 23.07 22.34 0 5.43 
4.89 10.85 9.88 17.83 4.36 16.16 16.83 20.14 28.55 26.89 26.19 5.08 0 
19.26 25.64 13.28 29.92 18.41 0 27.65 32.13 50.56 27.91 27.16 10.63 12.62 
8.06 11.44 13.93 6.34 7.29 29.88 0 5.01 36.67 11.66 10.92 20.42 15.18 
12.47 7.05 19.31 3.15 11.72 35.86 8 0 32.19 19.04 18.31 22.81 17.48 
41.17 27.62 46.41 29.43 40.97 54.72 37.69 31.07 0 42.24 41.06 40.23 28.66 
13.99 25.25 17.51 21 13.24 33.9 10.97 19.03 45.47 0 2.34 24.55 24.17 
10.47 21.89 14.03 17.59 9.71 30.66 7.4 15.57 41.46 3.25 0 21.18 20.82 
5.46 11.53 5.05 18.47 4.93 15.82 16.91 20.79 36 23.07 22.34 0 5.43 
4.89 10.85 9.88 17.83 4.36 16.16 16.83 20.14 28.55 26.89 26.19 5.08 0 
Dimension>25
Bandera>13
Fitness Greedy Costo>200.01
Solucion Greedy Costo>4 0 12 11 2 5 0 6 7 3 1 0 13 0 10 9 0 8 0 0 0 0 0 0 0 
Linea Vacia>
Matriz de Costos>
0 10.72 5.99 13.77 1.76 21.73 10 16.12 34.99 19.2 18.45 6.27 5.08 
8.36 0 14.84 4.55 7.59 30.02 10.56 5.3 32.16 23.92 23.18 16.6 11.12 
7.07 15.58 0 19.83 6.29 15.07 16.73 22.13 39.65 18.07 17.32 3.96 10.86 
8.98 4.83 14.94 0 8.22 31.89 3.96 2.28 31.42 18.14 17.39 19.5 14.08 
0.21 9.16 6.56 10.38 0 22.27 6.55 12.77 35.49 15.89 15.13 6.83 5.25 
19.26 25.64 13.28 29.92 18.41 0 27.65 32.13 50.56 27.91 27.16 10.63 12.62 
8.06 11.44 13.93 6.34 7.29 29.88 0 5.01 36.67 11.66 10.92 20.42 15.18 
12.47 7.05 19.31 3.15 11.72 35.86 8 0 32.19 19.04 18.31 22.81 17.48 
41.17 27.62 46.41 29.43 40.97 54.72 37.69 31.07 0 42.24 41.06 40.23 28.66 
13.99 25.25 17.51 21 13.24 33.9 10.97 19.03 45.47 0 2.34 24.55 24.17 
10.47 21.89 14.03 17.59 9.71 30.66 7.4 15.57 41.46 3.25 0 21.18 20.82 
5.46 11.53 5.05 18.47 4.93 15.82 16.91 20.79 36 23.07 22.34 0 5.43 
4.89 10.85 9.88 17.83 4.36 16.16 16.83 20.14 28.55 26.89 26.19 5.08 0 
Dimension>25
Bandera>13
Fitness Greedy Costo>200.01
Solucion Greedy Costo>4 0 12 11 2 5 0 6 7 3 1 0 13 0 10 9 0 8 0 0 0 0 0 0 0 
Linea Vacia>
Matriz de Costos>
0 10.72 5.99 13.77 1.76 21.73 10 16.12 34.99 19.2 18.45 6.27 5.08 
8.36 0 14.84 4.55 7.59 30.02 10.56 5.3 32.16 23.92 23.18 16.6 11.12 
7.07 15.58 0 19.83 6.29 15.07 16.73 22.13 39.65 18.07 17.32 3.96 10.86 
8.98 4.83 14.94 0 8.22 31.89 3.96 2.28 31.42 18.14 17.39 19.5 14.08 
0.21 9.16 6.56 10.38 0 22.27 6.55 12.77 35.49 15.89 15.13 6.83 5.25 
19.26 25.64 13.28 29.92 18.41 0 27.65 32.13 50.56 27.91 27.16 10.63 12.62 
8.06 11.44 13.93 6.34 7.29 29.88 0 5.01 36.67 11.66 10.92 20.42 15.18 
12.47 7.05 19.31 3.15 11.72 35.86 8 0 32.19 19.04 18.31 22.81 17.48 
41.17 27.62 46.41 29.43 40.97 54.72 37.69 31.07 0 42.24 41.06 40.23 28.66 
13.99 25.25 17.51 21 13.24 33.9 10.97 19.03 45.47 0 2.34 24.55 24.17 
10.47 21.89 14.03 17.59 9.71 30.66 7.4 15.57 41.46 3.25 0 21.18 20.82 
5.46 11.53 5.05 18.47 4.93 15.82 16.91 20.79 36 23.07 22.34 0 5.43 
4.89 10.85 9.88 17.83 4.36 16.16 16.83 20.14 28.55 26.89 26.19 5.08 0 
Dimension>25
Bandera>13
Fitness Greedy Costo>200.01
Solucion Greedy Costo>4 0 12 11 2 5 0 6 7 3 1 0 13 0 10 9 0 8 0 0 0 0 0 0 0 
Linea Vacia>
Matriz de Costos>
0 10.72 5.99 13.77 1.76 21.73 10 16.12 34.99 19.2 18.45 6.27 5.08 
8.36 0 14.84 4.55 7.59 30.02 10.56 5.3 32.16 23.92 23.18 16.6 11.12 
7.07 15.58 0 19.83 6.29 15.07 16.73 22.13 39.65 18.07 17.32 3.96 10.86 
8.98 4.83 14.94 0 8.22 31.89 3.96 2.28 31.42 18.14 17.39 19.5 14.08 
0.21 9.16 6.56 10.38 0 22.27 6.55 12.77 35.49 15.89 15.13 6.83 5.25 
19.26 25.64 13.28 29.92 18.41 0 27.65 32.13 50.56 27.91 27.16 10.63 12.62 
8.06 11.44 13.93 6.34 7.29 29.88 0 5.01 36.67 11.66 10.92 20.42 15.18 
12.47 7.05 19.31 3.15 11.72 35.86 8 0 32.19 19.04 18.31 22.81 17.48 
41.17 27.62 46.41 29.43 40.97 54.72 37.69 31.07 0 42.24 41.06 40.23 28.66 
13.99 25.25 17.51 21 13.24 33.9 10.97 19.03 45.47 0 2.34 24.55 24.17 
10.47 21.89 14.03 17.59 9.71 30.66 7.4 15.57 41.46 3.25 0 21.18 20.82 
5.46 11.53 5.05 18.47 4.93 15.82 16.91 20.79 36 23.07 22.34 0 5.43 
4.89 10.85 9.88 17.83 4.36 16.16 16.83 20.14 28.55 26.89 26.19 5.08 0 
Dimension>25
Bandera>13
Fitness Greedy Costo>200.01
Solucion Greedy Costo>4 0 12 11 2 5 0 6 7 3 1 0 13 0 10 9 0 8 0 0 0 0 0 0 0 
Linea Vacia>
Matriz de Costos>
0 10.72 5.99 13.77 1.76 21.73 10 16.12 34.99 19.2 18.45 6.27 5.08 
8.36 0 14.84 4.55 7.59 30.02 10.56 5.3 32.16 23.92 23.18 16.6 11.12 
7.07 15.58 0 19.83 6.29 15.07 16.73 22.13 39.65 18.07 17.32 3.96 10.86 
8.98 4.83 14.94 0 8.22 31.89 3.96 2.28 31.42 18.14 17.39 19.5 14.08 
0.21 9.16 6.56 10.38 0 22.27 6.55 12.77 35.49 15.89 15.13 6.83 5.25 
19.26 25.64 13.28 29.92 18.41 0 27.65 32.13 50.56 27.91 27.16 10.63 12.62 
8.06 11.44 13.93 6.34 7.29 29.88 0 5.01 36.67 11.66 10.92 20.42 15.18 
12.47 7.05 19.31 3.15 11.72 35.86 8 0 32.19 19.04 18.31 22.81 17.48 
41.17 27.62 46.41 29.43 40.97 54.72 37.69 31.07 0 42.24 41.06 40.23 28.66 
13.99 25.25 17.51 21 13.24 33.9 10.97 19.03 45.47 0 2.34 24.55 24.17 
10.47 21.89 14.03 17.59 9.71 30.66 7.4 15.57 41.46 3.25 0 21.18 20.82 
5.46 11.53 5.05 18.47 4.93 15.82 16.91 20.79 36 23.07 22.34 0 5.43 
4.89 10.85 9.88 17.83 4.36 16.16 16.83 20.14 28.55 26.89 26.19 5.08 0 
Dimension>25
Bandera>13
Fitness Greedy Costo>200.01
Solucion Greedy Costo>4 0 12 11 2 5 0 6 7 3 1 0 13 0 10 9 0 8 0 0 0 0 0 0 0 
Linea Vacia>
Matriz de Costos>
0 10.72 5.99 13.77 1.76 21.73 10 16.12 34.99 19.2 18.45 6.27 5.08 
8.36 0 14.84 4.55 7.59 30.02 10.56 5.3 32.16 23.92 23.18 16.6 11.12 
7.07 15.58 0 19.83 6.29 15.07 16.73 22.13 39.65 18.07 17.32 3.96 10.86 
8.98 4.83 14.94 0 8.22 31.89 3.96 2.28 31.42 18.14 17.39 19.5 14.08 
0.21 9.16 6.56 10.38 0 22.27 6.55 12.77 35.49 15.89 15.13 6.83 5.25 
19.26 25.64 13.28 29.92 18.41 0 27.65 32.13 50.56 27.91 27.16 10.63 12.62 
8.06 11.44 13.93 6.34 7.29 29.88 0 5.01 36.67 11.66 10.92 20.42 15.18 
12.47 7.05 19.31 3.15 11.72 35.86 8 0 32.19 19.04 18.31 22.81 17.48 
41.17 27.62 46.41 29.43 40.97 54.72 37.69 31.07 0 42.24 41.06 40.23 28.66 
13.99 25.25 17.51 21 13.24 33.9 10.97 19.03 45.47 0 2.34 24.55 24.17 
Dimension>25
Bandera>13
Fitness Greedy Costo>200.01
Solucion Greedy Costo>4 0 12 11 2 5 0 6 7 3 1 0 13 0 10 9 0 8 0 0 0 0 0 0 0 
Linea Vacia>
Matriz de Costos>
0 10.72 5.99 13.77 1.76 21.73 10 16.12 34.99 19.2 18.45 6.27 5.08 
8.36 0 14.84 4.55 7.59 30.02 10.56 5.3 32.16 23.92 23.18 16.6 11.12 
7.07 15.58 0 19.83 6.29 15.07 16.73 22.13 39.65 18.07 17.32 3.96 10.86 
8.98 4.83 14.94 0 8.22 31.89 3.96 2.28 31.42 18.14 17.39 19.5 14.08 
0.21 9.16 6.56 10.38 0 22.27 6.55 12.77 35.49 15.89 15.13 6.83 5.25 
19.26 25.64 13.28 29.92 18.41 0 27.65 32.13 50.56 27.91 27.16 10.63 12.62 
8.06 11.44 13.93 6.34 7.29 29.88 0 5.01 36.67 11.66 10.92 20.42 15.18 
12.47 7.05 19.31 3.15 11.72 35.86 8 0 32.19 19.04 18.31 22.81 17.48 
41.17 27.62 46.41 29.43 40.97 54.72 37.69 31.07 0 42.24 41.06 40.23 28.66 
13.99 25.25 17.51 21 13.24 33.9 10.97 19.03 45.47 0 2.34 24.55 24.17 
Dimension>25
Bandera>13
Fitness Greedy Costo>200.01
Solucion Greedy Costo>4 0 12 11 2 5 0 6 7 3 1 0 13 0 10 9 0 8 0 0 0 0 0 0 0 
Linea Vacia>
Matriz de Costos>
0 10.72 5.99 13.77 1.76 21.73 10 16.12 34.99 19.2 18.45 6.27 5.08 
8.36 0 14.84 4.55 7.59 30.02 10.56 5.3 32.16 23.92 23.18 16.6 11.12 
7.07 15.58 0 19.83 6.29 15.07 16.73 22.13 39.65 18.07 17.32 3.96 10.86 
8.98 4.83 14.94 0 8.22 31.89 3.96 2.28 31.42 18.14 17.39 19.5 14.08 
0.21 9.16 6.56 10.38 0 22.27 6.55 12.77 35.49 15.89 15.13 6.83 5.25 
19.26 25.64 13.28 29.92 18.41 0 27.65 32.13 50.56 27.91 27.16 10.63 12.62 
8.06 11.44 13.93 6.34 7.29 29.88 0 5.01 36.67 11.66 10.92 20.42 15.18 
12.47 7.05 19.31 3.15 11.72 35.86 8 0 32.19 19.04 18.31 22.81 17.48 
41.17 27.62 46.41 29.43 40.97 54.72 37.69 31.07 0 42.24 41.06 40.23 28.66 
13.99 25.25 17.51 21 13.24 33.9 10.97 19.03 45.47 0 2.34 24.55 24.17 
10.47 21.89 14.03 17.59 9.71 30.66 7.4 15.57 41.46 3.25 0 21.18 20.82 
5.46 11.53 5.05 18.47 4.93 15.82 16.91 20.79 36 23.07 22.34 0 5.43 
4.89 10.85 9.88 17.83 4.36 16.16 16.83 20.14 28.55 26.89 26.19 5.08 0 
10.47 21.89 14.03 17.59 9.71 30.66 7.4 15.57 41.46 3.25 0 21.18 20.82 
5.46 11.53 5.05 18.47 4.93 15.82 16.91 20.79 36 23.07 22.34 0 5.43 
4.89 10.85 9.88 17.83 4.36 16.16 16.83 20.14 28.55 26.89 26.19 5.08 0 
10.47 21.89 14.03 17.59 9.71 30.66 7.4 15.57 41.46 3.25 0 21.18 20.82 
5.46 11.53 5.05 18.47 4.93 15.82 16.91 20.79 36 23.07 22.34 0 5.43 
4.89 10.85 9.88 17.83 4.36 16.16 16.83 20.14 28.55 26.89 26.19 5.08 0 
GEN 0 279.400000
TIEMPO 0 268.720000
GEN 0 267.310000
TIEMPO 0 251.240000
GEN 0 280.080000
TIEMPO 0 270.220000
GEN 0 260.960000
GEN 0 249.140000
GREEDY 0 0.001138
GEN 0 250.780000
TIEMPO 0 260.170000
TIEMPO 0 250.780000
TIEMPO 0 249.140000
GREEDY 0 0.000519
GREEDY 5 0.000967
GREEDY 10 0.001039
GREEDY 0 0.003354
GREEDY 0 0.002384
GREEDY 5 0.003746
GREEDY 0 0.004073
GREEDY 5 0.005065
GREEDY 10 0.007223
GREEDY 0 0.008907
GREEDY 5 0.008909
GREEDY 10 0.012133
GEN 0 264.910000
TIEMPO 0 264.910000
GEN 0 244.060000
TIEMPO 0 244.060000
GEN 0 257.840000
TIEMPO 0 257.840000
GEN 0 248.780000
GEN 0 280.700000
TIEMPO 0 280.350000
GEN 0 261.640000
TIEMPO 0 261.640000
GEN 0 263.770000
TIEMPO 0 254.890000
GEN 0 265.500000
TIEMPO 0 241.230000
GEN 0 257.850000
TIEMPO 0 257.260000
GEN 0 262.000000
TIEMPO 0 262.000000
GEN 0 266.600000
TIEMPO 0 266.600000
GEN 0 236.060000
TIEMPO 0 236.060000
GEN 0 269.380000
TIEMPO 0 269.380000
GEN 0 230.250000
TIEMPO 0 230.250000
GEN 0 252.230000
TIEMPO 0 252.230000
GEN 0 238.160000
TIEMPO 0 233.960000
GEN 0 246.630000
TIEMPO 0 245.490000
TIEMPO 0 248.780000
GREEDY 0 0.000533
GREEDY 0 0.000971
GREEDY 0 0.001919
GREEDY 0 0.001939
GREEDY 5 0.001978
GREEDY 0 0.002248
GREEDY 5 0.002397
GREEDY 0 0.002527
GREEDY 0 0.002471
GREEDY 15 0.015316
GEN 0 270.290000
TIEMPO 0 257.540000
GREEDY 0 0.003384
GREEDY 5 0.015659
GREEDY 10 0.015722
GREEDY 15 0.015805
GREEDY 0 0.003483
GREEDY 0 0.004022
GREEDY 10 0.004344
GREEDY 5 0.004317
GREEDY 5 0.004366
GREEDY 5 0.004562
GREEDY 0 0.004941
GREEDY 5 0.005008
GREEDY 15 0.017661
GREEDY 0 0.005867
GREEDY 0 0.006074
GREEDY 5 0.006172
GREEDY 10 0.006736
GREEDY 5 0.007063
GREEDY 5 0.007227
GREEDY 5 0.007230
GREEDY 0 0.004449
GREEDY 10 0.007358
GREEDY 10 0.007601
GREEDY 10 0.019217
GREEDY 0 0.008391
GREEDY 10 0.009308
GREEDY 5 0.009506
GREEDY 10 0.009669
GREEDY 0 0.009895
GREEDY 5 0.010299
GREEDY 5 0.010430
GREEDY 0 0.010611
GREEDY 15 0.022061
GREEDY 10 0.011020
GREEDY 5 0.011046
GREEDY 10 0.011216
GREEDY 5 0.022600
GREEDY 15 0.011518
GREEDY 20 0.011575
GREEDY 0 0.011756
GREEDY 15 0.012390
GREEDY 20 0.024655
GREEDY 10 0.012390
GREEDY 10 0.012442
GREEDY 10 0.012630
GREEDY 5 0.012782
GREEDY 5 0.010757
GREEDY 5 0.015136
GREEDY 15 0.015542
GREEDY 10 0.027791
GREEDY 15 0.017025
GREEDY 15 0.017176
GREEDY 5 0.017548
GREEDY 10 0.017742
GREEDY 15 0.031342
GREEDY 10 0.023901
GREEDY 10 0.024809
GREEDY 15 0.026166
GREEDY 15 0.030776
GREEDY 20 0.044108
GREEDY 15 0.033199
GREEDY 10 0.035424
GREEDY 15 0.035737
GREEDY 15 0.040262
GREEDY 10 0.042225
GREEDY 15 0.052413
GREEDY 10 0.056596
GREEDY 20 0.057406
GREEDY 20 0.058117
GREEDY 15 0.063779
GREEDY 10 0.079183
GREEDY 15 0.080115
GREEDY 20 0.090070
GREEDY 15 0.103472
GEN 2500 155.800000
GREEDY 15 0.107832
GEN 2500 168.870000
GREEDY 15 0.113097
GREEDY 20 0.116382
GREEDY 20 0.122357
GEN 2500 168.630000
GEN 2500 165.770000
GEN 2500 164.800000
GEN 2500 155.800000
GEN 2500 165.200000
GEN 2500 152.180000
GEN 2500 166.410000
GEN 2500 171.700000
GEN 2500 152.180000
GEN 2500 165.200000
GEN 2500 163.960000
GREEDY 20 0.210578
GEN 2500 163.490000
GEN 2500 152.180000
GEN 2500 156.370000
GEN 2500 170.750000
GEN 2500 163.490000
GEN 2500 163.960000
GEN 5000 155.800000
GEN 2500 168.740000
GEN 2500 156.200000
GEN 2500 152.180000
GEN 2500 154.090000
GEN 5000 155.800000
GEN 5000 165.770000
GEN 5000 166.540000
GEN 5000 168.870000
GEN 5000 152.180000
GEN 5000 165.200000
GEN 5000 166.410000
GEN 2500 173.460000
GEN 5000 171.700000
GEN 5000 164.800000
GEN 5000 165.200000
GEN 7500 155.800000
GEN 5000 163.960000
GEN 5000 152.180000
GEN 5000 152.180000
GEN 5000 156.200000
GEN 5000 163.490000
GEN 5000 165.110000
GEN 5000 154.090000
GEN 7500 166.540000
GEN 5000 170.750000
GEN 5000 152.180000
GEN 7500 155.800000
GEN 7500 165.770000
GEN 5000 163.960000
GEN 7500 168.870000
GEN 5000 163.490000
GEN 5000 156.200000
GEN 7500 152.180000
GEN 7500 165.200000
GEN 7500 166.410000
GEN 7500 171.700000
GEN 7500 164.180000
GEN 10000 155.800000
TIEMPO 0.479998 155.800000
GEN 7500 165.200000
GEN 7500 163.960000
GEN 7500 152.180000
GEN 7500 156.200000
GEN 7500 163.490000
GEN 7500 165.110000
GEN 10000 166.540000
TIEMPO 0.540591 166.540000
GEN 7500 152.180000
GEN 10000 168.870000
TIEMPO 0.560179 168.870000
GEN 7500 152.180000
GEN 7500 154.090000
GEN 7500 170.750000
GEN 7500 163.960000
GEN 10000 155.800000
TIEMPO 0.575435 155.800000
GEN 10000 165.770000
TIEMPO 0.588676 165.770000
GEN 7500 156.200000
GEN 7500 163.490000
GEN 10000 164.180000
TIEMPO 0.590498 164.180000
GEN 10000 152.180000
TIEMPO 0.593744 152.180000
GEN 10000 166.410000
TIEMPO 0.608349 166.410000
GEN 10000 165.200000
TIEMPO 0.620932 165.200000
GEN 10000 171.700000
TIEMPO 0.620782 171.700000
GEN 10000 163.960000
TIEMPO 0.628257 163.960000
GEN 10000 165.200000
TIEMPO 0.635085 165.200000
GEN 10000 152.180000
TIEMPO 0.649248 152.180000
GEN 10000 156.200000
TIEMPO 0.665105 156.200000
GEN 10000 163.490000
TIEMPO 0.671781 163.490000
GEN 10000 165.110000
TIEMPO 0.671580 165.110000
GEN 10000 152.180000
TIEMPO 0.690897 152.180000
GEN 5000 173.460000
GEN 10000 152.180000
TIEMPO 0.718647 152.180000
GEN 10000 156.200000
TIEMPO 0.722369 156.200000
GEN 10000 163.960000
TIEMPO 0.725355 163.960000
GEN 10000 170.750000
TIEMPO 0.725540 170.750000
GEN 10000 154.090000
TIEMPO 0.727671 154.090000
GEN 10000 163.490000
TIEMPO 0.754367 163.490000
TIEMPO 1 173.460000
GEN 7500 173.460000
GEN 10000 173.460000
TIEMPO 1.518763 173.460000

 Current State ---------------------------------------------
Solution:  12 8 0 13 1 3 7 0 4 6 9 10 0 2 11 5 0 0 0 0 0 0 0 0 0 Fitness: 152.18

 :( ---------------------- THE END --------------- :) 
