Dimension>25
Bandera>13
Fitness Greedy Costo>200.01
Solucion Greedy Costo>4 0 12 11 2 5 0 6 7 3 1 0 13 0 10 9 0 8 0 0 0 0 0 0 0 
Linea Vacia>
Matriz de Costos>
0 10.72 5.99 13.77 1.76 21.73 10 16.12 34.99 19.2 18.45 6.27 5.08 
8.36 0 14.84 4.55 7.59 30.02 10.56 5.3 32.16 23.92 23.18 16.6 11.12 
7.07 15.58 0 19.83 6.29 15.07 16.73 22.13 39.65 18.07 17.32 3.96 10.86 
8.98 4.83 14.94 0 8.22 31.89 3.96 2.28 31.42 18.14 17.39 19.5 14.08 
0.21 9.16 6.56 10.38 0 22.27 6.55 12.77 35.49 15.89 15.13 6.83 5.25 
19.26 25.64 13.28 29.92 18.41 0 27.65 32.13 50.56 27.91 27.16 10.63 12.62 
8.06 11.44 13.93 6.34 7.29 29.88 0 5.01 36.67 11.66 10.92 20.42 15.18 
12.47 7.05 19.31 3.15 11.72 35.86 8 0 32.19 19.04 18.31 22.81 17.48 
41.17 27.62 46.41 29.43 40.97 54.72 37.69 31.07 0 42.24 41.06 40.23 28.66 
13.99 25.25 17.51 21 13.24 33.9 10.97 19.03 45.47 0 2.34 24.55 24.17 
10.47 21.89 14.03 17.59 9.71 30.66 7.4 15.57 41.46 3.25 0 21.18 20.82 
5.46 11.53 5.05 18.47 4.93 15.82 16.91 20.79 36 23.07 22.34 0 5.43 
4.89 10.85 9.88 17.83 4.36 16.16 16.83 20.14 28.55 26.89 26.19 5.08 0 
Dimension>25
Bandera>13
Fitness Greedy Costo>200.01
Solucion Greedy Costo>4 0 12 11 2 5 0 6 7 3 1 0 13 0 10 9 0 8 0 0 0 0 0 0 0 
Linea Vacia>
Matriz de Costos>
0 10.72 5.99 13.77 1.76 21.73 10 16.12 34.99 19.2 18.45 6.27 5.08 
8.36 0 14.84 4.55 7.59 30.02 10.56 5.3 32.16 23.92 23.18 16.6 11.12 
7.07 15.58 0 19.83 6.29 15.07 16.73 22.13 39.65 18.07 17.32 3.96 10.86 
8.98 4.83 14.94 0 8.22 31.89 3.96 2.28 31.42 18.14 17.39 19.5 14.08 
0.21 9.16 6.56 10.38 0 22.27 6.55 12.77 35.49 15.89 15.13 6.83 5.25 
19.26 25.64 13.28 29.92 18.41 0 27.65 32.13 50.56 27.91 27.16 10.63 12.62 
8.06 11.44 13.93 6.34 7.29 29.88 0 5.01 36.67 11.66 10.92 20.42 15.18 
12.47 7.05 19.31 3.15 11.72 35.86 8 0 32.19 19.04 18.31 22.81 17.48 
41.17 27.62 46.41 29.43 40.97 54.72 37.69 31.07 0 42.24 41.06 40.23 28.66 
13.99 25.25 17.51 21 13.24 33.9 10.97 19.03 45.47 0 2.34 24.55 24.17 
10.47 21.89 14.03 17.59 9.71 30.66 7.4 15.57 41.46 3.25 0 21.18 20.82 
5.46 11.53 5.05 18.47 4.93 15.82 16.91 20.79 36 23.07 22.34 0 5.43 
4.89 10.85 9.88 17.83 4.36 16.16 16.83 20.14 28.55 26.89 26.19 5.08 0 
Dimension>25
Bandera>13
Fitness Greedy Costo>200.01
Solucion Greedy Costo>4 0 12 11 2 5 0 6 7 3 1 0 13 0 10 9 0 8 0 0 0 0 0 0 0 
Linea Vacia>
Matriz de Costos>
0 10.72 5.99 13.77 1.76 21.73 10 16.12 34.99 19.2 18.45 6.27 5.08 
8.36 0 14.84 4.55 7.59 30.02 10.56 5.3 32.16 23.92 23.18 16.6 11.12 
7.07 15.58 0 19.83 6.29 15.07 16.73 22.13 39.65 18.07 17.32 3.96 10.86 
8.98 4.83 14.94 0 8.22 31.89 3.96 2.28 31.42 18.14 17.39 19.5 14.08 
0.21 9.16 6.56 10.38 0 22.27 6.55 12.77 35.49 15.89 15.13 6.83 5.25 
19.26 25.64 13.28 29.92 18.41 0 27.65 32.13 50.56 27.91 27.16 10.63 12.62 
8.06 11.44 13.93 6.34 7.29 29.88 0 5.01 36.67 11.66 10.92 20.42 15.18 
12.47 7.05 19.31 3.15 11.72 35.86 8 0 32.19 19.04 18.31 22.81 17.48 
41.17 27.62 46.41 29.43 40.97 54.72 37.69 31.07 0 42.24 41.06 40.23 28.66 
13.99 25.25 17.51 21 13.24 33.9 10.97 19.03 45.47 0 2.34 24.55 24.17 
10.47 21.89 14.03 17.59 9.71 30.66 7.4 15.57 41.46 3.25 0 21.18 20.82 
5.46 11.53 5.05 18.47 4.93 15.82 16.91 20.79 36 23.07 22.34 0 5.43 
4.89 10.85 9.88 17.83 4.36 16.16 16.83 20.14 28.55 26.89 26.19 5.08 0 
Dimension>25
Bandera>13
Fitness Greedy Costo>200.01
Solucion Greedy Costo>4 0 12 11 2 5 0 6 7 3 1 0 13 0 10 9 0 8 0 0 0 0 0 0 0 
Linea Vacia>
Matriz de Costos>
0 10.72 5.99 13.77 1.76 21.73 10 16.12 34.99 19.2 18.45 6.27 5.08 
8.36 0 14.84 4.55 7.59 30.02 10.56 5.3 32.16 23.92 23.18 16.6 11.12 
7.07 15.58 0 19.83 6.29 15.07 16.73 22.13 39.65 18.07 17.32 3.96 10.86 
8.98 4.83 14.94 0 8.22 31.89 3.96 2.28 31.42 18.14 17.39 19.5 14.08 
0.21 9.16 6.56 10.38 0 22.27 6.55 12.77 35.49 15.89 15.13 6.83 5.25 
19.26 25.64 13.28 29.92 18.41 0 27.65 32.13 50.56 27.91 27.16 10.63 12.62 
8.06 11.44 13.93 6.34 7.29 29.88 0 5.01 36.67 11.66 10.92 20.42 15.18 
12.47 7.05 19.31 3.15 11.72 35.86 8 0 32.19 19.04 18.31 22.81 17.48 
41.17 27.62 46.41 29.43 40.97 54.72 37.69 31.07 0 42.24 41.06 40.23 28.66 
13.99 25.25 17.51 21 13.24 33.9 10.97 19.03 45.47 0 2.34 24.55 24.17 
10.47 21.89 14.03 17.59 9.71 30.66 7.4 15.57 41.46 3.25 0 21.18 20.82 
5.46 11.53 5.05 18.47 4.93 15.82 16.91 20.79 36 23.07 22.34 0 5.43 
4.89 10.85 9.88 17.83 4.36 16.16 16.83 20.14 28.55 26.89 26.19 5.08 0 
Dimension>25
Bandera>13
Fitness Greedy Costo>200.01
Solucion Greedy Costo>4 0 12 11 2 5 0 6 7 3 1 0 13 0 10 9 0 8 0 0 0 0 0 0 0 
Linea Vacia>
Matriz de Costos>
0 10.72 5.99 13.77 1.76 21.73 10 16.12 34.99 19.2 18.45 6.27 5.08 
8.36 0 14.84 4.55 7.59 30.02 10.56 5.3 32.16 23.92 23.18 16.6 11.12 
7.07 15.58 0 19.83 6.29 15.07 16.73 22.13 39.65 18.07 17.32 3.96 10.86 
8.98 4.83 14.94 0 8.22 31.89 3.96 2.28 31.42 18.14 17.39 19.5 14.08 
0.21 9.16 6.56 10.38 0 22.27 6.55 12.77 35.49 15.89 15.13 6.83 5.25 
19.26 25.64 13.28 29.92 18.41 0 27.65 32.13 50.56 27.91 27.16 10.63 12.62 
8.06 11.44 13.93 6.34 7.29 29.88 0 5.01 36.67 11.66 10.92 20.42 15.18 
12.47 7.05 19.31 3.15 11.72 35.86 8 0 32.19 19.04 18.31 22.81 17.48 
41.17 27.62 46.41 29.43 40.97 54.72 37.69 31.07 0 42.24 41.06 40.23 28.66 
13.99 25.25 17.51 21 13.24 33.9 10.97 19.03 45.47 0 2.34 24.55 24.17 
10.47 21.89 14.03 17.59 9.71 30.66 7.4 15.57 41.46 3.25 0 21.18 20.82 
5.46 11.53 5.05 18.47 4.93 15.82 16.91 20.79 36 23.07 22.34 0 5.43 
4.89 10.85 9.88 17.83 4.36 16.16 16.83 20.14 28.55 26.89 26.19 5.08 0 
Dimension>25
Bandera>13
Fitness Greedy Costo>200.01
Solucion Greedy Costo>4 0 12 11 2 5 0 6 7 3 1 0 13 0 10 9 0 8 0 0 0 0 0 0 0 
Linea Vacia>
Matriz de Costos>
0 10.72 5.99 13.77 1.76 21.73 10 16.12 34.99 19.2 18.45 6.27 5.08 
8.36 0 14.84 4.55 7.59 30.02 10.56 5.3 32.16 23.92 23.18 16.6 11.12 
7.07 15.58 0 19.83 6.29 15.07 16.73 22.13 39.65 18.07 17.32 3.96 10.86 
8.98 4.83 14.94 0 8.22 31.89 3.96 2.28 31.42 18.14 17.39 19.5 14.08 
0.21 9.16 6.56 10.38 0 22.27 6.55 12.77 35.49 15.89 15.13 6.83 5.25 
19.26 25.64 13.28 29.92 18.41 0 27.65 32.13 50.56 27.91 27.16 10.63 12.62 
8.06 11.44 13.93 6.34 7.29 29.88 0 5.01 36.67 11.66 10.92 20.42 15.18 
12.47 7.05 19.31 3.15 11.72 35.86 8 0 32.19 19.04 18.31 22.81 17.48 
41.17 27.62 46.41 29.43 40.97 54.72 37.69 31.07 0 42.24 41.06 40.23 28.66 
13.99 25.25 17.51 21 13.24 33.9 10.97 19.03 45.47 0 2.34 24.55 24.17 
10.47 21.89 14.03 17.59 9.71 30.66 7.4 15.57 41.46 3.25 0 21.18 20.82 
5.46 11.53 5.05 18.47 4.93 15.82 16.91 20.79 36 23.07 22.34 0 5.43 
4.89 10.85 9.88 17.83 4.36 16.16 16.83 20.14 28.55 26.89 26.19 5.08 0 
Dimension>25
Bandera>13
Fitness Greedy Costo>200.01
Solucion Greedy Costo>4 0 12 11 2 5 0 6 7 3 1 0 13 0 10 9 0 8 0 0 0 0 0 0 0 
Linea Vacia>
Dimension>25
Matriz de Costos>
0 10.72 5.99 13.77 1.76 21.73 10 16.12 34.99 19.2 18.45 6.27 5.08 
8.36 0 14.84 4.55 7.59 30.02 10.56 5.3 32.16 23.92 23.18 16.6 11.12 
7.07 15.58 0 19.83 6.29 15.07 16.73 22.13 39.65 18.07 17.32 3.96 10.86 
Bandera>13
Fitness Greedy Costo>200.01
8.98 4.83 14.94 0 8.22 31.89 3.96 2.28 31.42 18.14 17.39 19.5 14.08 
Solucion Greedy Costo>4 0 12 11 2 5 0 6 7 3 1 0 13 0 10 9 0 8 0 0 0 0 0 0 0 
Linea Vacia>
0.21 9.16 6.56 10.38 0 22.27 6.55 12.77 35.49 15.89 15.13 6.83 5.25 
19.26 25.64 13.28 29.92 18.41 0 27.65 32.13 50.56 27.91 27.16 10.63 12.62 
8.06 11.44 13.93 6.34 7.29 29.88 0 5.01 36.67 11.66 10.92 20.42 15.18 
Dimension>25
12.47 7.05 19.31 3.15 11.72 35.86 8 0 32.19 19.04 18.31 22.81 17.48 
41.17 27.62 46.41 29.43 40.97 54.72 37.69 31.07 0 42.24 41.06 40.23 28.66 
13.99 25.25 17.51 21 13.24 33.9 10.97 19.03 45.47 0 2.34 24.55 24.17 
Matriz de Costos>
Bandera>13
Fitness Greedy Costo>200.01
10.47 21.89 14.03 17.59 9.71 30.66 7.4 15.57 41.46 3.25 0 21.18 20.82 
5.46 11.53 5.05 18.47 4.93 15.82 16.91 20.79 36 23.07 22.34 0 5.43 
0 10.72 5.99 13.77 1.76 21.73 10 16.12 34.99 19.2 18.45 6.27 5.08 
8.36 0 14.84 4.55 7.59 30.02 10.56 5.3 32.16 23.92 23.18 16.6 11.12 
Solucion Greedy Costo>4 0 12 11 2 5 0 6 7 3 1 0 13 0 10 9 0 8 0 0 0 0 0 0 0 
Linea Vacia>
4.89 10.85 9.88 17.83 4.36 16.16 16.83 20.14 28.55 26.89 26.19 5.08 0 
7.07 15.58 0 19.83 6.29 15.07 16.73 22.13 39.65 18.07 17.32 3.96 10.86 
8.98 4.83 14.94 0 8.22 31.89 3.96 2.28 31.42 18.14 17.39 19.5 14.08 
0.21 9.16 6.56 10.38 0 22.27 6.55 12.77 35.49 15.89 15.13 6.83 5.25 
19.26 25.64 13.28 29.92 18.41 0 27.65 32.13 50.56 27.91 27.16 10.63 12.62 
8.06 11.44 13.93 6.34 7.29 29.88 0 5.01 36.67 11.66 10.92 20.42 15.18 
12.47 7.05 19.31 3.15 11.72 35.86 8 0 32.19 19.04 18.31 22.81 17.48 
Matriz de Costos>
0 10.72 5.99 13.77 1.76 21.73 10 16.12 34.99 19.2 18.45 6.27 5.08 
41.17 27.62 46.41 29.43 40.97 54.72 37.69 31.07 0 42.24 41.06 40.23 28.66 
13.99 25.25 17.51 21 13.24 33.9 10.97 19.03 45.47 0 2.34 24.55 24.17 
8.36 0 14.84 4.55 7.59 30.02 10.56 5.3 32.16 23.92 23.18 16.6 11.12 
10.47 21.89 14.03 17.59 9.71 30.66 7.4 15.57 41.46 3.25 0 21.18 20.82 
5.46 11.53 5.05 18.47 4.93 15.82 16.91 20.79 36 23.07 22.34 0 5.43 
7.07 15.58 0 19.83 6.29 15.07 16.73 22.13 39.65 18.07 17.32 3.96 10.86 
8.98 4.83 14.94 0 8.22 31.89 3.96 2.28 31.42 18.14 17.39 19.5 14.08 
4.89 10.85 9.88 17.83 4.36 16.16 16.83 20.14 28.55 26.89 26.19 5.08 0 
0.21 9.16 6.56 10.38 0 22.27 6.55 12.77 35.49 15.89 15.13 6.83 5.25 
19.26 25.64 13.28 29.92 18.41 0 27.65 32.13 50.56 27.91 27.16 10.63 12.62 
8.06 11.44 13.93 6.34 7.29 29.88 0 5.01 36.67 11.66 10.92 20.42 15.18 
12.47 7.05 19.31 3.15 11.72 35.86 8 0 32.19 19.04 18.31 22.81 17.48 
41.17 27.62 46.41 29.43 40.97 54.72 37.69 31.07 0 42.24 41.06 40.23 28.66 
13.99 25.25 17.51 21 13.24 33.9 10.97 19.03 45.47 0 2.34 24.55 24.17 
10.47 21.89 14.03 17.59 9.71 30.66 7.4 15.57 41.46 3.25 0 21.18 20.82 
5.46 11.53 5.05 18.47 4.93 15.82 16.91 20.79 36 23.07 22.34 0 5.43 
4.89 10.85 9.88 17.83 4.36 16.16 16.83 20.14 28.55 26.89 26.19 5.08 0 
Dimension>25
Bandera>13
Fitness Greedy Costo>200.01
Solucion Greedy Costo>4 0 12 11 2 5 0 6 7 3 1 0 13 0 10 9 0 8 0 0 0 0 0 0 0 
Linea Vacia>
Matriz de Costos>
0 10.72 5.99 13.77 1.76 21.73 10 16.12 34.99 19.2 18.45 6.27 5.08 
8.36 0 14.84 4.55 7.59 30.02 10.56 5.3 32.16 23.92 23.18 16.6 11.12 
Dimension>25
Bandera>13
Fitness Greedy Costo>200.01
7.07 15.58 0 19.83 6.29 15.07 16.73 22.13 39.65 18.07 17.32 3.96 10.86 
8.98 4.83 14.94 0 8.22 31.89 3.96 2.28 31.42 18.14 17.39 19.5 14.08 
Solucion Greedy Costo>4 0 12 11 2 5 0 6 7 3 1 0 13 0 10 9 0 8 0 0 0 0 0 0 0 
Linea Vacia>
0.21 9.16 6.56 10.38 0 22.27 6.55 12.77 35.49 15.89 15.13 6.83 5.25 
19.26 25.64 13.28 29.92 18.41 0 27.65 32.13 50.56 27.91 27.16 10.63 12.62 
8.06 11.44 13.93 6.34 7.29 29.88 0 5.01 36.67 11.66 10.92 20.42 15.18 
12.47 7.05 19.31 3.15 11.72 35.86 8 0 32.19 19.04 18.31 22.81 17.48 
41.17 27.62 46.41 29.43 40.97 54.72 37.69 31.07 0 42.24 41.06 40.23 28.66 
Dimension>25
Bandera>13
Fitness Greedy Costo>200.01
13.99 25.25 17.51 21 13.24 33.9 10.97 19.03 45.47 0 2.34 24.55 24.17 
10.47 21.89 14.03 17.59 9.71 30.66 7.4 15.57 41.46 3.25 0 21.18 20.82 
Matriz de Costos>
0 10.72 5.99 13.77 1.76 21.73 10 16.12 34.99 19.2 18.45 6.27 5.08 
5.46 11.53 5.05 18.47 4.93 15.82 16.91 20.79 36 23.07 22.34 0 5.43 
4.89 10.85 9.88 17.83 4.36 16.16 16.83 20.14 28.55 26.89 26.19 5.08 0 
Solucion Greedy Costo>4 0 12 11 2 5 0 6 7 3 1 0 13 0 10 9 0 8 0 0 0 0 0 0 0 
Linea Vacia>
8.36 0 14.84 4.55 7.59 30.02 10.56 5.3 32.16 23.92 23.18 16.6 11.12 
7.07 15.58 0 19.83 6.29 15.07 16.73 22.13 39.65 18.07 17.32 3.96 10.86 
8.98 4.83 14.94 0 8.22 31.89 3.96 2.28 31.42 18.14 17.39 19.5 14.08 
0.21 9.16 6.56 10.38 0 22.27 6.55 12.77 35.49 15.89 15.13 6.83 5.25 
19.26 25.64 13.28 29.92 18.41 0 27.65 32.13 50.56 27.91 27.16 10.63 12.62 
8.06 11.44 13.93 6.34 7.29 29.88 0 5.01 36.67 11.66 10.92 20.42 15.18 
Matriz de Costos>
0 10.72 5.99 13.77 1.76 21.73 10 16.12 34.99 19.2 18.45 6.27 5.08 
12.47 7.05 19.31 3.15 11.72 35.86 8 0 32.19 19.04 18.31 22.81 17.48 
41.17 27.62 46.41 29.43 40.97 54.72 37.69 31.07 0 42.24 41.06 40.23 28.66 
8.36 0 14.84 4.55 7.59 30.02 10.56 5.3 32.16 23.92 23.18 16.6 11.12 
7.07 15.58 0 19.83 6.29 15.07 16.73 22.13 39.65 18.07 17.32 3.96 10.86 
13.99 25.25 17.51 21 13.24 33.9 10.97 19.03 45.47 0 2.34 24.55 24.17 
10.47 21.89 14.03 17.59 9.71 30.66 7.4 15.57 41.46 3.25 0 21.18 20.82 
8.98 4.83 14.94 0 8.22 31.89 3.96 2.28 31.42 18.14 17.39 19.5 14.08 
0.21 9.16 6.56 10.38 0 22.27 6.55 12.77 35.49 15.89 15.13 6.83 5.25 
5.46 11.53 5.05 18.47 4.93 15.82 16.91 20.79 36 23.07 22.34 0 5.43 
4.89 10.85 9.88 17.83 4.36 16.16 16.83 20.14 28.55 26.89 26.19 5.08 0 
19.26 25.64 13.28 29.92 18.41 0 27.65 32.13 50.56 27.91 27.16 10.63 12.62 
8.06 11.44 13.93 6.34 7.29 29.88 0 5.01 36.67 11.66 10.92 20.42 15.18 
12.47 7.05 19.31 3.15 11.72 35.86 8 0 32.19 19.04 18.31 22.81 17.48 
41.17 27.62 46.41 29.43 40.97 54.72 37.69 31.07 0 42.24 41.06 40.23 28.66 
13.99 25.25 17.51 21 13.24 33.9 10.97 19.03 45.47 0 2.34 24.55 24.17 
10.47 21.89 14.03 17.59 9.71 30.66 7.4 15.57 41.46 3.25 0 21.18 20.82 
5.46 11.53 5.05 18.47 4.93 15.82 16.91 20.79 36 23.07 22.34 0 5.43 
4.89 10.85 9.88 17.83 4.36 16.16 16.83 20.14 28.55 26.89 26.19 5.08 0 
Dimension>25
Bandera>13
Fitness Greedy Costo>200.01
Solucion Greedy Costo>4 0 12 11 2 5 0 6 7 3 1 0 13 0 10 9 0 8 0 0 0 0 0 0 0 
Linea Vacia>
Dimension>25
Matriz de Costos>
0 10.72 5.99 13.77 1.76 21.73 10 16.12 34.99 19.2 18.45 6.27 5.08 
8.36 0 14.84 4.55 7.59 30.02 10.56 5.3 32.16 23.92 23.18 16.6 11.12 
7.07 15.58 0 19.83 6.29 15.07 16.73 22.13 39.65 18.07 17.32 3.96 10.86 
Bandera>13
Fitness Greedy Costo>200.01
Solucion Greedy Costo>4 0 12 11 2 5 0 6 7 3 1 0 13 0 10 9 0 8 0 0 0 0 0 0 0 
Linea Vacia>
8.98 4.83 14.94 0 8.22 31.89 3.96 2.28 31.42 18.14 17.39 19.5 14.08 
0.21 9.16 6.56 10.38 0 22.27 6.55 12.77 35.49 15.89 15.13 6.83 5.25 
19.26 25.64 13.28 29.92 18.41 0 27.65 32.13 50.56 27.91 27.16 10.63 12.62 
8.06 11.44 13.93 6.34 7.29 29.88 0 5.01 36.67 11.66 10.92 20.42 15.18 
Dimension>25
12.47 7.05 19.31 3.15 11.72 35.86 8 0 32.19 19.04 18.31 22.81 17.48 
41.17 27.62 46.41 29.43 40.97 54.72 37.69 31.07 0 42.24 41.06 40.23 28.66 
13.99 25.25 17.51 21 13.24 33.9 10.97 19.03 45.47 0 2.34 24.55 24.17 
Bandera>13
Fitness Greedy Costo>200.01
Solucion Greedy Costo>4 0 12 11 2 5 0 6 7 3 1 0 13 0 10 9 0 8 0 0 0 0 0 0 0 
Matriz de Costos>
0 10.72 5.99 13.77 1.76 21.73 10 16.12 34.99 19.2 18.45 6.27 5.08 
10.47 21.89 14.03 17.59 9.71 30.66 7.4 15.57 41.46 3.25 0 21.18 20.82 
5.46 11.53 5.05 18.47 4.93 15.82 16.91 20.79 36 23.07 22.34 0 5.43 
Linea Vacia>
8.36 0 14.84 4.55 7.59 30.02 10.56 5.3 32.16 23.92 23.18 16.6 11.12 
4.89 10.85 9.88 17.83 4.36 16.16 16.83 20.14 28.55 26.89 26.19 5.08 0 
7.07 15.58 0 19.83 6.29 15.07 16.73 22.13 39.65 18.07 17.32 3.96 10.86 
8.98 4.83 14.94 0 8.22 31.89 3.96 2.28 31.42 18.14 17.39 19.5 14.08 
0.21 9.16 6.56 10.38 0 22.27 6.55 12.77 35.49 15.89 15.13 6.83 5.25 
19.26 25.64 13.28 29.92 18.41 0 27.65 32.13 50.56 27.91 27.16 10.63 12.62 
Matriz de Costos>
0 10.72 5.99 13.77 1.76 21.73 10 16.12 34.99 19.2 18.45 6.27 5.08 
8.06 11.44 13.93 6.34 7.29 29.88 0 5.01 36.67 11.66 10.92 20.42 15.18 
12.47 7.05 19.31 3.15 11.72 35.86 8 0 32.19 19.04 18.31 22.81 17.48 
8.36 0 14.84 4.55 7.59 30.02 10.56 5.3 32.16 23.92 23.18 16.6 11.12 
41.17 27.62 46.41 29.43 40.97 54.72 37.69 31.07 0 42.24 41.06 40.23 28.66 
7.07 15.58 0 19.83 6.29 15.07 16.73 22.13 39.65 18.07 17.32 3.96 10.86 
8.98 4.83 14.94 0 8.22 31.89 3.96 2.28 31.42 18.14 17.39 19.5 14.08 
13.99 25.25 17.51 21 13.24 33.9 10.97 19.03 45.47 0 2.34 24.55 24.17 
10.47 21.89 14.03 17.59 9.71 30.66 7.4 15.57 41.46 3.25 0 21.18 20.82 
0.21 9.16 6.56 10.38 0 22.27 6.55 12.77 35.49 15.89 15.13 6.83 5.25 
5.46 11.53 5.05 18.47 4.93 15.82 16.91 20.79 36 23.07 22.34 0 5.43 
19.26 25.64 13.28 29.92 18.41 0 27.65 32.13 50.56 27.91 27.16 10.63 12.62 
8.06 11.44 13.93 6.34 7.29 29.88 0 5.01 36.67 11.66 10.92 20.42 15.18 
4.89 10.85 9.88 17.83 4.36 16.16 16.83 20.14 28.55 26.89 26.19 5.08 0 
12.47 7.05 19.31 3.15 11.72 35.86 8 0 32.19 19.04 18.31 22.81 17.48 
41.17 27.62 46.41 29.43 40.97 54.72 37.69 31.07 0 42.24 41.06 40.23 28.66 
13.99 25.25 17.51 21 13.24 33.9 10.97 19.03 45.47 0 2.34 24.55 24.17 
10.47 21.89 14.03 17.59 9.71 30.66 7.4 15.57 41.46 3.25 0 21.18 20.82 
5.46 11.53 5.05 18.47 4.93 15.82 16.91 20.79 36 23.07 22.34 0 5.43 
4.89 10.85 9.88 17.83 4.36 16.16 16.83 20.14 28.55 26.89 26.19 5.08 0 
Dimension>25
Bandera>13
Fitness Greedy Costo>200.01
Solucion Greedy Costo>4 0 12 11 2 5 0 6 7 3 1 0 13 0 10 9 0 8 0 0 0 0 0 0 0 
Linea Vacia>
Dimension>25
Matriz de Costos>
0 10.72 5.99 13.77 1.76 21.73 10 16.12 34.99 19.2 18.45 6.27 5.08 
8.36 0 14.84 4.55 7.59 30.02 10.56 5.3 32.16 23.92 23.18 16.6 11.12 
Bandera>13
Fitness Greedy Costo>200.01
Solucion Greedy Costo>4 0 12 11 2 5 0 6 7 3 1 0 13 0 10 9 0 8 0 0 0 0 0 0 0 
7.07 15.58 0 19.83 6.29 15.07 16.73 22.13 39.65 18.07 17.32 3.96 10.86 
8.98 4.83 14.94 0 8.22 31.89 3.96 2.28 31.42 18.14 17.39 19.5 14.08 
Linea Vacia>
0.21 9.16 6.56 10.38 0 22.27 6.55 12.77 35.49 15.89 15.13 6.83 5.25 
19.26 25.64 13.28 29.92 18.41 0 27.65 32.13 50.56 27.91 27.16 10.63 12.62 
8.06 11.44 13.93 6.34 7.29 29.88 0 5.01 36.67 11.66 10.92 20.42 15.18 
Dimension>25
12.47 7.05 19.31 3.15 11.72 35.86 8 0 32.19 19.04 18.31 22.81 17.48 
Matriz de Costos>
41.17 27.62 46.41 29.43 40.97 54.72 37.69 31.07 0 42.24 41.06 40.23 28.66 
13.99 25.25 17.51 21 13.24 33.9 10.97 19.03 45.47 0 2.34 24.55 24.17 
Bandera>13
Fitness Greedy Costo>200.01
0 10.72 5.99 13.77 1.76 21.73 10 16.12 34.99 19.2 18.45 6.27 5.08 
8.36 0 14.84 4.55 7.59 30.02 10.56 5.3 32.16 23.92 23.18 16.6 11.12 
10.47 21.89 14.03 17.59 9.71 30.66 7.4 15.57 41.46 3.25 0 21.18 20.82 
5.46 11.53 5.05 18.47 4.93 15.82 16.91 20.79 36 23.07 22.34 0 5.43 
Solucion Greedy Costo>4 0 12 11 2 5 0 6 7 3 1 0 13 0 10 9 0 8 0 0 0 0 0 0 0 
Linea Vacia>
7.07 15.58 0 19.83 6.29 15.07 16.73 22.13 39.65 18.07 17.32 3.96 10.86 
8.98 4.83 14.94 0 8.22 31.89 3.96 2.28 31.42 18.14 17.39 19.5 14.08 
4.89 10.85 9.88 17.83 4.36 16.16 16.83 20.14 28.55 26.89 26.19 5.08 0 
0.21 9.16 6.56 10.38 0 22.27 6.55 12.77 35.49 15.89 15.13 6.83 5.25 
19.26 25.64 13.28 29.92 18.41 0 27.65 32.13 50.56 27.91 27.16 10.63 12.62 
8.06 11.44 13.93 6.34 7.29 29.88 0 5.01 36.67 11.66 10.92 20.42 15.18 
Matriz de Costos>
0 10.72 5.99 13.77 1.76 21.73 10 16.12 34.99 19.2 18.45 6.27 5.08 
8.36 0 14.84 4.55 7.59 30.02 10.56 5.3 32.16 23.92 23.18 16.6 11.12 
12.47 7.05 19.31 3.15 11.72 35.86 8 0 32.19 19.04 18.31 22.81 17.48 
41.17 27.62 46.41 29.43 40.97 54.72 37.69 31.07 0 42.24 41.06 40.23 28.66 
13.99 25.25 17.51 21 13.24 33.9 10.97 19.03 45.47 0 2.34 24.55 24.17 
7.07 15.58 0 19.83 6.29 15.07 16.73 22.13 39.65 18.07 17.32 3.96 10.86 
8.98 4.83 14.94 0 8.22 31.89 3.96 2.28 31.42 18.14 17.39 19.5 14.08 
10.47 21.89 14.03 17.59 9.71 30.66 7.4 15.57 41.46 3.25 0 21.18 20.82 
0.21 9.16 6.56 10.38 0 22.27 6.55 12.77 35.49 15.89 15.13 6.83 5.25 
19.26 25.64 13.28 29.92 18.41 0 27.65 32.13 50.56 27.91 27.16 10.63 12.62 
5.46 11.53 5.05 18.47 4.93 15.82 16.91 20.79 36 23.07 22.34 0 5.43 
4.89 10.85 9.88 17.83 4.36 16.16 16.83 20.14 28.55 26.89 26.19 5.08 0 
8.06 11.44 13.93 6.34 7.29 29.88 0 5.01 36.67 11.66 10.92 20.42 15.18 
12.47 7.05 19.31 3.15 11.72 35.86 8 0 32.19 19.04 18.31 22.81 17.48 
41.17 27.62 46.41 29.43 40.97 54.72 37.69 31.07 0 42.24 41.06 40.23 28.66 
13.99 25.25 17.51 21 13.24 33.9 10.97 19.03 45.47 0 2.34 24.55 24.17 
10.47 21.89 14.03 17.59 9.71 30.66 7.4 15.57 41.46 3.25 0 21.18 20.82 
5.46 11.53 5.05 18.47 4.93 15.82 16.91 20.79 36 23.07 22.34 0 5.43 
4.89 10.85 9.88 17.83 4.36 16.16 16.83 20.14 28.55 26.89 26.19 5.08 0 
Dimension>25
Bandera>13
Fitness Greedy Costo>200.01
Solucion Greedy Costo>4 0 12 11 2 5 0 6 7 3 1 0 13 0 10 9 0 8 0 0 0 0 0 0 0 
Linea Vacia>
Matriz de Costos>
0 10.72 5.99 13.77 1.76 21.73 10 16.12 34.99 19.2 18.45 6.27 5.08 
8.36 0 14.84 4.55 7.59 30.02 10.56 5.3 32.16 23.92 23.18 16.6 11.12 
7.07 15.58 0 19.83 6.29 15.07 16.73 22.13 39.65 18.07 17.32 3.96 10.86 
Dimension>25
Bandera>13
Fitness Greedy Costo>200.01
8.98 4.83 14.94 0 8.22 31.89 3.96 2.28 31.42 18.14 17.39 19.5 14.08 
0.21 9.16 6.56 10.38 0 22.27 6.55 12.77 35.49 15.89 15.13 6.83 5.25 
Solucion Greedy Costo>4 0 12 11 2 5 0 6 7 3 1 0 13 0 10 9 0 8 0 0 0 0 0 0 0 
Linea Vacia>
19.26 25.64 13.28 29.92 18.41 0 27.65 32.13 50.56 27.91 27.16 10.63 12.62 
8.06 11.44 13.93 6.34 7.29 29.88 0 5.01 36.67 11.66 10.92 20.42 15.18 
12.47 7.05 19.31 3.15 11.72 35.86 8 0 32.19 19.04 18.31 22.81 17.48 
41.17 27.62 46.41 29.43 40.97 54.72 37.69 31.07 0 42.24 41.06 40.23 28.66 
13.99 25.25 17.51 21 13.24 33.9 10.97 19.03 45.47 0 2.34 24.55 24.17 
10.47 21.89 14.03 17.59 9.71 30.66 7.4 15.57 41.46 3.25 0 21.18 20.82 
Dimension>25
5.46 11.53 5.05 18.47 4.93 15.82 16.91 20.79 36 23.07 22.34 0 5.43 
4.89 10.85 9.88 17.83 4.36 16.16 16.83 20.14 28.55 26.89 26.19 5.08 0 
Matriz de Costos>
0 10.72 5.99 13.77 1.76 21.73 10 16.12 34.99 19.2 18.45 6.27 5.08 
8.36 0 14.84 4.55 7.59 30.02 10.56 5.3 32.16 23.92 23.18 16.6 11.12 
Bandera>13
Fitness Greedy Costo>200.01
Solucion Greedy Costo>4 0 12 11 2 5 0 6 7 3 1 0 13 0 10 9 0 8 0 0 0 0 0 0 0 
Linea Vacia>
7.07 15.58 0 19.83 6.29 15.07 16.73 22.13 39.65 18.07 17.32 3.96 10.86 
8.98 4.83 14.94 0 8.22 31.89 3.96 2.28 31.42 18.14 17.39 19.5 14.08 
0.21 9.16 6.56 10.38 0 22.27 6.55 12.77 35.49 15.89 15.13 6.83 5.25 
19.26 25.64 13.28 29.92 18.41 0 27.65 32.13 50.56 27.91 27.16 10.63 12.62 
8.06 11.44 13.93 6.34 7.29 29.88 0 5.01 36.67 11.66 10.92 20.42 15.18 
12.47 7.05 19.31 3.15 11.72 35.86 8 0 32.19 19.04 18.31 22.81 17.48 
41.17 27.62 46.41 29.43 40.97 54.72 37.69 31.07 0 42.24 41.06 40.23 28.66 
Dimension>25
Matriz de Costos>
0 10.72 5.99 13.77 1.76 21.73 10 16.12 34.99 19.2 18.45 6.27 5.08 
8.36 0 14.84 4.55 7.59 30.02 10.56 5.3 32.16 23.92 23.18 16.6 11.12 
13.99 25.25 17.51 21 13.24 33.9 10.97 19.03 45.47 0 2.34 24.55 24.17 
10.47 21.89 14.03 17.59 9.71 30.66 7.4 15.57 41.46 3.25 0 21.18 20.82 
Bandera>13
Fitness Greedy Costo>200.01
Solucion Greedy Costo>4 0 12 11 2 5 0 6 7 3 1 0 13 0 10 9 0 8 0 0 0 0 0 0 0 
Linea Vacia>
7.07 15.58 0 19.83 6.29 15.07 16.73 22.13 39.65 18.07 17.32 3.96 10.86 
8.98 4.83 14.94 0 8.22 31.89 3.96 2.28 31.42 18.14 17.39 19.5 14.08 
5.46 11.53 5.05 18.47 4.93 15.82 16.91 20.79 36 23.07 22.34 0 5.43 
4.89 10.85 9.88 17.83 4.36 16.16 16.83 20.14 28.55 26.89 26.19 5.08 0 
0.21 9.16 6.56 10.38 0 22.27 6.55 12.77 35.49 15.89 15.13 6.83 5.25 
19.26 25.64 13.28 29.92 18.41 0 27.65 32.13 50.56 27.91 27.16 10.63 12.62 
8.06 11.44 13.93 6.34 7.29 29.88 0 5.01 36.67 11.66 10.92 20.42 15.18 
Dimension>25
12.47 7.05 19.31 3.15 11.72 35.86 8 0 32.19 19.04 18.31 22.81 17.48 
41.17 27.62 46.41 29.43 40.97 54.72 37.69 31.07 0 42.24 41.06 40.23 28.66 
Matriz de Costos>
0 10.72 5.99 13.77 1.76 21.73 10 16.12 34.99 19.2 18.45 6.27 5.08 
13.99 25.25 17.51 21 13.24 33.9 10.97 19.03 45.47 0 2.34 24.55 24.17 
10.47 21.89 14.03 17.59 9.71 30.66 7.4 15.57 41.46 3.25 0 21.18 20.82 
8.36 0 14.84 4.55 7.59 30.02 10.56 5.3 32.16 23.92 23.18 16.6 11.12 
7.07 15.58 0 19.83 6.29 15.07 16.73 22.13 39.65 18.07 17.32 3.96 10.86 
Bandera>13
Fitness Greedy Costo>200.01
Solucion Greedy Costo>4 0 12 11 2 5 0 6 7 3 1 0 13 0 10 9 0 8 0 0 0 0 0 0 0 
Linea Vacia>
5.46 11.53 5.05 18.47 4.93 15.82 16.91 20.79 36 23.07 22.34 0 5.43 
4.89 10.85 9.88 17.83 4.36 16.16 16.83 20.14 28.55 26.89 26.19 5.08 0 
8.98 4.83 14.94 0 8.22 31.89 3.96 2.28 31.42 18.14 17.39 19.5 14.08 
0.21 9.16 6.56 10.38 0 22.27 6.55 12.77 35.49 15.89 15.13 6.83 5.25 
19.26 25.64 13.28 29.92 18.41 0 27.65 32.13 50.56 27.91 27.16 10.63 12.62 
8.06 11.44 13.93 6.34 7.29 29.88 0 5.01 36.67 11.66 10.92 20.42 15.18 
12.47 7.05 19.31 3.15 11.72 35.86 8 0 32.19 19.04 18.31 22.81 17.48 
41.17 27.62 46.41 29.43 40.97 54.72 37.69 31.07 0 42.24 41.06 40.23 28.66 
13.99 25.25 17.51 21 13.24 33.9 10.97 19.03 45.47 0 2.34 24.55 24.17 
10.47 21.89 14.03 17.59 9.71 30.66 7.4 15.57 41.46 3.25 0 21.18 20.82 
Matriz de Costos>
0 10.72 5.99 13.77 1.76 21.73 10 16.12 34.99 19.2 18.45 6.27 5.08 
8.36 0 14.84 4.55 7.59 30.02 10.56 5.3 32.16 23.92 23.18 16.6 11.12 
7.07 15.58 0 19.83 6.29 15.07 16.73 22.13 39.65 18.07 17.32 3.96 10.86 
Dimension>25
Bandera>13
Fitness Greedy Costo>200.01
Solucion Greedy Costo>4 0 12 11 2 5 0 6 7 3 1 0 13 0 10 9 0 8 0 0 0 0 0 0 0 
Linea Vacia>
5.46 11.53 5.05 18.47 4.93 15.82 16.91 20.79 36 23.07 22.34 0 5.43 
4.89 10.85 9.88 17.83 4.36 16.16 16.83 20.14 28.55 26.89 26.19 5.08 0 
8.98 4.83 14.94 0 8.22 31.89 3.96 2.28 31.42 18.14 17.39 19.5 14.08 
0.21 9.16 6.56 10.38 0 22.27 6.55 12.77 35.49 15.89 15.13 6.83 5.25 
19.26 25.64 13.28 29.92 18.41 0 27.65 32.13 50.56 27.91 27.16 10.63 12.62 
8.06 11.44 13.93 6.34 7.29 29.88 0 5.01 36.67 11.66 10.92 20.42 15.18 
12.47 7.05 19.31 3.15 11.72 35.86 8 0 32.19 19.04 18.31 22.81 17.48 
41.17 27.62 46.41 29.43 40.97 54.72 37.69 31.07 0 42.24 41.06 40.23 28.66 
13.99 25.25 17.51 21 13.24 33.9 10.97 19.03 45.47 0 2.34 24.55 24.17 
10.47 21.89 14.03 17.59 9.71 30.66 7.4 15.57 41.46 3.25 0 21.18 20.82 
5.46 11.53 5.05 18.47 4.93 15.82 16.91 20.79 36 23.07 22.34 0 5.43 
4.89 10.85 9.88 17.83 4.36 16.16 16.83 20.14 28.55 26.89 26.19 5.08 0 
Matriz de Costos>
0 10.72 5.99 13.77 1.76 21.73 10 16.12 34.99 19.2 18.45 6.27 5.08 
8.36 0 14.84 4.55 7.59 30.02 10.56 5.3 32.16 23.92 23.18 16.6 11.12 
7.07 15.58 0 19.83 6.29 15.07 16.73 22.13 39.65 18.07 17.32 3.96 10.86 
8.98 4.83 14.94 0 8.22 31.89 3.96 2.28 31.42 18.14 17.39 19.5 14.08 
0.21 9.16 6.56 10.38 0 22.27 6.55 12.77 35.49 15.89 15.13 6.83 5.25 
19.26 25.64 13.28 29.92 18.41 0 27.65 32.13 50.56 27.91 27.16 10.63 12.62 
8.06 11.44 13.93 6.34 7.29 29.88 0 5.01 36.67 11.66 10.92 20.42 15.18 
Dimension>25
Bandera>13
Fitness Greedy Costo>200.01
Solucion Greedy Costo>4 0 12 11 2 5 0 6 7 3 1 0 13 0 10 9 0 8 0 0 0 0 0 0 0 
Linea Vacia>
12.47 7.05 19.31 3.15 11.72 35.86 8 0 32.19 19.04 18.31 22.81 17.48 
41.17 27.62 46.41 29.43 40.97 54.72 37.69 31.07 0 42.24 41.06 40.23 28.66 
13.99 25.25 17.51 21 13.24 33.9 10.97 19.03 45.47 0 2.34 24.55 24.17 
10.47 21.89 14.03 17.59 9.71 30.66 7.4 15.57 41.46 3.25 0 21.18 20.82 
5.46 11.53 5.05 18.47 4.93 15.82 16.91 20.79 36 23.07 22.34 0 5.43 
4.89 10.85 9.88 17.83 4.36 16.16 16.83 20.14 28.55 26.89 26.19 5.08 0 
Matriz de Costos>
0 10.72 5.99 13.77 1.76 21.73 10 16.12 34.99 19.2 18.45 6.27 5.08 
8.36 0 14.84 4.55 7.59 30.02 10.56 5.3 32.16 23.92 23.18 16.6 11.12 
7.07 15.58 0 19.83 6.29 15.07 16.73 22.13 39.65 18.07 17.32 3.96 10.86 
8.98 4.83 14.94 0 8.22 31.89 3.96 2.28 31.42 18.14 17.39 19.5 14.08 
0.21 9.16 6.56 10.38 0 22.27 6.55 12.77 35.49 15.89 15.13 6.83 5.25 
19.26 25.64 13.28 29.92 18.41 0 27.65 32.13 50.56 27.91 27.16 10.63 12.62 
8.06 11.44 13.93 6.34 7.29 29.88 0 5.01 36.67 11.66 10.92 20.42 15.18 
12.47 7.05 19.31 3.15 11.72 35.86 8 0 32.19 19.04 18.31 22.81 17.48 
41.17 27.62 46.41 29.43 40.97 54.72 37.69 31.07 0 42.24 41.06 40.23 28.66 
13.99 25.25 17.51 21 13.24 33.9 10.97 19.03 45.47 0 2.34 24.55 24.17 
10.47 21.89 14.03 17.59 9.71 30.66 7.4 15.57 41.46 3.25 0 21.18 20.82 
5.46 11.53 5.05 18.47 4.93 15.82 16.91 20.79 36 23.07 22.34 0 5.43 
4.89 10.85 9.88 17.83 4.36 16.16 16.83 20.14 28.55 26.89 26.19 5.08 0 
GEN 0 248.780000
TIEMPO 0 248.780000
GEN 0 257.840000
TIEMPO 0 257.840000
GEN 0 279.400000
TIEMPO 0 268.720000
GEN 0 280.700000
TIEMPO 0 280.350000
GREEDY 0 0.003382
GEN 0 249.140000
GREEDY 0 0.004043
GEN 0 261.640000
GEN 0 270.290000
GEN 0 265.500000
GEN 0 263.770000
TIEMPO 0 241.230000
TIEMPO 0 261.640000
TIEMPO 0 257.540000
TIEMPO 0 254.890000
TIEMPO 0 249.140000
GREEDY 0 0.004809
GREEDY 5 0.005024
GREEDY 0 0.008088
GREEDY 5 0.008938
GREEDY 0 0.003693
GEN 0 267.310000
GREEDY 0 0.004881
GEN 0 262.000000
GEN 0 266.600000
TIEMPO 0 251.240000
GEN 0 257.850000
TIEMPO 0 257.260000
TIEMPO 0 262.000000
TIEMPO 0 266.600000
GEN 0 280.080000
GEN 0 250.780000
GEN 0 236.060000
GEN 0 238.160000
GEN 0 272.350000
GEN 0 243.470000
TIEMPO 0 270.220000
GEN 0 269.380000
GEN 0 246.630000
TIEMPO 0 250.780000
TIEMPO 0 236.060000
TIEMPO 0 269.380000
TIEMPO 0 233.960000
TIEMPO 0 233.070000
TIEMPO 0 243.470000
TIEMPO 0 245.490000
GREEDY 0 0.001782
GREEDY 0 0.000910
GREEDY 0 0.007345
GREEDY 0 0.008830
GREEDY 0 0.002076
GREEDY 5 0.008330
GREEDY 0 0.002523
GREEDY 10 0.009651
GREEDY 0 0.003616
GREEDY 5 0.003749
GREEDY 5 0.009985
GREEDY 5 0.004765
GREEDY 5 0.006464
GREEDY 0 0.005574
GREEDY 0 0.005642
GREEDY 10 0.006288
GREEDY 5 0.006399
GREEDY 5 0.006824
GREEDY 5 0.007323
GREEDY 10 0.013557
GREEDY 0 0.008653
GREEDY 5 0.008219
GREEDY 10 0.008415
GEN 0 230.250000
GEN 0 252.230000
TIEMPO 0 230.250000
TIEMPO 0 252.230000
GREEDY 5 0.010751
GREEDY 10 0.009951
GREEDY 0 0.016040
GEN 0 279.710000
TIEMPO 0 279.710000
GREEDY 0 0.011664
GREEDY 5 0.022164
GREEDY 0 0.011930
GREEDY 0 0.003041
GREEDY 10 0.022255
GREEDY 15 0.022376
GREEDY 10 0.012468
GREEDY 0 0.003786
GREEDY 5 0.013929
GREEDY 0 0.003448
GREEDY 5 0.020195
GREEDY 5 0.005146
GREEDY 5 0.006243
GREEDY 10 0.006359
GREEDY 10 0.016404
GREEDY 5 0.021635
GREEDY 10 0.022058
GREEDY 5 0.022418
GREEDY 0 0.016432
GREEDY 5 0.016934
GREEDY 5 0.008573
GREEDY 5 0.028632
GREEDY 10 0.028754
GREEDY 5 0.017846
GREEDY 10 0.031362
GREEDY 0 0.020014
GREEDY 15 0.021378
GREEDY 10 0.021158
GREEDY 10 0.027767
GREEDY 10 0.023101
GREEDY 15 0.036244
GREEDY 15 0.023925
GREEDY 15 0.031439
GREEDY 10 0.026484
GREEDY 5 0.028293
GREEDY 10 0.028595
GREEDY 15 0.029116
GREEDY 20 0.029217
GREEDY 15 0.028083
GREEDY 15 0.030204
GREEDY 15 0.037358
GREEDY 10 0.031159
GREEDY 15 0.034344
GREEDY 10 0.034772
GREEDY 15 0.048791
GREEDY 10 0.040869
GREEDY 20 0.049758
GREEDY 20 0.048534
GREEDY 10 0.058923
GREEDY 10 0.042546
GREEDY 15 0.065183
GREEDY 15 0.076159
GREEDY 20 0.087819
GREEDY 20 0.085501
GREEDY 15 0.092451
GREEDY 15 0.086933
GREEDY 15 0.089401
GREEDY 10 0.094693
GREEDY 15 0.114285
GREEDY 20 0.117123
GREEDY 15 0.115004
GREEDY 10 0.120342
GREEDY 15 0.121570
GREEDY 15 0.128800
GEN 2500 165.200000
GEN 2500 166.450000
GREEDY 20 0.206929
GEN 2500 156.370000
GEN 2500 165.200000
GEN 2500 155.800000
GEN 2500 163.490000
GEN 2500 168.740000
GEN 2500 156.200000
GEN 2500 165.770000
GEN 2500 173.460000
GEN 2500 168.630000
GEN 2500 152.180000
GREEDY 15 0.242027
GEN 2500 155.800000
GEN 2500 170.750000
GREEDY 20 0.261532
GEN 2500 164.370000
GEN 2500 152.180000
GEN 2500 166.280000
GEN 2500 163.490000
GEN 2500 171.700000
GEN 2500 164.800000
GEN 2500 152.180000
GEN 2500 163.960000
GEN 5000 165.200000
GEN 5000 166.450000
GEN 2500 166.410000
GEN 5000 163.490000
GEN 2500 152.180000
GEN 5000 156.200000
GEN 5000 165.200000
GEN 5000 165.770000
GEN 5000 165.110000
GEN 5000 173.460000
GEN 5000 156.200000
GEN 5000 166.540000
GEN 5000 152.180000
GEN 7500 165.200000
GEN 7500 166.450000
GEN 5000 163.490000
GEN 5000 155.800000
GEN 5000 164.370000
GEN 5000 152.180000
GEN 5000 171.700000
GEN 5000 164.800000
GEN 5000 152.180000
GEN 5000 155.800000
GEN 7500 163.490000
GEN 5000 163.960000
GEN 5000 166.280000
GEN 7500 165.770000
GEN 7500 165.110000
GEN 7500 165.200000
GEN 7500 156.200000
GEN 7500 152.180000
GEN 7500 173.460000
GEN 7500 166.540000
GEN 5000 170.750000
GEN 10000 165.200000
TIEMPO 0.568952 165.200000
GEN 10000 166.450000
TIEMPO 0.567362 166.450000
GEN 7500 163.490000
GEN 7500 163.960000
GEN 7500 156.200000
GEN 7500 152.180000
GEN 7500 171.700000
GEN 7500 164.180000
GEN 7500 152.180000
GEN 10000 165.770000
TIEMPO 0.656903 165.770000
GEN 10000 163.490000
TIEMPO 0.671858 163.490000
GEN 10000 165.110000
TIEMPO 0.667088 165.110000
GEN 7500 155.800000
GEN 10000 152.180000
TIEMPO 0.674481 152.180000
GEN 10000 165.200000
TIEMPO 0.683403 165.200000
GEN 7500 163.960000
GEN 10000 156.200000
TIEMPO 0.688778 156.200000
GEN 10000 173.460000
TIEMPO 0.680287 173.460000
GEN 5000 166.410000
GEN 5000 152.180000
GEN 10000 166.540000
TIEMPO 0.689529 166.540000
GEN 10000 163.490000
TIEMPO 0.701398 163.490000
GEN 7500 166.280000
GEN 10000 156.200000
TIEMPO 0.771601 156.200000
GEN 10000 163.960000
TIEMPO 0.782902 163.960000
GEN 10000 152.180000
TIEMPO 0.785831 152.180000
GEN 10000 171.700000
TIEMPO 0.797715 171.700000
GEN 10000 164.180000
TIEMPO 0.803187 164.180000
GEN 10000 152.180000
TIEMPO 0.812359 152.180000
GEN 7500 155.800000
GEN 10000 163.960000
TIEMPO 0.853326 163.960000
GEN 7500 170.750000
GEN 7500 152.180000
GEN 10000 155.800000
TIEMPO 0.917487 155.800000
GEN 10000 166.280000
TIEMPO 0.947946 166.280000
TIEMPO 1 152.180000
TIEMPO 1 166.410000
GEN 7500 166.410000
TIEMPO 1 155.800000
TIEMPO 1 170.750000
GEN 10000 155.800000
TIEMPO 1.114682 155.800000
GEN 10000 152.180000
TIEMPO 1.151630 152.180000
GEN 10000 170.750000
TIEMPO 1.160052 170.750000
GEN 10000 166.410000
TIEMPO 1.303271 166.410000

 Current State ---------------------------------------------
Solution:  12 8 0 13 1 3 7 0 4 6 9 10 0 2 11 5 0 0 0 0 0 0 0 0 0 Fitness: 152.18

 :( ---------------------- THE END --------------- :) 
