Dimension>31
Bandera>10
Fitness Greedy Costo>398.25
Solucion Greedy Costo>13 0 12 0 1 3 2 4 0 14 15 16 8 0 5 6 7 9 0 10 11 0 0 0 0 0 0 0 0 0 0 
Linea Vacia>
Matriz de Costos>
0 9.1 33.66 19.85 40.82 44.42 49.32 48.66 60.09 60.99 69.92 82.99 7.52 6.92 30.8 43.31 
7.95 0 21.37 10.66 34.05 39.96 44.86 41.85 53.94 57.62 65.09 80.83 9.43 14.71 26.16 37.02 
30.03 20.82 0 10.9 13 17.9 27.16 36.89 49.25 64.62 74.47 89.79 30.92 37.65 36.66 41.18 
18.69 9.79 11.15 0 21 25.3 31.45 33.99 46.37 55.56 65.45 80.83 20.17 26.19 27.52 32.09 
39.73 28.72 9.83 20.71 0 10.53 28.54 37.4 49.76 71.24 81.08 96.38 39.22 45.92 44.27 44.85 
44.31 36.79 18.79 25.46 10.88 0 14.11 31.92 46.23 67.71 77.56 92.88 44.33 49.64 40.7 41.31 
48.7 42.38 28.72 33.14 25.32 13.96 0 16.48 31.78 60.93 71.17 86.5 48.72 54.03 42.74 30.54 
48.04 39.39 39.48 34.05 37.8 30.59 16.47 0 15.69 50.49 60.77 76.16 47.09 53.37 34.58 22.31 
57.93 50.42 51.71 46.31 50.04 46.45 31.74 15.91 0 46.31 56.6 72.02 57.95 63.23 34.59 21.58 
59.36 56.1 69.7 58.33 72.59 69.27 61.52 51.95 46.27 0 10.86 26.49 53 62.83 31.56 29.8 
72.73 65.03 78.59 67.27 82.18 78.18 71.75 62.22 56.56 10.43 0 16.46 61.94 71.76 40.56 40.15 
81.79 78.14 90.01 78.74 93.58 89.6 83.3 73.69 68.07 22.14 14.22 0 73.42 80.81 52.15 51.73 
8.28 13.25 32.29 22.86 41.52 45.98 50.43 46.99 57.78 53.5 63.89 76.99 0 7.15 22 35.45 
5.17 13.3 32.47 22.84 44.6 48.19 54.92 52.42 63.57 58.26 70.74 83.47 7.62 0 27.8 40.33 
29.92 26.62 41.39 29.89 44.44 41.61 40.19 33.91 35.13 30.96 40.92 56.41 23.42 27.89 0 13.93 
43.5 34.87 43.41 31.93 43.1 40.3 33.48 22.99 21.62 29.92 40.27 55.76 35.44 44.24 13.97 0 
Dimension>31
Bandera>10
Fitness Greedy Costo>398.25
Solucion Greedy Costo>13 0 12 0 1 3 2 4 0 14 15 16 8 0 5 6 7 9 0 10 11 0 0 0 0 0 0 0 0 0 0 
Linea Vacia>
Matriz de Costos>
0 9.1 33.66 19.85 40.82 44.42 49.32 48.66 60.09 60.99 69.92 82.99 7.52 6.92 30.8 43.31 
7.95 0 21.37 10.66 34.05 39.96 44.86 41.85 53.94 57.62 65.09 80.83 9.43 14.71 26.16 37.02 
30.03 20.82 0 10.9 13 17.9 27.16 36.89 49.25 64.62 74.47 89.79 30.92 37.65 36.66 41.18 
18.69 9.79 11.15 0 21 25.3 31.45 33.99 46.37 55.56 65.45 80.83 20.17 26.19 27.52 32.09 
39.73 28.72 9.83 20.71 0 10.53 28.54 37.4 49.76 71.24 81.08 96.38 39.22 45.92 44.27 44.85 
44.31 36.79 18.79 25.46 10.88 0 14.11 31.92 46.23 67.71 77.56 92.88 44.33 49.64 40.7 41.31 
48.7 42.38 28.72 33.14 25.32 13.96 0 16.48 31.78 60.93 71.17 86.5 48.72 54.03 42.74 30.54 
48.04 39.39 39.48 34.05 37.8 30.59 16.47 0 15.69 50.49 60.77 76.16 47.09 53.37 34.58 22.31 
57.93 50.42 51.71 46.31 50.04 46.45 31.74 15.91 0 46.31 56.6 72.02 57.95 63.23 34.59 21.58 
59.36 56.1 69.7 58.33 72.59 69.27 61.52 51.95 46.27 0 10.86 26.49 53 62.83 31.56 29.8 
72.73 65.03 78.59 67.27 82.18 78.18 71.75 62.22 56.56 10.43 0 16.46 61.94 71.76 40.56 40.15 
81.79 78.14 90.01 78.74 93.58 89.6 83.3 73.69 68.07 22.14 14.22 0 73.42 80.81 52.15 51.73 
8.28 13.25 32.29 22.86 41.52 45.98 50.43 46.99 57.78 53.5 63.89 76.99 0 7.15 22 35.45 
5.17 13.3 32.47 22.84 44.6 48.19 54.92 52.42 63.57 58.26 70.74 83.47 7.62 0 27.8 40.33 
29.92 26.62 41.39 29.89 44.44 41.61 40.19 33.91 35.13 30.96 40.92 56.41 23.42 27.89 0 13.93 
43.5 34.87 43.41 31.93 43.1 40.3 33.48 22.99 21.62 29.92 40.27 55.76 35.44 44.24 13.97 0 
Dimension>31
Bandera>10
Fitness Greedy Costo>398.25
Solucion Greedy Costo>13 0 12 0 1 3 2 4 0 14 15 16 8 0 5 6 7 9 0 10 11 0 0 0 0 0 0 0 0 0 0 
Linea Vacia>
Matriz de Costos>
0 9.1 33.66 19.85 40.82 44.42 49.32 48.66 60.09 60.99 69.92 82.99 7.52 6.92 30.8 43.31 
7.95 0 21.37 10.66 34.05 39.96 44.86 41.85 53.94 57.62 65.09 80.83 9.43 14.71 26.16 37.02 
30.03 20.82 0 10.9 13 17.9 27.16 36.89 49.25 64.62 74.47 89.79 30.92 37.65 36.66 41.18 
18.69 9.79 11.15 0 21 25.3 31.45 33.99 46.37 55.56 65.45 80.83 20.17 26.19 27.52 32.09 
39.73 28.72 9.83 20.71 0 10.53 28.54 37.4 49.76 71.24 81.08 96.38 39.22 45.92 44.27 44.85 
44.31 36.79 18.79 25.46 10.88 0 14.11 31.92 46.23 67.71 77.56 92.88 44.33 49.64 40.7 41.31 
48.7 42.38 28.72 33.14 25.32 13.96 0 16.48 31.78 60.93 71.17 86.5 48.72 54.03 42.74 30.54 
48.04 39.39 39.48 34.05 37.8 30.59 16.47 0 15.69 50.49 60.77 76.16 47.09 53.37 34.58 22.31 
57.93 50.42 51.71 46.31 50.04 46.45 31.74 15.91 0 46.31 56.6 72.02 57.95 63.23 34.59 21.58 
59.36 56.1 69.7 58.33 72.59 69.27 61.52 51.95 46.27 0 10.86 26.49 53 62.83 31.56 29.8 
72.73 65.03 78.59 67.27 82.18 78.18 71.75 62.22 56.56 10.43 0 16.46 61.94 71.76 40.56 40.15 
81.79 78.14 90.01 78.74 93.58 89.6 83.3 73.69 68.07 22.14 14.22 0 73.42 80.81 52.15 51.73 
8.28 13.25 32.29 22.86 41.52 45.98 50.43 46.99 57.78 53.5 63.89 76.99 0 7.15 22 35.45 
5.17 13.3 32.47 22.84 44.6 48.19 54.92 52.42 63.57 58.26 70.74 83.47 7.62 0 27.8 40.33 
29.92 26.62 41.39 29.89 44.44 41.61 40.19 33.91 35.13 30.96 40.92 56.41 23.42 27.89 0 13.93 
43.5 34.87 43.41 31.93 43.1 40.3 33.48 22.99 21.62 29.92 40.27 55.76 35.44 44.24 13.97 0 
Dimension>31
Bandera>10
Fitness Greedy Costo>398.25
Solucion Greedy Costo>13 0 12 0 1 3 2 4 0 14 15 16 8 0 5 6 7 9 0 10 11 0 0 0 0 0 0 0 0 0 0 
Linea Vacia>
Matriz de Costos>
0 9.1 33.66 19.85 40.82 44.42 49.32 48.66 60.09 60.99 69.92 82.99 7.52 6.92 30.8 43.31 
7.95 0 21.37 10.66 34.05 39.96 44.86 41.85 53.94 57.62 65.09 80.83 9.43 14.71 26.16 37.02 
30.03 20.82 0 10.9 13 17.9 27.16 36.89 49.25 64.62 74.47 89.79 30.92 37.65 36.66 41.18 
18.69 9.79 11.15 0 21 25.3 31.45 33.99 46.37 55.56 65.45 80.83 20.17 26.19 27.52 32.09 
Dimension>31
39.73 28.72 9.83 20.71 0 10.53 28.54 37.4 49.76 71.24 81.08 96.38 39.22 45.92 44.27 44.85 
44.31 36.79 18.79 25.46 10.88 0 14.11 31.92 46.23 67.71 77.56 92.88 44.33 49.64 40.7 41.31 
48.7 42.38 28.72 33.14 25.32 13.96 0 16.48 31.78 60.93 71.17 86.5 48.72 54.03 42.74 30.54 
48.04 39.39 39.48 34.05 37.8 30.59 16.47 0 15.69 50.49 60.77 76.16 47.09 53.37 34.58 22.31 
57.93 50.42 51.71 46.31 50.04 46.45 31.74 15.91 0 46.31 56.6 72.02 57.95 63.23 34.59 21.58 
59.36 56.1 69.7 58.33 72.59 69.27 61.52 51.95 46.27 0 10.86 26.49 53 62.83 31.56 29.8 
Bandera>10
Fitness Greedy Costo>398.25
72.73 65.03 78.59 67.27 82.18 78.18 71.75 62.22 56.56 10.43 0 16.46 61.94 71.76 40.56 40.15 
81.79 78.14 90.01 78.74 93.58 89.6 83.3 73.69 68.07 22.14 14.22 0 73.42 80.81 52.15 51.73 
8.28 13.25 32.29 22.86 41.52 45.98 50.43 46.99 57.78 53.5 63.89 76.99 0 7.15 22 35.45 
Solucion Greedy Costo>13 0 12 0 1 3 2 4 0 14 15 16 8 0 5 6 7 9 0 10 11 0 0 0 0 0 0 0 0 0 0 
Linea Vacia>
5.17 13.3 32.47 22.84 44.6 48.19 54.92 52.42 63.57 58.26 70.74 83.47 7.62 0 27.8 40.33 
29.92 26.62 41.39 29.89 44.44 41.61 40.19 33.91 35.13 30.96 40.92 56.41 23.42 27.89 0 13.93 
Dimension>31
43.5 34.87 43.41 31.93 43.1 40.3 33.48 22.99 21.62 29.92 40.27 55.76 35.44 44.24 13.97 0 
Bandera>10
Fitness Greedy Costo>398.25
Solucion Greedy Costo>13 0 12 0 1 3 2 4 0 14 15 16 8 0 5 6 7 9 0 10 11 0 0 0 0 0 0 0 0 0 0 
Linea Vacia>
Matriz de Costos>
0 9.1 33.66 19.85 40.82 44.42 49.32 48.66 60.09 60.99 69.92 82.99 7.52 6.92 30.8 43.31 
7.95 0 21.37 10.66 34.05 39.96 44.86 41.85 53.94 57.62 65.09 80.83 9.43 14.71 26.16 37.02 
Matriz de Costos>
0 9.1 33.66 19.85 40.82 44.42 49.32 48.66 60.09 60.99 69.92 82.99 7.52 6.92 30.8 43.31 
7.95 0 21.37 10.66 34.05 39.96 44.86 41.85 53.94 57.62 65.09 80.83 9.43 14.71 26.16 37.02 
30.03 20.82 0 10.9 13 17.9 27.16 36.89 49.25 64.62 74.47 89.79 30.92 37.65 36.66 41.18 
18.69 9.79 11.15 0 21 25.3 31.45 33.99 46.37 55.56 65.45 80.83 20.17 26.19 27.52 32.09 
39.73 28.72 9.83 20.71 0 10.53 28.54 37.4 49.76 71.24 81.08 96.38 39.22 45.92 44.27 44.85 
Dimension>31
Bandera>10
Fitness Greedy Costo>398.25
Solucion Greedy Costo>13 0 12 0 1 3 2 4 0 14 15 16 8 0 5 6 7 9 0 10 11 0 0 0 0 0 0 0 0 0 0 
Linea Vacia>
Dimension>31
Bandera>10
Fitness Greedy Costo>398.25
Solucion Greedy Costo>13 0 12 0 1 3 2 4 0 14 15 16 8 0 5 6 7 9 0 10 11 0 0 0 0 0 0 0 0 0 0 
Linea Vacia>
30.03 20.82 0 10.9 13 17.9 27.16 36.89 49.25 64.62 74.47 89.79 30.92 37.65 36.66 41.18 
18.69 9.79 11.15 0 21 25.3 31.45 33.99 46.37 55.56 65.45 80.83 20.17 26.19 27.52 32.09 
39.73 28.72 9.83 20.71 0 10.53 28.54 37.4 49.76 71.24 81.08 96.38 39.22 45.92 44.27 44.85 
44.31 36.79 18.79 25.46 10.88 0 14.11 31.92 46.23 67.71 77.56 92.88 44.33 49.64 40.7 41.31 
48.7 42.38 28.72 33.14 25.32 13.96 0 16.48 31.78 60.93 71.17 86.5 48.72 54.03 42.74 30.54 
48.04 39.39 39.48 34.05 37.8 30.59 16.47 0 15.69 50.49 60.77 76.16 47.09 53.37 34.58 22.31 
57.93 50.42 51.71 46.31 50.04 46.45 31.74 15.91 0 46.31 56.6 72.02 57.95 63.23 34.59 21.58 
44.31 36.79 18.79 25.46 10.88 0 14.11 31.92 46.23 67.71 77.56 92.88 44.33 49.64 40.7 41.31 
48.7 42.38 28.72 33.14 25.32 13.96 0 16.48 31.78 60.93 71.17 86.5 48.72 54.03 42.74 30.54 
48.04 39.39 39.48 34.05 37.8 30.59 16.47 0 15.69 50.49 60.77 76.16 47.09 53.37 34.58 22.31 
59.36 56.1 69.7 58.33 72.59 69.27 61.52 51.95 46.27 0 10.86 26.49 53 62.83 31.56 29.8 
72.73 65.03 78.59 67.27 82.18 78.18 71.75 62.22 56.56 10.43 0 16.46 61.94 71.76 40.56 40.15 
81.79 78.14 90.01 78.74 93.58 89.6 83.3 73.69 68.07 22.14 14.22 0 73.42 80.81 52.15 51.73 
8.28 13.25 32.29 22.86 41.52 45.98 50.43 46.99 57.78 53.5 63.89 76.99 0 7.15 22 35.45 
5.17 13.3 32.47 22.84 44.6 48.19 54.92 52.42 63.57 58.26 70.74 83.47 7.62 0 27.8 40.33 
57.93 50.42 51.71 46.31 50.04 46.45 31.74 15.91 0 46.31 56.6 72.02 57.95 63.23 34.59 21.58 
29.92 26.62 41.39 29.89 44.44 41.61 40.19 33.91 35.13 30.96 40.92 56.41 23.42 27.89 0 13.93 
43.5 34.87 43.41 31.93 43.1 40.3 33.48 22.99 21.62 29.92 40.27 55.76 35.44 44.24 13.97 0 
Matriz de Costos>
0 9.1 33.66 19.85 40.82 44.42 49.32 48.66 60.09 60.99 69.92 82.99 7.52 6.92 30.8 43.31 
7.95 0 21.37 10.66 34.05 39.96 44.86 41.85 53.94 57.62 65.09 80.83 9.43 14.71 26.16 37.02 
30.03 20.82 0 10.9 13 17.9 27.16 36.89 49.25 64.62 74.47 89.79 30.92 37.65 36.66 41.18 
Matriz de Costos>
0 9.1 33.66 19.85 40.82 44.42 49.32 48.66 60.09 60.99 69.92 82.99 7.52 6.92 30.8 43.31 
59.36 56.1 69.7 58.33 72.59 69.27 61.52 51.95 46.27 0 10.86 26.49 53 62.83 31.56 29.8 
72.73 65.03 78.59 67.27 82.18 78.18 71.75 62.22 56.56 10.43 0 16.46 61.94 71.76 40.56 40.15 
81.79 78.14 90.01 78.74 93.58 89.6 83.3 73.69 68.07 22.14 14.22 0 73.42 80.81 52.15 51.73 
18.69 9.79 11.15 0 21 25.3 31.45 33.99 46.37 55.56 65.45 80.83 20.17 26.19 27.52 32.09 
39.73 28.72 9.83 20.71 0 10.53 28.54 37.4 49.76 71.24 81.08 96.38 39.22 45.92 44.27 44.85 
44.31 36.79 18.79 25.46 10.88 0 14.11 31.92 46.23 67.71 77.56 92.88 44.33 49.64 40.7 41.31 
48.7 42.38 28.72 33.14 25.32 13.96 0 16.48 31.78 60.93 71.17 86.5 48.72 54.03 42.74 30.54 
48.04 39.39 39.48 34.05 37.8 30.59 16.47 0 15.69 50.49 60.77 76.16 47.09 53.37 34.58 22.31 
7.95 0 21.37 10.66 34.05 39.96 44.86 41.85 53.94 57.62 65.09 80.83 9.43 14.71 26.16 37.02 
30.03 20.82 0 10.9 13 17.9 27.16 36.89 49.25 64.62 74.47 89.79 30.92 37.65 36.66 41.18 
18.69 9.79 11.15 0 21 25.3 31.45 33.99 46.37 55.56 65.45 80.83 20.17 26.19 27.52 32.09 
39.73 28.72 9.83 20.71 0 10.53 28.54 37.4 49.76 71.24 81.08 96.38 39.22 45.92 44.27 44.85 
8.28 13.25 32.29 22.86 41.52 45.98 50.43 46.99 57.78 53.5 63.89 76.99 0 7.15 22 35.45 
5.17 13.3 32.47 22.84 44.6 48.19 54.92 52.42 63.57 58.26 70.74 83.47 7.62 0 27.8 40.33 
57.93 50.42 51.71 46.31 50.04 46.45 31.74 15.91 0 46.31 56.6 72.02 57.95 63.23 34.59 21.58 
59.36 56.1 69.7 58.33 72.59 69.27 61.52 51.95 46.27 0 10.86 26.49 53 62.83 31.56 29.8 
72.73 65.03 78.59 67.27 82.18 78.18 71.75 62.22 56.56 10.43 0 16.46 61.94 71.76 40.56 40.15 
44.31 36.79 18.79 25.46 10.88 0 14.11 31.92 46.23 67.71 77.56 92.88 44.33 49.64 40.7 41.31 
48.7 42.38 28.72 33.14 25.32 13.96 0 16.48 31.78 60.93 71.17 86.5 48.72 54.03 42.74 30.54 
48.04 39.39 39.48 34.05 37.8 30.59 16.47 0 15.69 50.49 60.77 76.16 47.09 53.37 34.58 22.31 
29.92 26.62 41.39 29.89 44.44 41.61 40.19 33.91 35.13 30.96 40.92 56.41 23.42 27.89 0 13.93 
43.5 34.87 43.41 31.93 43.1 40.3 33.48 22.99 21.62 29.92 40.27 55.76 35.44 44.24 13.97 0 
81.79 78.14 90.01 78.74 93.58 89.6 83.3 73.69 68.07 22.14 14.22 0 73.42 80.81 52.15 51.73 
8.28 13.25 32.29 22.86 41.52 45.98 50.43 46.99 57.78 53.5 63.89 76.99 0 7.15 22 35.45 
5.17 13.3 32.47 22.84 44.6 48.19 54.92 52.42 63.57 58.26 70.74 83.47 7.62 0 27.8 40.33 
29.92 26.62 41.39 29.89 44.44 41.61 40.19 33.91 35.13 30.96 40.92 56.41 23.42 27.89 0 13.93 
57.93 50.42 51.71 46.31 50.04 46.45 31.74 15.91 0 46.31 56.6 72.02 57.95 63.23 34.59 21.58 
59.36 56.1 69.7 58.33 72.59 69.27 61.52 51.95 46.27 0 10.86 26.49 53 62.83 31.56 29.8 
72.73 65.03 78.59 67.27 82.18 78.18 71.75 62.22 56.56 10.43 0 16.46 61.94 71.76 40.56 40.15 
43.5 34.87 43.41 31.93 43.1 40.3 33.48 22.99 21.62 29.92 40.27 55.76 35.44 44.24 13.97 0 
81.79 78.14 90.01 78.74 93.58 89.6 83.3 73.69 68.07 22.14 14.22 0 73.42 80.81 52.15 51.73 
8.28 13.25 32.29 22.86 41.52 45.98 50.43 46.99 57.78 53.5 63.89 76.99 0 7.15 22 35.45 
5.17 13.3 32.47 22.84 44.6 48.19 54.92 52.42 63.57 58.26 70.74 83.47 7.62 0 27.8 40.33 
29.92 26.62 41.39 29.89 44.44 41.61 40.19 33.91 35.13 30.96 40.92 56.41 23.42 27.89 0 13.93 
43.5 34.87 43.41 31.93 43.1 40.3 33.48 22.99 21.62 29.92 40.27 55.76 35.44 44.24 13.97 0 
Dimension>31
Bandera>10
Fitness Greedy Costo>398.25
Solucion Greedy Costo>13 0 12 0 1 3 2 4 0 14 15 16 8 0 5 6 7 9 0 10 11 0 0 0 0 0 0 0 0 0 0 
Linea Vacia>
Matriz de Costos>
0 9.1 33.66 19.85 40.82 44.42 49.32 48.66 60.09 60.99 69.92 82.99 7.52 6.92 30.8 43.31 
7.95 0 21.37 10.66 34.05 39.96 44.86 41.85 53.94 57.62 65.09 80.83 9.43 14.71 26.16 37.02 
30.03 20.82 0 10.9 13 17.9 27.16 36.89 49.25 64.62 74.47 89.79 30.92 37.65 36.66 41.18 
18.69 9.79 11.15 0 21 25.3 31.45 33.99 46.37 55.56 65.45 80.83 20.17 26.19 27.52 32.09 
39.73 28.72 9.83 20.71 0 10.53 28.54 37.4 49.76 71.24 81.08 96.38 39.22 45.92 44.27 44.85 
44.31 36.79 18.79 25.46 10.88 0 14.11 31.92 46.23 67.71 77.56 92.88 44.33 49.64 40.7 41.31 
48.7 42.38 28.72 33.14 25.32 13.96 0 16.48 31.78 60.93 71.17 86.5 48.72 54.03 42.74 30.54 
48.04 39.39 39.48 34.05 37.8 30.59 16.47 0 15.69 50.49 60.77 76.16 47.09 53.37 34.58 22.31 
57.93 50.42 51.71 46.31 50.04 46.45 31.74 15.91 0 46.31 56.6 72.02 57.95 63.23 34.59 21.58 
59.36 56.1 69.7 58.33 72.59 69.27 61.52 51.95 46.27 0 10.86 26.49 53 62.83 31.56 29.8 
72.73 65.03 78.59 67.27 82.18 78.18 71.75 62.22 56.56 10.43 0 16.46 61.94 71.76 40.56 40.15 
81.79 78.14 90.01 78.74 93.58 89.6 83.3 73.69 68.07 22.14 14.22 0 73.42 80.81 52.15 51.73 
8.28 13.25 32.29 22.86 41.52 45.98 50.43 46.99 57.78 53.5 63.89 76.99 0 7.15 22 35.45 
5.17 13.3 32.47 22.84 44.6 48.19 54.92 52.42 63.57 58.26 70.74 83.47 7.62 0 27.8 40.33 
29.92 26.62 41.39 29.89 44.44 41.61 40.19 33.91 35.13 30.96 40.92 56.41 23.42 27.89 0 13.93 
43.5 34.87 43.41 31.93 43.1 40.3 33.48 22.99 21.62 29.92 40.27 55.76 35.44 44.24 13.97 0 
Dimension>31
Bandera>10
Fitness Greedy Costo>398.25
Solucion Greedy Costo>13 0 12 0 1 3 2 4 0 14 15 16 8 0 5 6 7 9 0 10 11 0 0 0 0 0 0 0 0 0 0 
Linea Vacia>
Dimension>31
Bandera>10
Fitness Greedy Costo>398.25
Solucion Greedy Costo>13 0 12 0 1 3 2 4 0 14 15 16 8 0 5 6 7 9 0 10 11 0 0 0 0 0 0 0 0 0 0 
Linea Vacia>
Matriz de Costos>
0 9.1 33.66 19.85 40.82 44.42 49.32 48.66 60.09 60.99 69.92 82.99 7.52 6.92 30.8 43.31 
7.95 0 21.37 10.66 34.05 39.96 44.86 41.85 53.94 57.62 65.09 80.83 9.43 14.71 26.16 37.02 
30.03 20.82 0 10.9 13 17.9 27.16 36.89 49.25 64.62 74.47 89.79 30.92 37.65 36.66 41.18 
18.69 9.79 11.15 0 21 25.3 31.45 33.99 46.37 55.56 65.45 80.83 20.17 26.19 27.52 32.09 
39.73 28.72 9.83 20.71 0 10.53 28.54 37.4 49.76 71.24 81.08 96.38 39.22 45.92 44.27 44.85 
44.31 36.79 18.79 25.46 10.88 0 14.11 31.92 46.23 67.71 77.56 92.88 44.33 49.64 40.7 41.31 
48.7 42.38 28.72 33.14 25.32 13.96 0 16.48 31.78 60.93 71.17 86.5 48.72 54.03 42.74 30.54 
Matriz de Costos>
0 9.1 33.66 19.85 40.82 44.42 49.32 48.66 60.09 60.99 69.92 82.99 7.52 6.92 30.8 43.31 
7.95 0 21.37 10.66 34.05 39.96 44.86 41.85 53.94 57.62 65.09 80.83 9.43 14.71 26.16 37.02 
Dimension>31
48.04 39.39 39.48 34.05 37.8 30.59 16.47 0 15.69 50.49 60.77 76.16 47.09 53.37 34.58 22.31 
57.93 50.42 51.71 46.31 50.04 46.45 31.74 15.91 0 46.31 56.6 72.02 57.95 63.23 34.59 21.58 
59.36 56.1 69.7 58.33 72.59 69.27 61.52 51.95 46.27 0 10.86 26.49 53 62.83 31.56 29.8 
72.73 65.03 78.59 67.27 82.18 78.18 71.75 62.22 56.56 10.43 0 16.46 61.94 71.76 40.56 40.15 
81.79 78.14 90.01 78.74 93.58 89.6 83.3 73.69 68.07 22.14 14.22 0 73.42 80.81 52.15 51.73 
30.03 20.82 0 10.9 13 17.9 27.16 36.89 49.25 64.62 74.47 89.79 30.92 37.65 36.66 41.18 
18.69 9.79 11.15 0 21 25.3 31.45 33.99 46.37 55.56 65.45 80.83 20.17 26.19 27.52 32.09 
39.73 28.72 9.83 20.71 0 10.53 28.54 37.4 49.76 71.24 81.08 96.38 39.22 45.92 44.27 44.85 
Bandera>10
Fitness Greedy Costo>398.25
8.28 13.25 32.29 22.86 41.52 45.98 50.43 46.99 57.78 53.5 63.89 76.99 0 7.15 22 35.45 
5.17 13.3 32.47 22.84 44.6 48.19 54.92 52.42 63.57 58.26 70.74 83.47 7.62 0 27.8 40.33 
29.92 26.62 41.39 29.89 44.44 41.61 40.19 33.91 35.13 30.96 40.92 56.41 23.42 27.89 0 13.93 
44.31 36.79 18.79 25.46 10.88 0 14.11 31.92 46.23 67.71 77.56 92.88 44.33 49.64 40.7 41.31 
48.7 42.38 28.72 33.14 25.32 13.96 0 16.48 31.78 60.93 71.17 86.5 48.72 54.03 42.74 30.54 
48.04 39.39 39.48 34.05 37.8 30.59 16.47 0 15.69 50.49 60.77 76.16 47.09 53.37 34.58 22.31 
Solucion Greedy Costo>13 0 12 0 1 3 2 4 0 14 15 16 8 0 5 6 7 9 0 10 11 0 0 0 0 0 0 0 0 0 0 
Linea Vacia>
43.5 34.87 43.41 31.93 43.1 40.3 33.48 22.99 21.62 29.92 40.27 55.76 35.44 44.24 13.97 0 
Dimension>31
57.93 50.42 51.71 46.31 50.04 46.45 31.74 15.91 0 46.31 56.6 72.02 57.95 63.23 34.59 21.58 
59.36 56.1 69.7 58.33 72.59 69.27 61.52 51.95 46.27 0 10.86 26.49 53 62.83 31.56 29.8 
72.73 65.03 78.59 67.27 82.18 78.18 71.75 62.22 56.56 10.43 0 16.46 61.94 71.76 40.56 40.15 
Bandera>10
Fitness Greedy Costo>398.25
Solucion Greedy Costo>13 0 12 0 1 3 2 4 0 14 15 16 8 0 5 6 7 9 0 10 11 0 0 0 0 0 0 0 0 0 0 
Linea Vacia>
81.79 78.14 90.01 78.74 93.58 89.6 83.3 73.69 68.07 22.14 14.22 0 73.42 80.81 52.15 51.73 
8.28 13.25 32.29 22.86 41.52 45.98 50.43 46.99 57.78 53.5 63.89 76.99 0 7.15 22 35.45 
5.17 13.3 32.47 22.84 44.6 48.19 54.92 52.42 63.57 58.26 70.74 83.47 7.62 0 27.8 40.33 
29.92 26.62 41.39 29.89 44.44 41.61 40.19 33.91 35.13 30.96 40.92 56.41 23.42 27.89 0 13.93 
43.5 34.87 43.41 31.93 43.1 40.3 33.48 22.99 21.62 29.92 40.27 55.76 35.44 44.24 13.97 0 
Matriz de Costos>
0 9.1 33.66 19.85 40.82 44.42 49.32 48.66 60.09 60.99 69.92 82.99 7.52 6.92 30.8 43.31 
Matriz de Costos>
0 9.1 33.66 19.85 40.82 44.42 49.32 48.66 60.09 60.99 69.92 82.99 7.52 6.92 30.8 43.31 
7.95 0 21.37 10.66 34.05 39.96 44.86 41.85 53.94 57.62 65.09 80.83 9.43 14.71 26.16 37.02 
30.03 20.82 0 10.9 13 17.9 27.16 36.89 49.25 64.62 74.47 89.79 30.92 37.65 36.66 41.18 
18.69 9.79 11.15 0 21 25.3 31.45 33.99 46.37 55.56 65.45 80.83 20.17 26.19 27.52 32.09 
7.95 0 21.37 10.66 34.05 39.96 44.86 41.85 53.94 57.62 65.09 80.83 9.43 14.71 26.16 37.02 
30.03 20.82 0 10.9 13 17.9 27.16 36.89 49.25 64.62 74.47 89.79 30.92 37.65 36.66 41.18 
18.69 9.79 11.15 0 21 25.3 31.45 33.99 46.37 55.56 65.45 80.83 20.17 26.19 27.52 32.09 
39.73 28.72 9.83 20.71 0 10.53 28.54 37.4 49.76 71.24 81.08 96.38 39.22 45.92 44.27 44.85 
44.31 36.79 18.79 25.46 10.88 0 14.11 31.92 46.23 67.71 77.56 92.88 44.33 49.64 40.7 41.31 
48.7 42.38 28.72 33.14 25.32 13.96 0 16.48 31.78 60.93 71.17 86.5 48.72 54.03 42.74 30.54 
48.04 39.39 39.48 34.05 37.8 30.59 16.47 0 15.69 50.49 60.77 76.16 47.09 53.37 34.58 22.31 
39.73 28.72 9.83 20.71 0 10.53 28.54 37.4 49.76 71.24 81.08 96.38 39.22 45.92 44.27 44.85 
44.31 36.79 18.79 25.46 10.88 0 14.11 31.92 46.23 67.71 77.56 92.88 44.33 49.64 40.7 41.31 
Dimension>31
Bandera>10
Fitness Greedy Costo>398.25
Solucion Greedy Costo>13 0 12 0 1 3 2 4 0 14 15 16 8 0 5 6 7 9 0 10 11 0 0 0 0 0 0 0 0 0 0 
Linea Vacia>
Dimension>31
Dimension>31
Dimension>31
Bandera>10
Fitness Greedy Costo>398.25
Solucion Greedy Costo>13 0 12 0 1 3 2 4 0 14 15 16 8 0 5 6 7 9 0 10 11 0 0 0 0 0 0 0 0 0 0 
Linea Vacia>
57.93 50.42 51.71 46.31 50.04 46.45 31.74 15.91 0 46.31 56.6 72.02 57.95 63.23 34.59 21.58 
59.36 56.1 69.7 58.33 72.59 69.27 61.52 51.95 46.27 0 10.86 26.49 53 62.83 31.56 29.8 
72.73 65.03 78.59 67.27 82.18 78.18 71.75 62.22 56.56 10.43 0 16.46 61.94 71.76 40.56 40.15 
81.79 78.14 90.01 78.74 93.58 89.6 83.3 73.69 68.07 22.14 14.22 0 73.42 80.81 52.15 51.73 
48.7 42.38 28.72 33.14 25.32 13.96 0 16.48 31.78 60.93 71.17 86.5 48.72 54.03 42.74 30.54 
48.04 39.39 39.48 34.05 37.8 30.59 16.47 0 15.69 50.49 60.77 76.16 47.09 53.37 34.58 22.31 
57.93 50.42 51.71 46.31 50.04 46.45 31.74 15.91 0 46.31 56.6 72.02 57.95 63.23 34.59 21.58 
Bandera>10
Fitness Greedy Costo>398.25
Solucion Greedy Costo>13 0 12 0 1 3 2 4 0 14 15 16 8 0 5 6 7 9 0 10 11 0 0 0 0 0 0 0 0 0 0 
Linea Vacia>
Bandera>10
Fitness Greedy Costo>398.25
Solucion Greedy Costo>13 0 12 0 1 3 2 4 0 14 15 16 8 0 5 6 7 9 0 10 11 0 0 0 0 0 0 0 0 0 0 
Linea Vacia>
8.28 13.25 32.29 22.86 41.52 45.98 50.43 46.99 57.78 53.5 63.89 76.99 0 7.15 22 35.45 
5.17 13.3 32.47 22.84 44.6 48.19 54.92 52.42 63.57 58.26 70.74 83.47 7.62 0 27.8 40.33 
29.92 26.62 41.39 29.89 44.44 41.61 40.19 33.91 35.13 30.96 40.92 56.41 23.42 27.89 0 13.93 
43.5 34.87 43.41 31.93 43.1 40.3 33.48 22.99 21.62 29.92 40.27 55.76 35.44 44.24 13.97 0 
59.36 56.1 69.7 58.33 72.59 69.27 61.52 51.95 46.27 0 10.86 26.49 53 62.83 31.56 29.8 
72.73 65.03 78.59 67.27 82.18 78.18 71.75 62.22 56.56 10.43 0 16.46 61.94 71.76 40.56 40.15 
81.79 78.14 90.01 78.74 93.58 89.6 83.3 73.69 68.07 22.14 14.22 0 73.42 80.81 52.15 51.73 
Matriz de Costos>
0 9.1 33.66 19.85 40.82 44.42 49.32 48.66 60.09 60.99 69.92 82.99 7.52 6.92 30.8 43.31 
7.95 0 21.37 10.66 34.05 39.96 44.86 41.85 53.94 57.62 65.09 80.83 9.43 14.71 26.16 37.02 
30.03 20.82 0 10.9 13 17.9 27.16 36.89 49.25 64.62 74.47 89.79 30.92 37.65 36.66 41.18 
18.69 9.79 11.15 0 21 25.3 31.45 33.99 46.37 55.56 65.45 80.83 20.17 26.19 27.52 32.09 
8.28 13.25 32.29 22.86 41.52 45.98 50.43 46.99 57.78 53.5 63.89 76.99 0 7.15 22 35.45 
5.17 13.3 32.47 22.84 44.6 48.19 54.92 52.42 63.57 58.26 70.74 83.47 7.62 0 27.8 40.33 
39.73 28.72 9.83 20.71 0 10.53 28.54 37.4 49.76 71.24 81.08 96.38 39.22 45.92 44.27 44.85 
44.31 36.79 18.79 25.46 10.88 0 14.11 31.92 46.23 67.71 77.56 92.88 44.33 49.64 40.7 41.31 
48.7 42.38 28.72 33.14 25.32 13.96 0 16.48 31.78 60.93 71.17 86.5 48.72 54.03 42.74 30.54 
48.04 39.39 39.48 34.05 37.8 30.59 16.47 0 15.69 50.49 60.77 76.16 47.09 53.37 34.58 22.31 
Matriz de Costos>
0 9.1 33.66 19.85 40.82 44.42 49.32 48.66 60.09 60.99 69.92 82.99 7.52 6.92 30.8 43.31 
7.95 0 21.37 10.66 34.05 39.96 44.86 41.85 53.94 57.62 65.09 80.83 9.43 14.71 26.16 37.02 
30.03 20.82 0 10.9 13 17.9 27.16 36.89 49.25 64.62 74.47 89.79 30.92 37.65 36.66 41.18 
29.92 26.62 41.39 29.89 44.44 41.61 40.19 33.91 35.13 30.96 40.92 56.41 23.42 27.89 0 13.93 
43.5 34.87 43.41 31.93 43.1 40.3 33.48 22.99 21.62 29.92 40.27 55.76 35.44 44.24 13.97 0 
57.93 50.42 51.71 46.31 50.04 46.45 31.74 15.91 0 46.31 56.6 72.02 57.95 63.23 34.59 21.58 
59.36 56.1 69.7 58.33 72.59 69.27 61.52 51.95 46.27 0 10.86 26.49 53 62.83 31.56 29.8 
72.73 65.03 78.59 67.27 82.18 78.18 71.75 62.22 56.56 10.43 0 16.46 61.94 71.76 40.56 40.15 
81.79 78.14 90.01 78.74 93.58 89.6 83.3 73.69 68.07 22.14 14.22 0 73.42 80.81 52.15 51.73 
Matriz de Costos>
0 9.1 33.66 19.85 40.82 44.42 49.32 48.66 60.09 60.99 69.92 82.99 7.52 6.92 30.8 43.31 
7.95 0 21.37 10.66 34.05 39.96 44.86 41.85 53.94 57.62 65.09 80.83 9.43 14.71 26.16 37.02 
30.03 20.82 0 10.9 13 17.9 27.16 36.89 49.25 64.62 74.47 89.79 30.92 37.65 36.66 41.18 
18.69 9.79 11.15 0 21 25.3 31.45 33.99 46.37 55.56 65.45 80.83 20.17 26.19 27.52 32.09 
Matriz de Costos>
0 9.1 33.66 19.85 40.82 44.42 49.32 48.66 60.09 60.99 69.92 82.99 7.52 6.92 30.8 43.31 
7.95 0 21.37 10.66 34.05 39.96 44.86 41.85 53.94 57.62 65.09 80.83 9.43 14.71 26.16 37.02 
30.03 20.82 0 10.9 13 17.9 27.16 36.89 49.25 64.62 74.47 89.79 30.92 37.65 36.66 41.18 
18.69 9.79 11.15 0 21 25.3 31.45 33.99 46.37 55.56 65.45 80.83 20.17 26.19 27.52 32.09 
8.28 13.25 32.29 22.86 41.52 45.98 50.43 46.99 57.78 53.5 63.89 76.99 0 7.15 22 35.45 
5.17 13.3 32.47 22.84 44.6 48.19 54.92 52.42 63.57 58.26 70.74 83.47 7.62 0 27.8 40.33 
29.92 26.62 41.39 29.89 44.44 41.61 40.19 33.91 35.13 30.96 40.92 56.41 23.42 27.89 0 13.93 
43.5 34.87 43.41 31.93 43.1 40.3 33.48 22.99 21.62 29.92 40.27 55.76 35.44 44.24 13.97 0 
39.73 28.72 9.83 20.71 0 10.53 28.54 37.4 49.76 71.24 81.08 96.38 39.22 45.92 44.27 44.85 
44.31 36.79 18.79 25.46 10.88 0 14.11 31.92 46.23 67.71 77.56 92.88 44.33 49.64 40.7 41.31 
39.73 28.72 9.83 20.71 0 10.53 28.54 37.4 49.76 71.24 81.08 96.38 39.22 45.92 44.27 44.85 
44.31 36.79 18.79 25.46 10.88 0 14.11 31.92 46.23 67.71 77.56 92.88 44.33 49.64 40.7 41.31 
48.7 42.38 28.72 33.14 25.32 13.96 0 16.48 31.78 60.93 71.17 86.5 48.72 54.03 42.74 30.54 
18.69 9.79 11.15 0 21 25.3 31.45 33.99 46.37 55.56 65.45 80.83 20.17 26.19 27.52 32.09 
39.73 28.72 9.83 20.71 0 10.53 28.54 37.4 49.76 71.24 81.08 96.38 39.22 45.92 44.27 44.85 
44.31 36.79 18.79 25.46 10.88 0 14.11 31.92 46.23 67.71 77.56 92.88 44.33 49.64 40.7 41.31 
48.7 42.38 28.72 33.14 25.32 13.96 0 16.48 31.78 60.93 71.17 86.5 48.72 54.03 42.74 30.54 
48.04 39.39 39.48 34.05 37.8 30.59 16.47 0 15.69 50.49 60.77 76.16 47.09 53.37 34.58 22.31 
57.93 50.42 51.71 46.31 50.04 46.45 31.74 15.91 0 46.31 56.6 72.02 57.95 63.23 34.59 21.58 
48.7 42.38 28.72 33.14 25.32 13.96 0 16.48 31.78 60.93 71.17 86.5 48.72 54.03 42.74 30.54 
48.04 39.39 39.48 34.05 37.8 30.59 16.47 0 15.69 50.49 60.77 76.16 47.09 53.37 34.58 22.31 
57.93 50.42 51.71 46.31 50.04 46.45 31.74 15.91 0 46.31 56.6 72.02 57.95 63.23 34.59 21.58 
59.36 56.1 69.7 58.33 72.59 69.27 61.52 51.95 46.27 0 10.86 26.49 53 62.83 31.56 29.8 
48.04 39.39 39.48 34.05 37.8 30.59 16.47 0 15.69 50.49 60.77 76.16 47.09 53.37 34.58 22.31 
57.93 50.42 51.71 46.31 50.04 46.45 31.74 15.91 0 46.31 56.6 72.02 57.95 63.23 34.59 21.58 
59.36 56.1 69.7 58.33 72.59 69.27 61.52 51.95 46.27 0 10.86 26.49 53 62.83 31.56 29.8 
72.73 65.03 78.59 67.27 82.18 78.18 71.75 62.22 56.56 10.43 0 16.46 61.94 71.76 40.56 40.15 
59.36 56.1 69.7 58.33 72.59 69.27 61.52 51.95 46.27 0 10.86 26.49 53 62.83 31.56 29.8 
72.73 65.03 78.59 67.27 82.18 78.18 71.75 62.22 56.56 10.43 0 16.46 61.94 71.76 40.56 40.15 
81.79 78.14 90.01 78.74 93.58 89.6 83.3 73.69 68.07 22.14 14.22 0 73.42 80.81 52.15 51.73 
8.28 13.25 32.29 22.86 41.52 45.98 50.43 46.99 57.78 53.5 63.89 76.99 0 7.15 22 35.45 
5.17 13.3 32.47 22.84 44.6 48.19 54.92 52.42 63.57 58.26 70.74 83.47 7.62 0 27.8 40.33 
72.73 65.03 78.59 67.27 82.18 78.18 71.75 62.22 56.56 10.43 0 16.46 61.94 71.76 40.56 40.15 
81.79 78.14 90.01 78.74 93.58 89.6 83.3 73.69 68.07 22.14 14.22 0 73.42 80.81 52.15 51.73 
8.28 13.25 32.29 22.86 41.52 45.98 50.43 46.99 57.78 53.5 63.89 76.99 0 7.15 22 35.45 
81.79 78.14 90.01 78.74 93.58 89.6 83.3 73.69 68.07 22.14 14.22 0 73.42 80.81 52.15 51.73 
8.28 13.25 32.29 22.86 41.52 45.98 50.43 46.99 57.78 53.5 63.89 76.99 0 7.15 22 35.45 
5.17 13.3 32.47 22.84 44.6 48.19 54.92 52.42 63.57 58.26 70.74 83.47 7.62 0 27.8 40.33 
29.92 26.62 41.39 29.89 44.44 41.61 40.19 33.91 35.13 30.96 40.92 56.41 23.42 27.89 0 13.93 
43.5 34.87 43.41 31.93 43.1 40.3 33.48 22.99 21.62 29.92 40.27 55.76 35.44 44.24 13.97 0 
5.17 13.3 32.47 22.84 44.6 48.19 54.92 52.42 63.57 58.26 70.74 83.47 7.62 0 27.8 40.33 
29.92 26.62 41.39 29.89 44.44 41.61 40.19 33.91 35.13 30.96 40.92 56.41 23.42 27.89 0 13.93 
43.5 34.87 43.41 31.93 43.1 40.3 33.48 22.99 21.62 29.92 40.27 55.76 35.44 44.24 13.97 0 
29.92 26.62 41.39 29.89 44.44 41.61 40.19 33.91 35.13 30.96 40.92 56.41 23.42 27.89 0 13.93 
43.5 34.87 43.41 31.93 43.1 40.3 33.48 22.99 21.62 29.92 40.27 55.76 35.44 44.24 13.97 0 
Dimension>31
Bandera>10
Fitness Greedy Costo>398.25
Solucion Greedy Costo>13 0 12 0 1 3 2 4 0 14 15 16 8 0 5 6 7 9 0 10 11 0 0 0 0 0 0 0 0 0 0 
Linea Vacia>
Dimension>31
Bandera>10
Fitness Greedy Costo>398.25
Solucion Greedy Costo>13 0 12 0 1 3 2 4 0 14 15 16 8 0 5 6 7 9 0 10 11 0 0 0 0 0 0 0 0 0 0 
Linea Vacia>
Matriz de Costos>
0 9.1 33.66 19.85 40.82 44.42 49.32 48.66 60.09 60.99 69.92 82.99 7.52 6.92 30.8 43.31 
7.95 0 21.37 10.66 34.05 39.96 44.86 41.85 53.94 57.62 65.09 80.83 9.43 14.71 26.16 37.02 
30.03 20.82 0 10.9 13 17.9 27.16 36.89 49.25 64.62 74.47 89.79 30.92 37.65 36.66 41.18 
18.69 9.79 11.15 0 21 25.3 31.45 33.99 46.37 55.56 65.45 80.83 20.17 26.19 27.52 32.09 
39.73 28.72 9.83 20.71 0 10.53 28.54 37.4 49.76 71.24 81.08 96.38 39.22 45.92 44.27 44.85 
44.31 36.79 18.79 25.46 10.88 0 14.11 31.92 46.23 67.71 77.56 92.88 44.33 49.64 40.7 41.31 
Matriz de Costos>
0 9.1 33.66 19.85 40.82 44.42 49.32 48.66 60.09 60.99 69.92 82.99 7.52 6.92 30.8 43.31 
7.95 0 21.37 10.66 34.05 39.96 44.86 41.85 53.94 57.62 65.09 80.83 9.43 14.71 26.16 37.02 
48.7 42.38 28.72 33.14 25.32 13.96 0 16.48 31.78 60.93 71.17 86.5 48.72 54.03 42.74 30.54 
48.04 39.39 39.48 34.05 37.8 30.59 16.47 0 15.69 50.49 60.77 76.16 47.09 53.37 34.58 22.31 
57.93 50.42 51.71 46.31 50.04 46.45 31.74 15.91 0 46.31 56.6 72.02 57.95 63.23 34.59 21.58 
59.36 56.1 69.7 58.33 72.59 69.27 61.52 51.95 46.27 0 10.86 26.49 53 62.83 31.56 29.8 
72.73 65.03 78.59 67.27 82.18 78.18 71.75 62.22 56.56 10.43 0 16.46 61.94 71.76 40.56 40.15 
81.79 78.14 90.01 78.74 93.58 89.6 83.3 73.69 68.07 22.14 14.22 0 73.42 80.81 52.15 51.73 
30.03 20.82 0 10.9 13 17.9 27.16 36.89 49.25 64.62 74.47 89.79 30.92 37.65 36.66 41.18 
18.69 9.79 11.15 0 21 25.3 31.45 33.99 46.37 55.56 65.45 80.83 20.17 26.19 27.52 32.09 
39.73 28.72 9.83 20.71 0 10.53 28.54 37.4 49.76 71.24 81.08 96.38 39.22 45.92 44.27 44.85 
Dimension>31
8.28 13.25 32.29 22.86 41.52 45.98 50.43 46.99 57.78 53.5 63.89 76.99 0 7.15 22 35.45 
5.17 13.3 32.47 22.84 44.6 48.19 54.92 52.42 63.57 58.26 70.74 83.47 7.62 0 27.8 40.33 
29.92 26.62 41.39 29.89 44.44 41.61 40.19 33.91 35.13 30.96 40.92 56.41 23.42 27.89 0 13.93 
44.31 36.79 18.79 25.46 10.88 0 14.11 31.92 46.23 67.71 77.56 92.88 44.33 49.64 40.7 41.31 
48.7 42.38 28.72 33.14 25.32 13.96 0 16.48 31.78 60.93 71.17 86.5 48.72 54.03 42.74 30.54 
48.04 39.39 39.48 34.05 37.8 30.59 16.47 0 15.69 50.49 60.77 76.16 47.09 53.37 34.58 22.31 
57.93 50.42 51.71 46.31 50.04 46.45 31.74 15.91 0 46.31 56.6 72.02 57.95 63.23 34.59 21.58 
Bandera>10
Fitness Greedy Costo>398.25
Solucion Greedy Costo>13 0 12 0 1 3 2 4 0 14 15 16 8 0 5 6 7 9 0 10 11 0 0 0 0 0 0 0 0 0 0 
Linea Vacia>
43.5 34.87 43.41 31.93 43.1 40.3 33.48 22.99 21.62 29.92 40.27 55.76 35.44 44.24 13.97 0 
59.36 56.1 69.7 58.33 72.59 69.27 61.52 51.95 46.27 0 10.86 26.49 53 62.83 31.56 29.8 
72.73 65.03 78.59 67.27 82.18 78.18 71.75 62.22 56.56 10.43 0 16.46 61.94 71.76 40.56 40.15 
81.79 78.14 90.01 78.74 93.58 89.6 83.3 73.69 68.07 22.14 14.22 0 73.42 80.81 52.15 51.73 
Dimension>31
8.28 13.25 32.29 22.86 41.52 45.98 50.43 46.99 57.78 53.5 63.89 76.99 0 7.15 22 35.45 
5.17 13.3 32.47 22.84 44.6 48.19 54.92 52.42 63.57 58.26 70.74 83.47 7.62 0 27.8 40.33 
29.92 26.62 41.39 29.89 44.44 41.61 40.19 33.91 35.13 30.96 40.92 56.41 23.42 27.89 0 13.93 
43.5 34.87 43.41 31.93 43.1 40.3 33.48 22.99 21.62 29.92 40.27 55.76 35.44 44.24 13.97 0 
Bandera>10
Fitness Greedy Costo>398.25
Solucion Greedy Costo>13 0 12 0 1 3 2 4 0 14 15 16 8 0 5 6 7 9 0 10 11 0 0 0 0 0 0 0 0 0 0 
Linea Vacia>
Dimension>31
Bandera>10
Fitness Greedy Costo>398.25
Matriz de Costos>
0 9.1 33.66 19.85 40.82 44.42 49.32 48.66 60.09 60.99 69.92 82.99 7.52 6.92 30.8 43.31 
7.95 0 21.37 10.66 34.05 39.96 44.86 41.85 53.94 57.62 65.09 80.83 9.43 14.71 26.16 37.02 
Solucion Greedy Costo>13 0 12 0 1 3 2 4 0 14 15 16 8 0 5 6 7 9 0 10 11 0 0 0 0 0 0 0 0 0 0 
Linea Vacia>
30.03 20.82 0 10.9 13 17.9 27.16 36.89 49.25 64.62 74.47 89.79 30.92 37.65 36.66 41.18 
18.69 9.79 11.15 0 21 25.3 31.45 33.99 46.37 55.56 65.45 80.83 20.17 26.19 27.52 32.09 
39.73 28.72 9.83 20.71 0 10.53 28.54 37.4 49.76 71.24 81.08 96.38 39.22 45.92 44.27 44.85 
Matriz de Costos>
0 9.1 33.66 19.85 40.82 44.42 49.32 48.66 60.09 60.99 69.92 82.99 7.52 6.92 30.8 43.31 
Matriz de Costos>
0 9.1 33.66 19.85 40.82 44.42 49.32 48.66 60.09 60.99 69.92 82.99 7.52 6.92 30.8 43.31 
7.95 0 21.37 10.66 34.05 39.96 44.86 41.85 53.94 57.62 65.09 80.83 9.43 14.71 26.16 37.02 
30.03 20.82 0 10.9 13 17.9 27.16 36.89 49.25 64.62 74.47 89.79 30.92 37.65 36.66 41.18 
44.31 36.79 18.79 25.46 10.88 0 14.11 31.92 46.23 67.71 77.56 92.88 44.33 49.64 40.7 41.31 
48.7 42.38 28.72 33.14 25.32 13.96 0 16.48 31.78 60.93 71.17 86.5 48.72 54.03 42.74 30.54 
48.04 39.39 39.48 34.05 37.8 30.59 16.47 0 15.69 50.49 60.77 76.16 47.09 53.37 34.58 22.31 
7.95 0 21.37 10.66 34.05 39.96 44.86 41.85 53.94 57.62 65.09 80.83 9.43 14.71 26.16 37.02 
30.03 20.82 0 10.9 13 17.9 27.16 36.89 49.25 64.62 74.47 89.79 30.92 37.65 36.66 41.18 
18.69 9.79 11.15 0 21 25.3 31.45 33.99 46.37 55.56 65.45 80.83 20.17 26.19 27.52 32.09 
18.69 9.79 11.15 0 21 25.3 31.45 33.99 46.37 55.56 65.45 80.83 20.17 26.19 27.52 32.09 
39.73 28.72 9.83 20.71 0 10.53 28.54 37.4 49.76 71.24 81.08 96.38 39.22 45.92 44.27 44.85 
44.31 36.79 18.79 25.46 10.88 0 14.11 31.92 46.23 67.71 77.56 92.88 44.33 49.64 40.7 41.31 
48.7 42.38 28.72 33.14 25.32 13.96 0 16.48 31.78 60.93 71.17 86.5 48.72 54.03 42.74 30.54 
48.04 39.39 39.48 34.05 37.8 30.59 16.47 0 15.69 50.49 60.77 76.16 47.09 53.37 34.58 22.31 
57.93 50.42 51.71 46.31 50.04 46.45 31.74 15.91 0 46.31 56.6 72.02 57.95 63.23 34.59 21.58 
59.36 56.1 69.7 58.33 72.59 69.27 61.52 51.95 46.27 0 10.86 26.49 53 62.83 31.56 29.8 
72.73 65.03 78.59 67.27 82.18 78.18 71.75 62.22 56.56 10.43 0 16.46 61.94 71.76 40.56 40.15 
39.73 28.72 9.83 20.71 0 10.53 28.54 37.4 49.76 71.24 81.08 96.38 39.22 45.92 44.27 44.85 
44.31 36.79 18.79 25.46 10.88 0 14.11 31.92 46.23 67.71 77.56 92.88 44.33 49.64 40.7 41.31 
48.7 42.38 28.72 33.14 25.32 13.96 0 16.48 31.78 60.93 71.17 86.5 48.72 54.03 42.74 30.54 
57.93 50.42 51.71 46.31 50.04 46.45 31.74 15.91 0 46.31 56.6 72.02 57.95 63.23 34.59 21.58 
59.36 56.1 69.7 58.33 72.59 69.27 61.52 51.95 46.27 0 10.86 26.49 53 62.83 31.56 29.8 
72.73 65.03 78.59 67.27 82.18 78.18 71.75 62.22 56.56 10.43 0 16.46 61.94 71.76 40.56 40.15 
81.79 78.14 90.01 78.74 93.58 89.6 83.3 73.69 68.07 22.14 14.22 0 73.42 80.81 52.15 51.73 
48.04 39.39 39.48 34.05 37.8 30.59 16.47 0 15.69 50.49 60.77 76.16 47.09 53.37 34.58 22.31 
57.93 50.42 51.71 46.31 50.04 46.45 31.74 15.91 0 46.31 56.6 72.02 57.95 63.23 34.59 21.58 
8.28 13.25 32.29 22.86 41.52 45.98 50.43 46.99 57.78 53.5 63.89 76.99 0 7.15 22 35.45 
5.17 13.3 32.47 22.84 44.6 48.19 54.92 52.42 63.57 58.26 70.74 83.47 7.62 0 27.8 40.33 
29.92 26.62 41.39 29.89 44.44 41.61 40.19 33.91 35.13 30.96 40.92 56.41 23.42 27.89 0 13.93 
81.79 78.14 90.01 78.74 93.58 89.6 83.3 73.69 68.07 22.14 14.22 0 73.42 80.81 52.15 51.73 
8.28 13.25 32.29 22.86 41.52 45.98 50.43 46.99 57.78 53.5 63.89 76.99 0 7.15 22 35.45 
5.17 13.3 32.47 22.84 44.6 48.19 54.92 52.42 63.57 58.26 70.74 83.47 7.62 0 27.8 40.33 
29.92 26.62 41.39 29.89 44.44 41.61 40.19 33.91 35.13 30.96 40.92 56.41 23.42 27.89 0 13.93 
59.36 56.1 69.7 58.33 72.59 69.27 61.52 51.95 46.27 0 10.86 26.49 53 62.83 31.56 29.8 
72.73 65.03 78.59 67.27 82.18 78.18 71.75 62.22 56.56 10.43 0 16.46 61.94 71.76 40.56 40.15 
43.5 34.87 43.41 31.93 43.1 40.3 33.48 22.99 21.62 29.92 40.27 55.76 35.44 44.24 13.97 0 
43.5 34.87 43.41 31.93 43.1 40.3 33.48 22.99 21.62 29.92 40.27 55.76 35.44 44.24 13.97 0 
81.79 78.14 90.01 78.74 93.58 89.6 83.3 73.69 68.07 22.14 14.22 0 73.42 80.81 52.15 51.73 
8.28 13.25 32.29 22.86 41.52 45.98 50.43 46.99 57.78 53.5 63.89 76.99 0 7.15 22 35.45 
5.17 13.3 32.47 22.84 44.6 48.19 54.92 52.42 63.57 58.26 70.74 83.47 7.62 0 27.8 40.33 
29.92 26.62 41.39 29.89 44.44 41.61 40.19 33.91 35.13 30.96 40.92 56.41 23.42 27.89 0 13.93 
43.5 34.87 43.41 31.93 43.1 40.3 33.48 22.99 21.62 29.92 40.27 55.76 35.44 44.24 13.97 0 
Dimension>31
Dimension>31
Bandera>10
Bandera>10
Fitness Greedy Costo>398.25
Fitness Greedy Costo>398.25
Solucion Greedy Costo>13 0 12 0 1 3 2 4 0 14 15 16 8 0 5 6 7 9 0 10 11 0 0 0 0 0 0 0 0 0 0 
Linea Vacia>
Solucion Greedy Costo>13 0 12 0 1 3 2 4 0 14 15 16 8 0 5 6 7 9 0 10 11 0 0 0 0 0 0 0 0 0 0 
Linea Vacia>
Matriz de Costos>
0 9.1 33.66 19.85 40.82 44.42 49.32 48.66 60.09 60.99 69.92 82.99 7.52 6.92 30.8 43.31 
7.95 0 21.37 10.66 34.05 39.96 44.86 41.85 53.94 57.62 65.09 80.83 9.43 14.71 26.16 37.02 
Matriz de Costos>
0 9.1 33.66 19.85 40.82 44.42 49.32 48.66 60.09 60.99 69.92 82.99 7.52 6.92 30.8 43.31 
30.03 20.82 0 10.9 13 17.9 27.16 36.89 49.25 64.62 74.47 89.79 30.92 37.65 36.66 41.18 
18.69 9.79 11.15 0 21 25.3 31.45 33.99 46.37 55.56 65.45 80.83 20.17 26.19 27.52 32.09 
39.73 28.72 9.83 20.71 0 10.53 28.54 37.4 49.76 71.24 81.08 96.38 39.22 45.92 44.27 44.85 
7.95 0 21.37 10.66 34.05 39.96 44.86 41.85 53.94 57.62 65.09 80.83 9.43 14.71 26.16 37.02 
30.03 20.82 0 10.9 13 17.9 27.16 36.89 49.25 64.62 74.47 89.79 30.92 37.65 36.66 41.18 
18.69 9.79 11.15 0 21 25.3 31.45 33.99 46.37 55.56 65.45 80.83 20.17 26.19 27.52 32.09 
44.31 36.79 18.79 25.46 10.88 0 14.11 31.92 46.23 67.71 77.56 92.88 44.33 49.64 40.7 41.31 
48.7 42.38 28.72 33.14 25.32 13.96 0 16.48 31.78 60.93 71.17 86.5 48.72 54.03 42.74 30.54 
39.73 28.72 9.83 20.71 0 10.53 28.54 37.4 49.76 71.24 81.08 96.38 39.22 45.92 44.27 44.85 
44.31 36.79 18.79 25.46 10.88 0 14.11 31.92 46.23 67.71 77.56 92.88 44.33 49.64 40.7 41.31 
48.04 39.39 39.48 34.05 37.8 30.59 16.47 0 15.69 50.49 60.77 76.16 47.09 53.37 34.58 22.31 
57.93 50.42 51.71 46.31 50.04 46.45 31.74 15.91 0 46.31 56.6 72.02 57.95 63.23 34.59 21.58 
48.7 42.38 28.72 33.14 25.32 13.96 0 16.48 31.78 60.93 71.17 86.5 48.72 54.03 42.74 30.54 
48.04 39.39 39.48 34.05 37.8 30.59 16.47 0 15.69 50.49 60.77 76.16 47.09 53.37 34.58 22.31 
59.36 56.1 69.7 58.33 72.59 69.27 61.52 51.95 46.27 0 10.86 26.49 53 62.83 31.56 29.8 
72.73 65.03 78.59 67.27 82.18 78.18 71.75 62.22 56.56 10.43 0 16.46 61.94 71.76 40.56 40.15 
57.93 50.42 51.71 46.31 50.04 46.45 31.74 15.91 0 46.31 56.6 72.02 57.95 63.23 34.59 21.58 
59.36 56.1 69.7 58.33 72.59 69.27 61.52 51.95 46.27 0 10.86 26.49 53 62.83 31.56 29.8 
81.79 78.14 90.01 78.74 93.58 89.6 83.3 73.69 68.07 22.14 14.22 0 73.42 80.81 52.15 51.73 
8.28 13.25 32.29 22.86 41.52 45.98 50.43 46.99 57.78 53.5 63.89 76.99 0 7.15 22 35.45 
72.73 65.03 78.59 67.27 82.18 78.18 71.75 62.22 56.56 10.43 0 16.46 61.94 71.76 40.56 40.15 
81.79 78.14 90.01 78.74 93.58 89.6 83.3 73.69 68.07 22.14 14.22 0 73.42 80.81 52.15 51.73 
5.17 13.3 32.47 22.84 44.6 48.19 54.92 52.42 63.57 58.26 70.74 83.47 7.62 0 27.8 40.33 
29.92 26.62 41.39 29.89 44.44 41.61 40.19 33.91 35.13 30.96 40.92 56.41 23.42 27.89 0 13.93 
43.5 34.87 43.41 31.93 43.1 40.3 33.48 22.99 21.62 29.92 40.27 55.76 35.44 44.24 13.97 0 
8.28 13.25 32.29 22.86 41.52 45.98 50.43 46.99 57.78 53.5 63.89 76.99 0 7.15 22 35.45 
5.17 13.3 32.47 22.84 44.6 48.19 54.92 52.42 63.57 58.26 70.74 83.47 7.62 0 27.8 40.33 
29.92 26.62 41.39 29.89 44.44 41.61 40.19 33.91 35.13 30.96 40.92 56.41 23.42 27.89 0 13.93 
43.5 34.87 43.41 31.93 43.1 40.3 33.48 22.99 21.62 29.92 40.27 55.76 35.44 44.24 13.97 0 
Dimension>31
Bandera>10
Fitness Greedy Costo>398.25
Solucion Greedy Costo>13 0 12 0 1 3 2 4 0 14 15 16 8 0 5 6 7 9 0 10 11 0 0 0 0 0 0 0 0 0 0 
Linea Vacia>
Matriz de Costos>
0 9.1 33.66 19.85 40.82 44.42 49.32 48.66 60.09 60.99 69.92 82.99 7.52 6.92 30.8 43.31 
7.95 0 21.37 10.66 34.05 39.96 44.86 41.85 53.94 57.62 65.09 80.83 9.43 14.71 26.16 37.02 
30.03 20.82 0 10.9 13 17.9 27.16 36.89 49.25 64.62 74.47 89.79 30.92 37.65 36.66 41.18 
18.69 9.79 11.15 0 21 25.3 31.45 33.99 46.37 55.56 65.45 80.83 20.17 26.19 27.52 32.09 
39.73 28.72 9.83 20.71 0 10.53 28.54 37.4 49.76 71.24 81.08 96.38 39.22 45.92 44.27 44.85 
44.31 36.79 18.79 25.46 10.88 0 14.11 31.92 46.23 67.71 77.56 92.88 44.33 49.64 40.7 41.31 
48.7 42.38 28.72 33.14 25.32 13.96 0 16.48 31.78 60.93 71.17 86.5 48.72 54.03 42.74 30.54 
48.04 39.39 39.48 34.05 37.8 30.59 16.47 0 15.69 50.49 60.77 76.16 47.09 53.37 34.58 22.31 
57.93 50.42 51.71 46.31 50.04 46.45 31.74 15.91 0 46.31 56.6 72.02 57.95 63.23 34.59 21.58 
59.36 56.1 69.7 58.33 72.59 69.27 61.52 51.95 46.27 0 10.86 26.49 53 62.83 31.56 29.8 
72.73 65.03 78.59 67.27 82.18 78.18 71.75 62.22 56.56 10.43 0 16.46 61.94 71.76 40.56 40.15 
81.79 78.14 90.01 78.74 93.58 89.6 83.3 73.69 68.07 22.14 14.22 0 73.42 80.81 52.15 51.73 
8.28 13.25 32.29 22.86 41.52 45.98 50.43 46.99 57.78 53.5 63.89 76.99 0 7.15 22 35.45 
5.17 13.3 32.47 22.84 44.6 48.19 54.92 52.42 63.57 58.26 70.74 83.47 7.62 0 27.8 40.33 
29.92 26.62 41.39 29.89 44.44 41.61 40.19 33.91 35.13 30.96 40.92 56.41 23.42 27.89 0 13.93 
43.5 34.87 43.41 31.93 43.1 40.3 33.48 22.99 21.62 29.92 40.27 55.76 35.44 44.24 13.97 0 
GEN 0 398.250000
GEN 0 398.250000
GREEDY 0 0.000000
GREEDY 0 0.000000
TIEMPO 0 398.250000
TIEMPO 0 398.250000
GREEDY 5 0.001111
GEN 0 398.250000
GEN 0 398.250000
GREEDY 0 0.000000
GREEDY 0 0.000000
TIEMPO 0 398.250000
TIEMPO 0 398.250000
GEN 0 398.250000
GEN 0 398.250000
GREEDY 0 0.000000
TIEMPO 0 398.250000
GEN 0 398.250000
GREEDY 0 0.000000
TIEMPO 0 398.250000
GREEDY 5 0.006755
GEN 0 398.250000
GREEDY 0 0.000000
GREEDY 10 0.009027
GREEDY 10 0.007235
TIEMPO 0 398.250000
GEN 0 398.250000
GREEDY 0 0.000000
GEN 0 398.250000
GREEDY 0 0.000000
TIEMPO 0 398.250000
TIEMPO 0 398.250000
GREEDY 5 0.001075
GREEDY 5 0.002016
GEN 0 398.250000
GREEDY 0 0.000000
TIEMPO 0 398.250000
GREEDY 0 0.000000
TIEMPO 0 398.250000
GEN 0 398.250000
GREEDY 0 0.000000
GEN 0 398.250000
GREEDY 0 0.000000
TIEMPO 0 398.250000
TIEMPO 0 398.250000
GREEDY 5 0.001128
GREEDY 10 0.001242
GEN 0 398.250000
GREEDY 0 0.000000
TIEMPO 0 398.250000
GREEDY 5 0.000699
GEN 0 388.350000
GREEDY 0 0.000000
TIEMPO 0 388.350000
GREEDY 10 0.007311
GEN 0 398.250000
GREEDY 0 0.000000
TIEMPO 0 398.250000
GEN 0 398.250000
GREEDY 0 0.000000
TIEMPO 0 398.250000
GREEDY 5 0.002799
GREEDY 10 0.002896
GREEDY 5 0.008046
GEN 0 398.250000
GREEDY 0 0.000000
TIEMPO 0 398.250000
GEN 0 398.250000
GREEDY 0 0.000000
TIEMPO 0 398.250000
GREEDY 5 0.003302
GREEDY 5 0.000389
GREEDY 10 0.000505
GREEDY 5 0.003237
GREEDY 10 0.003373
GREEDY 5 0.017527
GREEDY 5 0.022784
GEN 0 369.900000
GREEDY 0 0.000000
TIEMPO 0 369.900000
GREEDY 5 0.024264
GREEDY 5 0.016551
GREEDY 5 0.022112
GREEDY 10 0.022219
GEN 0 398.250000
GREEDY 0 0.000000
TIEMPO 0 398.250000
GREEDY 5 0.000323
GREEDY 10 0.026509
GREEDY 10 0.001729
GEN 0 398.250000
GREEDY 0 0.000000
TIEMPO 0 398.250000
GEN 0 398.250000
GREEDY 0 0.000000
TIEMPO 0 398.250000
GEN 0 398.250000
GREEDY 0 0.000000
TIEMPO 0 398.250000
GREEDY 10 0.021829
GREEDY 5 0.002942
GREEDY 10 0.024247
GREEDY 5 0.002186
GREEDY 5 0.003307
GREEDY 5 0.014574
GREEDY 10 0.014673
GREEDY 10 0.004865
GREEDY 10 0.005750
GREEDY 10 0.027708
GREEDY 10 0.045004
GREEDY 5 0.053539
GREEDY 15 0.051672
GREEDY 10 0.053685
GREEDY 5 0.052920
GREEDY 10 0.044063
GREEDY 5 0.064926
GREEDY 10 0.097541
GREEDY 10 0.084502
GREEDY 10 0.106372
GREEDY 10 0.124397
GREEDY 10 0.125013
GREEDY 15 0.246935
GEN 2500 339.790000
GEN 2500 339.790000
GEN 2500 339.790000
GEN 2500 339.790000
GEN 2500 339.790000
GEN 2500 339.790000
GEN 2500 339.790000
GEN 2500 339.790000
GEN 2500 337.950000
GEN 2500 339.790000
GEN 2500 331.180000
GEN 2500 339.790000
GEN 2500 339.790000
GEN 2500 339.790000
GEN 2500 342.650000
GEN 2500 339.790000
GEN 2500 339.790000
GEN 2500 339.790000
GEN 2500 339.790000
GEN 2500 339.790000
GEN 2500 342.650000
GEN 5000 339.790000
GEN 5000 339.790000
GEN 5000 339.790000
GEN 5000 339.790000
GEN 2500 339.790000
GEN 5000 339.790000
GEN 5000 339.790000
GEN 5000 339.790000
GEN 2500 339.790000
GEN 2500 339.790000
GEN 5000 339.790000
GEN 5000 339.790000
GEN 5000 339.790000
GEN 5000 339.790000
GEN 7500 339.790000
GEN 7500 339.790000
GEN 7500 339.790000
GEN 5000 339.790000
GEN 5000 339.790000
GEN 5000 337.950000
GEN 7500 339.790000
GEN 5000 331.180000
GEN 5000 339.790000
GEN 5000 339.790000
GEN 5000 342.650000
GEN 7500 339.790000
GEN 7500 339.790000
GEN 5000 342.650000
GEN 7500 339.790000
GEN 5000 339.790000
GEN 5000 339.790000
GEN 5000 339.790000
GEN 10000 339.790000
TIEMPO 0.746465 339.790000
GEN 7500 339.790000
GEN 7500 339.790000
GEN 10000 339.790000
TIEMPO 0.759562 339.790000
GEN 7500 339.790000
GEN 7500 339.790000
GEN 5000 339.790000
GEN 5000 339.790000
GEN 7500 339.790000
GEN 7500 339.790000
GEN 7500 337.950000
GEN 7500 339.790000
GEN 7500 342.650000
GEN 10000 339.790000
TIEMPO 0.861096 339.790000
GEN 7500 331.180000
GEN 7500 342.650000
GEN 10000 339.790000
TIEMPO 0.891270 339.790000
GEN 10000 339.790000
TIEMPO 0.906037 339.790000
GEN 7500 339.790000
GEN 10000 339.790000
TIEMPO 0.896455 339.790000
GEN 7500 339.790000
GEN 7500 339.790000
GEN 10000 339.790000
TIEMPO 0.920325 339.790000
GEN 10000 339.790000
TIEMPO 0.948677 339.790000
GEN 10000 339.790000
TIEMPO 0.949107 339.790000
GEN 10000 339.790000
TIEMPO 0.937041 339.790000
GEN 10000 339.790000
TIEMPO 0.964180 339.790000
GEN 7500 339.790000
GEN 7500 339.790000
GEN 10000 339.790000
TIEMPO 0.983643 339.790000
GEN 10000 339.790000
TIEMPO 0.996132 339.790000
TIEMPO 1 337.950000
TIEMPO 1 331.180000
TIEMPO 1 339.790000
TIEMPO 1 342.650000
TIEMPO 1 339.790000
TIEMPO 1 339.790000
GEN 10000 342.650000
TIEMPO 0.987757 342.650000
TIEMPO 1 339.790000
GEN 10000 339.790000
TIEMPO 1.022837 339.790000
TIEMPO 1 339.790000
TIEMPO 1 339.790000
TIEMPO 1 339.790000
GEN 10000 337.950000
TIEMPO 1.045689 337.950000
GEN 10000 331.180000
TIEMPO 1.064903 331.180000
GEN 10000 339.790000
TIEMPO 1.061633 339.790000
GEN 10000 342.650000
TIEMPO 1.084921 342.650000
GEN 7500 339.790000
GEN 10000 339.790000
TIEMPO 1.079458 339.790000
GEN 10000 339.790000
TIEMPO 1.098225 339.790000
GEN 10000 339.790000
TIEMPO 1.136783 339.790000
GEN 10000 339.790000
TIEMPO 1.154001 339.790000
GEN 10000 339.790000
TIEMPO 1.629427 339.790000

 Current State ---------------------------------------------
Solution:  1 3 2 4 0 12 15 16 8 0 5 6 7 0 14 9 10 11 0 13 0 0 0 0 0 0 0 0 0 0 0 Fitness: 331.18

 :( ---------------------- THE END --------------- :) 
