Dimension>31
Bandera>10
Fitness Greedy Costo>398.25
Solucion Greedy Costo>13 0 12 0 1 3 2 4 0 14 15 16 8 0 5 6 7 9 0 10 11 0 0 0 0 0 0 0 0 0 0 
Linea Vacia>
Matriz de Costos>
0 9.1 33.66 19.85 40.82 44.42 49.32 48.66 60.09 60.99 69.92 82.99 7.52 6.92 30.8 43.31 
7.95 0 21.37 10.66 34.05 39.96 44.86 41.85 53.94 57.62 65.09 80.83 9.43 14.71 26.16 37.02 
30.03 20.82 0 10.9 13 17.9 27.16 36.89 49.25 64.62 74.47 89.79 30.92 37.65 36.66 41.18 
18.69 9.79 11.15 0 21 25.3 31.45 33.99 46.37 55.56 65.45 80.83 20.17 26.19 27.52 32.09 
39.73 28.72 9.83 20.71 0 10.53 28.54 37.4 49.76 71.24 81.08 96.38 39.22 45.92 44.27 44.85 
44.31 36.79 18.79 25.46 10.88 0 14.11 31.92 46.23 67.71 77.56 92.88 44.33 49.64 40.7 41.31 
48.7 42.38 28.72 33.14 25.32 13.96 0 16.48 31.78 60.93 71.17 86.5 48.72 54.03 42.74 30.54 
48.04 39.39 39.48 34.05 37.8 30.59 16.47 0 15.69 50.49 60.77 76.16 47.09 53.37 34.58 22.31 
57.93 50.42 51.71 46.31 50.04 46.45 31.74 15.91 0 46.31 56.6 72.02 57.95 63.23 34.59 21.58 
59.36 56.1 69.7 58.33 72.59 69.27 61.52 51.95 46.27 0 10.86 26.49 53 62.83 31.56 29.8 
72.73 65.03 78.59 67.27 82.18 78.18 71.75 62.22 56.56 10.43 0 16.46 61.94 71.76 40.56 40.15 
81.79 78.14 90.01 78.74 93.58 89.6 83.3 73.69 68.07 22.14 14.22 0 73.42 80.81 52.15 51.73 
8.28 13.25 32.29 22.86 41.52 45.98 50.43 46.99 57.78 53.5 63.89 76.99 0 7.15 22 35.45 
5.17 13.3 32.47 22.84 44.6 48.19 54.92 52.42 63.57 58.26 70.74 83.47 7.62 0 27.8 40.33 
29.92 26.62 41.39 29.89 44.44 41.61 40.19 33.91 35.13 30.96 40.92 56.41 23.42 27.89 0 13.93 
43.5 34.87 43.41 31.93 43.1 40.3 33.48 22.99 21.62 29.92 40.27 55.76 35.44 44.24 13.97 0 
Dimension>31
Bandera>10
Fitness Greedy Costo>398.25
Solucion Greedy Costo>13 0 12 0 1 3 2 4 0 14 15 16 8 0 5 6 7 9 0 10 11 0 0 0 0 0 0 0 0 0 0 
Linea Vacia>
Matriz de Costos>
0 9.1 33.66 19.85 40.82 44.42 49.32 48.66 60.09 60.99 69.92 82.99 7.52 6.92 30.8 43.31 
7.95 0 21.37 10.66 34.05 39.96 44.86 41.85 53.94 57.62 65.09 80.83 9.43 14.71 26.16 37.02 
30.03 20.82 0 10.9 13 17.9 27.16 36.89 49.25 64.62 74.47 89.79 30.92 37.65 36.66 41.18 
18.69 9.79 11.15 0 21 25.3 31.45 33.99 46.37 55.56 65.45 80.83 20.17 26.19 27.52 32.09 
39.73 28.72 9.83 20.71 0 10.53 28.54 37.4 49.76 71.24 81.08 96.38 39.22 45.92 44.27 44.85 
44.31 36.79 18.79 25.46 10.88 0 14.11 31.92 46.23 67.71 77.56 92.88 44.33 49.64 40.7 41.31 
48.7 42.38 28.72 33.14 25.32 13.96 0 16.48 31.78 60.93 71.17 86.5 48.72 54.03 42.74 30.54 
48.04 39.39 39.48 34.05 37.8 30.59 16.47 0 15.69 50.49 60.77 76.16 47.09 53.37 34.58 22.31 
57.93 50.42 51.71 46.31 50.04 46.45 31.74 15.91 0 46.31 56.6 72.02 57.95 63.23 34.59 21.58 
59.36 56.1 69.7 58.33 72.59 69.27 61.52 51.95 46.27 0 10.86 26.49 53 62.83 31.56 29.8 
72.73 65.03 78.59 67.27 82.18 78.18 71.75 62.22 56.56 10.43 0 16.46 61.94 71.76 40.56 40.15 
81.79 78.14 90.01 78.74 93.58 89.6 83.3 73.69 68.07 22.14 14.22 0 73.42 80.81 52.15 51.73 
8.28 13.25 32.29 22.86 41.52 45.98 50.43 46.99 57.78 53.5 63.89 76.99 0 7.15 22 35.45 
5.17 13.3 32.47 22.84 44.6 48.19 54.92 52.42 63.57 58.26 70.74 83.47 7.62 0 27.8 40.33 
Dimension>31
29.92 26.62 41.39 29.89 44.44 41.61 40.19 33.91 35.13 30.96 40.92 56.41 23.42 27.89 0 13.93 
Bandera>10
Fitness Greedy Costo>398.25
Solucion Greedy Costo>13 0 12 0 1 3 2 4 0 14 15 16 8 0 5 6 7 9 0 10 11 0 0 0 0 0 0 0 0 0 0 
Linea Vacia>
43.5 34.87 43.41 31.93 43.1 40.3 33.48 22.99 21.62 29.92 40.27 55.76 35.44 44.24 13.97 0 
Matriz de Costos>
0 9.1 33.66 19.85 40.82 44.42 49.32 48.66 60.09 60.99 69.92 82.99 7.52 6.92 30.8 43.31 
7.95 0 21.37 10.66 34.05 39.96 44.86 41.85 53.94 57.62 65.09 80.83 9.43 14.71 26.16 37.02 
30.03 20.82 0 10.9 13 17.9 27.16 36.89 49.25 64.62 74.47 89.79 30.92 37.65 36.66 41.18 
18.69 9.79 11.15 0 21 25.3 31.45 33.99 46.37 55.56 65.45 80.83 20.17 26.19 27.52 32.09 
39.73 28.72 9.83 20.71 0 10.53 28.54 37.4 49.76 71.24 81.08 96.38 39.22 45.92 44.27 44.85 
44.31 36.79 18.79 25.46 10.88 0 14.11 31.92 46.23 67.71 77.56 92.88 44.33 49.64 40.7 41.31 
48.7 42.38 28.72 33.14 25.32 13.96 0 16.48 31.78 60.93 71.17 86.5 48.72 54.03 42.74 30.54 
48.04 39.39 39.48 34.05 37.8 30.59 16.47 0 15.69 50.49 60.77 76.16 47.09 53.37 34.58 22.31 
57.93 50.42 51.71 46.31 50.04 46.45 31.74 15.91 0 46.31 56.6 72.02 57.95 63.23 34.59 21.58 
59.36 56.1 69.7 58.33 72.59 69.27 61.52 51.95 46.27 0 10.86 26.49 53 62.83 31.56 29.8 
72.73 65.03 78.59 67.27 82.18 78.18 71.75 62.22 56.56 10.43 0 16.46 61.94 71.76 40.56 40.15 
81.79 78.14 90.01 78.74 93.58 89.6 83.3 73.69 68.07 22.14 14.22 0 73.42 80.81 52.15 51.73 
8.28 13.25 32.29 22.86 41.52 45.98 50.43 46.99 57.78 53.5 63.89 76.99 0 7.15 22 35.45 
5.17 13.3 32.47 22.84 44.6 48.19 54.92 52.42 63.57 58.26 70.74 83.47 7.62 0 27.8 40.33 
29.92 26.62 41.39 29.89 44.44 41.61 40.19 33.91 35.13 30.96 40.92 56.41 23.42 27.89 0 13.93 
43.5 34.87 43.41 31.93 43.1 40.3 33.48 22.99 21.62 29.92 40.27 55.76 35.44 44.24 13.97 0 
Dimension>31
Bandera>10
Fitness Greedy Costo>398.25
Solucion Greedy Costo>13 0 12 0 1 3 2 4 0 14 15 16 8 0 5 6 7 9 0 10 11 0 0 0 0 0 0 0 0 0 0 
Linea Vacia>
Matriz de Costos>
0 9.1 33.66 19.85 40.82 44.42 49.32 48.66 60.09 60.99 69.92 82.99 7.52 6.92 30.8 43.31 
7.95 0 21.37 10.66 34.05 39.96 44.86 41.85 53.94 57.62 65.09 80.83 9.43 14.71 26.16 37.02 
30.03 20.82 0 10.9 13 17.9 27.16 36.89 49.25 64.62 74.47 89.79 30.92 37.65 36.66 41.18 
18.69 9.79 11.15 0 21 25.3 31.45 33.99 46.37 55.56 65.45 80.83 20.17 26.19 27.52 32.09 
39.73 28.72 9.83 20.71 0 10.53 28.54 37.4 49.76 71.24 81.08 96.38 39.22 45.92 44.27 44.85 
44.31 36.79 18.79 25.46 10.88 0 14.11 31.92 46.23 67.71 77.56 92.88 44.33 49.64 40.7 41.31 
48.7 42.38 28.72 33.14 25.32 13.96 0 16.48 31.78 60.93 71.17 86.5 48.72 54.03 42.74 30.54 
48.04 39.39 39.48 34.05 37.8 30.59 16.47 0 15.69 50.49 60.77 76.16 47.09 53.37 34.58 22.31 
57.93 50.42 51.71 46.31 50.04 46.45 31.74 15.91 0 46.31 56.6 72.02 57.95 63.23 34.59 21.58 
59.36 56.1 69.7 58.33 72.59 69.27 61.52 51.95 46.27 0 10.86 26.49 53 62.83 31.56 29.8 
72.73 65.03 78.59 67.27 82.18 78.18 71.75 62.22 56.56 10.43 0 16.46 61.94 71.76 40.56 40.15 
81.79 78.14 90.01 78.74 93.58 89.6 83.3 73.69 68.07 22.14 14.22 0 73.42 80.81 52.15 51.73 
8.28 13.25 32.29 22.86 41.52 45.98 50.43 46.99 57.78 53.5 63.89 76.99 0 7.15 22 35.45 
5.17 13.3 32.47 22.84 44.6 48.19 54.92 52.42 63.57 58.26 70.74 83.47 7.62 0 27.8 40.33 
29.92 26.62 41.39 29.89 44.44 41.61 40.19 33.91 35.13 30.96 40.92 56.41 23.42 27.89 0 13.93 
43.5 34.87 43.41 31.93 43.1 40.3 33.48 22.99 21.62 29.92 40.27 55.76 35.44 44.24 13.97 0 
Dimension>31
Bandera>10
Fitness Greedy Costo>398.25
Solucion Greedy Costo>13 0 12 0 1 3 2 4 0 14 15 16 8 0 5 6 7 9 0 10 11 0 0 0 0 0 0 0 0 0 0 
Linea Vacia>
Matriz de Costos>
0 9.1 33.66 19.85 40.82 44.42 49.32 48.66 60.09 60.99 69.92 82.99 7.52 6.92 30.8 43.31 
7.95 0 21.37 10.66 34.05 39.96 44.86 41.85 53.94 57.62 65.09 80.83 9.43 14.71 26.16 37.02 
30.03 20.82 0 10.9 13 17.9 27.16 36.89 49.25 64.62 74.47 89.79 30.92 37.65 36.66 41.18 
18.69 9.79 11.15 0 21 25.3 31.45 33.99 46.37 55.56 65.45 80.83 20.17 26.19 27.52 32.09 
39.73 28.72 9.83 20.71 0 10.53 28.54 37.4 49.76 71.24 81.08 96.38 39.22 45.92 44.27 44.85 
44.31 36.79 18.79 25.46 10.88 0 14.11 31.92 46.23 67.71 77.56 92.88 44.33 49.64 40.7 41.31 
48.7 42.38 28.72 33.14 25.32 13.96 0 16.48 31.78 60.93 71.17 86.5 48.72 54.03 42.74 30.54 
48.04 39.39 39.48 34.05 37.8 30.59 16.47 0 15.69 50.49 60.77 76.16 47.09 53.37 34.58 22.31 
57.93 50.42 51.71 46.31 50.04 46.45 31.74 15.91 0 46.31 56.6 72.02 57.95 63.23 34.59 21.58 
59.36 56.1 69.7 58.33 72.59 69.27 61.52 51.95 46.27 0 10.86 26.49 53 62.83 31.56 29.8 
72.73 65.03 78.59 67.27 82.18 78.18 71.75 62.22 56.56 10.43 0 16.46 61.94 71.76 40.56 40.15 
81.79 78.14 90.01 78.74 93.58 89.6 83.3 73.69 68.07 22.14 14.22 0 73.42 80.81 52.15 51.73 
8.28 13.25 32.29 22.86 41.52 45.98 50.43 46.99 57.78 53.5 63.89 76.99 0 7.15 22 35.45 
5.17 13.3 32.47 22.84 44.6 48.19 54.92 52.42 63.57 58.26 70.74 83.47 7.62 0 27.8 40.33 
29.92 26.62 41.39 29.89 44.44 41.61 40.19 33.91 35.13 30.96 40.92 56.41 23.42 27.89 0 13.93 
43.5 34.87 43.41 31.93 43.1 40.3 33.48 22.99 21.62 29.92 40.27 55.76 35.44 44.24 13.97 0 
Dimension>31
Bandera>10
Fitness Greedy Costo>398.25
Solucion Greedy Costo>13 0 12 0 1 3 2 4 0 14 15 16 8 0 5 6 7 9 0 10 11 0 0 0 0 0 0 0 0 0 0 
Linea Vacia>
Dimension>31
Bandera>10
Fitness Greedy Costo>398.25
Solucion Greedy Costo>13 0 12 0 1 3 2 4 0 14 15 16 8 0 5 6 7 9 0 10 11 0 0 0 0 0 0 0 0 0 0 
Linea Vacia>
Matriz de Costos>
0 9.1 33.66 19.85 40.82 44.42 49.32 48.66 60.09 60.99 69.92 82.99 7.52 6.92 30.8 43.31 
7.95 0 21.37 10.66 34.05 39.96 44.86 41.85 53.94 57.62 65.09 80.83 9.43 14.71 26.16 37.02 
30.03 20.82 0 10.9 13 17.9 27.16 36.89 49.25 64.62 74.47 89.79 30.92 37.65 36.66 41.18 
18.69 9.79 11.15 0 21 25.3 31.45 33.99 46.37 55.56 65.45 80.83 20.17 26.19 27.52 32.09 
39.73 28.72 9.83 20.71 0 10.53 28.54 37.4 49.76 71.24 81.08 96.38 39.22 45.92 44.27 44.85 
Matriz de Costos>
0 9.1 33.66 19.85 40.82 44.42 49.32 48.66 60.09 60.99 69.92 82.99 7.52 6.92 30.8 43.31 
44.31 36.79 18.79 25.46 10.88 0 14.11 31.92 46.23 67.71 77.56 92.88 44.33 49.64 40.7 41.31 
7.95 0 21.37 10.66 34.05 39.96 44.86 41.85 53.94 57.62 65.09 80.83 9.43 14.71 26.16 37.02 
30.03 20.82 0 10.9 13 17.9 27.16 36.89 49.25 64.62 74.47 89.79 30.92 37.65 36.66 41.18 
48.7 42.38 28.72 33.14 25.32 13.96 0 16.48 31.78 60.93 71.17 86.5 48.72 54.03 42.74 30.54 
48.04 39.39 39.48 34.05 37.8 30.59 16.47 0 15.69 50.49 60.77 76.16 47.09 53.37 34.58 22.31 
18.69 9.79 11.15 0 21 25.3 31.45 33.99 46.37 55.56 65.45 80.83 20.17 26.19 27.52 32.09 
39.73 28.72 9.83 20.71 0 10.53 28.54 37.4 49.76 71.24 81.08 96.38 39.22 45.92 44.27 44.85 
57.93 50.42 51.71 46.31 50.04 46.45 31.74 15.91 0 46.31 56.6 72.02 57.95 63.23 34.59 21.58 
59.36 56.1 69.7 58.33 72.59 69.27 61.52 51.95 46.27 0 10.86 26.49 53 62.83 31.56 29.8 
44.31 36.79 18.79 25.46 10.88 0 14.11 31.92 46.23 67.71 77.56 92.88 44.33 49.64 40.7 41.31 
48.7 42.38 28.72 33.14 25.32 13.96 0 16.48 31.78 60.93 71.17 86.5 48.72 54.03 42.74 30.54 
48.04 39.39 39.48 34.05 37.8 30.59 16.47 0 15.69 50.49 60.77 76.16 47.09 53.37 34.58 22.31 
72.73 65.03 78.59 67.27 82.18 78.18 71.75 62.22 56.56 10.43 0 16.46 61.94 71.76 40.56 40.15 
81.79 78.14 90.01 78.74 93.58 89.6 83.3 73.69 68.07 22.14 14.22 0 73.42 80.81 52.15 51.73 
57.93 50.42 51.71 46.31 50.04 46.45 31.74 15.91 0 46.31 56.6 72.02 57.95 63.23 34.59 21.58 
59.36 56.1 69.7 58.33 72.59 69.27 61.52 51.95 46.27 0 10.86 26.49 53 62.83 31.56 29.8 
8.28 13.25 32.29 22.86 41.52 45.98 50.43 46.99 57.78 53.5 63.89 76.99 0 7.15 22 35.45 
5.17 13.3 32.47 22.84 44.6 48.19 54.92 52.42 63.57 58.26 70.74 83.47 7.62 0 27.8 40.33 
72.73 65.03 78.59 67.27 82.18 78.18 71.75 62.22 56.56 10.43 0 16.46 61.94 71.76 40.56 40.15 
81.79 78.14 90.01 78.74 93.58 89.6 83.3 73.69 68.07 22.14 14.22 0 73.42 80.81 52.15 51.73 
29.92 26.62 41.39 29.89 44.44 41.61 40.19 33.91 35.13 30.96 40.92 56.41 23.42 27.89 0 13.93 
43.5 34.87 43.41 31.93 43.1 40.3 33.48 22.99 21.62 29.92 40.27 55.76 35.44 44.24 13.97 0 
8.28 13.25 32.29 22.86 41.52 45.98 50.43 46.99 57.78 53.5 63.89 76.99 0 7.15 22 35.45 
5.17 13.3 32.47 22.84 44.6 48.19 54.92 52.42 63.57 58.26 70.74 83.47 7.62 0 27.8 40.33 
29.92 26.62 41.39 29.89 44.44 41.61 40.19 33.91 35.13 30.96 40.92 56.41 23.42 27.89 0 13.93 
43.5 34.87 43.41 31.93 43.1 40.3 33.48 22.99 21.62 29.92 40.27 55.76 35.44 44.24 13.97 0 
Dimension>31
Bandera>10
Fitness Greedy Costo>398.25
Solucion Greedy Costo>13 0 12 0 1 3 2 4 0 14 15 16 8 0 5 6 7 9 0 10 11 0 0 0 0 0 0 0 0 0 0 
Linea Vacia>
Matriz de Costos>
0 9.1 33.66 19.85 40.82 44.42 49.32 48.66 60.09 60.99 69.92 82.99 7.52 6.92 30.8 43.31 
7.95 0 21.37 10.66 34.05 39.96 44.86 41.85 53.94 57.62 65.09 80.83 9.43 14.71 26.16 37.02 
30.03 20.82 0 10.9 13 17.9 27.16 36.89 49.25 64.62 74.47 89.79 30.92 37.65 36.66 41.18 
18.69 9.79 11.15 0 21 25.3 31.45 33.99 46.37 55.56 65.45 80.83 20.17 26.19 27.52 32.09 
39.73 28.72 9.83 20.71 0 10.53 28.54 37.4 49.76 71.24 81.08 96.38 39.22 45.92 44.27 44.85 
44.31 36.79 18.79 25.46 10.88 0 14.11 31.92 46.23 67.71 77.56 92.88 44.33 49.64 40.7 41.31 
Dimension>31
Bandera>10
Fitness Greedy Costo>398.25
48.7 42.38 28.72 33.14 25.32 13.96 0 16.48 31.78 60.93 71.17 86.5 48.72 54.03 42.74 30.54 
Solucion Greedy Costo>13 0 12 0 1 3 2 4 0 14 15 16 8 0 5 6 7 9 0 10 11 0 0 0 0 0 0 0 0 0 0 
Linea Vacia>
48.04 39.39 39.48 34.05 37.8 30.59 16.47 0 15.69 50.49 60.77 76.16 47.09 53.37 34.58 22.31 
57.93 50.42 51.71 46.31 50.04 46.45 31.74 15.91 0 46.31 56.6 72.02 57.95 63.23 34.59 21.58 
Dimension>31
Dimension>31
59.36 56.1 69.7 58.33 72.59 69.27 61.52 51.95 46.27 0 10.86 26.49 53 62.83 31.56 29.8 
Bandera>10
Fitness Greedy Costo>398.25
Solucion Greedy Costo>13 0 12 0 1 3 2 4 0 14 15 16 8 0 5 6 7 9 0 10 11 0 0 0 0 0 0 0 0 0 0 
Linea Vacia>
72.73 65.03 78.59 67.27 82.18 78.18 71.75 62.22 56.56 10.43 0 16.46 61.94 71.76 40.56 40.15 
Bandera>10
Fitness Greedy Costo>398.25
Solucion Greedy Costo>13 0 12 0 1 3 2 4 0 14 15 16 8 0 5 6 7 9 0 10 11 0 0 0 0 0 0 0 0 0 0 
Matriz de Costos>
0 9.1 33.66 19.85 40.82 44.42 49.32 48.66 60.09 60.99 69.92 82.99 7.52 6.92 30.8 43.31 
81.79 78.14 90.01 78.74 93.58 89.6 83.3 73.69 68.07 22.14 14.22 0 73.42 80.81 52.15 51.73 
Linea Vacia>
7.95 0 21.37 10.66 34.05 39.96 44.86 41.85 53.94 57.62 65.09 80.83 9.43 14.71 26.16 37.02 
30.03 20.82 0 10.9 13 17.9 27.16 36.89 49.25 64.62 74.47 89.79 30.92 37.65 36.66 41.18 
8.28 13.25 32.29 22.86 41.52 45.98 50.43 46.99 57.78 53.5 63.89 76.99 0 7.15 22 35.45 
5.17 13.3 32.47 22.84 44.6 48.19 54.92 52.42 63.57 58.26 70.74 83.47 7.62 0 27.8 40.33 
18.69 9.79 11.15 0 21 25.3 31.45 33.99 46.37 55.56 65.45 80.83 20.17 26.19 27.52 32.09 
39.73 28.72 9.83 20.71 0 10.53 28.54 37.4 49.76 71.24 81.08 96.38 39.22 45.92 44.27 44.85 
44.31 36.79 18.79 25.46 10.88 0 14.11 31.92 46.23 67.71 77.56 92.88 44.33 49.64 40.7 41.31 
Dimension>31
Dimension>31
29.92 26.62 41.39 29.89 44.44 41.61 40.19 33.91 35.13 30.96 40.92 56.41 23.42 27.89 0 13.93 
48.7 42.38 28.72 33.14 25.32 13.96 0 16.48 31.78 60.93 71.17 86.5 48.72 54.03 42.74 30.54 
48.04 39.39 39.48 34.05 37.8 30.59 16.47 0 15.69 50.49 60.77 76.16 47.09 53.37 34.58 22.31 
57.93 50.42 51.71 46.31 50.04 46.45 31.74 15.91 0 46.31 56.6 72.02 57.95 63.23 34.59 21.58 
Matriz de Costos>
0 9.1 33.66 19.85 40.82 44.42 49.32 48.66 60.09 60.99 69.92 82.99 7.52 6.92 30.8 43.31 
7.95 0 21.37 10.66 34.05 39.96 44.86 41.85 53.94 57.62 65.09 80.83 9.43 14.71 26.16 37.02 
Dimension>31
Dimension>31
Bandera>10
Bandera>10
Fitness Greedy Costo>398.25
Solucion Greedy Costo>13 0 12 0 1 3 2 4 0 14 15 16 8 0 5 6 7 9 0 10 11 0 0 0 0 0 0 0 0 0 0 
Linea Vacia>
43.5 34.87 43.41 31.93 43.1 40.3 33.48 22.99 21.62 29.92 40.27 55.76 35.44 44.24 13.97 0 
59.36 56.1 69.7 58.33 72.59 69.27 61.52 51.95 46.27 0 10.86 26.49 53 62.83 31.56 29.8 
72.73 65.03 78.59 67.27 82.18 78.18 71.75 62.22 56.56 10.43 0 16.46 61.94 71.76 40.56 40.15 
30.03 20.82 0 10.9 13 17.9 27.16 36.89 49.25 64.62 74.47 89.79 30.92 37.65 36.66 41.18 
18.69 9.79 11.15 0 21 25.3 31.45 33.99 46.37 55.56 65.45 80.83 20.17 26.19 27.52 32.09 
Bandera>10
Fitness Greedy Costo>398.25
Solucion Greedy Costo>13 0 12 0 1 3 2 4 0 14 15 16 8 0 5 6 7 9 0 10 11 0 0 0 0 0 0 0 0 0 0 
Linea Vacia>
Fitness Greedy Costo>398.25
Solucion Greedy Costo>13 0 12 0 1 3 2 4 0 14 15 16 8 0 5 6 7 9 0 10 11 0 0 0 0 0 0 0 0 0 0 
Linea Vacia>
Matriz de Costos>
0 9.1 33.66 19.85 40.82 44.42 49.32 48.66 60.09 60.99 69.92 82.99 7.52 6.92 30.8 43.31 
81.79 78.14 90.01 78.74 93.58 89.6 83.3 73.69 68.07 22.14 14.22 0 73.42 80.81 52.15 51.73 
8.28 13.25 32.29 22.86 41.52 45.98 50.43 46.99 57.78 53.5 63.89 76.99 0 7.15 22 35.45 
39.73 28.72 9.83 20.71 0 10.53 28.54 37.4 49.76 71.24 81.08 96.38 39.22 45.92 44.27 44.85 
44.31 36.79 18.79 25.46 10.88 0 14.11 31.92 46.23 67.71 77.56 92.88 44.33 49.64 40.7 41.31 
Bandera>10
Fitness Greedy Costo>398.25
7.95 0 21.37 10.66 34.05 39.96 44.86 41.85 53.94 57.62 65.09 80.83 9.43 14.71 26.16 37.02 
Dimension>31
5.17 13.3 32.47 22.84 44.6 48.19 54.92 52.42 63.57 58.26 70.74 83.47 7.62 0 27.8 40.33 
29.92 26.62 41.39 29.89 44.44 41.61 40.19 33.91 35.13 30.96 40.92 56.41 23.42 27.89 0 13.93 
48.7 42.38 28.72 33.14 25.32 13.96 0 16.48 31.78 60.93 71.17 86.5 48.72 54.03 42.74 30.54 
48.04 39.39 39.48 34.05 37.8 30.59 16.47 0 15.69 50.49 60.77 76.16 47.09 53.37 34.58 22.31 
30.03 20.82 0 10.9 13 17.9 27.16 36.89 49.25 64.62 74.47 89.79 30.92 37.65 36.66 41.18 
18.69 9.79 11.15 0 21 25.3 31.45 33.99 46.37 55.56 65.45 80.83 20.17 26.19 27.52 32.09 
43.5 34.87 43.41 31.93 43.1 40.3 33.48 22.99 21.62 29.92 40.27 55.76 35.44 44.24 13.97 0 
57.93 50.42 51.71 46.31 50.04 46.45 31.74 15.91 0 46.31 56.6 72.02 57.95 63.23 34.59 21.58 
59.36 56.1 69.7 58.33 72.59 69.27 61.52 51.95 46.27 0 10.86 26.49 53 62.83 31.56 29.8 
Solucion Greedy Costo>13 0 12 0 1 3 2 4 0 14 15 16 8 0 5 6 7 9 0 10 11 0 0 0 0 0 0 0 0 0 0 
Linea Vacia>
39.73 28.72 9.83 20.71 0 10.53 28.54 37.4 49.76 71.24 81.08 96.38 39.22 45.92 44.27 44.85 
Bandera>10
Fitness Greedy Costo>398.25
72.73 65.03 78.59 67.27 82.18 78.18 71.75 62.22 56.56 10.43 0 16.46 61.94 71.76 40.56 40.15 
44.31 36.79 18.79 25.46 10.88 0 14.11 31.92 46.23 67.71 77.56 92.88 44.33 49.64 40.7 41.31 
48.7 42.38 28.72 33.14 25.32 13.96 0 16.48 31.78 60.93 71.17 86.5 48.72 54.03 42.74 30.54 
Solucion Greedy Costo>13 0 12 0 1 3 2 4 0 14 15 16 8 0 5 6 7 9 0 10 11 0 0 0 0 0 0 0 0 0 0 
Linea Vacia>
81.79 78.14 90.01 78.74 93.58 89.6 83.3 73.69 68.07 22.14 14.22 0 73.42 80.81 52.15 51.73 
8.28 13.25 32.29 22.86 41.52 45.98 50.43 46.99 57.78 53.5 63.89 76.99 0 7.15 22 35.45 
Matriz de Costos>
Matriz de Costos>
48.04 39.39 39.48 34.05 37.8 30.59 16.47 0 15.69 50.49 60.77 76.16 47.09 53.37 34.58 22.31 
57.93 50.42 51.71 46.31 50.04 46.45 31.74 15.91 0 46.31 56.6 72.02 57.95 63.23 34.59 21.58 
0 9.1 33.66 19.85 40.82 44.42 49.32 48.66 60.09 60.99 69.92 82.99 7.52 6.92 30.8 43.31 
0 9.1 33.66 19.85 40.82 44.42 49.32 48.66 60.09 60.99 69.92 82.99 7.52 6.92 30.8 43.31 
7.95 0 21.37 10.66 34.05 39.96 44.86 41.85 53.94 57.62 65.09 80.83 9.43 14.71 26.16 37.02 
59.36 56.1 69.7 58.33 72.59 69.27 61.52 51.95 46.27 0 10.86 26.49 53 62.83 31.56 29.8 
5.17 13.3 32.47 22.84 44.6 48.19 54.92 52.42 63.57 58.26 70.74 83.47 7.62 0 27.8 40.33 
29.92 26.62 41.39 29.89 44.44 41.61 40.19 33.91 35.13 30.96 40.92 56.41 23.42 27.89 0 13.93 
7.95 0 21.37 10.66 34.05 39.96 44.86 41.85 53.94 57.62 65.09 80.83 9.43 14.71 26.16 37.02 
30.03 20.82 0 10.9 13 17.9 27.16 36.89 49.25 64.62 74.47 89.79 30.92 37.65 36.66 41.18 
72.73 65.03 78.59 67.27 82.18 78.18 71.75 62.22 56.56 10.43 0 16.46 61.94 71.76 40.56 40.15 
30.03 20.82 0 10.9 13 17.9 27.16 36.89 49.25 64.62 74.47 89.79 30.92 37.65 36.66 41.18 
18.69 9.79 11.15 0 21 25.3 31.45 33.99 46.37 55.56 65.45 80.83 20.17 26.19 27.52 32.09 
81.79 78.14 90.01 78.74 93.58 89.6 83.3 73.69 68.07 22.14 14.22 0 73.42 80.81 52.15 51.73 
43.5 34.87 43.41 31.93 43.1 40.3 33.48 22.99 21.62 29.92 40.27 55.76 35.44 44.24 13.97 0 
Matriz de Costos>
18.69 9.79 11.15 0 21 25.3 31.45 33.99 46.37 55.56 65.45 80.83 20.17 26.19 27.52 32.09 
39.73 28.72 9.83 20.71 0 10.53 28.54 37.4 49.76 71.24 81.08 96.38 39.22 45.92 44.27 44.85 
8.28 13.25 32.29 22.86 41.52 45.98 50.43 46.99 57.78 53.5 63.89 76.99 0 7.15 22 35.45 
5.17 13.3 32.47 22.84 44.6 48.19 54.92 52.42 63.57 58.26 70.74 83.47 7.62 0 27.8 40.33 
44.31 36.79 18.79 25.46 10.88 0 14.11 31.92 46.23 67.71 77.56 92.88 44.33 49.64 40.7 41.31 
39.73 28.72 9.83 20.71 0 10.53 28.54 37.4 49.76 71.24 81.08 96.38 39.22 45.92 44.27 44.85 
44.31 36.79 18.79 25.46 10.88 0 14.11 31.92 46.23 67.71 77.56 92.88 44.33 49.64 40.7 41.31 
Dimension>31
29.92 26.62 41.39 29.89 44.44 41.61 40.19 33.91 35.13 30.96 40.92 56.41 23.42 27.89 0 13.93 
0 9.1 33.66 19.85 40.82 44.42 49.32 48.66 60.09 60.99 69.92 82.99 7.52 6.92 30.8 43.31 
7.95 0 21.37 10.66 34.05 39.96 44.86 41.85 53.94 57.62 65.09 80.83 9.43 14.71 26.16 37.02 
48.7 42.38 28.72 33.14 25.32 13.96 0 16.48 31.78 60.93 71.17 86.5 48.72 54.03 42.74 30.54 
48.04 39.39 39.48 34.05 37.8 30.59 16.47 0 15.69 50.49 60.77 76.16 47.09 53.37 34.58 22.31 
48.7 42.38 28.72 33.14 25.32 13.96 0 16.48 31.78 60.93 71.17 86.5 48.72 54.03 42.74 30.54 
48.04 39.39 39.48 34.05 37.8 30.59 16.47 0 15.69 50.49 60.77 76.16 47.09 53.37 34.58 22.31 
Bandera>10
Fitness Greedy Costo>398.25
43.5 34.87 43.41 31.93 43.1 40.3 33.48 22.99 21.62 29.92 40.27 55.76 35.44 44.24 13.97 0 
Dimension>31
Solucion Greedy Costo>13 0 12 0 1 3 2 4 0 14 15 16 8 0 5 6 7 9 0 10 11 0 0 0 0 0 0 0 0 0 0 
Linea Vacia>
30.03 20.82 0 10.9 13 17.9 27.16 36.89 49.25 64.62 74.47 89.79 30.92 37.65 36.66 41.18 
18.69 9.79 11.15 0 21 25.3 31.45 33.99 46.37 55.56 65.45 80.83 20.17 26.19 27.52 32.09 
Matriz de Costos>
57.93 50.42 51.71 46.31 50.04 46.45 31.74 15.91 0 46.31 56.6 72.02 57.95 63.23 34.59 21.58 
59.36 56.1 69.7 58.33 72.59 69.27 61.52 51.95 46.27 0 10.86 26.49 53 62.83 31.56 29.8 
72.73 65.03 78.59 67.27 82.18 78.18 71.75 62.22 56.56 10.43 0 16.46 61.94 71.76 40.56 40.15 
57.93 50.42 51.71 46.31 50.04 46.45 31.74 15.91 0 46.31 56.6 72.02 57.95 63.23 34.59 21.58 
59.36 56.1 69.7 58.33 72.59 69.27 61.52 51.95 46.27 0 10.86 26.49 53 62.83 31.56 29.8 
72.73 65.03 78.59 67.27 82.18 78.18 71.75 62.22 56.56 10.43 0 16.46 61.94 71.76 40.56 40.15 
39.73 28.72 9.83 20.71 0 10.53 28.54 37.4 49.76 71.24 81.08 96.38 39.22 45.92 44.27 44.85 
44.31 36.79 18.79 25.46 10.88 0 14.11 31.92 46.23 67.71 77.56 92.88 44.33 49.64 40.7 41.31 
0 9.1 33.66 19.85 40.82 44.42 49.32 48.66 60.09 60.99 69.92 82.99 7.52 6.92 30.8 43.31 
7.95 0 21.37 10.66 34.05 39.96 44.86 41.85 53.94 57.62 65.09 80.83 9.43 14.71 26.16 37.02 
81.79 78.14 90.01 78.74 93.58 89.6 83.3 73.69 68.07 22.14 14.22 0 73.42 80.81 52.15 51.73 
8.28 13.25 32.29 22.86 41.52 45.98 50.43 46.99 57.78 53.5 63.89 76.99 0 7.15 22 35.45 
5.17 13.3 32.47 22.84 44.6 48.19 54.92 52.42 63.57 58.26 70.74 83.47 7.62 0 27.8 40.33 
81.79 78.14 90.01 78.74 93.58 89.6 83.3 73.69 68.07 22.14 14.22 0 73.42 80.81 52.15 51.73 
8.28 13.25 32.29 22.86 41.52 45.98 50.43 46.99 57.78 53.5 63.89 76.99 0 7.15 22 35.45 
5.17 13.3 32.47 22.84 44.6 48.19 54.92 52.42 63.57 58.26 70.74 83.47 7.62 0 27.8 40.33 
29.92 26.62 41.39 29.89 44.44 41.61 40.19 33.91 35.13 30.96 40.92 56.41 23.42 27.89 0 13.93 
Bandera>10
Fitness Greedy Costo>398.25
Solucion Greedy Costo>13 0 12 0 1 3 2 4 0 14 15 16 8 0 5 6 7 9 0 10 11 0 0 0 0 0 0 0 0 0 0 
Linea Vacia>
Matriz de Costos>
0 9.1 33.66 19.85 40.82 44.42 49.32 48.66 60.09 60.99 69.92 82.99 7.52 6.92 30.8 43.31 
7.95 0 21.37 10.66 34.05 39.96 44.86 41.85 53.94 57.62 65.09 80.83 9.43 14.71 26.16 37.02 
48.7 42.38 28.72 33.14 25.32 13.96 0 16.48 31.78 60.93 71.17 86.5 48.72 54.03 42.74 30.54 
48.04 39.39 39.48 34.05 37.8 30.59 16.47 0 15.69 50.49 60.77 76.16 47.09 53.37 34.58 22.31 
57.93 50.42 51.71 46.31 50.04 46.45 31.74 15.91 0 46.31 56.6 72.02 57.95 63.23 34.59 21.58 
29.92 26.62 41.39 29.89 44.44 41.61 40.19 33.91 35.13 30.96 40.92 56.41 23.42 27.89 0 13.93 
43.5 34.87 43.41 31.93 43.1 40.3 33.48 22.99 21.62 29.92 40.27 55.76 35.44 44.24 13.97 0 
Matriz de Costos>
0 9.1 33.66 19.85 40.82 44.42 49.32 48.66 60.09 60.99 69.92 82.99 7.52 6.92 30.8 43.31 
7.95 0 21.37 10.66 34.05 39.96 44.86 41.85 53.94 57.62 65.09 80.83 9.43 14.71 26.16 37.02 
30.03 20.82 0 10.9 13 17.9 27.16 36.89 49.25 64.62 74.47 89.79 30.92 37.65 36.66 41.18 
18.69 9.79 11.15 0 21 25.3 31.45 33.99 46.37 55.56 65.45 80.83 20.17 26.19 27.52 32.09 
59.36 56.1 69.7 58.33 72.59 69.27 61.52 51.95 46.27 0 10.86 26.49 53 62.83 31.56 29.8 
72.73 65.03 78.59 67.27 82.18 78.18 71.75 62.22 56.56 10.43 0 16.46 61.94 71.76 40.56 40.15 
81.79 78.14 90.01 78.74 93.58 89.6 83.3 73.69 68.07 22.14 14.22 0 73.42 80.81 52.15 51.73 
30.03 20.82 0 10.9 13 17.9 27.16 36.89 49.25 64.62 74.47 89.79 30.92 37.65 36.66 41.18 
18.69 9.79 11.15 0 21 25.3 31.45 33.99 46.37 55.56 65.45 80.83 20.17 26.19 27.52 32.09 
39.73 28.72 9.83 20.71 0 10.53 28.54 37.4 49.76 71.24 81.08 96.38 39.22 45.92 44.27 44.85 
44.31 36.79 18.79 25.46 10.88 0 14.11 31.92 46.23 67.71 77.56 92.88 44.33 49.64 40.7 41.31 
43.5 34.87 43.41 31.93 43.1 40.3 33.48 22.99 21.62 29.92 40.27 55.76 35.44 44.24 13.97 0 
Matriz de Costos>
0 9.1 33.66 19.85 40.82 44.42 49.32 48.66 60.09 60.99 69.92 82.99 7.52 6.92 30.8 43.31 
7.95 0 21.37 10.66 34.05 39.96 44.86 41.85 53.94 57.62 65.09 80.83 9.43 14.71 26.16 37.02 
30.03 20.82 0 10.9 13 17.9 27.16 36.89 49.25 64.62 74.47 89.79 30.92 37.65 36.66 41.18 
18.69 9.79 11.15 0 21 25.3 31.45 33.99 46.37 55.56 65.45 80.83 20.17 26.19 27.52 32.09 
39.73 28.72 9.83 20.71 0 10.53 28.54 37.4 49.76 71.24 81.08 96.38 39.22 45.92 44.27 44.85 
30.03 20.82 0 10.9 13 17.9 27.16 36.89 49.25 64.62 74.47 89.79 30.92 37.65 36.66 41.18 
18.69 9.79 11.15 0 21 25.3 31.45 33.99 46.37 55.56 65.45 80.83 20.17 26.19 27.52 32.09 
39.73 28.72 9.83 20.71 0 10.53 28.54 37.4 49.76 71.24 81.08 96.38 39.22 45.92 44.27 44.85 
44.31 36.79 18.79 25.46 10.88 0 14.11 31.92 46.23 67.71 77.56 92.88 44.33 49.64 40.7 41.31 
48.7 42.38 28.72 33.14 25.32 13.96 0 16.48 31.78 60.93 71.17 86.5 48.72 54.03 42.74 30.54 
39.73 28.72 9.83 20.71 0 10.53 28.54 37.4 49.76 71.24 81.08 96.38 39.22 45.92 44.27 44.85 
44.31 36.79 18.79 25.46 10.88 0 14.11 31.92 46.23 67.71 77.56 92.88 44.33 49.64 40.7 41.31 
44.31 36.79 18.79 25.46 10.88 0 14.11 31.92 46.23 67.71 77.56 92.88 44.33 49.64 40.7 41.31 
48.7 42.38 28.72 33.14 25.32 13.96 0 16.48 31.78 60.93 71.17 86.5 48.72 54.03 42.74 30.54 
48.04 39.39 39.48 34.05 37.8 30.59 16.47 0 15.69 50.49 60.77 76.16 47.09 53.37 34.58 22.31 
57.93 50.42 51.71 46.31 50.04 46.45 31.74 15.91 0 46.31 56.6 72.02 57.95 63.23 34.59 21.58 
48.04 39.39 39.48 34.05 37.8 30.59 16.47 0 15.69 50.49 60.77 76.16 47.09 53.37 34.58 22.31 
57.93 50.42 51.71 46.31 50.04 46.45 31.74 15.91 0 46.31 56.6 72.02 57.95 63.23 34.59 21.58 
59.36 56.1 69.7 58.33 72.59 69.27 61.52 51.95 46.27 0 10.86 26.49 53 62.83 31.56 29.8 
8.28 13.25 32.29 22.86 41.52 45.98 50.43 46.99 57.78 53.5 63.89 76.99 0 7.15 22 35.45 
5.17 13.3 32.47 22.84 44.6 48.19 54.92 52.42 63.57 58.26 70.74 83.47 7.62 0 27.8 40.33 
29.92 26.62 41.39 29.89 44.44 41.61 40.19 33.91 35.13 30.96 40.92 56.41 23.42 27.89 0 13.93 
43.5 34.87 43.41 31.93 43.1 40.3 33.48 22.99 21.62 29.92 40.27 55.76 35.44 44.24 13.97 0 
48.7 42.38 28.72 33.14 25.32 13.96 0 16.48 31.78 60.93 71.17 86.5 48.72 54.03 42.74 30.54 
48.04 39.39 39.48 34.05 37.8 30.59 16.47 0 15.69 50.49 60.77 76.16 47.09 53.37 34.58 22.31 
57.93 50.42 51.71 46.31 50.04 46.45 31.74 15.91 0 46.31 56.6 72.02 57.95 63.23 34.59 21.58 
59.36 56.1 69.7 58.33 72.59 69.27 61.52 51.95 46.27 0 10.86 26.49 53 62.83 31.56 29.8 
72.73 65.03 78.59 67.27 82.18 78.18 71.75 62.22 56.56 10.43 0 16.46 61.94 71.76 40.56 40.15 
81.79 78.14 90.01 78.74 93.58 89.6 83.3 73.69 68.07 22.14 14.22 0 73.42 80.81 52.15 51.73 
8.28 13.25 32.29 22.86 41.52 45.98 50.43 46.99 57.78 53.5 63.89 76.99 0 7.15 22 35.45 
72.73 65.03 78.59 67.27 82.18 78.18 71.75 62.22 56.56 10.43 0 16.46 61.94 71.76 40.56 40.15 
81.79 78.14 90.01 78.74 93.58 89.6 83.3 73.69 68.07 22.14 14.22 0 73.42 80.81 52.15 51.73 
8.28 13.25 32.29 22.86 41.52 45.98 50.43 46.99 57.78 53.5 63.89 76.99 0 7.15 22 35.45 
5.17 13.3 32.47 22.84 44.6 48.19 54.92 52.42 63.57 58.26 70.74 83.47 7.62 0 27.8 40.33 
48.7 42.38 28.72 33.14 25.32 13.96 0 16.48 31.78 60.93 71.17 86.5 48.72 54.03 42.74 30.54 
48.04 39.39 39.48 34.05 37.8 30.59 16.47 0 15.69 50.49 60.77 76.16 47.09 53.37 34.58 22.31 
57.93 50.42 51.71 46.31 50.04 46.45 31.74 15.91 0 46.31 56.6 72.02 57.95 63.23 34.59 21.58 
59.36 56.1 69.7 58.33 72.59 69.27 61.52 51.95 46.27 0 10.86 26.49 53 62.83 31.56 29.8 
59.36 56.1 69.7 58.33 72.59 69.27 61.52 51.95 46.27 0 10.86 26.49 53 62.83 31.56 29.8 
72.73 65.03 78.59 67.27 82.18 78.18 71.75 62.22 56.56 10.43 0 16.46 61.94 71.76 40.56 40.15 
5.17 13.3 32.47 22.84 44.6 48.19 54.92 52.42 63.57 58.26 70.74 83.47 7.62 0 27.8 40.33 
29.92 26.62 41.39 29.89 44.44 41.61 40.19 33.91 35.13 30.96 40.92 56.41 23.42 27.89 0 13.93 
43.5 34.87 43.41 31.93 43.1 40.3 33.48 22.99 21.62 29.92 40.27 55.76 35.44 44.24 13.97 0 
29.92 26.62 41.39 29.89 44.44 41.61 40.19 33.91 35.13 30.96 40.92 56.41 23.42 27.89 0 13.93 
43.5 34.87 43.41 31.93 43.1 40.3 33.48 22.99 21.62 29.92 40.27 55.76 35.44 44.24 13.97 0 
81.79 78.14 90.01 78.74 93.58 89.6 83.3 73.69 68.07 22.14 14.22 0 73.42 80.81 52.15 51.73 
8.28 13.25 32.29 22.86 41.52 45.98 50.43 46.99 57.78 53.5 63.89 76.99 0 7.15 22 35.45 
5.17 13.3 32.47 22.84 44.6 48.19 54.92 52.42 63.57 58.26 70.74 83.47 7.62 0 27.8 40.33 
72.73 65.03 78.59 67.27 82.18 78.18 71.75 62.22 56.56 10.43 0 16.46 61.94 71.76 40.56 40.15 
81.79 78.14 90.01 78.74 93.58 89.6 83.3 73.69 68.07 22.14 14.22 0 73.42 80.81 52.15 51.73 
8.28 13.25 32.29 22.86 41.52 45.98 50.43 46.99 57.78 53.5 63.89 76.99 0 7.15 22 35.45 
5.17 13.3 32.47 22.84 44.6 48.19 54.92 52.42 63.57 58.26 70.74 83.47 7.62 0 27.8 40.33 
29.92 26.62 41.39 29.89 44.44 41.61 40.19 33.91 35.13 30.96 40.92 56.41 23.42 27.89 0 13.93 
43.5 34.87 43.41 31.93 43.1 40.3 33.48 22.99 21.62 29.92 40.27 55.76 35.44 44.24 13.97 0 
29.92 26.62 41.39 29.89 44.44 41.61 40.19 33.91 35.13 30.96 40.92 56.41 23.42 27.89 0 13.93 
43.5 34.87 43.41 31.93 43.1 40.3 33.48 22.99 21.62 29.92 40.27 55.76 35.44 44.24 13.97 0 
Dimension>31
Bandera>10
Fitness Greedy Costo>398.25
Solucion Greedy Costo>13 0 12 0 1 3 2 4 0 14 15 16 8 0 5 6 7 9 0 10 11 0 0 0 0 0 0 0 0 0 0 
Linea Vacia>
Matriz de Costos>
0 9.1 33.66 19.85 40.82 44.42 49.32 48.66 60.09 60.99 69.92 82.99 7.52 6.92 30.8 43.31 
7.95 0 21.37 10.66 34.05 39.96 44.86 41.85 53.94 57.62 65.09 80.83 9.43 14.71 26.16 37.02 
30.03 20.82 0 10.9 13 17.9 27.16 36.89 49.25 64.62 74.47 89.79 30.92 37.65 36.66 41.18 
18.69 9.79 11.15 0 21 25.3 31.45 33.99 46.37 55.56 65.45 80.83 20.17 26.19 27.52 32.09 
39.73 28.72 9.83 20.71 0 10.53 28.54 37.4 49.76 71.24 81.08 96.38 39.22 45.92 44.27 44.85 
44.31 36.79 18.79 25.46 10.88 0 14.11 31.92 46.23 67.71 77.56 92.88 44.33 49.64 40.7 41.31 
48.7 42.38 28.72 33.14 25.32 13.96 0 16.48 31.78 60.93 71.17 86.5 48.72 54.03 42.74 30.54 
48.04 39.39 39.48 34.05 37.8 30.59 16.47 0 15.69 50.49 60.77 76.16 47.09 53.37 34.58 22.31 
57.93 50.42 51.71 46.31 50.04 46.45 31.74 15.91 0 46.31 56.6 72.02 57.95 63.23 34.59 21.58 
59.36 56.1 69.7 58.33 72.59 69.27 61.52 51.95 46.27 0 10.86 26.49 53 62.83 31.56 29.8 
72.73 65.03 78.59 67.27 82.18 78.18 71.75 62.22 56.56 10.43 0 16.46 61.94 71.76 40.56 40.15 
81.79 78.14 90.01 78.74 93.58 89.6 83.3 73.69 68.07 22.14 14.22 0 73.42 80.81 52.15 51.73 
8.28 13.25 32.29 22.86 41.52 45.98 50.43 46.99 57.78 53.5 63.89 76.99 0 7.15 22 35.45 
5.17 13.3 32.47 22.84 44.6 48.19 54.92 52.42 63.57 58.26 70.74 83.47 7.62 0 27.8 40.33 
29.92 26.62 41.39 29.89 44.44 41.61 40.19 33.91 35.13 30.96 40.92 56.41 23.42 27.89 0 13.93 
43.5 34.87 43.41 31.93 43.1 40.3 33.48 22.99 21.62 29.92 40.27 55.76 35.44 44.24 13.97 0 
Dimension>31
Bandera>10
Fitness Greedy Costo>398.25
Solucion Greedy Costo>13 0 12 0 1 3 2 4 0 14 15 16 8 0 5 6 7 9 0 10 11 0 0 0 0 0 0 0 0 0 0 
Linea Vacia>
Matriz de Costos>
0 9.1 33.66 19.85 40.82 44.42 49.32 48.66 60.09 60.99 69.92 82.99 7.52 6.92 30.8 43.31 
7.95 0 21.37 10.66 34.05 39.96 44.86 41.85 53.94 57.62 65.09 80.83 9.43 14.71 26.16 37.02 
30.03 20.82 0 10.9 13 17.9 27.16 36.89 49.25 64.62 74.47 89.79 30.92 37.65 36.66 41.18 
18.69 9.79 11.15 0 21 25.3 31.45 33.99 46.37 55.56 65.45 80.83 20.17 26.19 27.52 32.09 
39.73 28.72 9.83 20.71 0 10.53 28.54 37.4 49.76 71.24 81.08 96.38 39.22 45.92 44.27 44.85 
44.31 36.79 18.79 25.46 10.88 0 14.11 31.92 46.23 67.71 77.56 92.88 44.33 49.64 40.7 41.31 
48.7 42.38 28.72 33.14 25.32 13.96 0 16.48 31.78 60.93 71.17 86.5 48.72 54.03 42.74 30.54 
48.04 39.39 39.48 34.05 37.8 30.59 16.47 0 15.69 50.49 60.77 76.16 47.09 53.37 34.58 22.31 
57.93 50.42 51.71 46.31 50.04 46.45 31.74 15.91 0 46.31 56.6 72.02 57.95 63.23 34.59 21.58 
59.36 56.1 69.7 58.33 72.59 69.27 61.52 51.95 46.27 0 10.86 26.49 53 62.83 31.56 29.8 
72.73 65.03 78.59 67.27 82.18 78.18 71.75 62.22 56.56 10.43 0 16.46 61.94 71.76 40.56 40.15 
81.79 78.14 90.01 78.74 93.58 89.6 83.3 73.69 68.07 22.14 14.22 0 73.42 80.81 52.15 51.73 
8.28 13.25 32.29 22.86 41.52 45.98 50.43 46.99 57.78 53.5 63.89 76.99 0 7.15 22 35.45 
5.17 13.3 32.47 22.84 44.6 48.19 54.92 52.42 63.57 58.26 70.74 83.47 7.62 0 27.8 40.33 
29.92 26.62 41.39 29.89 44.44 41.61 40.19 33.91 35.13 30.96 40.92 56.41 23.42 27.89 0 13.93 
43.5 34.87 43.41 31.93 43.1 40.3 33.48 22.99 21.62 29.92 40.27 55.76 35.44 44.24 13.97 0 
Dimension>31
Bandera>10
Fitness Greedy Costo>398.25
Solucion Greedy Costo>13 0 12 0 1 3 2 4 0 14 15 16 8 0 5 6 7 9 0 10 11 0 0 0 0 0 0 0 0 0 0 
Linea Vacia>
Dimension>31
Dimension>31
Dimension>31
Bandera>10
Fitness Greedy Costo>398.25
Dimension>31
Bandera>10
Fitness Greedy Costo>398.25
Bandera>10
Fitness Greedy Costo>398.25
Solucion Greedy Costo>13 0 12 0 1 3 2 4 0 14 15 16 8 0 5 6 7 9 0 10 11 0 0 0 0 0 0 0 0 0 0 
Linea Vacia>
Solucion Greedy Costo>13 0 12 0 1 3 2 4 0 14 15 16 8 0 5 6 7 9 0 10 11 0 0 0 0 0 0 0 0 0 0 
Linea Vacia>
Bandera>10
Fitness Greedy Costo>398.25
Solucion Greedy Costo>13 0 12 0 1 3 2 4 0 14 15 16 8 0 5 6 7 9 0 10 11 0 0 0 0 0 0 0 0 0 0 
Linea Vacia>
Matriz de Costos>
0 9.1 33.66 19.85 40.82 44.42 49.32 48.66 60.09 60.99 69.92 82.99 7.52 6.92 30.8 43.31 
Solucion Greedy Costo>13 0 12 0 1 3 2 4 0 14 15 16 8 0 5 6 7 9 0 10 11 0 0 0 0 0 0 0 0 0 0 
Linea Vacia>
7.95 0 21.37 10.66 34.05 39.96 44.86 41.85 53.94 57.62 65.09 80.83 9.43 14.71 26.16 37.02 
30.03 20.82 0 10.9 13 17.9 27.16 36.89 49.25 64.62 74.47 89.79 30.92 37.65 36.66 41.18 
Matriz de Costos>
0 9.1 33.66 19.85 40.82 44.42 49.32 48.66 60.09 60.99 69.92 82.99 7.52 6.92 30.8 43.31 
18.69 9.79 11.15 0 21 25.3 31.45 33.99 46.37 55.56 65.45 80.83 20.17 26.19 27.52 32.09 
39.73 28.72 9.83 20.71 0 10.53 28.54 37.4 49.76 71.24 81.08 96.38 39.22 45.92 44.27 44.85 
7.95 0 21.37 10.66 34.05 39.96 44.86 41.85 53.94 57.62 65.09 80.83 9.43 14.71 26.16 37.02 
30.03 20.82 0 10.9 13 17.9 27.16 36.89 49.25 64.62 74.47 89.79 30.92 37.65 36.66 41.18 
44.31 36.79 18.79 25.46 10.88 0 14.11 31.92 46.23 67.71 77.56 92.88 44.33 49.64 40.7 41.31 
48.7 42.38 28.72 33.14 25.32 13.96 0 16.48 31.78 60.93 71.17 86.5 48.72 54.03 42.74 30.54 
48.04 39.39 39.48 34.05 37.8 30.59 16.47 0 15.69 50.49 60.77 76.16 47.09 53.37 34.58 22.31 
18.69 9.79 11.15 0 21 25.3 31.45 33.99 46.37 55.56 65.45 80.83 20.17 26.19 27.52 32.09 
39.73 28.72 9.83 20.71 0 10.53 28.54 37.4 49.76 71.24 81.08 96.38 39.22 45.92 44.27 44.85 
Matriz de Costos>
0 9.1 33.66 19.85 40.82 44.42 49.32 48.66 60.09 60.99 69.92 82.99 7.52 6.92 30.8 43.31 
57.93 50.42 51.71 46.31 50.04 46.45 31.74 15.91 0 46.31 56.6 72.02 57.95 63.23 34.59 21.58 
59.36 56.1 69.7 58.33 72.59 69.27 61.52 51.95 46.27 0 10.86 26.49 53 62.83 31.56 29.8 
Matriz de Costos>
0 9.1 33.66 19.85 40.82 44.42 49.32 48.66 60.09 60.99 69.92 82.99 7.52 6.92 30.8 43.31 
7.95 0 21.37 10.66 34.05 39.96 44.86 41.85 53.94 57.62 65.09 80.83 9.43 14.71 26.16 37.02 
44.31 36.79 18.79 25.46 10.88 0 14.11 31.92 46.23 67.71 77.56 92.88 44.33 49.64 40.7 41.31 
48.7 42.38 28.72 33.14 25.32 13.96 0 16.48 31.78 60.93 71.17 86.5 48.72 54.03 42.74 30.54 
7.95 0 21.37 10.66 34.05 39.96 44.86 41.85 53.94 57.62 65.09 80.83 9.43 14.71 26.16 37.02 
30.03 20.82 0 10.9 13 17.9 27.16 36.89 49.25 64.62 74.47 89.79 30.92 37.65 36.66 41.18 
72.73 65.03 78.59 67.27 82.18 78.18 71.75 62.22 56.56 10.43 0 16.46 61.94 71.76 40.56 40.15 
81.79 78.14 90.01 78.74 93.58 89.6 83.3 73.69 68.07 22.14 14.22 0 73.42 80.81 52.15 51.73 
30.03 20.82 0 10.9 13 17.9 27.16 36.89 49.25 64.62 74.47 89.79 30.92 37.65 36.66 41.18 
48.04 39.39 39.48 34.05 37.8 30.59 16.47 0 15.69 50.49 60.77 76.16 47.09 53.37 34.58 22.31 
57.93 50.42 51.71 46.31 50.04 46.45 31.74 15.91 0 46.31 56.6 72.02 57.95 63.23 34.59 21.58 
18.69 9.79 11.15 0 21 25.3 31.45 33.99 46.37 55.56 65.45 80.83 20.17 26.19 27.52 32.09 
39.73 28.72 9.83 20.71 0 10.53 28.54 37.4 49.76 71.24 81.08 96.38 39.22 45.92 44.27 44.85 
8.28 13.25 32.29 22.86 41.52 45.98 50.43 46.99 57.78 53.5 63.89 76.99 0 7.15 22 35.45 
5.17 13.3 32.47 22.84 44.6 48.19 54.92 52.42 63.57 58.26 70.74 83.47 7.62 0 27.8 40.33 
18.69 9.79 11.15 0 21 25.3 31.45 33.99 46.37 55.56 65.45 80.83 20.17 26.19 27.52 32.09 
39.73 28.72 9.83 20.71 0 10.53 28.54 37.4 49.76 71.24 81.08 96.38 39.22 45.92 44.27 44.85 
Matriz de Costos>
0 9.1 33.66 19.85 40.82 44.42 49.32 48.66 60.09 60.99 69.92 82.99 7.52 6.92 30.8 43.31 
59.36 56.1 69.7 58.33 72.59 69.27 61.52 51.95 46.27 0 10.86 26.49 53 62.83 31.56 29.8 
72.73 65.03 78.59 67.27 82.18 78.18 71.75 62.22 56.56 10.43 0 16.46 61.94 71.76 40.56 40.15 
29.92 26.62 41.39 29.89 44.44 41.61 40.19 33.91 35.13 30.96 40.92 56.41 23.42 27.89 0 13.93 
43.5 34.87 43.41 31.93 43.1 40.3 33.48 22.99 21.62 29.92 40.27 55.76 35.44 44.24 13.97 0 
44.31 36.79 18.79 25.46 10.88 0 14.11 31.92 46.23 67.71 77.56 92.88 44.33 49.64 40.7 41.31 
81.79 78.14 90.01 78.74 93.58 89.6 83.3 73.69 68.07 22.14 14.22 0 73.42 80.81 52.15 51.73 
8.28 13.25 32.29 22.86 41.52 45.98 50.43 46.99 57.78 53.5 63.89 76.99 0 7.15 22 35.45 
44.31 36.79 18.79 25.46 10.88 0 14.11 31.92 46.23 67.71 77.56 92.88 44.33 49.64 40.7 41.31 
48.7 42.38 28.72 33.14 25.32 13.96 0 16.48 31.78 60.93 71.17 86.5 48.72 54.03 42.74 30.54 
48.04 39.39 39.48 34.05 37.8 30.59 16.47 0 15.69 50.49 60.77 76.16 47.09 53.37 34.58 22.31 
48.7 42.38 28.72 33.14 25.32 13.96 0 16.48 31.78 60.93 71.17 86.5 48.72 54.03 42.74 30.54 
48.04 39.39 39.48 34.05 37.8 30.59 16.47 0 15.69 50.49 60.77 76.16 47.09 53.37 34.58 22.31 
7.95 0 21.37 10.66 34.05 39.96 44.86 41.85 53.94 57.62 65.09 80.83 9.43 14.71 26.16 37.02 
30.03 20.82 0 10.9 13 17.9 27.16 36.89 49.25 64.62 74.47 89.79 30.92 37.65 36.66 41.18 
5.17 13.3 32.47 22.84 44.6 48.19 54.92 52.42 63.57 58.26 70.74 83.47 7.62 0 27.8 40.33 
29.92 26.62 41.39 29.89 44.44 41.61 40.19 33.91 35.13 30.96 40.92 56.41 23.42 27.89 0 13.93 
43.5 34.87 43.41 31.93 43.1 40.3 33.48 22.99 21.62 29.92 40.27 55.76 35.44 44.24 13.97 0 
57.93 50.42 51.71 46.31 50.04 46.45 31.74 15.91 0 46.31 56.6 72.02 57.95 63.23 34.59 21.58 
59.36 56.1 69.7 58.33 72.59 69.27 61.52 51.95 46.27 0 10.86 26.49 53 62.83 31.56 29.8 
57.93 50.42 51.71 46.31 50.04 46.45 31.74 15.91 0 46.31 56.6 72.02 57.95 63.23 34.59 21.58 
59.36 56.1 69.7 58.33 72.59 69.27 61.52 51.95 46.27 0 10.86 26.49 53 62.83 31.56 29.8 
18.69 9.79 11.15 0 21 25.3 31.45 33.99 46.37 55.56 65.45 80.83 20.17 26.19 27.52 32.09 
39.73 28.72 9.83 20.71 0 10.53 28.54 37.4 49.76 71.24 81.08 96.38 39.22 45.92 44.27 44.85 
72.73 65.03 78.59 67.27 82.18 78.18 71.75 62.22 56.56 10.43 0 16.46 61.94 71.76 40.56 40.15 
81.79 78.14 90.01 78.74 93.58 89.6 83.3 73.69 68.07 22.14 14.22 0 73.42 80.81 52.15 51.73 
72.73 65.03 78.59 67.27 82.18 78.18 71.75 62.22 56.56 10.43 0 16.46 61.94 71.76 40.56 40.15 
81.79 78.14 90.01 78.74 93.58 89.6 83.3 73.69 68.07 22.14 14.22 0 73.42 80.81 52.15 51.73 
44.31 36.79 18.79 25.46 10.88 0 14.11 31.92 46.23 67.71 77.56 92.88 44.33 49.64 40.7 41.31 
48.7 42.38 28.72 33.14 25.32 13.96 0 16.48 31.78 60.93 71.17 86.5 48.72 54.03 42.74 30.54 
8.28 13.25 32.29 22.86 41.52 45.98 50.43 46.99 57.78 53.5 63.89 76.99 0 7.15 22 35.45 
5.17 13.3 32.47 22.84 44.6 48.19 54.92 52.42 63.57 58.26 70.74 83.47 7.62 0 27.8 40.33 
8.28 13.25 32.29 22.86 41.52 45.98 50.43 46.99 57.78 53.5 63.89 76.99 0 7.15 22 35.45 
5.17 13.3 32.47 22.84 44.6 48.19 54.92 52.42 63.57 58.26 70.74 83.47 7.62 0 27.8 40.33 
29.92 26.62 41.39 29.89 44.44 41.61 40.19 33.91 35.13 30.96 40.92 56.41 23.42 27.89 0 13.93 
29.92 26.62 41.39 29.89 44.44 41.61 40.19 33.91 35.13 30.96 40.92 56.41 23.42 27.89 0 13.93 
48.04 39.39 39.48 34.05 37.8 30.59 16.47 0 15.69 50.49 60.77 76.16 47.09 53.37 34.58 22.31 
43.5 34.87 43.41 31.93 43.1 40.3 33.48 22.99 21.62 29.92 40.27 55.76 35.44 44.24 13.97 0 
43.5 34.87 43.41 31.93 43.1 40.3 33.48 22.99 21.62 29.92 40.27 55.76 35.44 44.24 13.97 0 
57.93 50.42 51.71 46.31 50.04 46.45 31.74 15.91 0 46.31 56.6 72.02 57.95 63.23 34.59 21.58 
59.36 56.1 69.7 58.33 72.59 69.27 61.52 51.95 46.27 0 10.86 26.49 53 62.83 31.56 29.8 
72.73 65.03 78.59 67.27 82.18 78.18 71.75 62.22 56.56 10.43 0 16.46 61.94 71.76 40.56 40.15 
81.79 78.14 90.01 78.74 93.58 89.6 83.3 73.69 68.07 22.14 14.22 0 73.42 80.81 52.15 51.73 
8.28 13.25 32.29 22.86 41.52 45.98 50.43 46.99 57.78 53.5 63.89 76.99 0 7.15 22 35.45 
5.17 13.3 32.47 22.84 44.6 48.19 54.92 52.42 63.57 58.26 70.74 83.47 7.62 0 27.8 40.33 
29.92 26.62 41.39 29.89 44.44 41.61 40.19 33.91 35.13 30.96 40.92 56.41 23.42 27.89 0 13.93 
43.5 34.87 43.41 31.93 43.1 40.3 33.48 22.99 21.62 29.92 40.27 55.76 35.44 44.24 13.97 0 
GEN 0 398.250000
GREEDY 0 0.000000
GEN 0 398.250000
GREEDY 0 0.000000
GEN 0 388.350000
GREEDY 0 0.000000
GEN 0 398.250000
GREEDY 0 0.000000
TIEMPO 0 398.250000
TIEMPO 0 398.250000
TIEMPO 0 388.350000
TIEMPO 0 398.250000
GREEDY 5 0.000492
GREEDY 5 0.000734
GREEDY 10 0.000805
GREEDY 5 0.002547
GREEDY 10 0.002778
GREEDY 5 0.006935
GEN 0 398.250000
GEN 0 398.250000
GREEDY 0 0.000000
GEN 0 398.250000
GREEDY 0 0.000000
GEN 0 398.250000
GREEDY 0 0.000000
GEN 0 398.250000
GREEDY 0 0.000000
TIEMPO 0 398.250000
GEN 0 398.250000
GREEDY 0 0.000000
GEN 0 398.250000
GREEDY 0 0.000000
GEN 0 398.250000
GREEDY 0 0.000000
TIEMPO 0 398.250000
TIEMPO 0 398.250000
GEN 0 398.250000
GREEDY 0 0.000000
TIEMPO 0 398.250000
TIEMPO 0 398.250000
TIEMPO 0 398.250000
TIEMPO 0 398.250000
GREEDY 0 0.000000
TIEMPO 0 398.250000
GREEDY 5 0.000277
GREEDY 5 0.000312
GREEDY 10 0.000394
TIEMPO 0 398.250000
GREEDY 5 0.000916
GREEDY 5 0.001023
GEN 0 398.250000
GREEDY 0 0.000000
TIEMPO 0 398.250000
GREEDY 10 0.001464
GREEDY 5 0.001847
GEN 0 398.250000
GREEDY 0 0.000000
GEN 0 398.250000
GREEDY 0 0.000000
TIEMPO 0 398.250000
GEN 0 398.250000
GREEDY 0 0.000000
GEN 0 398.250000
GREEDY 0 0.000000
TIEMPO 0 398.250000
TIEMPO 0 398.250000
TIEMPO 0 398.250000
GREEDY 5 0.002432
GREEDY 5 0.000605
GREEDY 5 0.002164
GREEDY 5 0.001449
GREEDY 10 0.002256
GREEDY 5 0.002567
GREEDY 5 0.004652
GREEDY 10 0.004580
GREEDY 10 0.003590
GREEDY 5 0.006906
GREEDY 10 0.006899
GEN 0 398.250000
GREEDY 0 0.000000
GEN 0 398.250000
GREEDY 0 0.000000
GEN 0 398.250000
GREEDY 0 0.000000
GEN 0 398.250000
GREEDY 0 0.000000
GREEDY 10 0.018945
GEN 0 398.250000
GREEDY 0 0.000000
TIEMPO 0 398.250000
GEN 0 398.250000
GREEDY 0 0.000000
TIEMPO 0 398.250000
TIEMPO 0 398.250000
TIEMPO 0 398.250000
TIEMPO 0 398.250000
GREEDY 5 0.000256
TIEMPO 0 398.250000
GREEDY 5 0.000261
GREEDY 10 0.001562
GREEDY 10 0.012436
GREEDY 5 0.003875
GREEDY 5 0.004007
GREEDY 10 0.004141
GREEDY 5 0.014783
GREEDY 10 0.017431
GREEDY 5 0.009099
GREEDY 10 0.009193
GREEDY 10 0.020726
GREEDY 10 0.025480
GREEDY 5 0.018200
GREEDY 10 0.028638
GREEDY 10 0.018845
GREEDY 5 0.029476
GREEDY 10 0.041432
GREEDY 10 0.037410
GREEDY 10 0.039728
GREEDY 10 0.031213
GREEDY 10 0.031878
GREEDY 10 0.059917
GREEDY 15 0.078850
GREEDY 15 0.121860
GEN 2500 339.790000
GEN 2500 339.790000
GEN 2500 339.790000
GEN 2500 345.750000
GEN 2500 339.790000
GEN 2500 339.790000
GEN 2500 333.720000
GEN 2500 339.790000
GEN 2500 341.750000
GEN 2500 342.650000
GEN 2500 342.650000
GEN 2500 339.790000
GEN 2500 339.790000
GEN 2500 339.790000
GEN 2500 337.660000
GEN 2500 339.790000
GEN 2500 339.790000
GEN 2500 339.790000
GEN 5000 339.790000
GEN 5000 339.790000
GEN 2500 339.790000
GEN 5000 339.790000
GEN 2500 339.790000
GEN 2500 339.790000
GEN 2500 339.790000
GEN 2500 339.790000
GEN 2500 339.790000
GEN 5000 345.750000
GEN 5000 339.790000
GEN 5000 339.790000
GEN 5000 333.720000
GEN 5000 341.750000
GEN 5000 342.650000
GEN 5000 342.650000
GEN 5000 337.660000
GEN 5000 339.790000
GEN 5000 339.790000
GEN 5000 339.790000
GEN 5000 339.790000
GEN 7500 339.790000
GEN 7500 339.790000
GEN 5000 339.790000
GEN 5000 339.790000
GEN 5000 339.790000
GEN 5000 339.790000
GEN 5000 339.790000
GEN 5000 339.790000
GEN 5000 339.790000
GEN 7500 339.790000
GEN 5000 339.790000
GEN 5000 339.790000
GEN 7500 345.750000
GEN 7500 339.790000
GEN 7500 339.790000
GEN 7500 333.720000
GEN 7500 341.750000
GEN 7500 342.650000
GEN 7500 337.660000
GEN 7500 342.650000
GEN 7500 339.790000
GEN 7500 339.790000
GEN 7500 339.790000
GEN 7500 339.790000
GEN 10000 339.790000
TIEMPO 0.666871 339.790000
GEN 10000 339.790000
TIEMPO 0.668952 339.790000
GEN 7500 339.790000
GEN 7500 339.790000
GEN 7500 339.790000
GEN 7500 339.790000
GEN 7500 339.790000
GEN 10000 339.790000
TIEMPO 0.755623 339.790000
GEN 7500 339.790000
GEN 7500 339.790000
GEN 10000 345.750000
TIEMPO 0.784710 345.750000
GEN 10000 337.660000
TIEMPO 0.768253 337.660000
GEN 10000 339.790000
TIEMPO 0.787117 339.790000
GEN 10000 339.790000
TIEMPO 0.784053 339.790000
GEN 10000 333.720000
TIEMPO 0.784240 333.720000
GEN 10000 341.750000
TIEMPO 0.785655 341.750000
GEN 10000 339.790000
TIEMPO 0.804812 339.790000
GEN 10000 342.650000
TIEMPO 0.798058 342.650000
GEN 10000 342.650000
TIEMPO 0.813640 342.650000
GEN 10000 339.790000
TIEMPO 0.828347 339.790000
GEN 10000 339.790000
TIEMPO 0.840098 339.790000
GEN 10000 339.790000
TIEMPO 0.836053 339.790000
GEN 10000 339.790000
TIEMPO 0.839454 339.790000
GEN 10000 339.790000
TIEMPO 0.846584 339.790000
GEN 10000 339.790000
TIEMPO 0.838351 339.790000
GEN 10000 339.790000
TIEMPO 0.893043 339.790000
GEN 7500 339.790000
GEN 10000 339.790000
TIEMPO 0.939118 339.790000
GEN 10000 339.790000
TIEMPO 0.958265 339.790000
GEN 10000 339.790000
TIEMPO 0.960463 339.790000
TIEMPO 1 339.790000
TIEMPO 1 339.790000
GEN 7500 339.790000
GEN 10000 339.790000
TIEMPO 1.318852 339.790000
GEN 10000 339.790000
TIEMPO 1.598681 339.790000

 Current State ---------------------------------------------
Solution:  13 12 0 1 3 2 0 0 14 15 16 8 0 4 5 6 7 0 9 10 11 0 0 0 0 0 0 0 0 0 0 Fitness: 333.72

 :( ---------------------- THE END --------------- :) 
