Dimension>31
Dimension>31
Bandera>10
Fitness Greedy Costo>398.25
Dimension>31
Bandera>10
Fitness Greedy Costo>398.25
Bandera>10
Fitness Greedy Costo>398.25
Solucion Greedy Costo>13 0 12 0 1 3 2 4 0 14 15 16 8 0 5 6 7 9 0 10 11 0 0 0 0 0 0 0 0 0 0 
Linea Vacia>
Dimension>31
Solucion Greedy Costo>13 0 12 0 1 3 2 4 0 14 15 16 8 0 5 6 7 9 0 10 11 0 0 0 0 0 0 0 0 0 0 
Linea Vacia>
Solucion Greedy Costo>13 0 12 0 1 3 2 4 0 14 15 16 8 0 5 6 7 9 0 10 11 0 0 0 0 0 0 0 0 0 0 
Linea Vacia>
Dimension>31
Bandera>10
Fitness Greedy Costo>398.25
Solucion Greedy Costo>13 0 12 0 1 3 2 4 0 14 15 16 8 0 5 6 7 9 0 10 11 0 0 0 0 0 0 0 0 0 0 
Linea Vacia>
Bandera>10
Fitness Greedy Costo>398.25
Matriz de Costos>
0 9.1 33.66 19.85 40.82 44.42 49.32 48.66 60.09 60.99 69.92 82.99 7.52 6.92 30.8 43.31 
7.95 0 21.37 10.66 34.05 39.96 44.86 41.85 53.94 57.62 65.09 80.83 9.43 14.71 26.16 37.02 
30.03 20.82 0 10.9 13 17.9 27.16 36.89 49.25 64.62 74.47 89.79 30.92 37.65 36.66 41.18 
18.69 9.79 11.15 0 21 25.3 31.45 33.99 46.37 55.56 65.45 80.83 20.17 26.19 27.52 32.09 
39.73 28.72 9.83 20.71 0 10.53 28.54 37.4 49.76 71.24 81.08 96.38 39.22 45.92 44.27 44.85 
Matriz de Costos>
0 9.1 33.66 19.85 40.82 44.42 49.32 48.66 60.09 60.99 69.92 82.99 7.52 6.92 30.8 43.31 
7.95 0 21.37 10.66 34.05 39.96 44.86 41.85 53.94 57.62 65.09 80.83 9.43 14.71 26.16 37.02 
30.03 20.82 0 10.9 13 17.9 27.16 36.89 49.25 64.62 74.47 89.79 30.92 37.65 36.66 41.18 
18.69 9.79 11.15 0 21 25.3 31.45 33.99 46.37 55.56 65.45 80.83 20.17 26.19 27.52 32.09 
Solucion Greedy Costo>13 0 12 0 1 3 2 4 0 14 15 16 8 0 5 6 7 9 0 10 11 0 0 0 0 0 0 0 0 0 0 
Linea Vacia>
Matriz de Costos>
0 9.1 33.66 19.85 40.82 44.42 49.32 48.66 60.09 60.99 69.92 82.99 7.52 6.92 30.8 43.31 
7.95 0 21.37 10.66 34.05 39.96 44.86 41.85 53.94 57.62 65.09 80.83 9.43 14.71 26.16 37.02 
30.03 20.82 0 10.9 13 17.9 27.16 36.89 49.25 64.62 74.47 89.79 30.92 37.65 36.66 41.18 
18.69 9.79 11.15 0 21 25.3 31.45 33.99 46.37 55.56 65.45 80.83 20.17 26.19 27.52 32.09 
39.73 28.72 9.83 20.71 0 10.53 28.54 37.4 49.76 71.24 81.08 96.38 39.22 45.92 44.27 44.85 
Matriz de Costos>
0 9.1 33.66 19.85 40.82 44.42 49.32 48.66 60.09 60.99 69.92 82.99 7.52 6.92 30.8 43.31 
7.95 0 21.37 10.66 34.05 39.96 44.86 41.85 53.94 57.62 65.09 80.83 9.43 14.71 26.16 37.02 
44.31 36.79 18.79 25.46 10.88 0 14.11 31.92 46.23 67.71 77.56 92.88 44.33 49.64 40.7 41.31 
48.7 42.38 28.72 33.14 25.32 13.96 0 16.48 31.78 60.93 71.17 86.5 48.72 54.03 42.74 30.54 
39.73 28.72 9.83 20.71 0 10.53 28.54 37.4 49.76 71.24 81.08 96.38 39.22 45.92 44.27 44.85 
44.31 36.79 18.79 25.46 10.88 0 14.11 31.92 46.23 67.71 77.56 92.88 44.33 49.64 40.7 41.31 
48.7 42.38 28.72 33.14 25.32 13.96 0 16.48 31.78 60.93 71.17 86.5 48.72 54.03 42.74 30.54 
30.03 20.82 0 10.9 13 17.9 27.16 36.89 49.25 64.62 74.47 89.79 30.92 37.65 36.66 41.18 
18.69 9.79 11.15 0 21 25.3 31.45 33.99 46.37 55.56 65.45 80.83 20.17 26.19 27.52 32.09 
48.04 39.39 39.48 34.05 37.8 30.59 16.47 0 15.69 50.49 60.77 76.16 47.09 53.37 34.58 22.31 
44.31 36.79 18.79 25.46 10.88 0 14.11 31.92 46.23 67.71 77.56 92.88 44.33 49.64 40.7 41.31 
48.7 42.38 28.72 33.14 25.32 13.96 0 16.48 31.78 60.93 71.17 86.5 48.72 54.03 42.74 30.54 
48.04 39.39 39.48 34.05 37.8 30.59 16.47 0 15.69 50.49 60.77 76.16 47.09 53.37 34.58 22.31 
57.93 50.42 51.71 46.31 50.04 46.45 31.74 15.91 0 46.31 56.6 72.02 57.95 63.23 34.59 21.58 
57.93 50.42 51.71 46.31 50.04 46.45 31.74 15.91 0 46.31 56.6 72.02 57.95 63.23 34.59 21.58 
39.73 28.72 9.83 20.71 0 10.53 28.54 37.4 49.76 71.24 81.08 96.38 39.22 45.92 44.27 44.85 
44.31 36.79 18.79 25.46 10.88 0 14.11 31.92 46.23 67.71 77.56 92.88 44.33 49.64 40.7 41.31 
59.36 56.1 69.7 58.33 72.59 69.27 61.52 51.95 46.27 0 10.86 26.49 53 62.83 31.56 29.8 
48.04 39.39 39.48 34.05 37.8 30.59 16.47 0 15.69 50.49 60.77 76.16 47.09 53.37 34.58 22.31 
57.93 50.42 51.71 46.31 50.04 46.45 31.74 15.91 0 46.31 56.6 72.02 57.95 63.23 34.59 21.58 
59.36 56.1 69.7 58.33 72.59 69.27 61.52 51.95 46.27 0 10.86 26.49 53 62.83 31.56 29.8 
72.73 65.03 78.59 67.27 82.18 78.18 71.75 62.22 56.56 10.43 0 16.46 61.94 71.76 40.56 40.15 
72.73 65.03 78.59 67.27 82.18 78.18 71.75 62.22 56.56 10.43 0 16.46 61.94 71.76 40.56 40.15 
59.36 56.1 69.7 58.33 72.59 69.27 61.52 51.95 46.27 0 10.86 26.49 53 62.83 31.56 29.8 
48.7 42.38 28.72 33.14 25.32 13.96 0 16.48 31.78 60.93 71.17 86.5 48.72 54.03 42.74 30.54 
48.04 39.39 39.48 34.05 37.8 30.59 16.47 0 15.69 50.49 60.77 76.16 47.09 53.37 34.58 22.31 
81.79 78.14 90.01 78.74 93.58 89.6 83.3 73.69 68.07 22.14 14.22 0 73.42 80.81 52.15 51.73 
72.73 65.03 78.59 67.27 82.18 78.18 71.75 62.22 56.56 10.43 0 16.46 61.94 71.76 40.56 40.15 
Matriz de Costos>
81.79 78.14 90.01 78.74 93.58 89.6 83.3 73.69 68.07 22.14 14.22 0 73.42 80.81 52.15 51.73 
8.28 13.25 32.29 22.86 41.52 45.98 50.43 46.99 57.78 53.5 63.89 76.99 0 7.15 22 35.45 
57.93 50.42 51.71 46.31 50.04 46.45 31.74 15.91 0 46.31 56.6 72.02 57.95 63.23 34.59 21.58 
8.28 13.25 32.29 22.86 41.52 45.98 50.43 46.99 57.78 53.5 63.89 76.99 0 7.15 22 35.45 
5.17 13.3 32.47 22.84 44.6 48.19 54.92 52.42 63.57 58.26 70.74 83.47 7.62 0 27.8 40.33 
81.79 78.14 90.01 78.74 93.58 89.6 83.3 73.69 68.07 22.14 14.22 0 73.42 80.81 52.15 51.73 
8.28 13.25 32.29 22.86 41.52 45.98 50.43 46.99 57.78 53.5 63.89 76.99 0 7.15 22 35.45 
5.17 13.3 32.47 22.84 44.6 48.19 54.92 52.42 63.57 58.26 70.74 83.47 7.62 0 27.8 40.33 
59.36 56.1 69.7 58.33 72.59 69.27 61.52 51.95 46.27 0 10.86 26.49 53 62.83 31.56 29.8 
72.73 65.03 78.59 67.27 82.18 78.18 71.75 62.22 56.56 10.43 0 16.46 61.94 71.76 40.56 40.15 
29.92 26.62 41.39 29.89 44.44 41.61 40.19 33.91 35.13 30.96 40.92 56.41 23.42 27.89 0 13.93 
5.17 13.3 32.47 22.84 44.6 48.19 54.92 52.42 63.57 58.26 70.74 83.47 7.62 0 27.8 40.33 
0 9.1 33.66 19.85 40.82 44.42 49.32 48.66 60.09 60.99 69.92 82.99 7.52 6.92 30.8 43.31 
7.95 0 21.37 10.66 34.05 39.96 44.86 41.85 53.94 57.62 65.09 80.83 9.43 14.71 26.16 37.02 
29.92 26.62 41.39 29.89 44.44 41.61 40.19 33.91 35.13 30.96 40.92 56.41 23.42 27.89 0 13.93 
43.5 34.87 43.41 31.93 43.1 40.3 33.48 22.99 21.62 29.92 40.27 55.76 35.44 44.24 13.97 0 
43.5 34.87 43.41 31.93 43.1 40.3 33.48 22.99 21.62 29.92 40.27 55.76 35.44 44.24 13.97 0 
29.92 26.62 41.39 29.89 44.44 41.61 40.19 33.91 35.13 30.96 40.92 56.41 23.42 27.89 0 13.93 
43.5 34.87 43.41 31.93 43.1 40.3 33.48 22.99 21.62 29.92 40.27 55.76 35.44 44.24 13.97 0 
81.79 78.14 90.01 78.74 93.58 89.6 83.3 73.69 68.07 22.14 14.22 0 73.42 80.81 52.15 51.73 
8.28 13.25 32.29 22.86 41.52 45.98 50.43 46.99 57.78 53.5 63.89 76.99 0 7.15 22 35.45 
5.17 13.3 32.47 22.84 44.6 48.19 54.92 52.42 63.57 58.26 70.74 83.47 7.62 0 27.8 40.33 
30.03 20.82 0 10.9 13 17.9 27.16 36.89 49.25 64.62 74.47 89.79 30.92 37.65 36.66 41.18 
Dimension>31
29.92 26.62 41.39 29.89 44.44 41.61 40.19 33.91 35.13 30.96 40.92 56.41 23.42 27.89 0 13.93 
43.5 34.87 43.41 31.93 43.1 40.3 33.48 22.99 21.62 29.92 40.27 55.76 35.44 44.24 13.97 0 
18.69 9.79 11.15 0 21 25.3 31.45 33.99 46.37 55.56 65.45 80.83 20.17 26.19 27.52 32.09 
Bandera>10
Fitness Greedy Costo>398.25
39.73 28.72 9.83 20.71 0 10.53 28.54 37.4 49.76 71.24 81.08 96.38 39.22 45.92 44.27 44.85 
Solucion Greedy Costo>13 0 12 0 1 3 2 4 0 14 15 16 8 0 5 6 7 9 0 10 11 0 0 0 0 0 0 0 0 0 0 
Linea Vacia>
44.31 36.79 18.79 25.46 10.88 0 14.11 31.92 46.23 67.71 77.56 92.88 44.33 49.64 40.7 41.31 
48.7 42.38 28.72 33.14 25.32 13.96 0 16.48 31.78 60.93 71.17 86.5 48.72 54.03 42.74 30.54 
48.04 39.39 39.48 34.05 37.8 30.59 16.47 0 15.69 50.49 60.77 76.16 47.09 53.37 34.58 22.31 
Matriz de Costos>
0 9.1 33.66 19.85 40.82 44.42 49.32 48.66 60.09 60.99 69.92 82.99 7.52 6.92 30.8 43.31 
57.93 50.42 51.71 46.31 50.04 46.45 31.74 15.91 0 46.31 56.6 72.02 57.95 63.23 34.59 21.58 
7.95 0 21.37 10.66 34.05 39.96 44.86 41.85 53.94 57.62 65.09 80.83 9.43 14.71 26.16 37.02 
30.03 20.82 0 10.9 13 17.9 27.16 36.89 49.25 64.62 74.47 89.79 30.92 37.65 36.66 41.18 
59.36 56.1 69.7 58.33 72.59 69.27 61.52 51.95 46.27 0 10.86 26.49 53 62.83 31.56 29.8 
72.73 65.03 78.59 67.27 82.18 78.18 71.75 62.22 56.56 10.43 0 16.46 61.94 71.76 40.56 40.15 
18.69 9.79 11.15 0 21 25.3 31.45 33.99 46.37 55.56 65.45 80.83 20.17 26.19 27.52 32.09 
39.73 28.72 9.83 20.71 0 10.53 28.54 37.4 49.76 71.24 81.08 96.38 39.22 45.92 44.27 44.85 
44.31 36.79 18.79 25.46 10.88 0 14.11 31.92 46.23 67.71 77.56 92.88 44.33 49.64 40.7 41.31 
48.7 42.38 28.72 33.14 25.32 13.96 0 16.48 31.78 60.93 71.17 86.5 48.72 54.03 42.74 30.54 
Dimension>31
Bandera>10
Fitness Greedy Costo>398.25
81.79 78.14 90.01 78.74 93.58 89.6 83.3 73.69 68.07 22.14 14.22 0 73.42 80.81 52.15 51.73 
8.28 13.25 32.29 22.86 41.52 45.98 50.43 46.99 57.78 53.5 63.89 76.99 0 7.15 22 35.45 
5.17 13.3 32.47 22.84 44.6 48.19 54.92 52.42 63.57 58.26 70.74 83.47 7.62 0 27.8 40.33 
48.04 39.39 39.48 34.05 37.8 30.59 16.47 0 15.69 50.49 60.77 76.16 47.09 53.37 34.58 22.31 
57.93 50.42 51.71 46.31 50.04 46.45 31.74 15.91 0 46.31 56.6 72.02 57.95 63.23 34.59 21.58 
59.36 56.1 69.7 58.33 72.59 69.27 61.52 51.95 46.27 0 10.86 26.49 53 62.83 31.56 29.8 
72.73 65.03 78.59 67.27 82.18 78.18 71.75 62.22 56.56 10.43 0 16.46 61.94 71.76 40.56 40.15 
81.79 78.14 90.01 78.74 93.58 89.6 83.3 73.69 68.07 22.14 14.22 0 73.42 80.81 52.15 51.73 
8.28 13.25 32.29 22.86 41.52 45.98 50.43 46.99 57.78 53.5 63.89 76.99 0 7.15 22 35.45 
5.17 13.3 32.47 22.84 44.6 48.19 54.92 52.42 63.57 58.26 70.74 83.47 7.62 0 27.8 40.33 
29.92 26.62 41.39 29.89 44.44 41.61 40.19 33.91 35.13 30.96 40.92 56.41 23.42 27.89 0 13.93 
43.5 34.87 43.41 31.93 43.1 40.3 33.48 22.99 21.62 29.92 40.27 55.76 35.44 44.24 13.97 0 
29.92 26.62 41.39 29.89 44.44 41.61 40.19 33.91 35.13 30.96 40.92 56.41 23.42 27.89 0 13.93 
43.5 34.87 43.41 31.93 43.1 40.3 33.48 22.99 21.62 29.92 40.27 55.76 35.44 44.24 13.97 0 
Solucion Greedy Costo>13 0 12 0 1 3 2 4 0 14 15 16 8 0 5 6 7 9 0 10 11 0 0 0 0 0 0 0 0 0 0 
Linea Vacia>
Matriz de Costos>
Dimension>31
0 9.1 33.66 19.85 40.82 44.42 49.32 48.66 60.09 60.99 69.92 82.99 7.52 6.92 30.8 43.31 
7.95 0 21.37 10.66 34.05 39.96 44.86 41.85 53.94 57.62 65.09 80.83 9.43 14.71 26.16 37.02 
30.03 20.82 0 10.9 13 17.9 27.16 36.89 49.25 64.62 74.47 89.79 30.92 37.65 36.66 41.18 
18.69 9.79 11.15 0 21 25.3 31.45 33.99 46.37 55.56 65.45 80.83 20.17 26.19 27.52 32.09 
39.73 28.72 9.83 20.71 0 10.53 28.54 37.4 49.76 71.24 81.08 96.38 39.22 45.92 44.27 44.85 
44.31 36.79 18.79 25.46 10.88 0 14.11 31.92 46.23 67.71 77.56 92.88 44.33 49.64 40.7 41.31 
Dimension>31
Bandera>10
Fitness Greedy Costo>398.25
Solucion Greedy Costo>13 0 12 0 1 3 2 4 0 14 15 16 8 0 5 6 7 9 0 10 11 0 0 0 0 0 0 0 0 0 0 
Linea Vacia>
48.7 42.38 28.72 33.14 25.32 13.96 0 16.48 31.78 60.93 71.17 86.5 48.72 54.03 42.74 30.54 
48.04 39.39 39.48 34.05 37.8 30.59 16.47 0 15.69 50.49 60.77 76.16 47.09 53.37 34.58 22.31 
57.93 50.42 51.71 46.31 50.04 46.45 31.74 15.91 0 46.31 56.6 72.02 57.95 63.23 34.59 21.58 
59.36 56.1 69.7 58.33 72.59 69.27 61.52 51.95 46.27 0 10.86 26.49 53 62.83 31.56 29.8 
Bandera>10
Fitness Greedy Costo>398.25
Solucion Greedy Costo>13 0 12 0 1 3 2 4 0 14 15 16 8 0 5 6 7 9 0 10 11 0 0 0 0 0 0 0 0 0 0 
Linea Vacia>
72.73 65.03 78.59 67.27 82.18 78.18 71.75 62.22 56.56 10.43 0 16.46 61.94 71.76 40.56 40.15 
81.79 78.14 90.01 78.74 93.58 89.6 83.3 73.69 68.07 22.14 14.22 0 73.42 80.81 52.15 51.73 
8.28 13.25 32.29 22.86 41.52 45.98 50.43 46.99 57.78 53.5 63.89 76.99 0 7.15 22 35.45 
5.17 13.3 32.47 22.84 44.6 48.19 54.92 52.42 63.57 58.26 70.74 83.47 7.62 0 27.8 40.33 
29.92 26.62 41.39 29.89 44.44 41.61 40.19 33.91 35.13 30.96 40.92 56.41 23.42 27.89 0 13.93 
43.5 34.87 43.41 31.93 43.1 40.3 33.48 22.99 21.62 29.92 40.27 55.76 35.44 44.24 13.97 0 
Matriz de Costos>
0 9.1 33.66 19.85 40.82 44.42 49.32 48.66 60.09 60.99 69.92 82.99 7.52 6.92 30.8 43.31 
7.95 0 21.37 10.66 34.05 39.96 44.86 41.85 53.94 57.62 65.09 80.83 9.43 14.71 26.16 37.02 
Matriz de Costos>
30.03 20.82 0 10.9 13 17.9 27.16 36.89 49.25 64.62 74.47 89.79 30.92 37.65 36.66 41.18 
18.69 9.79 11.15 0 21 25.3 31.45 33.99 46.37 55.56 65.45 80.83 20.17 26.19 27.52 32.09 
39.73 28.72 9.83 20.71 0 10.53 28.54 37.4 49.76 71.24 81.08 96.38 39.22 45.92 44.27 44.85 
0 9.1 33.66 19.85 40.82 44.42 49.32 48.66 60.09 60.99 69.92 82.99 7.52 6.92 30.8 43.31 
Dimension>31
7.95 0 21.37 10.66 34.05 39.96 44.86 41.85 53.94 57.62 65.09 80.83 9.43 14.71 26.16 37.02 
44.31 36.79 18.79 25.46 10.88 0 14.11 31.92 46.23 67.71 77.56 92.88 44.33 49.64 40.7 41.31 
48.7 42.38 28.72 33.14 25.32 13.96 0 16.48 31.78 60.93 71.17 86.5 48.72 54.03 42.74 30.54 
48.04 39.39 39.48 34.05 37.8 30.59 16.47 0 15.69 50.49 60.77 76.16 47.09 53.37 34.58 22.31 
30.03 20.82 0 10.9 13 17.9 27.16 36.89 49.25 64.62 74.47 89.79 30.92 37.65 36.66 41.18 
18.69 9.79 11.15 0 21 25.3 31.45 33.99 46.37 55.56 65.45 80.83 20.17 26.19 27.52 32.09 
Bandera>10
Fitness Greedy Costo>398.25
Solucion Greedy Costo>13 0 12 0 1 3 2 4 0 14 15 16 8 0 5 6 7 9 0 10 11 0 0 0 0 0 0 0 0 0 0 
Linea Vacia>
57.93 50.42 51.71 46.31 50.04 46.45 31.74 15.91 0 46.31 56.6 72.02 57.95 63.23 34.59 21.58 
59.36 56.1 69.7 58.33 72.59 69.27 61.52 51.95 46.27 0 10.86 26.49 53 62.83 31.56 29.8 
72.73 65.03 78.59 67.27 82.18 78.18 71.75 62.22 56.56 10.43 0 16.46 61.94 71.76 40.56 40.15 
81.79 78.14 90.01 78.74 93.58 89.6 83.3 73.69 68.07 22.14 14.22 0 73.42 80.81 52.15 51.73 
39.73 28.72 9.83 20.71 0 10.53 28.54 37.4 49.76 71.24 81.08 96.38 39.22 45.92 44.27 44.85 
44.31 36.79 18.79 25.46 10.88 0 14.11 31.92 46.23 67.71 77.56 92.88 44.33 49.64 40.7 41.31 
8.28 13.25 32.29 22.86 41.52 45.98 50.43 46.99 57.78 53.5 63.89 76.99 0 7.15 22 35.45 
5.17 13.3 32.47 22.84 44.6 48.19 54.92 52.42 63.57 58.26 70.74 83.47 7.62 0 27.8 40.33 
29.92 26.62 41.39 29.89 44.44 41.61 40.19 33.91 35.13 30.96 40.92 56.41 23.42 27.89 0 13.93 
43.5 34.87 43.41 31.93 43.1 40.3 33.48 22.99 21.62 29.92 40.27 55.76 35.44 44.24 13.97 0 
48.7 42.38 28.72 33.14 25.32 13.96 0 16.48 31.78 60.93 71.17 86.5 48.72 54.03 42.74 30.54 
48.04 39.39 39.48 34.05 37.8 30.59 16.47 0 15.69 50.49 60.77 76.16 47.09 53.37 34.58 22.31 
Matriz de Costos>
0 9.1 33.66 19.85 40.82 44.42 49.32 48.66 60.09 60.99 69.92 82.99 7.52 6.92 30.8 43.31 
57.93 50.42 51.71 46.31 50.04 46.45 31.74 15.91 0 46.31 56.6 72.02 57.95 63.23 34.59 21.58 
59.36 56.1 69.7 58.33 72.59 69.27 61.52 51.95 46.27 0 10.86 26.49 53 62.83 31.56 29.8 
7.95 0 21.37 10.66 34.05 39.96 44.86 41.85 53.94 57.62 65.09 80.83 9.43 14.71 26.16 37.02 
30.03 20.82 0 10.9 13 17.9 27.16 36.89 49.25 64.62 74.47 89.79 30.92 37.65 36.66 41.18 
18.69 9.79 11.15 0 21 25.3 31.45 33.99 46.37 55.56 65.45 80.83 20.17 26.19 27.52 32.09 
39.73 28.72 9.83 20.71 0 10.53 28.54 37.4 49.76 71.24 81.08 96.38 39.22 45.92 44.27 44.85 
72.73 65.03 78.59 67.27 82.18 78.18 71.75 62.22 56.56 10.43 0 16.46 61.94 71.76 40.56 40.15 
81.79 78.14 90.01 78.74 93.58 89.6 83.3 73.69 68.07 22.14 14.22 0 73.42 80.81 52.15 51.73 
Dimension>31
Bandera>10
Fitness Greedy Costo>398.25
8.28 13.25 32.29 22.86 41.52 45.98 50.43 46.99 57.78 53.5 63.89 76.99 0 7.15 22 35.45 
5.17 13.3 32.47 22.84 44.6 48.19 54.92 52.42 63.57 58.26 70.74 83.47 7.62 0 27.8 40.33 
44.31 36.79 18.79 25.46 10.88 0 14.11 31.92 46.23 67.71 77.56 92.88 44.33 49.64 40.7 41.31 
48.7 42.38 28.72 33.14 25.32 13.96 0 16.48 31.78 60.93 71.17 86.5 48.72 54.03 42.74 30.54 
48.04 39.39 39.48 34.05 37.8 30.59 16.47 0 15.69 50.49 60.77 76.16 47.09 53.37 34.58 22.31 
57.93 50.42 51.71 46.31 50.04 46.45 31.74 15.91 0 46.31 56.6 72.02 57.95 63.23 34.59 21.58 
59.36 56.1 69.7 58.33 72.59 69.27 61.52 51.95 46.27 0 10.86 26.49 53 62.83 31.56 29.8 
29.92 26.62 41.39 29.89 44.44 41.61 40.19 33.91 35.13 30.96 40.92 56.41 23.42 27.89 0 13.93 
72.73 65.03 78.59 67.27 82.18 78.18 71.75 62.22 56.56 10.43 0 16.46 61.94 71.76 40.56 40.15 
Solucion Greedy Costo>13 0 12 0 1 3 2 4 0 14 15 16 8 0 5 6 7 9 0 10 11 0 0 0 0 0 0 0 0 0 0 
Linea Vacia>
43.5 34.87 43.41 31.93 43.1 40.3 33.48 22.99 21.62 29.92 40.27 55.76 35.44 44.24 13.97 0 
81.79 78.14 90.01 78.74 93.58 89.6 83.3 73.69 68.07 22.14 14.22 0 73.42 80.81 52.15 51.73 
8.28 13.25 32.29 22.86 41.52 45.98 50.43 46.99 57.78 53.5 63.89 76.99 0 7.15 22 35.45 
Dimension>31
5.17 13.3 32.47 22.84 44.6 48.19 54.92 52.42 63.57 58.26 70.74 83.47 7.62 0 27.8 40.33 
29.92 26.62 41.39 29.89 44.44 41.61 40.19 33.91 35.13 30.96 40.92 56.41 23.42 27.89 0 13.93 
43.5 34.87 43.41 31.93 43.1 40.3 33.48 22.99 21.62 29.92 40.27 55.76 35.44 44.24 13.97 0 
Bandera>10
Fitness Greedy Costo>398.25
Solucion Greedy Costo>13 0 12 0 1 3 2 4 0 14 15 16 8 0 5 6 7 9 0 10 11 0 0 0 0 0 0 0 0 0 0 
Linea Vacia>
Matriz de Costos>
0 9.1 33.66 19.85 40.82 44.42 49.32 48.66 60.09 60.99 69.92 82.99 7.52 6.92 30.8 43.31 
7.95 0 21.37 10.66 34.05 39.96 44.86 41.85 53.94 57.62 65.09 80.83 9.43 14.71 26.16 37.02 
30.03 20.82 0 10.9 13 17.9 27.16 36.89 49.25 64.62 74.47 89.79 30.92 37.65 36.66 41.18 
Dimension>31
18.69 9.79 11.15 0 21 25.3 31.45 33.99 46.37 55.56 65.45 80.83 20.17 26.19 27.52 32.09 
39.73 28.72 9.83 20.71 0 10.53 28.54 37.4 49.76 71.24 81.08 96.38 39.22 45.92 44.27 44.85 
Bandera>10
Fitness Greedy Costo>398.25
Solucion Greedy Costo>13 0 12 0 1 3 2 4 0 14 15 16 8 0 5 6 7 9 0 10 11 0 0 0 0 0 0 0 0 0 0 
Linea Vacia>
44.31 36.79 18.79 25.46 10.88 0 14.11 31.92 46.23 67.71 77.56 92.88 44.33 49.64 40.7 41.31 
48.7 42.38 28.72 33.14 25.32 13.96 0 16.48 31.78 60.93 71.17 86.5 48.72 54.03 42.74 30.54 
Matriz de Costos>
0 9.1 33.66 19.85 40.82 44.42 49.32 48.66 60.09 60.99 69.92 82.99 7.52 6.92 30.8 43.31 
48.04 39.39 39.48 34.05 37.8 30.59 16.47 0 15.69 50.49 60.77 76.16 47.09 53.37 34.58 22.31 
57.93 50.42 51.71 46.31 50.04 46.45 31.74 15.91 0 46.31 56.6 72.02 57.95 63.23 34.59 21.58 
59.36 56.1 69.7 58.33 72.59 69.27 61.52 51.95 46.27 0 10.86 26.49 53 62.83 31.56 29.8 
7.95 0 21.37 10.66 34.05 39.96 44.86 41.85 53.94 57.62 65.09 80.83 9.43 14.71 26.16 37.02 
30.03 20.82 0 10.9 13 17.9 27.16 36.89 49.25 64.62 74.47 89.79 30.92 37.65 36.66 41.18 
18.69 9.79 11.15 0 21 25.3 31.45 33.99 46.37 55.56 65.45 80.83 20.17 26.19 27.52 32.09 
Dimension>31
Bandera>10
Fitness Greedy Costo>398.25
72.73 65.03 78.59 67.27 82.18 78.18 71.75 62.22 56.56 10.43 0 16.46 61.94 71.76 40.56 40.15 
81.79 78.14 90.01 78.74 93.58 89.6 83.3 73.69 68.07 22.14 14.22 0 73.42 80.81 52.15 51.73 
8.28 13.25 32.29 22.86 41.52 45.98 50.43 46.99 57.78 53.5 63.89 76.99 0 7.15 22 35.45 
39.73 28.72 9.83 20.71 0 10.53 28.54 37.4 49.76 71.24 81.08 96.38 39.22 45.92 44.27 44.85 
44.31 36.79 18.79 25.46 10.88 0 14.11 31.92 46.23 67.71 77.56 92.88 44.33 49.64 40.7 41.31 
48.7 42.38 28.72 33.14 25.32 13.96 0 16.48 31.78 60.93 71.17 86.5 48.72 54.03 42.74 30.54 
Dimension>31
Matriz de Costos>
0 9.1 33.66 19.85 40.82 44.42 49.32 48.66 60.09 60.99 69.92 82.99 7.52 6.92 30.8 43.31 
7.95 0 21.37 10.66 34.05 39.96 44.86 41.85 53.94 57.62 65.09 80.83 9.43 14.71 26.16 37.02 
30.03 20.82 0 10.9 13 17.9 27.16 36.89 49.25 64.62 74.47 89.79 30.92 37.65 36.66 41.18 
48.04 39.39 39.48 34.05 37.8 30.59 16.47 0 15.69 50.49 60.77 76.16 47.09 53.37 34.58 22.31 
57.93 50.42 51.71 46.31 50.04 46.45 31.74 15.91 0 46.31 56.6 72.02 57.95 63.23 34.59 21.58 
59.36 56.1 69.7 58.33 72.59 69.27 61.52 51.95 46.27 0 10.86 26.49 53 62.83 31.56 29.8 
Solucion Greedy Costo>13 0 12 0 1 3 2 4 0 14 15 16 8 0 5 6 7 9 0 10 11 0 0 0 0 0 0 0 0 0 0 
Linea Vacia>
Bandera>10
Fitness Greedy Costo>398.25
Solucion Greedy Costo>13 0 12 0 1 3 2 4 0 14 15 16 8 0 5 6 7 9 0 10 11 0 0 0 0 0 0 0 0 0 0 
Linea Vacia>
5.17 13.3 32.47 22.84 44.6 48.19 54.92 52.42 63.57 58.26 70.74 83.47 7.62 0 27.8 40.33 
29.92 26.62 41.39 29.89 44.44 41.61 40.19 33.91 35.13 30.96 40.92 56.41 23.42 27.89 0 13.93 
43.5 34.87 43.41 31.93 43.1 40.3 33.48 22.99 21.62 29.92 40.27 55.76 35.44 44.24 13.97 0 
72.73 65.03 78.59 67.27 82.18 78.18 71.75 62.22 56.56 10.43 0 16.46 61.94 71.76 40.56 40.15 
81.79 78.14 90.01 78.74 93.58 89.6 83.3 73.69 68.07 22.14 14.22 0 73.42 80.81 52.15 51.73 
8.28 13.25 32.29 22.86 41.52 45.98 50.43 46.99 57.78 53.5 63.89 76.99 0 7.15 22 35.45 
18.69 9.79 11.15 0 21 25.3 31.45 33.99 46.37 55.56 65.45 80.83 20.17 26.19 27.52 32.09 
39.73 28.72 9.83 20.71 0 10.53 28.54 37.4 49.76 71.24 81.08 96.38 39.22 45.92 44.27 44.85 
44.31 36.79 18.79 25.46 10.88 0 14.11 31.92 46.23 67.71 77.56 92.88 44.33 49.64 40.7 41.31 
48.7 42.38 28.72 33.14 25.32 13.96 0 16.48 31.78 60.93 71.17 86.5 48.72 54.03 42.74 30.54 
5.17 13.3 32.47 22.84 44.6 48.19 54.92 52.42 63.57 58.26 70.74 83.47 7.62 0 27.8 40.33 
29.92 26.62 41.39 29.89 44.44 41.61 40.19 33.91 35.13 30.96 40.92 56.41 23.42 27.89 0 13.93 
43.5 34.87 43.41 31.93 43.1 40.3 33.48 22.99 21.62 29.92 40.27 55.76 35.44 44.24 13.97 0 
Matriz de Costos>
0 9.1 33.66 19.85 40.82 44.42 49.32 48.66 60.09 60.99 69.92 82.99 7.52 6.92 30.8 43.31 
7.95 0 21.37 10.66 34.05 39.96 44.86 41.85 53.94 57.62 65.09 80.83 9.43 14.71 26.16 37.02 
30.03 20.82 0 10.9 13 17.9 27.16 36.89 49.25 64.62 74.47 89.79 30.92 37.65 36.66 41.18 
18.69 9.79 11.15 0 21 25.3 31.45 33.99 46.37 55.56 65.45 80.83 20.17 26.19 27.52 32.09 
39.73 28.72 9.83 20.71 0 10.53 28.54 37.4 49.76 71.24 81.08 96.38 39.22 45.92 44.27 44.85 
44.31 36.79 18.79 25.46 10.88 0 14.11 31.92 46.23 67.71 77.56 92.88 44.33 49.64 40.7 41.31 
Dimension>31
Bandera>10
Fitness Greedy Costo>398.25
Solucion Greedy Costo>13 0 12 0 1 3 2 4 0 14 15 16 8 0 5 6 7 9 0 10 11 0 0 0 0 0 0 0 0 0 0 
Linea Vacia>
48.04 39.39 39.48 34.05 37.8 30.59 16.47 0 15.69 50.49 60.77 76.16 47.09 53.37 34.58 22.31 
57.93 50.42 51.71 46.31 50.04 46.45 31.74 15.91 0 46.31 56.6 72.02 57.95 63.23 34.59 21.58 
48.7 42.38 28.72 33.14 25.32 13.96 0 16.48 31.78 60.93 71.17 86.5 48.72 54.03 42.74 30.54 
48.04 39.39 39.48 34.05 37.8 30.59 16.47 0 15.69 50.49 60.77 76.16 47.09 53.37 34.58 22.31 
57.93 50.42 51.71 46.31 50.04 46.45 31.74 15.91 0 46.31 56.6 72.02 57.95 63.23 34.59 21.58 
Dimension>31
Bandera>10
Dimension>31
Bandera>10
Fitness Greedy Costo>398.25
59.36 56.1 69.7 58.33 72.59 69.27 61.52 51.95 46.27 0 10.86 26.49 53 62.83 31.56 29.8 
72.73 65.03 78.59 67.27 82.18 78.18 71.75 62.22 56.56 10.43 0 16.46 61.94 71.76 40.56 40.15 
59.36 56.1 69.7 58.33 72.59 69.27 61.52 51.95 46.27 0 10.86 26.49 53 62.83 31.56 29.8 
72.73 65.03 78.59 67.27 82.18 78.18 71.75 62.22 56.56 10.43 0 16.46 61.94 71.76 40.56 40.15 
Fitness Greedy Costo>398.25
Solucion Greedy Costo>13 0 12 0 1 3 2 4 0 14 15 16 8 0 5 6 7 9 0 10 11 0 0 0 0 0 0 0 0 0 0 
Linea Vacia>
81.79 78.14 90.01 78.74 93.58 89.6 83.3 73.69 68.07 22.14 14.22 0 73.42 80.81 52.15 51.73 
8.28 13.25 32.29 22.86 41.52 45.98 50.43 46.99 57.78 53.5 63.89 76.99 0 7.15 22 35.45 
Solucion Greedy Costo>13 0 12 0 1 3 2 4 0 14 15 16 8 0 5 6 7 9 0 10 11 0 0 0 0 0 0 0 0 0 0 
Linea Vacia>
Matriz de Costos>
81.79 78.14 90.01 78.74 93.58 89.6 83.3 73.69 68.07 22.14 14.22 0 73.42 80.81 52.15 51.73 
8.28 13.25 32.29 22.86 41.52 45.98 50.43 46.99 57.78 53.5 63.89 76.99 0 7.15 22 35.45 
5.17 13.3 32.47 22.84 44.6 48.19 54.92 52.42 63.57 58.26 70.74 83.47 7.62 0 27.8 40.33 
29.92 26.62 41.39 29.89 44.44 41.61 40.19 33.91 35.13 30.96 40.92 56.41 23.42 27.89 0 13.93 
0 9.1 33.66 19.85 40.82 44.42 49.32 48.66 60.09 60.99 69.92 82.99 7.52 6.92 30.8 43.31 
7.95 0 21.37 10.66 34.05 39.96 44.86 41.85 53.94 57.62 65.09 80.83 9.43 14.71 26.16 37.02 
Matriz de Costos>
0 9.1 33.66 19.85 40.82 44.42 49.32 48.66 60.09 60.99 69.92 82.99 7.52 6.92 30.8 43.31 
5.17 13.3 32.47 22.84 44.6 48.19 54.92 52.42 63.57 58.26 70.74 83.47 7.62 0 27.8 40.33 
29.92 26.62 41.39 29.89 44.44 41.61 40.19 33.91 35.13 30.96 40.92 56.41 23.42 27.89 0 13.93 
43.5 34.87 43.41 31.93 43.1 40.3 33.48 22.99 21.62 29.92 40.27 55.76 35.44 44.24 13.97 0 
Dimension>31
30.03 20.82 0 10.9 13 17.9 27.16 36.89 49.25 64.62 74.47 89.79 30.92 37.65 36.66 41.18 
18.69 9.79 11.15 0 21 25.3 31.45 33.99 46.37 55.56 65.45 80.83 20.17 26.19 27.52 32.09 
43.5 34.87 43.41 31.93 43.1 40.3 33.48 22.99 21.62 29.92 40.27 55.76 35.44 44.24 13.97 0 
7.95 0 21.37 10.66 34.05 39.96 44.86 41.85 53.94 57.62 65.09 80.83 9.43 14.71 26.16 37.02 
30.03 20.82 0 10.9 13 17.9 27.16 36.89 49.25 64.62 74.47 89.79 30.92 37.65 36.66 41.18 
18.69 9.79 11.15 0 21 25.3 31.45 33.99 46.37 55.56 65.45 80.83 20.17 26.19 27.52 32.09 
39.73 28.72 9.83 20.71 0 10.53 28.54 37.4 49.76 71.24 81.08 96.38 39.22 45.92 44.27 44.85 
39.73 28.72 9.83 20.71 0 10.53 28.54 37.4 49.76 71.24 81.08 96.38 39.22 45.92 44.27 44.85 
44.31 36.79 18.79 25.46 10.88 0 14.11 31.92 46.23 67.71 77.56 92.88 44.33 49.64 40.7 41.31 
Matriz de Costos>
0 9.1 33.66 19.85 40.82 44.42 49.32 48.66 60.09 60.99 69.92 82.99 7.52 6.92 30.8 43.31 
44.31 36.79 18.79 25.46 10.88 0 14.11 31.92 46.23 67.71 77.56 92.88 44.33 49.64 40.7 41.31 
48.7 42.38 28.72 33.14 25.32 13.96 0 16.48 31.78 60.93 71.17 86.5 48.72 54.03 42.74 30.54 
Bandera>10
Fitness Greedy Costo>398.25
Solucion Greedy Costo>13 0 12 0 1 3 2 4 0 14 15 16 8 0 5 6 7 9 0 10 11 0 0 0 0 0 0 0 0 0 0 
Linea Vacia>
48.7 42.38 28.72 33.14 25.32 13.96 0 16.48 31.78 60.93 71.17 86.5 48.72 54.03 42.74 30.54 
48.04 39.39 39.48 34.05 37.8 30.59 16.47 0 15.69 50.49 60.77 76.16 47.09 53.37 34.58 22.31 
Matriz de Costos>
0 9.1 33.66 19.85 40.82 44.42 49.32 48.66 60.09 60.99 69.92 82.99 7.52 6.92 30.8 43.31 
7.95 0 21.37 10.66 34.05 39.96 44.86 41.85 53.94 57.62 65.09 80.83 9.43 14.71 26.16 37.02 
Dimension>31
7.95 0 21.37 10.66 34.05 39.96 44.86 41.85 53.94 57.62 65.09 80.83 9.43 14.71 26.16 37.02 
30.03 20.82 0 10.9 13 17.9 27.16 36.89 49.25 64.62 74.47 89.79 30.92 37.65 36.66 41.18 
18.69 9.79 11.15 0 21 25.3 31.45 33.99 46.37 55.56 65.45 80.83 20.17 26.19 27.52 32.09 
48.04 39.39 39.48 34.05 37.8 30.59 16.47 0 15.69 50.49 60.77 76.16 47.09 53.37 34.58 22.31 
57.93 50.42 51.71 46.31 50.04 46.45 31.74 15.91 0 46.31 56.6 72.02 57.95 63.23 34.59 21.58 
59.36 56.1 69.7 58.33 72.59 69.27 61.52 51.95 46.27 0 10.86 26.49 53 62.83 31.56 29.8 
72.73 65.03 78.59 67.27 82.18 78.18 71.75 62.22 56.56 10.43 0 16.46 61.94 71.76 40.56 40.15 
57.93 50.42 51.71 46.31 50.04 46.45 31.74 15.91 0 46.31 56.6 72.02 57.95 63.23 34.59 21.58 
59.36 56.1 69.7 58.33 72.59 69.27 61.52 51.95 46.27 0 10.86 26.49 53 62.83 31.56 29.8 
30.03 20.82 0 10.9 13 17.9 27.16 36.89 49.25 64.62 74.47 89.79 30.92 37.65 36.66 41.18 
18.69 9.79 11.15 0 21 25.3 31.45 33.99 46.37 55.56 65.45 80.83 20.17 26.19 27.52 32.09 
Bandera>10
Fitness Greedy Costo>398.25
Solucion Greedy Costo>13 0 12 0 1 3 2 4 0 14 15 16 8 0 5 6 7 9 0 10 11 0 0 0 0 0 0 0 0 0 0 
Linea Vacia>
72.73 65.03 78.59 67.27 82.18 78.18 71.75 62.22 56.56 10.43 0 16.46 61.94 71.76 40.56 40.15 
81.79 78.14 90.01 78.74 93.58 89.6 83.3 73.69 68.07 22.14 14.22 0 73.42 80.81 52.15 51.73 
39.73 28.72 9.83 20.71 0 10.53 28.54 37.4 49.76 71.24 81.08 96.38 39.22 45.92 44.27 44.85 
44.31 36.79 18.79 25.46 10.88 0 14.11 31.92 46.23 67.71 77.56 92.88 44.33 49.64 40.7 41.31 
39.73 28.72 9.83 20.71 0 10.53 28.54 37.4 49.76 71.24 81.08 96.38 39.22 45.92 44.27 44.85 
44.31 36.79 18.79 25.46 10.88 0 14.11 31.92 46.23 67.71 77.56 92.88 44.33 49.64 40.7 41.31 
48.7 42.38 28.72 33.14 25.32 13.96 0 16.48 31.78 60.93 71.17 86.5 48.72 54.03 42.74 30.54 
48.04 39.39 39.48 34.05 37.8 30.59 16.47 0 15.69 50.49 60.77 76.16 47.09 53.37 34.58 22.31 
81.79 78.14 90.01 78.74 93.58 89.6 83.3 73.69 68.07 22.14 14.22 0 73.42 80.81 52.15 51.73 
8.28 13.25 32.29 22.86 41.52 45.98 50.43 46.99 57.78 53.5 63.89 76.99 0 7.15 22 35.45 
5.17 13.3 32.47 22.84 44.6 48.19 54.92 52.42 63.57 58.26 70.74 83.47 7.62 0 27.8 40.33 
29.92 26.62 41.39 29.89 44.44 41.61 40.19 33.91 35.13 30.96 40.92 56.41 23.42 27.89 0 13.93 
43.5 34.87 43.41 31.93 43.1 40.3 33.48 22.99 21.62 29.92 40.27 55.76 35.44 44.24 13.97 0 
Matriz de Costos>
0 9.1 33.66 19.85 40.82 44.42 49.32 48.66 60.09 60.99 69.92 82.99 7.52 6.92 30.8 43.31 
7.95 0 21.37 10.66 34.05 39.96 44.86 41.85 53.94 57.62 65.09 80.83 9.43 14.71 26.16 37.02 
30.03 20.82 0 10.9 13 17.9 27.16 36.89 49.25 64.62 74.47 89.79 30.92 37.65 36.66 41.18 
Dimension>31
Bandera>10
Fitness Greedy Costo>398.25
Solucion Greedy Costo>13 0 12 0 1 3 2 4 0 14 15 16 8 0 5 6 7 9 0 10 11 0 0 0 0 0 0 0 0 0 0 
Linea Vacia>
8.28 13.25 32.29 22.86 41.52 45.98 50.43 46.99 57.78 53.5 63.89 76.99 0 7.15 22 35.45 
5.17 13.3 32.47 22.84 44.6 48.19 54.92 52.42 63.57 58.26 70.74 83.47 7.62 0 27.8 40.33 
29.92 26.62 41.39 29.89 44.44 41.61 40.19 33.91 35.13 30.96 40.92 56.41 23.42 27.89 0 13.93 
43.5 34.87 43.41 31.93 43.1 40.3 33.48 22.99 21.62 29.92 40.27 55.76 35.44 44.24 13.97 0 
48.7 42.38 28.72 33.14 25.32 13.96 0 16.48 31.78 60.93 71.17 86.5 48.72 54.03 42.74 30.54 
48.04 39.39 39.48 34.05 37.8 30.59 16.47 0 15.69 50.49 60.77 76.16 47.09 53.37 34.58 22.31 
57.93 50.42 51.71 46.31 50.04 46.45 31.74 15.91 0 46.31 56.6 72.02 57.95 63.23 34.59 21.58 
59.36 56.1 69.7 58.33 72.59 69.27 61.52 51.95 46.27 0 10.86 26.49 53 62.83 31.56 29.8 
57.93 50.42 51.71 46.31 50.04 46.45 31.74 15.91 0 46.31 56.6 72.02 57.95 63.23 34.59 21.58 
59.36 56.1 69.7 58.33 72.59 69.27 61.52 51.95 46.27 0 10.86 26.49 53 62.83 31.56 29.8 
72.73 65.03 78.59 67.27 82.18 78.18 71.75 62.22 56.56 10.43 0 16.46 61.94 71.76 40.56 40.15 
81.79 78.14 90.01 78.74 93.58 89.6 83.3 73.69 68.07 22.14 14.22 0 73.42 80.81 52.15 51.73 
18.69 9.79 11.15 0 21 25.3 31.45 33.99 46.37 55.56 65.45 80.83 20.17 26.19 27.52 32.09 
39.73 28.72 9.83 20.71 0 10.53 28.54 37.4 49.76 71.24 81.08 96.38 39.22 45.92 44.27 44.85 
44.31 36.79 18.79 25.46 10.88 0 14.11 31.92 46.23 67.71 77.56 92.88 44.33 49.64 40.7 41.31 
72.73 65.03 78.59 67.27 82.18 78.18 71.75 62.22 56.56 10.43 0 16.46 61.94 71.76 40.56 40.15 
81.79 78.14 90.01 78.74 93.58 89.6 83.3 73.69 68.07 22.14 14.22 0 73.42 80.81 52.15 51.73 
8.28 13.25 32.29 22.86 41.52 45.98 50.43 46.99 57.78 53.5 63.89 76.99 0 7.15 22 35.45 
5.17 13.3 32.47 22.84 44.6 48.19 54.92 52.42 63.57 58.26 70.74 83.47 7.62 0 27.8 40.33 
29.92 26.62 41.39 29.89 44.44 41.61 40.19 33.91 35.13 30.96 40.92 56.41 23.42 27.89 0 13.93 
43.5 34.87 43.41 31.93 43.1 40.3 33.48 22.99 21.62 29.92 40.27 55.76 35.44 44.24 13.97 0 
48.7 42.38 28.72 33.14 25.32 13.96 0 16.48 31.78 60.93 71.17 86.5 48.72 54.03 42.74 30.54 
48.04 39.39 39.48 34.05 37.8 30.59 16.47 0 15.69 50.49 60.77 76.16 47.09 53.37 34.58 22.31 
57.93 50.42 51.71 46.31 50.04 46.45 31.74 15.91 0 46.31 56.6 72.02 57.95 63.23 34.59 21.58 
59.36 56.1 69.7 58.33 72.59 69.27 61.52 51.95 46.27 0 10.86 26.49 53 62.83 31.56 29.8 
8.28 13.25 32.29 22.86 41.52 45.98 50.43 46.99 57.78 53.5 63.89 76.99 0 7.15 22 35.45 
5.17 13.3 32.47 22.84 44.6 48.19 54.92 52.42 63.57 58.26 70.74 83.47 7.62 0 27.8 40.33 
29.92 26.62 41.39 29.89 44.44 41.61 40.19 33.91 35.13 30.96 40.92 56.41 23.42 27.89 0 13.93 
Matriz de Costos>
0 9.1 33.66 19.85 40.82 44.42 49.32 48.66 60.09 60.99 69.92 82.99 7.52 6.92 30.8 43.31 
7.95 0 21.37 10.66 34.05 39.96 44.86 41.85 53.94 57.62 65.09 80.83 9.43 14.71 26.16 37.02 
30.03 20.82 0 10.9 13 17.9 27.16 36.89 49.25 64.62 74.47 89.79 30.92 37.65 36.66 41.18 
18.69 9.79 11.15 0 21 25.3 31.45 33.99 46.37 55.56 65.45 80.83 20.17 26.19 27.52 32.09 
Matriz de Costos>
0 9.1 33.66 19.85 40.82 44.42 49.32 48.66 60.09 60.99 69.92 82.99 7.52 6.92 30.8 43.31 
7.95 0 21.37 10.66 34.05 39.96 44.86 41.85 53.94 57.62 65.09 80.83 9.43 14.71 26.16 37.02 
43.5 34.87 43.41 31.93 43.1 40.3 33.48 22.99 21.62 29.92 40.27 55.76 35.44 44.24 13.97 0 
39.73 28.72 9.83 20.71 0 10.53 28.54 37.4 49.76 71.24 81.08 96.38 39.22 45.92 44.27 44.85 
44.31 36.79 18.79 25.46 10.88 0 14.11 31.92 46.23 67.71 77.56 92.88 44.33 49.64 40.7 41.31 
48.7 42.38 28.72 33.14 25.32 13.96 0 16.48 31.78 60.93 71.17 86.5 48.72 54.03 42.74 30.54 
72.73 65.03 78.59 67.27 82.18 78.18 71.75 62.22 56.56 10.43 0 16.46 61.94 71.76 40.56 40.15 
81.79 78.14 90.01 78.74 93.58 89.6 83.3 73.69 68.07 22.14 14.22 0 73.42 80.81 52.15 51.73 
8.28 13.25 32.29 22.86 41.52 45.98 50.43 46.99 57.78 53.5 63.89 76.99 0 7.15 22 35.45 
5.17 13.3 32.47 22.84 44.6 48.19 54.92 52.42 63.57 58.26 70.74 83.47 7.62 0 27.8 40.33 
29.92 26.62 41.39 29.89 44.44 41.61 40.19 33.91 35.13 30.96 40.92 56.41 23.42 27.89 0 13.93 
43.5 34.87 43.41 31.93 43.1 40.3 33.48 22.99 21.62 29.92 40.27 55.76 35.44 44.24 13.97 0 
48.04 39.39 39.48 34.05 37.8 30.59 16.47 0 15.69 50.49 60.77 76.16 47.09 53.37 34.58 22.31 
57.93 50.42 51.71 46.31 50.04 46.45 31.74 15.91 0 46.31 56.6 72.02 57.95 63.23 34.59 21.58 
59.36 56.1 69.7 58.33 72.59 69.27 61.52 51.95 46.27 0 10.86 26.49 53 62.83 31.56 29.8 
30.03 20.82 0 10.9 13 17.9 27.16 36.89 49.25 64.62 74.47 89.79 30.92 37.65 36.66 41.18 
18.69 9.79 11.15 0 21 25.3 31.45 33.99 46.37 55.56 65.45 80.83 20.17 26.19 27.52 32.09 
39.73 28.72 9.83 20.71 0 10.53 28.54 37.4 49.76 71.24 81.08 96.38 39.22 45.92 44.27 44.85 
44.31 36.79 18.79 25.46 10.88 0 14.11 31.92 46.23 67.71 77.56 92.88 44.33 49.64 40.7 41.31 
48.7 42.38 28.72 33.14 25.32 13.96 0 16.48 31.78 60.93 71.17 86.5 48.72 54.03 42.74 30.54 
48.04 39.39 39.48 34.05 37.8 30.59 16.47 0 15.69 50.49 60.77 76.16 47.09 53.37 34.58 22.31 
72.73 65.03 78.59 67.27 82.18 78.18 71.75 62.22 56.56 10.43 0 16.46 61.94 71.76 40.56 40.15 
81.79 78.14 90.01 78.74 93.58 89.6 83.3 73.69 68.07 22.14 14.22 0 73.42 80.81 52.15 51.73 
57.93 50.42 51.71 46.31 50.04 46.45 31.74 15.91 0 46.31 56.6 72.02 57.95 63.23 34.59 21.58 
59.36 56.1 69.7 58.33 72.59 69.27 61.52 51.95 46.27 0 10.86 26.49 53 62.83 31.56 29.8 
72.73 65.03 78.59 67.27 82.18 78.18 71.75 62.22 56.56 10.43 0 16.46 61.94 71.76 40.56 40.15 
81.79 78.14 90.01 78.74 93.58 89.6 83.3 73.69 68.07 22.14 14.22 0 73.42 80.81 52.15 51.73 
Dimension>31
8.28 13.25 32.29 22.86 41.52 45.98 50.43 46.99 57.78 53.5 63.89 76.99 0 7.15 22 35.45 
5.17 13.3 32.47 22.84 44.6 48.19 54.92 52.42 63.57 58.26 70.74 83.47 7.62 0 27.8 40.33 
29.92 26.62 41.39 29.89 44.44 41.61 40.19 33.91 35.13 30.96 40.92 56.41 23.42 27.89 0 13.93 
43.5 34.87 43.41 31.93 43.1 40.3 33.48 22.99 21.62 29.92 40.27 55.76 35.44 44.24 13.97 0 
8.28 13.25 32.29 22.86 41.52 45.98 50.43 46.99 57.78 53.5 63.89 76.99 0 7.15 22 35.45 
5.17 13.3 32.47 22.84 44.6 48.19 54.92 52.42 63.57 58.26 70.74 83.47 7.62 0 27.8 40.33 
29.92 26.62 41.39 29.89 44.44 41.61 40.19 33.91 35.13 30.96 40.92 56.41 23.42 27.89 0 13.93 
Dimension>31
Bandera>10
Fitness Greedy Costo>398.25
Bandera>10
Fitness Greedy Costo>398.25
Solucion Greedy Costo>13 0 12 0 1 3 2 4 0 14 15 16 8 0 5 6 7 9 0 10 11 0 0 0 0 0 0 0 0 0 0 
Linea Vacia>
43.5 34.87 43.41 31.93 43.1 40.3 33.48 22.99 21.62 29.92 40.27 55.76 35.44 44.24 13.97 0 
Solucion Greedy Costo>13 0 12 0 1 3 2 4 0 14 15 16 8 0 5 6 7 9 0 10 11 0 0 0 0 0 0 0 0 0 0 
Linea Vacia>
Matriz de Costos>
0 9.1 33.66 19.85 40.82 44.42 49.32 48.66 60.09 60.99 69.92 82.99 7.52 6.92 30.8 43.31 
Dimension>31
7.95 0 21.37 10.66 34.05 39.96 44.86 41.85 53.94 57.62 65.09 80.83 9.43 14.71 26.16 37.02 
30.03 20.82 0 10.9 13 17.9 27.16 36.89 49.25 64.62 74.47 89.79 30.92 37.65 36.66 41.18 
Bandera>10
Fitness Greedy Costo>398.25
Solucion Greedy Costo>13 0 12 0 1 3 2 4 0 14 15 16 8 0 5 6 7 9 0 10 11 0 0 0 0 0 0 0 0 0 0 
Linea Vacia>
Matriz de Costos>
0 9.1 33.66 19.85 40.82 44.42 49.32 48.66 60.09 60.99 69.92 82.99 7.52 6.92 30.8 43.31 
18.69 9.79 11.15 0 21 25.3 31.45 33.99 46.37 55.56 65.45 80.83 20.17 26.19 27.52 32.09 
39.73 28.72 9.83 20.71 0 10.53 28.54 37.4 49.76 71.24 81.08 96.38 39.22 45.92 44.27 44.85 
44.31 36.79 18.79 25.46 10.88 0 14.11 31.92 46.23 67.71 77.56 92.88 44.33 49.64 40.7 41.31 
48.7 42.38 28.72 33.14 25.32 13.96 0 16.48 31.78 60.93 71.17 86.5 48.72 54.03 42.74 30.54 
48.04 39.39 39.48 34.05 37.8 30.59 16.47 0 15.69 50.49 60.77 76.16 47.09 53.37 34.58 22.31 
57.93 50.42 51.71 46.31 50.04 46.45 31.74 15.91 0 46.31 56.6 72.02 57.95 63.23 34.59 21.58 
7.95 0 21.37 10.66 34.05 39.96 44.86 41.85 53.94 57.62 65.09 80.83 9.43 14.71 26.16 37.02 
30.03 20.82 0 10.9 13 17.9 27.16 36.89 49.25 64.62 74.47 89.79 30.92 37.65 36.66 41.18 
18.69 9.79 11.15 0 21 25.3 31.45 33.99 46.37 55.56 65.45 80.83 20.17 26.19 27.52 32.09 
Matriz de Costos>
0 9.1 33.66 19.85 40.82 44.42 49.32 48.66 60.09 60.99 69.92 82.99 7.52 6.92 30.8 43.31 
7.95 0 21.37 10.66 34.05 39.96 44.86 41.85 53.94 57.62 65.09 80.83 9.43 14.71 26.16 37.02 
59.36 56.1 69.7 58.33 72.59 69.27 61.52 51.95 46.27 0 10.86 26.49 53 62.83 31.56 29.8 
72.73 65.03 78.59 67.27 82.18 78.18 71.75 62.22 56.56 10.43 0 16.46 61.94 71.76 40.56 40.15 
81.79 78.14 90.01 78.74 93.58 89.6 83.3 73.69 68.07 22.14 14.22 0 73.42 80.81 52.15 51.73 
39.73 28.72 9.83 20.71 0 10.53 28.54 37.4 49.76 71.24 81.08 96.38 39.22 45.92 44.27 44.85 
30.03 20.82 0 10.9 13 17.9 27.16 36.89 49.25 64.62 74.47 89.79 30.92 37.65 36.66 41.18 
18.69 9.79 11.15 0 21 25.3 31.45 33.99 46.37 55.56 65.45 80.83 20.17 26.19 27.52 32.09 
8.28 13.25 32.29 22.86 41.52 45.98 50.43 46.99 57.78 53.5 63.89 76.99 0 7.15 22 35.45 
5.17 13.3 32.47 22.84 44.6 48.19 54.92 52.42 63.57 58.26 70.74 83.47 7.62 0 27.8 40.33 
44.31 36.79 18.79 25.46 10.88 0 14.11 31.92 46.23 67.71 77.56 92.88 44.33 49.64 40.7 41.31 
29.92 26.62 41.39 29.89 44.44 41.61 40.19 33.91 35.13 30.96 40.92 56.41 23.42 27.89 0 13.93 
39.73 28.72 9.83 20.71 0 10.53 28.54 37.4 49.76 71.24 81.08 96.38 39.22 45.92 44.27 44.85 
44.31 36.79 18.79 25.46 10.88 0 14.11 31.92 46.23 67.71 77.56 92.88 44.33 49.64 40.7 41.31 
Dimension>31
48.7 42.38 28.72 33.14 25.32 13.96 0 16.48 31.78 60.93 71.17 86.5 48.72 54.03 42.74 30.54 
43.5 34.87 43.41 31.93 43.1 40.3 33.48 22.99 21.62 29.92 40.27 55.76 35.44 44.24 13.97 0 
48.04 39.39 39.48 34.05 37.8 30.59 16.47 0 15.69 50.49 60.77 76.16 47.09 53.37 34.58 22.31 
48.7 42.38 28.72 33.14 25.32 13.96 0 16.48 31.78 60.93 71.17 86.5 48.72 54.03 42.74 30.54 
48.04 39.39 39.48 34.05 37.8 30.59 16.47 0 15.69 50.49 60.77 76.16 47.09 53.37 34.58 22.31 
Bandera>10
Fitness Greedy Costo>398.25
Solucion Greedy Costo>13 0 12 0 1 3 2 4 0 14 15 16 8 0 5 6 7 9 0 10 11 0 0 0 0 0 0 0 0 0 0 
Linea Vacia>
57.93 50.42 51.71 46.31 50.04 46.45 31.74 15.91 0 46.31 56.6 72.02 57.95 63.23 34.59 21.58 
59.36 56.1 69.7 58.33 72.59 69.27 61.52 51.95 46.27 0 10.86 26.49 53 62.83 31.56 29.8 
57.93 50.42 51.71 46.31 50.04 46.45 31.74 15.91 0 46.31 56.6 72.02 57.95 63.23 34.59 21.58 
59.36 56.1 69.7 58.33 72.59 69.27 61.52 51.95 46.27 0 10.86 26.49 53 62.83 31.56 29.8 
72.73 65.03 78.59 67.27 82.18 78.18 71.75 62.22 56.56 10.43 0 16.46 61.94 71.76 40.56 40.15 
81.79 78.14 90.01 78.74 93.58 89.6 83.3 73.69 68.07 22.14 14.22 0 73.42 80.81 52.15 51.73 
72.73 65.03 78.59 67.27 82.18 78.18 71.75 62.22 56.56 10.43 0 16.46 61.94 71.76 40.56 40.15 
8.28 13.25 32.29 22.86 41.52 45.98 50.43 46.99 57.78 53.5 63.89 76.99 0 7.15 22 35.45 
5.17 13.3 32.47 22.84 44.6 48.19 54.92 52.42 63.57 58.26 70.74 83.47 7.62 0 27.8 40.33 
81.79 78.14 90.01 78.74 93.58 89.6 83.3 73.69 68.07 22.14 14.22 0 73.42 80.81 52.15 51.73 
29.92 26.62 41.39 29.89 44.44 41.61 40.19 33.91 35.13 30.96 40.92 56.41 23.42 27.89 0 13.93 
8.28 13.25 32.29 22.86 41.52 45.98 50.43 46.99 57.78 53.5 63.89 76.99 0 7.15 22 35.45 
43.5 34.87 43.41 31.93 43.1 40.3 33.48 22.99 21.62 29.92 40.27 55.76 35.44 44.24 13.97 0 
5.17 13.3 32.47 22.84 44.6 48.19 54.92 52.42 63.57 58.26 70.74 83.47 7.62 0 27.8 40.33 
29.92 26.62 41.39 29.89 44.44 41.61 40.19 33.91 35.13 30.96 40.92 56.41 23.42 27.89 0 13.93 
Matriz de Costos>
43.5 34.87 43.41 31.93 43.1 40.3 33.48 22.99 21.62 29.92 40.27 55.76 35.44 44.24 13.97 0 
0 9.1 33.66 19.85 40.82 44.42 49.32 48.66 60.09 60.99 69.92 82.99 7.52 6.92 30.8 43.31 
7.95 0 21.37 10.66 34.05 39.96 44.86 41.85 53.94 57.62 65.09 80.83 9.43 14.71 26.16 37.02 
30.03 20.82 0 10.9 13 17.9 27.16 36.89 49.25 64.62 74.47 89.79 30.92 37.65 36.66 41.18 
18.69 9.79 11.15 0 21 25.3 31.45 33.99 46.37 55.56 65.45 80.83 20.17 26.19 27.52 32.09 
39.73 28.72 9.83 20.71 0 10.53 28.54 37.4 49.76 71.24 81.08 96.38 39.22 45.92 44.27 44.85 
44.31 36.79 18.79 25.46 10.88 0 14.11 31.92 46.23 67.71 77.56 92.88 44.33 49.64 40.7 41.31 
48.7 42.38 28.72 33.14 25.32 13.96 0 16.48 31.78 60.93 71.17 86.5 48.72 54.03 42.74 30.54 
48.04 39.39 39.48 34.05 37.8 30.59 16.47 0 15.69 50.49 60.77 76.16 47.09 53.37 34.58 22.31 
57.93 50.42 51.71 46.31 50.04 46.45 31.74 15.91 0 46.31 56.6 72.02 57.95 63.23 34.59 21.58 
59.36 56.1 69.7 58.33 72.59 69.27 61.52 51.95 46.27 0 10.86 26.49 53 62.83 31.56 29.8 
72.73 65.03 78.59 67.27 82.18 78.18 71.75 62.22 56.56 10.43 0 16.46 61.94 71.76 40.56 40.15 
81.79 78.14 90.01 78.74 93.58 89.6 83.3 73.69 68.07 22.14 14.22 0 73.42 80.81 52.15 51.73 
8.28 13.25 32.29 22.86 41.52 45.98 50.43 46.99 57.78 53.5 63.89 76.99 0 7.15 22 35.45 
5.17 13.3 32.47 22.84 44.6 48.19 54.92 52.42 63.57 58.26 70.74 83.47 7.62 0 27.8 40.33 
29.92 26.62 41.39 29.89 44.44 41.61 40.19 33.91 35.13 30.96 40.92 56.41 23.42 27.89 0 13.93 
43.5 34.87 43.41 31.93 43.1 40.3 33.48 22.99 21.62 29.92 40.27 55.76 35.44 44.24 13.97 0 
GEN 0 398.250000
GREEDY 0 0.000000
GEN 0 398.250000
GREEDY 0 0.000000
TIEMPO 0 398.250000
TIEMPO 0 398.250000
GEN 0 398.250000
GREEDY 0 0.000000
GEN 0 398.250000
GREEDY 0 0.000000
GEN 0 398.250000
GREEDY 0 0.000000
TIEMPO 0 398.250000
TIEMPO 0 398.250000
TIEMPO 0 398.250000
GEN 0 398.250000
GREEDY 0 0.000000
GEN 0 398.250000
GEN 0 398.250000
GREEDY 0 0.000000
GREEDY 0 0.000000
TIEMPO 0 398.250000
TIEMPO 0 398.250000
TIEMPO 0 398.250000
GEN 0 398.250000
GREEDY 0 0.000000
TIEMPO 0 398.250000
GREEDY 5 0.003243
GREEDY 5 0.004814
GREEDY 10 0.005506
GREEDY 5 0.007291
GEN 0 398.250000
GREEDY 0 0.000000
GEN 0 398.250000
GREEDY 0 0.000000
TIEMPO 0 398.250000
TIEMPO 0 398.250000
GREEDY 5 0.000451
GREEDY 5 0.008446
GREEDY 10 0.008529
GREEDY 10 0.002448
GEN 0 398.250000
GREEDY 0 0.000000
TIEMPO 0 398.250000
GREEDY 5 0.009593
GREEDY 5 0.003884
GREEDY 10 0.011917
GREEDY 5 0.010464
GREEDY 10 0.004601
GREEDY 10 0.012887
GREEDY 15 0.014813
GEN 0 398.250000
GREEDY 0 0.000000
GEN 0 398.250000
GREEDY 0 0.000000
GEN 0 398.250000
GREEDY 0 0.000000
TIEMPO 0 398.250000
GEN 0 398.250000
GREEDY 0 0.000000
TIEMPO 0 398.250000
TIEMPO 0 398.250000
GREEDY 5 0.000291
GEN 0 398.250000
GREEDY 0 0.000000
TIEMPO 0 355.520000
GREEDY 5 0.000154
GREEDY 10 0.000369
GREEDY 10 0.000246
GREEDY 5 0.001219
GREEDY 10 0.001322
GREEDY 10 0.016552
GREEDY 5 0.006825
GEN 0 398.250000
GREEDY 0 0.000000
GEN 0 398.250000
GREEDY 0 0.000000
TIEMPO 0 398.250000
GREEDY 10 0.016404
TIEMPO 0 398.250000
GREEDY 5 0.000364
GREEDY 5 0.003758
GREEDY 5 0.020476
GREEDY 5 0.020816
GEN 0 398.250000
GREEDY 0 0.000000
GEN 0 398.250000
GREEDY 0 0.000000
TIEMPO 0 398.250000
TIEMPO 0 398.250000
GREEDY 10 0.021707
GREEDY 5 0.002086
GREEDY 10 0.006592
GREEDY 10 0.002555
GEN 0 398.250000
GEN 0 398.250000
GREEDY 0 0.000000
TIEMPO 0 398.250000
GREEDY 0 0.000000
TIEMPO 0 398.250000
GREEDY 5 0.003304
GREEDY 10 0.003379
GREEDY 5 0.001216
GREEDY 5 0.002699
GREEDY 15 0.027423
TIEMPO 0 398.250000
GREEDY 5 0.029872
GREEDY 5 0.018152
GREEDY 10 0.032053
GREEDY 15 0.032575
GREEDY 10 0.033374
GREEDY 5 0.017934
GREEDY 10 0.018018
GREEDY 10 0.021520
GEN 0 398.250000
GREEDY 0 0.000000
TIEMPO 0 398.250000
GREEDY 15 0.023559
GREEDY 5 0.002661
GREEDY 10 0.010760
GREEDY 15 0.066870
GREEDY 10 0.058502
GREEDY 10 0.080489
GREEDY 15 0.110232
GREEDY 15 0.102137
GEN 2500 329.220000
GEN 2500 331.180000
GEN 2500 339.790000
GEN 2500 331.180000
GEN 2500 339.790000
GEN 2500 339.790000
GREEDY 15 0.161879
GEN 2500 331.470000
GREEDY 15 0.207054
GEN 2500 360.370000
GEN 2500 339.790000
GEN 2500 339.790000
GEN 2500 333.720000
GEN 2500 331.180000
GREEDY 15 0.275364
GEN 5000 329.220000
GEN 2500 339.790000
GEN 5000 333.720000
GEN 5000 331.180000
GEN 2500 339.790000
GEN 5000 331.180000
GEN 2500 339.790000
GEN 5000 339.790000
GEN 5000 339.790000
GEN 2500 339.790000
GEN 5000 331.470000
GEN 2500 345.750000
GREEDY 15 0.409422
GEN 2500 333.720000
GEN 2500 361.870000
GEN 5000 360.370000
GEN 2500 339.790000
GEN 2500 331.180000
GEN 7500 329.220000
GEN 5000 331.180000
GEN 2500 331.180000
GEN 2500 339.790000
GEN 2500 339.790000
GEN 7500 333.720000
GEN 7500 330.130000
GEN 5000 333.720000
GEN 7500 331.180000
GEN 7500 339.790000
GEN 5000 339.790000
GREEDY 10 0.544769
GEN 7500 331.470000
GEN 10000 329.220000
TIEMPO 0.603484 329.220000
GEN 5000 331.180000
GEN 5000 339.790000
GEN 7500 354.940000
GEN 5000 345.750000
GEN 7500 331.180000
GEN 10000 333.720000
TIEMPO 0.648830 333.720000
GEN 10000 329.220000
TIEMPO 0.648058 329.220000
GEN 5000 331.180000
GEN 7500 339.790000
GEN 5000 361.870000
GEN 10000 331.180000
TIEMPO 0.657920 331.180000
GEN 5000 324.950000
GEN 5000 339.790000
GEN 10000 339.790000
TIEMPO 0.659799 339.790000
GEN 5000 339.790000
GEN 5000 333.720000
GEN 5000 339.790000
GEN 7500 339.790000
GEN 7500 333.720000
GEN 5000 339.790000
GEN 5000 339.790000
GEN 10000 354.940000
TIEMPO 0.790762 354.940000
GEN 7500 361.870000
GEN 10000 331.180000
TIEMPO 0.815862 331.180000
GEN 10000 339.790000
TIEMPO 0.837987 339.790000
GEN 10000 331.470000
TIEMPO 0.843685 331.470000
GEN 5000 339.790000
GEN 7500 324.950000
GEN 7500 345.750000
GEN 7500 339.790000
GEN 7500 331.180000
GEN 7500 339.790000
GEN 7500 331.180000
GEN 10000 339.790000
TIEMPO 0.936773 339.790000
GEN 7500 339.790000
GEN 10000 333.720000
TIEMPO 0.966248 333.720000
GEN 7500 333.720000
GEN 7500 339.790000
GEN 10000 361.870000
TIEMPO 0.973912 361.870000
GEN 7500 339.790000
TIEMPO 1 339.790000
TIEMPO 1 331.180000
TIEMPO 1 339.790000
TIEMPO 1 339.790000
TIEMPO 1 345.750000
TIEMPO 1 331.180000
TIEMPO 1 339.790000
TIEMPO 1 339.790000
TIEMPO 1 333.720000
TIEMPO 1 339.790000
TIEMPO 1 324.950000
GEN 7500 339.790000
TIEMPO 1 339.790000
GEN 10000 324.950000
TIEMPO 1.023905 324.950000
GEN 7500 339.790000
GEN 10000 345.750000
TIEMPO 1.065177 345.750000
GEN 10000 339.790000
TIEMPO 1.066303 339.790000
GEN 10000 331.180000
TIEMPO 1.080875 331.180000
GEN 10000 330.130000
TIEMPO 1.112632 330.130000
GEN 10000 339.790000
TIEMPO 1.121748 339.790000
GEN 10000 333.720000
TIEMPO 1.148890 333.720000
GEN 10000 339.790000
TIEMPO 1.167732 339.790000
GEN 10000 339.790000
TIEMPO 1.189072 339.790000
GEN 10000 339.790000
TIEMPO 1.166035 339.790000
GEN 10000 339.790000
TIEMPO 1.207534 339.790000
GEN 10000 339.790000
TIEMPO 1.229719 339.790000

 Current State ---------------------------------------------
Solution:  1 3 2 4 0 0 0 12 15 16 8 0 13 5 6 7 0 14 9 10 11 0 0 0 0 0 0 0 0 0 0 Fitness: 324.95

 :( ---------------------- THE END --------------- :) 
