Dimension>27
Bandera>13
Fitness Greedy Costo>267.06
Solucion Greedy Costo>6 5 2 11 0 1 12 3 10 0 4 8 7 9 0 14 0 13 0 0 0 0 0 0 0 0 0 
Linea Vacia>
Matriz de Costos>
0 9.03 9.75 27.16 19.86 4.01 3.44 37.19 20.94 45.42 25.48 9.94 23.24 45.16 
9.93 0 17.61 23.75 21.49 5.3 8.16 28.25 28.49 48.12 32.01 17.4 16.53 58.52 
9.78 17.54 0 35.85 4.94 13.7 11.97 23.34 5.95 30.63 36.93 4.31 32.08 33.81 
30.06 22.53 35.53 0 41.29 24.45 22.8 51.26 47.93 70.57 13.66 35.77 7.87 73.43 
17.01 18.91 6.69 38.57 0 21.98 20.5 16.57 6.47 29.74 46.19 10.61 35.65 34.43 
4.56 9.8 6.05 30.07 16.34 0 7.42 35 17.49 42.34 32.52 6.56 27.04 46.17 
3.42 7.99 7.8 24.72 18.02 0.59 0 36.55 19.16 44.23 25.87 8.3 20.75 48.02 
28.24 24.48 18.41 41.2 16.56 30.06 30.28 0 22.07 21.86 56.68 22.15 33.21 48.68 
15.86 25.15 6.51 42.74 7.84 19.73 18.04 21.98 0 29.23 43.97 9.38 38.25 27 
40.42 43.69 31.43 64.57 27.62 45.05 43.15 17.53 21.83 0 71.55 34.11 55.17 48.78 
Dimension>27
Bandera>13
Fitness Greedy Costo>267.06
Solucion Greedy Costo>6 5 2 11 0 1 12 3 10 0 4 8 7 9 0 14 0 13 0 0 0 0 0 0 0 0 0 
Linea Vacia>
Matriz de Costos>
0 9.03 9.75 27.16 19.86 4.01 3.44 37.19 20.94 45.42 25.48 9.94 23.24 45.16 
9.93 0 17.61 23.75 21.49 5.3 8.16 28.25 28.49 48.12 32.01 17.4 16.53 58.52 
9.78 17.54 0 35.85 4.94 13.7 11.97 23.34 5.95 30.63 36.93 4.31 32.08 33.81 
30.06 22.53 35.53 0 41.29 24.45 22.8 51.26 47.93 70.57 13.66 35.77 7.87 73.43 
17.01 18.91 6.69 38.57 0 21.98 20.5 16.57 6.47 29.74 46.19 10.61 35.65 34.43 
4.56 9.8 6.05 30.07 16.34 0 7.42 35 17.49 42.34 32.52 6.56 27.04 46.17 
3.42 7.99 7.8 24.72 18.02 0.59 0 36.55 19.16 44.23 25.87 8.3 20.75 48.02 
28.24 24.48 18.41 41.2 16.56 30.06 30.28 0 22.07 21.86 56.68 22.15 33.21 48.68 
15.86 25.15 6.51 42.74 7.84 19.73 18.04 21.98 0 29.23 43.97 9.38 38.25 27 
40.42 43.69 31.43 64.57 27.62 45.05 43.15 17.53 21.83 0 71.55 34.11 55.17 48.78 
24.35 28.68 32.95 10.21 43.06 21.77 20.11 63.91 44.85 72.19 0 32.59 22.13 58.52 
7.34 15.15 4.4 33.58 13.95 11.28 9.53 31.63 14.92 38.69 34.36 0 29.77 37.27 
29.65 22.86 35.14 3.52 41.6 24.03 22.38 43.62 47.51 67.97 20.02 35.38 0 78.79 
37.01 47.39 28.24 67.55 29.14 41.72 39.79 43.32 18.46 44.16 57.53 30.98 63.42 0 
Dimension>27
Bandera>13
Fitness Greedy Costo>267.06
Solucion Greedy Costo>6 5 2 11 0 1 12 3 10 0 4 8 7 9 0 14 0 13 0 0 0 0 0 0 0 0 0 
Linea Vacia>
Matriz de Costos>
0 9.03 9.75 27.16 19.86 4.01 3.44 37.19 20.94 45.42 25.48 9.94 23.24 45.16 
9.93 0 17.61 23.75 21.49 5.3 8.16 28.25 28.49 48.12 32.01 17.4 16.53 58.52 
9.78 17.54 0 35.85 4.94 13.7 11.97 23.34 5.95 30.63 36.93 4.31 32.08 33.81 
30.06 22.53 35.53 0 41.29 24.45 22.8 51.26 47.93 70.57 13.66 35.77 7.87 73.43 
17.01 18.91 6.69 38.57 0 21.98 20.5 16.57 6.47 29.74 46.19 10.61 35.65 34.43 
4.56 9.8 6.05 30.07 16.34 0 7.42 35 17.49 42.34 32.52 6.56 27.04 46.17 
3.42 7.99 7.8 24.72 18.02 0.59 0 36.55 19.16 44.23 25.87 8.3 20.75 48.02 
28.24 24.48 18.41 41.2 16.56 30.06 30.28 0 22.07 21.86 56.68 22.15 33.21 48.68 
15.86 25.15 6.51 42.74 7.84 19.73 18.04 21.98 0 29.23 43.97 9.38 38.25 27 
40.42 43.69 31.43 64.57 27.62 45.05 43.15 17.53 21.83 0 71.55 34.11 55.17 48.78 
24.35 28.68 32.95 10.21 43.06 21.77 20.11 63.91 44.85 72.19 0 32.59 22.13 58.52 
7.34 15.15 4.4 33.58 13.95 11.28 9.53 31.63 14.92 38.69 34.36 0 29.77 37.27 
29.65 22.86 35.14 3.52 41.6 24.03 22.38 43.62 47.51 67.97 20.02 35.38 0 78.79 
Dimension>27
Bandera>13
Fitness Greedy Costo>267.06
Solucion Greedy Costo>6 5 2 11 0 1 12 3 10 0 4 8 7 9 0 14 0 13 0 0 0 0 0 0 0 0 0 
Linea Vacia>
Matriz de Costos>
0 9.03 9.75 27.16 19.86 4.01 3.44 37.19 20.94 45.42 25.48 9.94 23.24 45.16 
9.93 0 17.61 23.75 21.49 5.3 8.16 28.25 28.49 48.12 32.01 17.4 16.53 58.52 
9.78 17.54 0 35.85 4.94 13.7 11.97 23.34 5.95 30.63 36.93 4.31 32.08 33.81 
30.06 22.53 35.53 0 41.29 24.45 22.8 51.26 47.93 70.57 13.66 35.77 7.87 73.43 
17.01 18.91 6.69 38.57 0 21.98 20.5 16.57 6.47 29.74 46.19 10.61 35.65 34.43 
4.56 9.8 6.05 30.07 16.34 0 7.42 35 17.49 42.34 32.52 6.56 27.04 46.17 
3.42 7.99 7.8 24.72 18.02 0.59 0 36.55 19.16 44.23 25.87 8.3 20.75 48.02 
28.24 24.48 18.41 41.2 16.56 30.06 30.28 0 22.07 21.86 56.68 22.15 33.21 48.68 
15.86 25.15 6.51 42.74 7.84 19.73 18.04 21.98 0 29.23 43.97 9.38 38.25 27 
24.35 28.68 32.95 10.21 43.06 21.77 20.11 63.91 44.85 72.19 0 32.59 22.13 58.52 
7.34 15.15 4.4 33.58 13.95 11.28 9.53 31.63 14.92 38.69 34.36 0 29.77 37.27 
37.01 47.39 28.24 67.55 29.14 41.72 39.79 43.32 18.46 44.16 57.53 30.98 63.42 0 
Dimension>27
Bandera>13
Fitness Greedy Costo>267.06
Solucion Greedy Costo>6 5 2 11 0 1 12 3 10 0 4 8 7 9 0 14 0 13 0 0 0 0 0 0 0 0 0 
Linea Vacia>
40.42 43.69 31.43 64.57 27.62 45.05 43.15 17.53 21.83 0 71.55 34.11 55.17 48.78 
24.35 28.68 32.95 10.21 43.06 21.77 20.11 63.91 44.85 72.19 0 32.59 22.13 58.52 
7.34 15.15 4.4 33.58 13.95 11.28 9.53 31.63 14.92 38.69 34.36 0 29.77 37.27 
29.65 22.86 35.14 3.52 41.6 24.03 22.38 43.62 47.51 67.97 20.02 35.38 0 78.79 
37.01 47.39 28.24 67.55 29.14 41.72 39.79 43.32 18.46 44.16 57.53 30.98 63.42 0 
29.65 22.86 35.14 3.52 41.6 24.03 22.38 43.62 47.51 67.97 20.02 35.38 0 78.79 
37.01 47.39 28.24 67.55 29.14 41.72 39.79 43.32 18.46 44.16 57.53 30.98 63.42 0 
Matriz de Costos>
0 9.03 9.75 27.16 19.86 4.01 3.44 37.19 20.94 45.42 25.48 9.94 23.24 45.16 
9.93 0 17.61 23.75 21.49 5.3 8.16 28.25 28.49 48.12 32.01 17.4 16.53 58.52 
9.78 17.54 0 35.85 4.94 13.7 11.97 23.34 5.95 30.63 36.93 4.31 32.08 33.81 
30.06 22.53 35.53 0 41.29 24.45 22.8 51.26 47.93 70.57 13.66 35.77 7.87 73.43 
17.01 18.91 6.69 38.57 0 21.98 20.5 16.57 6.47 29.74 46.19 10.61 35.65 34.43 
4.56 9.8 6.05 30.07 16.34 0 7.42 35 17.49 42.34 32.52 6.56 27.04 46.17 
3.42 7.99 7.8 24.72 18.02 0.59 0 36.55 19.16 44.23 25.87 8.3 20.75 48.02 
Dimension>27
28.24 24.48 18.41 41.2 16.56 30.06 30.28 0 22.07 21.86 56.68 22.15 33.21 48.68 
15.86 25.15 6.51 42.74 7.84 19.73 18.04 21.98 0 29.23 43.97 9.38 38.25 27 
40.42 43.69 31.43 64.57 27.62 45.05 43.15 17.53 21.83 0 71.55 34.11 55.17 48.78 
24.35 28.68 32.95 10.21 43.06 21.77 20.11 63.91 44.85 72.19 0 32.59 22.13 58.52 
Bandera>13
Fitness Greedy Costo>267.06
7.34 15.15 4.4 33.58 13.95 11.28 9.53 31.63 14.92 38.69 34.36 0 29.77 37.27 
29.65 22.86 35.14 3.52 41.6 24.03 22.38 43.62 47.51 67.97 20.02 35.38 0 78.79 
37.01 47.39 28.24 67.55 29.14 41.72 39.79 43.32 18.46 44.16 57.53 30.98 63.42 0 
Solucion Greedy Costo>6 5 2 11 0 1 12 3 10 0 4 8 7 9 0 14 0 13 0 0 0 0 0 0 0 0 0 
Linea Vacia>
Dimension>27
Matriz de Costos>
0 9.03 9.75 27.16 19.86 4.01 3.44 37.19 20.94 45.42 25.48 9.94 23.24 45.16 
Bandera>13
Fitness Greedy Costo>267.06
Solucion Greedy Costo>6 5 2 11 0 1 12 3 10 0 4 8 7 9 0 14 0 13 0 0 0 0 0 0 0 0 0 
Linea Vacia>
Dimension>27
9.93 0 17.61 23.75 21.49 5.3 8.16 28.25 28.49 48.12 32.01 17.4 16.53 58.52 
9.78 17.54 0 35.85 4.94 13.7 11.97 23.34 5.95 30.63 36.93 4.31 32.08 33.81 
Bandera>13
Fitness Greedy Costo>267.06
Solucion Greedy Costo>6 5 2 11 0 1 12 3 10 0 4 8 7 9 0 14 0 13 0 0 0 0 0 0 0 0 0 
Linea Vacia>
30.06 22.53 35.53 0 41.29 24.45 22.8 51.26 47.93 70.57 13.66 35.77 7.87 73.43 
17.01 18.91 6.69 38.57 0 21.98 20.5 16.57 6.47 29.74 46.19 10.61 35.65 34.43 
4.56 9.8 6.05 30.07 16.34 0 7.42 35 17.49 42.34 32.52 6.56 27.04 46.17 
3.42 7.99 7.8 24.72 18.02 0.59 0 36.55 19.16 44.23 25.87 8.3 20.75 48.02 
Dimension>27
Matriz de Costos>
0 9.03 9.75 27.16 19.86 4.01 3.44 37.19 20.94 45.42 25.48 9.94 23.24 45.16 
28.24 24.48 18.41 41.2 16.56 30.06 30.28 0 22.07 21.86 56.68 22.15 33.21 48.68 
15.86 25.15 6.51 42.74 7.84 19.73 18.04 21.98 0 29.23 43.97 9.38 38.25 27 
40.42 43.69 31.43 64.57 27.62 45.05 43.15 17.53 21.83 0 71.55 34.11 55.17 48.78 
Matriz de Costos>
0 9.03 9.75 27.16 19.86 4.01 3.44 37.19 20.94 45.42 25.48 9.94 23.24 45.16 
9.93 0 17.61 23.75 21.49 5.3 8.16 28.25 28.49 48.12 32.01 17.4 16.53 58.52 
Bandera>13
Fitness Greedy Costo>267.06
Solucion Greedy Costo>6 5 2 11 0 1 12 3 10 0 4 8 7 9 0 14 0 13 0 0 0 0 0 0 0 0 0 
Linea Vacia>
9.93 0 17.61 23.75 21.49 5.3 8.16 28.25 28.49 48.12 32.01 17.4 16.53 58.52 
9.78 17.54 0 35.85 4.94 13.7 11.97 23.34 5.95 30.63 36.93 4.31 32.08 33.81 
30.06 22.53 35.53 0 41.29 24.45 22.8 51.26 47.93 70.57 13.66 35.77 7.87 73.43 
17.01 18.91 6.69 38.57 0 21.98 20.5 16.57 6.47 29.74 46.19 10.61 35.65 34.43 
9.78 17.54 0 35.85 4.94 13.7 11.97 23.34 5.95 30.63 36.93 4.31 32.08 33.81 
30.06 22.53 35.53 0 41.29 24.45 22.8 51.26 47.93 70.57 13.66 35.77 7.87 73.43 
17.01 18.91 6.69 38.57 0 21.98 20.5 16.57 6.47 29.74 46.19 10.61 35.65 34.43 
24.35 28.68 32.95 10.21 43.06 21.77 20.11 63.91 44.85 72.19 0 32.59 22.13 58.52 
7.34 15.15 4.4 33.58 13.95 11.28 9.53 31.63 14.92 38.69 34.36 0 29.77 37.27 
29.65 22.86 35.14 3.52 41.6 24.03 22.38 43.62 47.51 67.97 20.02 35.38 0 78.79 
37.01 47.39 28.24 67.55 29.14 41.72 39.79 43.32 18.46 44.16 57.53 30.98 63.42 0 
4.56 9.8 6.05 30.07 16.34 0 7.42 35 17.49 42.34 32.52 6.56 27.04 46.17 
3.42 7.99 7.8 24.72 18.02 0.59 0 36.55 19.16 44.23 25.87 8.3 20.75 48.02 
28.24 24.48 18.41 41.2 16.56 30.06 30.28 0 22.07 21.86 56.68 22.15 33.21 48.68 
4.56 9.8 6.05 30.07 16.34 0 7.42 35 17.49 42.34 32.52 6.56 27.04 46.17 
3.42 7.99 7.8 24.72 18.02 0.59 0 36.55 19.16 44.23 25.87 8.3 20.75 48.02 
Dimension>27
28.24 24.48 18.41 41.2 16.56 30.06 30.28 0 22.07 21.86 56.68 22.15 33.21 48.68 
15.86 25.15 6.51 42.74 7.84 19.73 18.04 21.98 0 29.23 43.97 9.38 38.25 27 
15.86 25.15 6.51 42.74 7.84 19.73 18.04 21.98 0 29.23 43.97 9.38 38.25 27 
40.42 43.69 31.43 64.57 27.62 45.05 43.15 17.53 21.83 0 71.55 34.11 55.17 48.78 
24.35 28.68 32.95 10.21 43.06 21.77 20.11 63.91 44.85 72.19 0 32.59 22.13 58.52 
40.42 43.69 31.43 64.57 27.62 45.05 43.15 17.53 21.83 0 71.55 34.11 55.17 48.78 
24.35 28.68 32.95 10.21 43.06 21.77 20.11 63.91 44.85 72.19 0 32.59 22.13 58.52 
Matriz de Costos>
0 9.03 9.75 27.16 19.86 4.01 3.44 37.19 20.94 45.42 25.48 9.94 23.24 45.16 
Bandera>13
Fitness Greedy Costo>267.06
Solucion Greedy Costo>6 5 2 11 0 1 12 3 10 0 4 8 7 9 0 14 0 13 0 0 0 0 0 0 0 0 0 
Linea Vacia>
7.34 15.15 4.4 33.58 13.95 11.28 9.53 31.63 14.92 38.69 34.36 0 29.77 37.27 
29.65 22.86 35.14 3.52 41.6 24.03 22.38 43.62 47.51 67.97 20.02 35.38 0 78.79 
9.93 0 17.61 23.75 21.49 5.3 8.16 28.25 28.49 48.12 32.01 17.4 16.53 58.52 
9.78 17.54 0 35.85 4.94 13.7 11.97 23.34 5.95 30.63 36.93 4.31 32.08 33.81 
7.34 15.15 4.4 33.58 13.95 11.28 9.53 31.63 14.92 38.69 34.36 0 29.77 37.27 
29.65 22.86 35.14 3.52 41.6 24.03 22.38 43.62 47.51 67.97 20.02 35.38 0 78.79 
37.01 47.39 28.24 67.55 29.14 41.72 39.79 43.32 18.46 44.16 57.53 30.98 63.42 0 
37.01 47.39 28.24 67.55 29.14 41.72 39.79 43.32 18.46 44.16 57.53 30.98 63.42 0 
30.06 22.53 35.53 0 41.29 24.45 22.8 51.26 47.93 70.57 13.66 35.77 7.87 73.43 
17.01 18.91 6.69 38.57 0 21.98 20.5 16.57 6.47 29.74 46.19 10.61 35.65 34.43 
4.56 9.8 6.05 30.07 16.34 0 7.42 35 17.49 42.34 32.52 6.56 27.04 46.17 
Matriz de Costos>
0 9.03 9.75 27.16 19.86 4.01 3.44 37.19 20.94 45.42 25.48 9.94 23.24 45.16 
9.93 0 17.61 23.75 21.49 5.3 8.16 28.25 28.49 48.12 32.01 17.4 16.53 58.52 
3.42 7.99 7.8 24.72 18.02 0.59 0 36.55 19.16 44.23 25.87 8.3 20.75 48.02 
28.24 24.48 18.41 41.2 16.56 30.06 30.28 0 22.07 21.86 56.68 22.15 33.21 48.68 
9.78 17.54 0 35.85 4.94 13.7 11.97 23.34 5.95 30.63 36.93 4.31 32.08 33.81 
15.86 25.15 6.51 42.74 7.84 19.73 18.04 21.98 0 29.23 43.97 9.38 38.25 27 
30.06 22.53 35.53 0 41.29 24.45 22.8 51.26 47.93 70.57 13.66 35.77 7.87 73.43 
17.01 18.91 6.69 38.57 0 21.98 20.5 16.57 6.47 29.74 46.19 10.61 35.65 34.43 
Dimension>27
40.42 43.69 31.43 64.57 27.62 45.05 43.15 17.53 21.83 0 71.55 34.11 55.17 48.78 
Dimension>27
24.35 28.68 32.95 10.21 43.06 21.77 20.11 63.91 44.85 72.19 0 32.59 22.13 58.52 
7.34 15.15 4.4 33.58 13.95 11.28 9.53 31.63 14.92 38.69 34.36 0 29.77 37.27 
4.56 9.8 6.05 30.07 16.34 0 7.42 35 17.49 42.34 32.52 6.56 27.04 46.17 
3.42 7.99 7.8 24.72 18.02 0.59 0 36.55 19.16 44.23 25.87 8.3 20.75 48.02 
28.24 24.48 18.41 41.2 16.56 30.06 30.28 0 22.07 21.86 56.68 22.15 33.21 48.68 
Bandera>13
Fitness Greedy Costo>267.06
29.65 22.86 35.14 3.52 41.6 24.03 22.38 43.62 47.51 67.97 20.02 35.38 0 78.79 
Bandera>13
Fitness Greedy Costo>267.06
15.86 25.15 6.51 42.74 7.84 19.73 18.04 21.98 0 29.23 43.97 9.38 38.25 27 
40.42 43.69 31.43 64.57 27.62 45.05 43.15 17.53 21.83 0 71.55 34.11 55.17 48.78 
Solucion Greedy Costo>6 5 2 11 0 1 12 3 10 0 4 8 7 9 0 14 0 13 0 0 0 0 0 0 0 0 0 
Linea Vacia>
37.01 47.39 28.24 67.55 29.14 41.72 39.79 43.32 18.46 44.16 57.53 30.98 63.42 0 
Solucion Greedy Costo>6 5 2 11 0 1 12 3 10 0 4 8 7 9 0 14 0 13 0 0 0 0 0 0 0 0 0 
Linea Vacia>
24.35 28.68 32.95 10.21 43.06 21.77 20.11 63.91 44.85 72.19 0 32.59 22.13 58.52 
7.34 15.15 4.4 33.58 13.95 11.28 9.53 31.63 14.92 38.69 34.36 0 29.77 37.27 
29.65 22.86 35.14 3.52 41.6 24.03 22.38 43.62 47.51 67.97 20.02 35.38 0 78.79 
37.01 47.39 28.24 67.55 29.14 41.72 39.79 43.32 18.46 44.16 57.53 30.98 63.42 0 
Matriz de Costos>
0 9.03 9.75 27.16 19.86 4.01 3.44 37.19 20.94 45.42 25.48 9.94 23.24 45.16 
9.93 0 17.61 23.75 21.49 5.3 8.16 28.25 28.49 48.12 32.01 17.4 16.53 58.52 
9.78 17.54 0 35.85 4.94 13.7 11.97 23.34 5.95 30.63 36.93 4.31 32.08 33.81 
30.06 22.53 35.53 0 41.29 24.45 22.8 51.26 47.93 70.57 13.66 35.77 7.87 73.43 
17.01 18.91 6.69 38.57 0 21.98 20.5 16.57 6.47 29.74 46.19 10.61 35.65 34.43 
Matriz de Costos>
0 9.03 9.75 27.16 19.86 4.01 3.44 37.19 20.94 45.42 25.48 9.94 23.24 45.16 
9.93 0 17.61 23.75 21.49 5.3 8.16 28.25 28.49 48.12 32.01 17.4 16.53 58.52 
9.78 17.54 0 35.85 4.94 13.7 11.97 23.34 5.95 30.63 36.93 4.31 32.08 33.81 
30.06 22.53 35.53 0 41.29 24.45 22.8 51.26 47.93 70.57 13.66 35.77 7.87 73.43 
17.01 18.91 6.69 38.57 0 21.98 20.5 16.57 6.47 29.74 46.19 10.61 35.65 34.43 
4.56 9.8 6.05 30.07 16.34 0 7.42 35 17.49 42.34 32.52 6.56 27.04 46.17 
4.56 9.8 6.05 30.07 16.34 0 7.42 35 17.49 42.34 32.52 6.56 27.04 46.17 
3.42 7.99 7.8 24.72 18.02 0.59 0 36.55 19.16 44.23 25.87 8.3 20.75 48.02 
28.24 24.48 18.41 41.2 16.56 30.06 30.28 0 22.07 21.86 56.68 22.15 33.21 48.68 
3.42 7.99 7.8 24.72 18.02 0.59 0 36.55 19.16 44.23 25.87 8.3 20.75 48.02 
28.24 24.48 18.41 41.2 16.56 30.06 30.28 0 22.07 21.86 56.68 22.15 33.21 48.68 
15.86 25.15 6.51 42.74 7.84 19.73 18.04 21.98 0 29.23 43.97 9.38 38.25 27 
40.42 43.69 31.43 64.57 27.62 45.05 43.15 17.53 21.83 0 71.55 34.11 55.17 48.78 
24.35 28.68 32.95 10.21 43.06 21.77 20.11 63.91 44.85 72.19 0 32.59 22.13 58.52 
15.86 25.15 6.51 42.74 7.84 19.73 18.04 21.98 0 29.23 43.97 9.38 38.25 27 
40.42 43.69 31.43 64.57 27.62 45.05 43.15 17.53 21.83 0 71.55 34.11 55.17 48.78 
24.35 28.68 32.95 10.21 43.06 21.77 20.11 63.91 44.85 72.19 0 32.59 22.13 58.52 
7.34 15.15 4.4 33.58 13.95 11.28 9.53 31.63 14.92 38.69 34.36 0 29.77 37.27 
29.65 22.86 35.14 3.52 41.6 24.03 22.38 43.62 47.51 67.97 20.02 35.38 0 78.79 
37.01 47.39 28.24 67.55 29.14 41.72 39.79 43.32 18.46 44.16 57.53 30.98 63.42 0 
7.34 15.15 4.4 33.58 13.95 11.28 9.53 31.63 14.92 38.69 34.36 0 29.77 37.27 
29.65 22.86 35.14 3.52 41.6 24.03 22.38 43.62 47.51 67.97 20.02 35.38 0 78.79 
37.01 47.39 28.24 67.55 29.14 41.72 39.79 43.32 18.46 44.16 57.53 30.98 63.42 0 
Dimension>27
Bandera>13
Fitness Greedy Costo>267.06
Dimension>27
Dimension>27
Bandera>13
Fitness Greedy Costo>267.06
Solucion Greedy Costo>6 5 2 11 0 1 12 3 10 0 4 8 7 9 0 14 0 13 0 0 0 0 0 0 0 0 0 
Linea Vacia>
Bandera>13
Fitness Greedy Costo>267.06
Solucion Greedy Costo>6 5 2 11 0 1 12 3 10 0 4 8 7 9 0 14 0 13 0 0 0 0 0 0 0 0 0 
Linea Vacia>
Dimension>27
Bandera>13
Fitness Greedy Costo>267.06
Solucion Greedy Costo>6 5 2 11 0 1 12 3 10 0 4 8 7 9 0 14 0 13 0 0 0 0 0 0 0 0 0 
Linea Vacia>
Solucion Greedy Costo>6 5 2 11 0 1 12 3 10 0 4 8 7 9 0 14 0 13 0 0 0 0 0 0 0 0 0 
Linea Vacia>
Matriz de Costos>
0 9.03 9.75 27.16 19.86 4.01 3.44 37.19 20.94 45.42 25.48 9.94 23.24 45.16 
9.93 0 17.61 23.75 21.49 5.3 8.16 28.25 28.49 48.12 32.01 17.4 16.53 58.52 
Matriz de Costos>
0 9.03 9.75 27.16 19.86 4.01 3.44 37.19 20.94 45.42 25.48 9.94 23.24 45.16 
9.93 0 17.61 23.75 21.49 5.3 8.16 28.25 28.49 48.12 32.01 17.4 16.53 58.52 
9.78 17.54 0 35.85 4.94 13.7 11.97 23.34 5.95 30.63 36.93 4.31 32.08 33.81 
30.06 22.53 35.53 0 41.29 24.45 22.8 51.26 47.93 70.57 13.66 35.77 7.87 73.43 
17.01 18.91 6.69 38.57 0 21.98 20.5 16.57 6.47 29.74 46.19 10.61 35.65 34.43 
9.78 17.54 0 35.85 4.94 13.7 11.97 23.34 5.95 30.63 36.93 4.31 32.08 33.81 
30.06 22.53 35.53 0 41.29 24.45 22.8 51.26 47.93 70.57 13.66 35.77 7.87 73.43 
17.01 18.91 6.69 38.57 0 21.98 20.5 16.57 6.47 29.74 46.19 10.61 35.65 34.43 
4.56 9.8 6.05 30.07 16.34 0 7.42 35 17.49 42.34 32.52 6.56 27.04 46.17 
3.42 7.99 7.8 24.72 18.02 0.59 0 36.55 19.16 44.23 25.87 8.3 20.75 48.02 
Matriz de Costos>
0 9.03 9.75 27.16 19.86 4.01 3.44 37.19 20.94 45.42 25.48 9.94 23.24 45.16 
9.93 0 17.61 23.75 21.49 5.3 8.16 28.25 28.49 48.12 32.01 17.4 16.53 58.52 
9.78 17.54 0 35.85 4.94 13.7 11.97 23.34 5.95 30.63 36.93 4.31 32.08 33.81 
4.56 9.8 6.05 30.07 16.34 0 7.42 35 17.49 42.34 32.52 6.56 27.04 46.17 
3.42 7.99 7.8 24.72 18.02 0.59 0 36.55 19.16 44.23 25.87 8.3 20.75 48.02 
28.24 24.48 18.41 41.2 16.56 30.06 30.28 0 22.07 21.86 56.68 22.15 33.21 48.68 
15.86 25.15 6.51 42.74 7.84 19.73 18.04 21.98 0 29.23 43.97 9.38 38.25 27 
40.42 43.69 31.43 64.57 27.62 45.05 43.15 17.53 21.83 0 71.55 34.11 55.17 48.78 
Matriz de Costos>
0 9.03 9.75 27.16 19.86 4.01 3.44 37.19 20.94 45.42 25.48 9.94 23.24 45.16 
9.93 0 17.61 23.75 21.49 5.3 8.16 28.25 28.49 48.12 32.01 17.4 16.53 58.52 
28.24 24.48 18.41 41.2 16.56 30.06 30.28 0 22.07 21.86 56.68 22.15 33.21 48.68 
15.86 25.15 6.51 42.74 7.84 19.73 18.04 21.98 0 29.23 43.97 9.38 38.25 27 
40.42 43.69 31.43 64.57 27.62 45.05 43.15 17.53 21.83 0 71.55 34.11 55.17 48.78 
24.35 28.68 32.95 10.21 43.06 21.77 20.11 63.91 44.85 72.19 0 32.59 22.13 58.52 
7.34 15.15 4.4 33.58 13.95 11.28 9.53 31.63 14.92 38.69 34.36 0 29.77 37.27 
29.65 22.86 35.14 3.52 41.6 24.03 22.38 43.62 47.51 67.97 20.02 35.38 0 78.79 
Dimension>27
Bandera>13
Fitness Greedy Costo>267.06
Solucion Greedy Costo>6 5 2 11 0 1 12 3 10 0 4 8 7 9 0 14 0 13 0 0 0 0 0 0 0 0 0 
Linea Vacia>
30.06 22.53 35.53 0 41.29 24.45 22.8 51.26 47.93 70.57 13.66 35.77 7.87 73.43 
17.01 18.91 6.69 38.57 0 21.98 20.5 16.57 6.47 29.74 46.19 10.61 35.65 34.43 
4.56 9.8 6.05 30.07 16.34 0 7.42 35 17.49 42.34 32.52 6.56 27.04 46.17 
3.42 7.99 7.8 24.72 18.02 0.59 0 36.55 19.16 44.23 25.87 8.3 20.75 48.02 
24.35 28.68 32.95 10.21 43.06 21.77 20.11 63.91 44.85 72.19 0 32.59 22.13 58.52 
7.34 15.15 4.4 33.58 13.95 11.28 9.53 31.63 14.92 38.69 34.36 0 29.77 37.27 
29.65 22.86 35.14 3.52 41.6 24.03 22.38 43.62 47.51 67.97 20.02 35.38 0 78.79 
37.01 47.39 28.24 67.55 29.14 41.72 39.79 43.32 18.46 44.16 57.53 30.98 63.42 0 
9.78 17.54 0 35.85 4.94 13.7 11.97 23.34 5.95 30.63 36.93 4.31 32.08 33.81 
30.06 22.53 35.53 0 41.29 24.45 22.8 51.26 47.93 70.57 13.66 35.77 7.87 73.43 
17.01 18.91 6.69 38.57 0 21.98 20.5 16.57 6.47 29.74 46.19 10.61 35.65 34.43 
4.56 9.8 6.05 30.07 16.34 0 7.42 35 17.49 42.34 32.52 6.56 27.04 46.17 
37.01 47.39 28.24 67.55 29.14 41.72 39.79 43.32 18.46 44.16 57.53 30.98 63.42 0 
28.24 24.48 18.41 41.2 16.56 30.06 30.28 0 22.07 21.86 56.68 22.15 33.21 48.68 
15.86 25.15 6.51 42.74 7.84 19.73 18.04 21.98 0 29.23 43.97 9.38 38.25 27 
40.42 43.69 31.43 64.57 27.62 45.05 43.15 17.53 21.83 0 71.55 34.11 55.17 48.78 
3.42 7.99 7.8 24.72 18.02 0.59 0 36.55 19.16 44.23 25.87 8.3 20.75 48.02 
28.24 24.48 18.41 41.2 16.56 30.06 30.28 0 22.07 21.86 56.68 22.15 33.21 48.68 
15.86 25.15 6.51 42.74 7.84 19.73 18.04 21.98 0 29.23 43.97 9.38 38.25 27 
Matriz de Costos>
0 9.03 9.75 27.16 19.86 4.01 3.44 37.19 20.94 45.42 25.48 9.94 23.24 45.16 
9.93 0 17.61 23.75 21.49 5.3 8.16 28.25 28.49 48.12 32.01 17.4 16.53 58.52 
9.78 17.54 0 35.85 4.94 13.7 11.97 23.34 5.95 30.63 36.93 4.31 32.08 33.81 
30.06 22.53 35.53 0 41.29 24.45 22.8 51.26 47.93 70.57 13.66 35.77 7.87 73.43 
24.35 28.68 32.95 10.21 43.06 21.77 20.11 63.91 44.85 72.19 0 32.59 22.13 58.52 
7.34 15.15 4.4 33.58 13.95 11.28 9.53 31.63 14.92 38.69 34.36 0 29.77 37.27 
29.65 22.86 35.14 3.52 41.6 24.03 22.38 43.62 47.51 67.97 20.02 35.38 0 78.79 
37.01 47.39 28.24 67.55 29.14 41.72 39.79 43.32 18.46 44.16 57.53 30.98 63.42 0 
40.42 43.69 31.43 64.57 27.62 45.05 43.15 17.53 21.83 0 71.55 34.11 55.17 48.78 
24.35 28.68 32.95 10.21 43.06 21.77 20.11 63.91 44.85 72.19 0 32.59 22.13 58.52 
7.34 15.15 4.4 33.58 13.95 11.28 9.53 31.63 14.92 38.69 34.36 0 29.77 37.27 
29.65 22.86 35.14 3.52 41.6 24.03 22.38 43.62 47.51 67.97 20.02 35.38 0 78.79 
17.01 18.91 6.69 38.57 0 21.98 20.5 16.57 6.47 29.74 46.19 10.61 35.65 34.43 
4.56 9.8 6.05 30.07 16.34 0 7.42 35 17.49 42.34 32.52 6.56 27.04 46.17 
3.42 7.99 7.8 24.72 18.02 0.59 0 36.55 19.16 44.23 25.87 8.3 20.75 48.02 
37.01 47.39 28.24 67.55 29.14 41.72 39.79 43.32 18.46 44.16 57.53 30.98 63.42 0 
28.24 24.48 18.41 41.2 16.56 30.06 30.28 0 22.07 21.86 56.68 22.15 33.21 48.68 
15.86 25.15 6.51 42.74 7.84 19.73 18.04 21.98 0 29.23 43.97 9.38 38.25 27 
40.42 43.69 31.43 64.57 27.62 45.05 43.15 17.53 21.83 0 71.55 34.11 55.17 48.78 
24.35 28.68 32.95 10.21 43.06 21.77 20.11 63.91 44.85 72.19 0 32.59 22.13 58.52 
7.34 15.15 4.4 33.58 13.95 11.28 9.53 31.63 14.92 38.69 34.36 0 29.77 37.27 
29.65 22.86 35.14 3.52 41.6 24.03 22.38 43.62 47.51 67.97 20.02 35.38 0 78.79 
37.01 47.39 28.24 67.55 29.14 41.72 39.79 43.32 18.46 44.16 57.53 30.98 63.42 0 
Dimension>27
Bandera>13
Dimension>27
Fitness Greedy Costo>267.06
Solucion Greedy Costo>6 5 2 11 0 1 12 3 10 0 4 8 7 9 0 14 0 13 0 0 0 0 0 0 0 0 0 
Linea Vacia>
Bandera>13
Fitness Greedy Costo>267.06
Solucion Greedy Costo>6 5 2 11 0 1 12 3 10 0 4 8 7 9 0 14 0 13 0 0 0 0 0 0 0 0 0 
Linea Vacia>
Dimension>27
Bandera>13
Fitness Greedy Costo>267.06
Solucion Greedy Costo>6 5 2 11 0 1 12 3 10 0 4 8 7 9 0 14 0 13 0 0 0 0 0 0 0 0 0 
Linea Vacia>
Matriz de Costos>
0 9.03 9.75 27.16 19.86 4.01 3.44 37.19 20.94 45.42 25.48 9.94 23.24 45.16 
9.93 0 17.61 23.75 21.49 5.3 8.16 28.25 28.49 48.12 32.01 17.4 16.53 58.52 
9.78 17.54 0 35.85 4.94 13.7 11.97 23.34 5.95 30.63 36.93 4.31 32.08 33.81 
30.06 22.53 35.53 0 41.29 24.45 22.8 51.26 47.93 70.57 13.66 35.77 7.87 73.43 
17.01 18.91 6.69 38.57 0 21.98 20.5 16.57 6.47 29.74 46.19 10.61 35.65 34.43 
Dimension>27
Bandera>13
Fitness Greedy Costo>267.06
Solucion Greedy Costo>6 5 2 11 0 1 12 3 10 0 4 8 7 9 0 14 0 13 0 0 0 0 0 0 0 0 0 
Linea Vacia>
4.56 9.8 6.05 30.07 16.34 0 7.42 35 17.49 42.34 32.52 6.56 27.04 46.17 
3.42 7.99 7.8 24.72 18.02 0.59 0 36.55 19.16 44.23 25.87 8.3 20.75 48.02 
28.24 24.48 18.41 41.2 16.56 30.06 30.28 0 22.07 21.86 56.68 22.15 33.21 48.68 
15.86 25.15 6.51 42.74 7.84 19.73 18.04 21.98 0 29.23 43.97 9.38 38.25 27 
Matriz de Costos>
0 9.03 9.75 27.16 19.86 4.01 3.44 37.19 20.94 45.42 25.48 9.94 23.24 45.16 
9.93 0 17.61 23.75 21.49 5.3 8.16 28.25 28.49 48.12 32.01 17.4 16.53 58.52 
9.78 17.54 0 35.85 4.94 13.7 11.97 23.34 5.95 30.63 36.93 4.31 32.08 33.81 
30.06 22.53 35.53 0 41.29 24.45 22.8 51.26 47.93 70.57 13.66 35.77 7.87 73.43 
17.01 18.91 6.69 38.57 0 21.98 20.5 16.57 6.47 29.74 46.19 10.61 35.65 34.43 
Matriz de Costos>
0 9.03 9.75 27.16 19.86 4.01 3.44 37.19 20.94 45.42 25.48 9.94 23.24 45.16 
9.93 0 17.61 23.75 21.49 5.3 8.16 28.25 28.49 48.12 32.01 17.4 16.53 58.52 
40.42 43.69 31.43 64.57 27.62 45.05 43.15 17.53 21.83 0 71.55 34.11 55.17 48.78 
24.35 28.68 32.95 10.21 43.06 21.77 20.11 63.91 44.85 72.19 0 32.59 22.13 58.52 
7.34 15.15 4.4 33.58 13.95 11.28 9.53 31.63 14.92 38.69 34.36 0 29.77 37.27 
29.65 22.86 35.14 3.52 41.6 24.03 22.38 43.62 47.51 67.97 20.02 35.38 0 78.79 
37.01 47.39 28.24 67.55 29.14 41.72 39.79 43.32 18.46 44.16 57.53 30.98 63.42 0 
Matriz de Costos>
0 9.03 9.75 27.16 19.86 4.01 3.44 37.19 20.94 45.42 25.48 9.94 23.24 45.16 
9.93 0 17.61 23.75 21.49 5.3 8.16 28.25 28.49 48.12 32.01 17.4 16.53 58.52 
9.78 17.54 0 35.85 4.94 13.7 11.97 23.34 5.95 30.63 36.93 4.31 32.08 33.81 
4.56 9.8 6.05 30.07 16.34 0 7.42 35 17.49 42.34 32.52 6.56 27.04 46.17 
3.42 7.99 7.8 24.72 18.02 0.59 0 36.55 19.16 44.23 25.87 8.3 20.75 48.02 
9.78 17.54 0 35.85 4.94 13.7 11.97 23.34 5.95 30.63 36.93 4.31 32.08 33.81 
30.06 22.53 35.53 0 41.29 24.45 22.8 51.26 47.93 70.57 13.66 35.77 7.87 73.43 
17.01 18.91 6.69 38.57 0 21.98 20.5 16.57 6.47 29.74 46.19 10.61 35.65 34.43 
30.06 22.53 35.53 0 41.29 24.45 22.8 51.26 47.93 70.57 13.66 35.77 7.87 73.43 
17.01 18.91 6.69 38.57 0 21.98 20.5 16.57 6.47 29.74 46.19 10.61 35.65 34.43 
4.56 9.8 6.05 30.07 16.34 0 7.42 35 17.49 42.34 32.52 6.56 27.04 46.17 
28.24 24.48 18.41 41.2 16.56 30.06 30.28 0 22.07 21.86 56.68 22.15 33.21 48.68 
15.86 25.15 6.51 42.74 7.84 19.73 18.04 21.98 0 29.23 43.97 9.38 38.25 27 
40.42 43.69 31.43 64.57 27.62 45.05 43.15 17.53 21.83 0 71.55 34.11 55.17 48.78 
4.56 9.8 6.05 30.07 16.34 0 7.42 35 17.49 42.34 32.52 6.56 27.04 46.17 
3.42 7.99 7.8 24.72 18.02 0.59 0 36.55 19.16 44.23 25.87 8.3 20.75 48.02 
28.24 24.48 18.41 41.2 16.56 30.06 30.28 0 22.07 21.86 56.68 22.15 33.21 48.68 
15.86 25.15 6.51 42.74 7.84 19.73 18.04 21.98 0 29.23 43.97 9.38 38.25 27 
3.42 7.99 7.8 24.72 18.02 0.59 0 36.55 19.16 44.23 25.87 8.3 20.75 48.02 
28.24 24.48 18.41 41.2 16.56 30.06 30.28 0 22.07 21.86 56.68 22.15 33.21 48.68 
15.86 25.15 6.51 42.74 7.84 19.73 18.04 21.98 0 29.23 43.97 9.38 38.25 27 
24.35 28.68 32.95 10.21 43.06 21.77 20.11 63.91 44.85 72.19 0 32.59 22.13 58.52 
7.34 15.15 4.4 33.58 13.95 11.28 9.53 31.63 14.92 38.69 34.36 0 29.77 37.27 
29.65 22.86 35.14 3.52 41.6 24.03 22.38 43.62 47.51 67.97 20.02 35.38 0 78.79 
40.42 43.69 31.43 64.57 27.62 45.05 43.15 17.53 21.83 0 71.55 34.11 55.17 48.78 
24.35 28.68 32.95 10.21 43.06 21.77 20.11 63.91 44.85 72.19 0 32.59 22.13 58.52 
7.34 15.15 4.4 33.58 13.95 11.28 9.53 31.63 14.92 38.69 34.36 0 29.77 37.27 
29.65 22.86 35.14 3.52 41.6 24.03 22.38 43.62 47.51 67.97 20.02 35.38 0 78.79 
40.42 43.69 31.43 64.57 27.62 45.05 43.15 17.53 21.83 0 71.55 34.11 55.17 48.78 
24.35 28.68 32.95 10.21 43.06 21.77 20.11 63.91 44.85 72.19 0 32.59 22.13 58.52 
7.34 15.15 4.4 33.58 13.95 11.28 9.53 31.63 14.92 38.69 34.36 0 29.77 37.27 
29.65 22.86 35.14 3.52 41.6 24.03 22.38 43.62 47.51 67.97 20.02 35.38 0 78.79 
37.01 47.39 28.24 67.55 29.14 41.72 39.79 43.32 18.46 44.16 57.53 30.98 63.42 0 
Dimension>27
37.01 47.39 28.24 67.55 29.14 41.72 39.79 43.32 18.46 44.16 57.53 30.98 63.42 0 
Dimension>27
Bandera>13
Fitness Greedy Costo>267.06
37.01 47.39 28.24 67.55 29.14 41.72 39.79 43.32 18.46 44.16 57.53 30.98 63.42 0 
Bandera>13
Fitness Greedy Costo>267.06
Solucion Greedy Costo>6 5 2 11 0 1 12 3 10 0 4 8 7 9 0 14 0 13 0 0 0 0 0 0 0 0 0 
Linea Vacia>
Solucion Greedy Costo>6 5 2 11 0 1 12 3 10 0 4 8 7 9 0 14 0 13 0 0 0 0 0 0 0 0 0 
Linea Vacia>
Matriz de Costos>
0 9.03 9.75 27.16 19.86 4.01 3.44 37.19 20.94 45.42 25.48 9.94 23.24 45.16 
9.93 0 17.61 23.75 21.49 5.3 8.16 28.25 28.49 48.12 32.01 17.4 16.53 58.52 
9.78 17.54 0 35.85 4.94 13.7 11.97 23.34 5.95 30.63 36.93 4.31 32.08 33.81 
Matriz de Costos>
0 9.03 9.75 27.16 19.86 4.01 3.44 37.19 20.94 45.42 25.48 9.94 23.24 45.16 
9.93 0 17.61 23.75 21.49 5.3 8.16 28.25 28.49 48.12 32.01 17.4 16.53 58.52 
30.06 22.53 35.53 0 41.29 24.45 22.8 51.26 47.93 70.57 13.66 35.77 7.87 73.43 
17.01 18.91 6.69 38.57 0 21.98 20.5 16.57 6.47 29.74 46.19 10.61 35.65 34.43 
4.56 9.8 6.05 30.07 16.34 0 7.42 35 17.49 42.34 32.52 6.56 27.04 46.17 
Dimension>27
Bandera>13
Fitness Greedy Costo>267.06
Solucion Greedy Costo>6 5 2 11 0 1 12 3 10 0 4 8 7 9 0 14 0 13 0 0 0 0 0 0 0 0 0 
Linea Vacia>
3.42 7.99 7.8 24.72 18.02 0.59 0 36.55 19.16 44.23 25.87 8.3 20.75 48.02 
28.24 24.48 18.41 41.2 16.56 30.06 30.28 0 22.07 21.86 56.68 22.15 33.21 48.68 
9.78 17.54 0 35.85 4.94 13.7 11.97 23.34 5.95 30.63 36.93 4.31 32.08 33.81 
30.06 22.53 35.53 0 41.29 24.45 22.8 51.26 47.93 70.57 13.66 35.77 7.87 73.43 
15.86 25.15 6.51 42.74 7.84 19.73 18.04 21.98 0 29.23 43.97 9.38 38.25 27 
40.42 43.69 31.43 64.57 27.62 45.05 43.15 17.53 21.83 0 71.55 34.11 55.17 48.78 
17.01 18.91 6.69 38.57 0 21.98 20.5 16.57 6.47 29.74 46.19 10.61 35.65 34.43 
4.56 9.8 6.05 30.07 16.34 0 7.42 35 17.49 42.34 32.52 6.56 27.04 46.17 
3.42 7.99 7.8 24.72 18.02 0.59 0 36.55 19.16 44.23 25.87 8.3 20.75 48.02 
Dimension>27
Bandera>13
Fitness Greedy Costo>267.06
24.35 28.68 32.95 10.21 43.06 21.77 20.11 63.91 44.85 72.19 0 32.59 22.13 58.52 
7.34 15.15 4.4 33.58 13.95 11.28 9.53 31.63 14.92 38.69 34.36 0 29.77 37.27 
29.65 22.86 35.14 3.52 41.6 24.03 22.38 43.62 47.51 67.97 20.02 35.38 0 78.79 
37.01 47.39 28.24 67.55 29.14 41.72 39.79 43.32 18.46 44.16 57.53 30.98 63.42 0 
Matriz de Costos>
0 9.03 9.75 27.16 19.86 4.01 3.44 37.19 20.94 45.42 25.48 9.94 23.24 45.16 
9.93 0 17.61 23.75 21.49 5.3 8.16 28.25 28.49 48.12 32.01 17.4 16.53 58.52 
9.78 17.54 0 35.85 4.94 13.7 11.97 23.34 5.95 30.63 36.93 4.31 32.08 33.81 
30.06 22.53 35.53 0 41.29 24.45 22.8 51.26 47.93 70.57 13.66 35.77 7.87 73.43 
17.01 18.91 6.69 38.57 0 21.98 20.5 16.57 6.47 29.74 46.19 10.61 35.65 34.43 
4.56 9.8 6.05 30.07 16.34 0 7.42 35 17.49 42.34 32.52 6.56 27.04 46.17 
3.42 7.99 7.8 24.72 18.02 0.59 0 36.55 19.16 44.23 25.87 8.3 20.75 48.02 
28.24 24.48 18.41 41.2 16.56 30.06 30.28 0 22.07 21.86 56.68 22.15 33.21 48.68 
15.86 25.15 6.51 42.74 7.84 19.73 18.04 21.98 0 29.23 43.97 9.38 38.25 27 
40.42 43.69 31.43 64.57 27.62 45.05 43.15 17.53 21.83 0 71.55 34.11 55.17 48.78 
Solucion Greedy Costo>6 5 2 11 0 1 12 3 10 0 4 8 7 9 0 14 0 13 0 0 0 0 0 0 0 0 0 
Linea Vacia>
28.24 24.48 18.41 41.2 16.56 30.06 30.28 0 22.07 21.86 56.68 22.15 33.21 48.68 
15.86 25.15 6.51 42.74 7.84 19.73 18.04 21.98 0 29.23 43.97 9.38 38.25 27 
40.42 43.69 31.43 64.57 27.62 45.05 43.15 17.53 21.83 0 71.55 34.11 55.17 48.78 
24.35 28.68 32.95 10.21 43.06 21.77 20.11 63.91 44.85 72.19 0 32.59 22.13 58.52 
7.34 15.15 4.4 33.58 13.95 11.28 9.53 31.63 14.92 38.69 34.36 0 29.77 37.27 
29.65 22.86 35.14 3.52 41.6 24.03 22.38 43.62 47.51 67.97 20.02 35.38 0 78.79 
24.35 28.68 32.95 10.21 43.06 21.77 20.11 63.91 44.85 72.19 0 32.59 22.13 58.52 
7.34 15.15 4.4 33.58 13.95 11.28 9.53 31.63 14.92 38.69 34.36 0 29.77 37.27 
37.01 47.39 28.24 67.55 29.14 41.72 39.79 43.32 18.46 44.16 57.53 30.98 63.42 0 
29.65 22.86 35.14 3.52 41.6 24.03 22.38 43.62 47.51 67.97 20.02 35.38 0 78.79 
37.01 47.39 28.24 67.55 29.14 41.72 39.79 43.32 18.46 44.16 57.53 30.98 63.42 0 
Matriz de Costos>
0 9.03 9.75 27.16 19.86 4.01 3.44 37.19 20.94 45.42 25.48 9.94 23.24 45.16 
9.93 0 17.61 23.75 21.49 5.3 8.16 28.25 28.49 48.12 32.01 17.4 16.53 58.52 
9.78 17.54 0 35.85 4.94 13.7 11.97 23.34 5.95 30.63 36.93 4.31 32.08 33.81 
30.06 22.53 35.53 0 41.29 24.45 22.8 51.26 47.93 70.57 13.66 35.77 7.87 73.43 
17.01 18.91 6.69 38.57 0 21.98 20.5 16.57 6.47 29.74 46.19 10.61 35.65 34.43 
4.56 9.8 6.05 30.07 16.34 0 7.42 35 17.49 42.34 32.52 6.56 27.04 46.17 
3.42 7.99 7.8 24.72 18.02 0.59 0 36.55 19.16 44.23 25.87 8.3 20.75 48.02 
28.24 24.48 18.41 41.2 16.56 30.06 30.28 0 22.07 21.86 56.68 22.15 33.21 48.68 
15.86 25.15 6.51 42.74 7.84 19.73 18.04 21.98 0 29.23 43.97 9.38 38.25 27 
40.42 43.69 31.43 64.57 27.62 45.05 43.15 17.53 21.83 0 71.55 34.11 55.17 48.78 
24.35 28.68 32.95 10.21 43.06 21.77 20.11 63.91 44.85 72.19 0 32.59 22.13 58.52 
7.34 15.15 4.4 33.58 13.95 11.28 9.53 31.63 14.92 38.69 34.36 0 29.77 37.27 
29.65 22.86 35.14 3.52 41.6 24.03 22.38 43.62 47.51 67.97 20.02 35.38 0 78.79 
37.01 47.39 28.24 67.55 29.14 41.72 39.79 43.32 18.46 44.16 57.53 30.98 63.42 0 
GEN 0 388.920000
GEN 0 392.150000
GEN 0 413.150000
TIEMPO 0 392.150000
TIEMPO 0 413.150000
TIEMPO 0 388.920000
GEN 0 423.230000
GEN 0 404.460000
TIEMPO 0 419.320000
TIEMPO 0 379.030000
GREEDY 0 0.003652
GEN 0 422.060000
TIEMPO 0 396.120000
GREEDY 0 0.006527
GREEDY 0 0.007427
GREEDY 5 0.007495
GREEDY 10 0.007802
GEN 0 355.240000
TIEMPO 0 355.240000
GEN 0 403.600000
TIEMPO 0 403.600000
GEN 0 318.030000
TIEMPO 0 318.030000
GREEDY 0 0.005900
GEN 0 388.480000
GEN 0 392.120000
GEN 0 412.090000
TIEMPO 0 381.930000
TIEMPO 0 392.120000
TIEMPO 0 412.090000
GEN 0 411.890000
TIEMPO 0 401.440000
GEN 0 415.430000
GEN 0 384.050000
GEN 0 381.350000
GEN 0 402.740000
TIEMPO 0 370.000000
TIEMPO 0 415.430000
TIEMPO 0 329.820000
TIEMPO 0 375.560000
GEN 0 405.490000
TIEMPO 0 405.490000
GREEDY 5 0.015524
GREEDY 0 0.001888
GREEDY 0 0.002130
GREEDY 5 0.003763
GREEDY 10 0.003838
GEN 0 425.840000
TIEMPO 0 423.230000
GEN 0 404.740000
TIEMPO 0 390.750000
GREEDY 0 0.005831
GEN 0 431.560000
GREEDY 0 0.009047
TIEMPO 0 406.200000
GREEDY 0 0.008209
GEN 0 397.890000
TIEMPO 0 397.890000
GREEDY 5 0.007496
GREEDY 0 0.007860
GEN 0 404.210000
TIEMPO 0 403.190000
GREEDY 5 0.012153
GREEDY 0 0.005600
GREEDY 0 0.016801
GREEDY 0 0.003880
GREEDY 5 0.004810
GREEDY 0 0.024959
GEN 0 409.230000
TIEMPO 0 409.230000
GREEDY 5 0.016950
GREEDY 5 0.031771
GREEDY 0 0.005879
GREEDY 5 0.005967
GREEDY 0 0.026175
GREEDY 5 0.026299
GREEDY 10 0.020636
GREEDY 0 0.021576
GREEDY 0 0.024688
GREEDY 5 0.024743
GREEDY 5 0.022682
GREEDY 5 0.024399
GREEDY 10 0.026662
GREEDY 5 0.021266
GREEDY 10 0.027541
GREEDY 10 0.023861
GREEDY 15 0.027890
GREEDY 0 0.020429
GREEDY 15 0.042794
GREEDY 10 0.030414
GREEDY 0 0.025701
GREEDY 5 0.026753
GREEDY 15 0.034574
GREEDY 5 0.048274
GREEDY 10 0.050505
GREEDY 5 0.043566
GREEDY 10 0.045154
GREEDY 15 0.052294
GREEDY 10 0.027467
GREEDY 5 0.042784
GREEDY 5 0.052494
GREEDY 0 0.060602
GREEDY 5 0.065956
GREEDY 10 0.045409
GREEDY 0 0.050186
GREEDY 10 0.049731
GREEDY 5 0.051453
GREEDY 0 0.064272
GREEDY 0 0.063021
GREEDY 5 0.067695
GREEDY 10 0.067990
GREEDY 5 0.075694
GREEDY 10 0.087659
GREEDY 10 0.092687
GREEDY 10 0.097284
GREEDY 10 0.096715
GREEDY 15 0.129357
GREEDY 5 0.121922
GEN 2500 226.590000
GREEDY 15 0.130942
GREEDY 15 0.134497
GREEDY 15 0.143737
GREEDY 20 0.143883
GREEDY 15 0.167000
GREEDY 15 0.154793
GREEDY 10 0.166796
GREEDY 10 0.186372
GEN 2500 247.860000
GREEDY 15 0.187397
GREEDY 15 0.199027
GREEDY 10 0.216832
GEN 2500 246.750000
GEN 2500 225.360000
GREEDY 10 0.237197
GREEDY 10 0.249389
GEN 2500 225.670000
GEN 5000 226.590000
GREEDY 15 0.263321
GEN 2500 218.470000
GEN 2500 249.160000
GEN 5000 233.800000
GEN 2500 217.040000
GEN 2500 211.930000
GREEDY 15 0.358524
GEN 2500 215.440000
GEN 5000 225.360000
GEN 2500 217.040000
GEN 5000 246.750000
GEN 7500 213.980000
GREEDY 15 0.404874
GREEDY 15 0.428821
GEN 2500 231.320000
GEN 5000 225.670000
GEN 2500 217.040000
GEN 5000 218.470000
GEN 2500 226.210000
GEN 2500 220.570000
GEN 2500 214.580000
GEN 2500 232.510000
GEN 2500 225.670000
GEN 7500 219.520000
GEN 2500 230.470000
GEN 7500 233.800000
GEN 2500 231.320000
GEN 7500 246.750000
GEN 2500 222.110000
GEN 10000 213.980000
TIEMPO 0.522091 213.980000
GREEDY 20 0.524215
GREEDY 15 0.565747
GEN 2500 213.980000
GEN 2500 227.130000
GEN 7500 225.670000
GEN 2500 224.540000
GEN 7500 218.470000
GREEDY 15 0.614943
GEN 10000 213.980000
TIEMPO 0.623885 213.980000
GREEDY 10 0.661574
GEN 10000 232.150000
TIEMPO 0.669007 232.150000
GEN 10000 224.540000
TIEMPO 0.694764 224.540000
GEN 5000 217.040000
GEN 5000 215.440000
GEN 5000 211.930000
GEN 10000 225.670000
TIEMPO 0.760185 225.670000
GEN 5000 217.040000
GEN 10000 214.020000
TIEMPO 0.784436 214.020000
GEN 5000 249.160000
GEN 5000 225.670000
GEN 5000 231.320000
GEN 5000 211.930000
GEN 5000 222.110000
GEN 5000 214.580000
GEN 5000 213.980000
GEN 5000 213.980000
GEN 5000 223.570000
GREEDY 15 0.909426
GEN 5000 219.520000
GEN 5000 232.510000
GEN 5000 226.210000
GEN 5000 230.470000
GEN 7500 215.440000
GEN 5000 224.540000
GEN 7500 217.040000
TIEMPO 1 215.440000
TIEMPO 1 249.160000
TIEMPO 1 225.670000
TIEMPO 1 213.980000
TIEMPO 1 228.120000
TIEMPO 1 232.510000
TIEMPO 1 219.520000
TIEMPO 1 222.110000
TIEMPO 1 213.980000
TIEMPO 1 224.540000
TIEMPO 1 217.040000
TIEMPO 1 217.040000
TIEMPO 1 226.210000
TIEMPO 1 211.930000
TIEMPO 1 223.570000
TIEMPO 1 231.320000
TIEMPO 1 211.930000
GEN 7500 222.110000
TIEMPO 1 214.580000
GEN 7500 225.670000
GEN 7500 211.930000
GEN 7500 249.160000
GEN 7500 214.580000
GEN 7500 223.570000
GEN 7500 211.930000
GEN 7500 217.040000
GEN 7500 232.510000
GREEDY 20 1.056819
GEN 7500 213.980000
GEN 7500 228.120000
GEN 7500 213.980000
GEN 7500 231.320000
GEN 10000 215.440000
TIEMPO 1.099169 215.440000
GEN 7500 226.210000
GEN 7500 224.540000
GEN 7500 219.520000
GEN 10000 217.040000
TIEMPO 1.131871 217.040000
GREEDY 15 1.143512
GEN 10000 222.110000
TIEMPO 1.147387 222.110000
GEN 10000 211.930000
TIEMPO 1.144952 211.930000
GEN 10000 225.670000
TIEMPO 1.174287 225.670000
GEN 10000 214.580000
TIEMPO 1.156826 214.580000
GEN 10000 211.930000
TIEMPO 1.168912 211.930000
GREEDY 15 1.180227
GEN 10000 219.520000
TIEMPO 1.190275 219.520000
GEN 10000 249.160000
TIEMPO 1.205273 249.160000
GEN 10000 228.120000
TIEMPO 1.212018 228.120000
GEN 10000 211.930000
TIEMPO 1.209031 211.930000
GEN 10000 217.040000
TIEMPO 1.217416 217.040000
GEN 10000 213.980000
TIEMPO 1.246259 213.980000
GEN 10000 213.980000
TIEMPO 1.246677 213.980000
GEN 10000 224.540000
TIEMPO 1.257379 224.540000
GEN 10000 226.210000
TIEMPO 1.253675 226.210000
GEN 10000 213.980000
TIEMPO 1.263178 213.980000
GEN 10000 219.520000
TIEMPO 1.542100 219.520000

 Current State ---------------------------------------------
Solution:  0 5 2 8 13 0 11 4 7 9 0 0 12 3 10 14 0 6 1 0 0 0 0 0 0 0 0 Fitness: 211.93

 :( ---------------------- THE END --------------- :) 
