Dimension>27
Bandera>13
Fitness Greedy Costo>267.06
Solucion Greedy Costo>6 5 2 11 0 1 12 3 10 0 4 8 7 9 0 14 0 13 0 0 0 0 0 0 0 0 0 
Linea Vacia>
Matriz de Costos>
0 9.03 9.75 27.16 19.86 4.01 3.44 37.19 20.94 45.42 25.48 9.94 23.24 45.16 
9.93 0 17.61 23.75 21.49 5.3 8.16 28.25 28.49 48.12 32.01 17.4 16.53 58.52 
9.78 17.54 0 35.85 4.94 13.7 11.97 23.34 5.95 30.63 36.93 4.31 32.08 33.81 
30.06 22.53 35.53 0 41.29 24.45 22.8 51.26 47.93 70.57 13.66 35.77 7.87 73.43 
17.01 18.91 6.69 38.57 0 21.98 20.5 16.57 6.47 29.74 46.19 10.61 35.65 34.43 
4.56 9.8 6.05 30.07 16.34 0 7.42 35 17.49 42.34 32.52 6.56 27.04 46.17 
3.42 7.99 7.8 24.72 18.02 0.59 0 36.55 19.16 44.23 25.87 8.3 20.75 48.02 
28.24 24.48 18.41 41.2 16.56 30.06 30.28 0 22.07 21.86 56.68 22.15 33.21 48.68 
15.86 25.15 6.51 42.74 7.84 19.73 18.04 21.98 0 29.23 43.97 9.38 38.25 27 
40.42 43.69 31.43 64.57 27.62 45.05 43.15 17.53 21.83 0 71.55 34.11 55.17 48.78 
24.35 28.68 32.95 10.21 43.06 21.77 20.11 63.91 44.85 72.19 0 32.59 22.13 58.52 
7.34 15.15 4.4 33.58 13.95 11.28 9.53 31.63 14.92 38.69 34.36 0 29.77 37.27 
29.65 22.86 35.14 3.52 41.6 24.03 22.38 43.62 47.51 67.97 20.02 35.38 0 78.79 
37.01 47.39 28.24 67.55 29.14 41.72 39.79 43.32 18.46 44.16 57.53 30.98 63.42 0 
Dimension>27
Bandera>13
Fitness Greedy Costo>267.06
Solucion Greedy Costo>6 5 2 11 0 1 12 3 10 0 4 8 7 9 0 14 0 13 0 0 0 0 0 0 0 0 0 
Linea Vacia>
Matriz de Costos>
0 9.03 9.75 27.16 19.86 4.01 3.44 37.19 20.94 45.42 25.48 9.94 23.24 45.16 
9.93 0 17.61 23.75 21.49 5.3 8.16 28.25 28.49 48.12 32.01 17.4 16.53 58.52 
9.78 17.54 0 35.85 4.94 13.7 11.97 23.34 5.95 30.63 36.93 4.31 32.08 33.81 
30.06 22.53 35.53 0 41.29 24.45 22.8 51.26 47.93 70.57 13.66 35.77 7.87 73.43 
17.01 18.91 6.69 38.57 0 21.98 20.5 16.57 6.47 29.74 46.19 10.61 35.65 34.43 
4.56 9.8 6.05 30.07 16.34 0 7.42 35 17.49 42.34 32.52 6.56 27.04 46.17 
3.42 7.99 7.8 24.72 18.02 0.59 0 36.55 19.16 44.23 25.87 8.3 20.75 48.02 
28.24 24.48 18.41 41.2 16.56 30.06 30.28 0 22.07 21.86 56.68 22.15 33.21 48.68 
15.86 25.15 6.51 42.74 7.84 19.73 18.04 21.98 0 29.23 43.97 9.38 38.25 27 
40.42 43.69 31.43 64.57 27.62 45.05 43.15 17.53 21.83 0 71.55 34.11 55.17 48.78 
24.35 28.68 32.95 10.21 43.06 21.77 20.11 63.91 44.85 72.19 0 32.59 22.13 58.52 
7.34 15.15 4.4 33.58 13.95 11.28 9.53 31.63 14.92 38.69 34.36 0 29.77 37.27 
29.65 22.86 35.14 3.52 41.6 24.03 22.38 43.62 47.51 67.97 20.02 35.38 0 78.79 
37.01 47.39 28.24 67.55 29.14 41.72 39.79 43.32 18.46 44.16 57.53 30.98 63.42 0 
Dimension>27
Bandera>13
Fitness Greedy Costo>267.06
Solucion Greedy Costo>6 5 2 11 0 1 12 3 10 0 4 8 7 9 0 14 0 13 0 0 0 0 0 0 0 0 0 
Linea Vacia>
Matriz de Costos>
0 9.03 9.75 27.16 19.86 4.01 3.44 37.19 20.94 45.42 25.48 9.94 23.24 45.16 
9.93 0 17.61 23.75 21.49 5.3 8.16 28.25 28.49 48.12 32.01 17.4 16.53 58.52 
9.78 17.54 0 35.85 4.94 13.7 11.97 23.34 5.95 30.63 36.93 4.31 32.08 33.81 
30.06 22.53 35.53 0 41.29 24.45 22.8 51.26 47.93 70.57 13.66 35.77 7.87 73.43 
17.01 18.91 6.69 38.57 0 21.98 20.5 16.57 6.47 29.74 46.19 10.61 35.65 34.43 
4.56 9.8 6.05 30.07 16.34 0 7.42 35 17.49 42.34 32.52 6.56 27.04 46.17 
3.42 7.99 7.8 24.72 18.02 0.59 0 36.55 19.16 44.23 25.87 8.3 20.75 48.02 
28.24 24.48 18.41 41.2 16.56 30.06 30.28 0 22.07 21.86 56.68 22.15 33.21 48.68 
15.86 25.15 6.51 42.74 7.84 19.73 18.04 21.98 0 29.23 43.97 9.38 38.25 27 
Dimension>27
Bandera>13
Fitness Greedy Costo>267.06
Solucion Greedy Costo>6 5 2 11 0 1 12 3 10 0 4 8 7 9 0 14 0 13 0 0 0 0 0 0 0 0 0 
Linea Vacia>
Dimension>27
Bandera>13
Fitness Greedy Costo>267.06
Solucion Greedy Costo>6 5 2 11 0 1 12 3 10 0 4 8 7 9 0 14 0 13 0 0 0 0 0 0 0 0 0 
Linea Vacia>
Matriz de Costos>
40.42 43.69 31.43 64.57 27.62 45.05 43.15 17.53 21.83 0 71.55 34.11 55.17 48.78 
24.35 28.68 32.95 10.21 43.06 21.77 20.11 63.91 44.85 72.19 0 32.59 22.13 58.52 
0 9.03 9.75 27.16 19.86 4.01 3.44 37.19 20.94 45.42 25.48 9.94 23.24 45.16 
7.34 15.15 4.4 33.58 13.95 11.28 9.53 31.63 14.92 38.69 34.36 0 29.77 37.27 
29.65 22.86 35.14 3.52 41.6 24.03 22.38 43.62 47.51 67.97 20.02 35.38 0 78.79 
Matriz de Costos>
0 9.03 9.75 27.16 19.86 4.01 3.44 37.19 20.94 45.42 25.48 9.94 23.24 45.16 
9.93 0 17.61 23.75 21.49 5.3 8.16 28.25 28.49 48.12 32.01 17.4 16.53 58.52 
9.93 0 17.61 23.75 21.49 5.3 8.16 28.25 28.49 48.12 32.01 17.4 16.53 58.52 
9.78 17.54 0 35.85 4.94 13.7 11.97 23.34 5.95 30.63 36.93 4.31 32.08 33.81 
Dimension>27
37.01 47.39 28.24 67.55 29.14 41.72 39.79 43.32 18.46 44.16 57.53 30.98 63.42 0 
9.78 17.54 0 35.85 4.94 13.7 11.97 23.34 5.95 30.63 36.93 4.31 32.08 33.81 
30.06 22.53 35.53 0 41.29 24.45 22.8 51.26 47.93 70.57 13.66 35.77 7.87 73.43 
30.06 22.53 35.53 0 41.29 24.45 22.8 51.26 47.93 70.57 13.66 35.77 7.87 73.43 
17.01 18.91 6.69 38.57 0 21.98 20.5 16.57 6.47 29.74 46.19 10.61 35.65 34.43 
4.56 9.8 6.05 30.07 16.34 0 7.42 35 17.49 42.34 32.52 6.56 27.04 46.17 
17.01 18.91 6.69 38.57 0 21.98 20.5 16.57 6.47 29.74 46.19 10.61 35.65 34.43 
4.56 9.8 6.05 30.07 16.34 0 7.42 35 17.49 42.34 32.52 6.56 27.04 46.17 
Bandera>13
Fitness Greedy Costo>267.06
Solucion Greedy Costo>6 5 2 11 0 1 12 3 10 0 4 8 7 9 0 14 0 13 0 0 0 0 0 0 0 0 0 
Linea Vacia>
Dimension>27
3.42 7.99 7.8 24.72 18.02 0.59 0 36.55 19.16 44.23 25.87 8.3 20.75 48.02 
28.24 24.48 18.41 41.2 16.56 30.06 30.28 0 22.07 21.86 56.68 22.15 33.21 48.68 
3.42 7.99 7.8 24.72 18.02 0.59 0 36.55 19.16 44.23 25.87 8.3 20.75 48.02 
Bandera>13
Fitness Greedy Costo>267.06
15.86 25.15 6.51 42.74 7.84 19.73 18.04 21.98 0 29.23 43.97 9.38 38.25 27 
40.42 43.69 31.43 64.57 27.62 45.05 43.15 17.53 21.83 0 71.55 34.11 55.17 48.78 
28.24 24.48 18.41 41.2 16.56 30.06 30.28 0 22.07 21.86 56.68 22.15 33.21 48.68 
15.86 25.15 6.51 42.74 7.84 19.73 18.04 21.98 0 29.23 43.97 9.38 38.25 27 
Solucion Greedy Costo>6 5 2 11 0 1 12 3 10 0 4 8 7 9 0 14 0 13 0 0 0 0 0 0 0 0 0 
Linea Vacia>
24.35 28.68 32.95 10.21 43.06 21.77 20.11 63.91 44.85 72.19 0 32.59 22.13 58.52 
7.34 15.15 4.4 33.58 13.95 11.28 9.53 31.63 14.92 38.69 34.36 0 29.77 37.27 
Matriz de Costos>
0 9.03 9.75 27.16 19.86 4.01 3.44 37.19 20.94 45.42 25.48 9.94 23.24 45.16 
29.65 22.86 35.14 3.52 41.6 24.03 22.38 43.62 47.51 67.97 20.02 35.38 0 78.79 
37.01 47.39 28.24 67.55 29.14 41.72 39.79 43.32 18.46 44.16 57.53 30.98 63.42 0 
40.42 43.69 31.43 64.57 27.62 45.05 43.15 17.53 21.83 0 71.55 34.11 55.17 48.78 
24.35 28.68 32.95 10.21 43.06 21.77 20.11 63.91 44.85 72.19 0 32.59 22.13 58.52 
9.93 0 17.61 23.75 21.49 5.3 8.16 28.25 28.49 48.12 32.01 17.4 16.53 58.52 
9.78 17.54 0 35.85 4.94 13.7 11.97 23.34 5.95 30.63 36.93 4.31 32.08 33.81 
7.34 15.15 4.4 33.58 13.95 11.28 9.53 31.63 14.92 38.69 34.36 0 29.77 37.27 
30.06 22.53 35.53 0 41.29 24.45 22.8 51.26 47.93 70.57 13.66 35.77 7.87 73.43 
17.01 18.91 6.69 38.57 0 21.98 20.5 16.57 6.47 29.74 46.19 10.61 35.65 34.43 
29.65 22.86 35.14 3.52 41.6 24.03 22.38 43.62 47.51 67.97 20.02 35.38 0 78.79 
4.56 9.8 6.05 30.07 16.34 0 7.42 35 17.49 42.34 32.52 6.56 27.04 46.17 
3.42 7.99 7.8 24.72 18.02 0.59 0 36.55 19.16 44.23 25.87 8.3 20.75 48.02 
37.01 47.39 28.24 67.55 29.14 41.72 39.79 43.32 18.46 44.16 57.53 30.98 63.42 0 
28.24 24.48 18.41 41.2 16.56 30.06 30.28 0 22.07 21.86 56.68 22.15 33.21 48.68 
15.86 25.15 6.51 42.74 7.84 19.73 18.04 21.98 0 29.23 43.97 9.38 38.25 27 
Matriz de Costos>
0 9.03 9.75 27.16 19.86 4.01 3.44 37.19 20.94 45.42 25.48 9.94 23.24 45.16 
40.42 43.69 31.43 64.57 27.62 45.05 43.15 17.53 21.83 0 71.55 34.11 55.17 48.78 
24.35 28.68 32.95 10.21 43.06 21.77 20.11 63.91 44.85 72.19 0 32.59 22.13 58.52 
9.93 0 17.61 23.75 21.49 5.3 8.16 28.25 28.49 48.12 32.01 17.4 16.53 58.52 
7.34 15.15 4.4 33.58 13.95 11.28 9.53 31.63 14.92 38.69 34.36 0 29.77 37.27 
9.78 17.54 0 35.85 4.94 13.7 11.97 23.34 5.95 30.63 36.93 4.31 32.08 33.81 
30.06 22.53 35.53 0 41.29 24.45 22.8 51.26 47.93 70.57 13.66 35.77 7.87 73.43 
29.65 22.86 35.14 3.52 41.6 24.03 22.38 43.62 47.51 67.97 20.02 35.38 0 78.79 
37.01 47.39 28.24 67.55 29.14 41.72 39.79 43.32 18.46 44.16 57.53 30.98 63.42 0 
17.01 18.91 6.69 38.57 0 21.98 20.5 16.57 6.47 29.74 46.19 10.61 35.65 34.43 
4.56 9.8 6.05 30.07 16.34 0 7.42 35 17.49 42.34 32.52 6.56 27.04 46.17 
3.42 7.99 7.8 24.72 18.02 0.59 0 36.55 19.16 44.23 25.87 8.3 20.75 48.02 
28.24 24.48 18.41 41.2 16.56 30.06 30.28 0 22.07 21.86 56.68 22.15 33.21 48.68 
15.86 25.15 6.51 42.74 7.84 19.73 18.04 21.98 0 29.23 43.97 9.38 38.25 27 
40.42 43.69 31.43 64.57 27.62 45.05 43.15 17.53 21.83 0 71.55 34.11 55.17 48.78 
24.35 28.68 32.95 10.21 43.06 21.77 20.11 63.91 44.85 72.19 0 32.59 22.13 58.52 
7.34 15.15 4.4 33.58 13.95 11.28 9.53 31.63 14.92 38.69 34.36 0 29.77 37.27 
29.65 22.86 35.14 3.52 41.6 24.03 22.38 43.62 47.51 67.97 20.02 35.38 0 78.79 
37.01 47.39 28.24 67.55 29.14 41.72 39.79 43.32 18.46 44.16 57.53 30.98 63.42 0 
Dimension>27
Bandera>13
Fitness Greedy Costo>267.06
Solucion Greedy Costo>6 5 2 11 0 1 12 3 10 0 4 8 7 9 0 14 0 13 0 0 0 0 0 0 0 0 0 
Linea Vacia>
Matriz de Costos>
0 9.03 9.75 27.16 19.86 4.01 3.44 37.19 20.94 45.42 25.48 9.94 23.24 45.16 
9.93 0 17.61 23.75 21.49 5.3 8.16 28.25 28.49 48.12 32.01 17.4 16.53 58.52 
9.78 17.54 0 35.85 4.94 13.7 11.97 23.34 5.95 30.63 36.93 4.31 32.08 33.81 
30.06 22.53 35.53 0 41.29 24.45 22.8 51.26 47.93 70.57 13.66 35.77 7.87 73.43 
Dimension>27
17.01 18.91 6.69 38.57 0 21.98 20.5 16.57 6.47 29.74 46.19 10.61 35.65 34.43 
4.56 9.8 6.05 30.07 16.34 0 7.42 35 17.49 42.34 32.52 6.56 27.04 46.17 
3.42 7.99 7.8 24.72 18.02 0.59 0 36.55 19.16 44.23 25.87 8.3 20.75 48.02 
28.24 24.48 18.41 41.2 16.56 30.06 30.28 0 22.07 21.86 56.68 22.15 33.21 48.68 
Bandera>13
Fitness Greedy Costo>267.06
Solucion Greedy Costo>6 5 2 11 0 1 12 3 10 0 4 8 7 9 0 14 0 13 0 0 0 0 0 0 0 0 0 
Linea Vacia>
15.86 25.15 6.51 42.74 7.84 19.73 18.04 21.98 0 29.23 43.97 9.38 38.25 27 
40.42 43.69 31.43 64.57 27.62 45.05 43.15 17.53 21.83 0 71.55 34.11 55.17 48.78 
24.35 28.68 32.95 10.21 43.06 21.77 20.11 63.91 44.85 72.19 0 32.59 22.13 58.52 
7.34 15.15 4.4 33.58 13.95 11.28 9.53 31.63 14.92 38.69 34.36 0 29.77 37.27 
29.65 22.86 35.14 3.52 41.6 24.03 22.38 43.62 47.51 67.97 20.02 35.38 0 78.79 
37.01 47.39 28.24 67.55 29.14 41.72 39.79 43.32 18.46 44.16 57.53 30.98 63.42 0 
Dimension>27
Matriz de Costos>
0 9.03 9.75 27.16 19.86 4.01 3.44 37.19 20.94 45.42 25.48 9.94 23.24 45.16 
9.93 0 17.61 23.75 21.49 5.3 8.16 28.25 28.49 48.12 32.01 17.4 16.53 58.52 
9.78 17.54 0 35.85 4.94 13.7 11.97 23.34 5.95 30.63 36.93 4.31 32.08 33.81 
Bandera>13
30.06 22.53 35.53 0 41.29 24.45 22.8 51.26 47.93 70.57 13.66 35.77 7.87 73.43 
Fitness Greedy Costo>267.06
Solucion Greedy Costo>6 5 2 11 0 1 12 3 10 0 4 8 7 9 0 14 0 13 0 0 0 0 0 0 0 0 0 
17.01 18.91 6.69 38.57 0 21.98 20.5 16.57 6.47 29.74 46.19 10.61 35.65 34.43 
4.56 9.8 6.05 30.07 16.34 0 7.42 35 17.49 42.34 32.52 6.56 27.04 46.17 
Linea Vacia>
Dimension>27
3.42 7.99 7.8 24.72 18.02 0.59 0 36.55 19.16 44.23 25.87 8.3 20.75 48.02 
Bandera>13
Fitness Greedy Costo>267.06
Solucion Greedy Costo>6 5 2 11 0 1 12 3 10 0 4 8 7 9 0 14 0 13 0 0 0 0 0 0 0 0 0 
Linea Vacia>
28.24 24.48 18.41 41.2 16.56 30.06 30.28 0 22.07 21.86 56.68 22.15 33.21 48.68 
15.86 25.15 6.51 42.74 7.84 19.73 18.04 21.98 0 29.23 43.97 9.38 38.25 27 
40.42 43.69 31.43 64.57 27.62 45.05 43.15 17.53 21.83 0 71.55 34.11 55.17 48.78 
24.35 28.68 32.95 10.21 43.06 21.77 20.11 63.91 44.85 72.19 0 32.59 22.13 58.52 
7.34 15.15 4.4 33.58 13.95 11.28 9.53 31.63 14.92 38.69 34.36 0 29.77 37.27 
Matriz de Costos>
29.65 22.86 35.14 3.52 41.6 24.03 22.38 43.62 47.51 67.97 20.02 35.38 0 78.79 
0 9.03 9.75 27.16 19.86 4.01 3.44 37.19 20.94 45.42 25.48 9.94 23.24 45.16 
Dimension>27
37.01 47.39 28.24 67.55 29.14 41.72 39.79 43.32 18.46 44.16 57.53 30.98 63.42 0 
9.93 0 17.61 23.75 21.49 5.3 8.16 28.25 28.49 48.12 32.01 17.4 16.53 58.52 
9.78 17.54 0 35.85 4.94 13.7 11.97 23.34 5.95 30.63 36.93 4.31 32.08 33.81 
Dimension>27
Matriz de Costos>
0 9.03 9.75 27.16 19.86 4.01 3.44 37.19 20.94 45.42 25.48 9.94 23.24 45.16 
Bandera>13
Fitness Greedy Costo>267.06
Solucion Greedy Costo>6 5 2 11 0 1 12 3 10 0 4 8 7 9 0 14 0 13 0 0 0 0 0 0 0 0 0 
Linea Vacia>
30.06 22.53 35.53 0 41.29 24.45 22.8 51.26 47.93 70.57 13.66 35.77 7.87 73.43 
17.01 18.91 6.69 38.57 0 21.98 20.5 16.57 6.47 29.74 46.19 10.61 35.65 34.43 
4.56 9.8 6.05 30.07 16.34 0 7.42 35 17.49 42.34 32.52 6.56 27.04 46.17 
9.93 0 17.61 23.75 21.49 5.3 8.16 28.25 28.49 48.12 32.01 17.4 16.53 58.52 
9.78 17.54 0 35.85 4.94 13.7 11.97 23.34 5.95 30.63 36.93 4.31 32.08 33.81 
Dimension>27
Bandera>13
Fitness Greedy Costo>267.06
3.42 7.99 7.8 24.72 18.02 0.59 0 36.55 19.16 44.23 25.87 8.3 20.75 48.02 
Bandera>13
Fitness Greedy Costo>267.06
Solucion Greedy Costo>6 5 2 11 0 1 12 3 10 0 4 8 7 9 0 14 0 13 0 0 0 0 0 0 0 0 0 
30.06 22.53 35.53 0 41.29 24.45 22.8 51.26 47.93 70.57 13.66 35.77 7.87 73.43 
17.01 18.91 6.69 38.57 0 21.98 20.5 16.57 6.47 29.74 46.19 10.61 35.65 34.43 
Solucion Greedy Costo>6 5 2 11 0 1 12 3 10 0 4 8 7 9 0 14 0 13 0 0 0 0 0 0 0 0 0 
Linea Vacia>
28.24 24.48 18.41 41.2 16.56 30.06 30.28 0 22.07 21.86 56.68 22.15 33.21 48.68 
15.86 25.15 6.51 42.74 7.84 19.73 18.04 21.98 0 29.23 43.97 9.38 38.25 27 
Linea Vacia>
4.56 9.8 6.05 30.07 16.34 0 7.42 35 17.49 42.34 32.52 6.56 27.04 46.17 
3.42 7.99 7.8 24.72 18.02 0.59 0 36.55 19.16 44.23 25.87 8.3 20.75 48.02 
40.42 43.69 31.43 64.57 27.62 45.05 43.15 17.53 21.83 0 71.55 34.11 55.17 48.78 
24.35 28.68 32.95 10.21 43.06 21.77 20.11 63.91 44.85 72.19 0 32.59 22.13 58.52 
28.24 24.48 18.41 41.2 16.56 30.06 30.28 0 22.07 21.86 56.68 22.15 33.21 48.68 
15.86 25.15 6.51 42.74 7.84 19.73 18.04 21.98 0 29.23 43.97 9.38 38.25 27 
Matriz de Costos>
0 9.03 9.75 27.16 19.86 4.01 3.44 37.19 20.94 45.42 25.48 9.94 23.24 45.16 
7.34 15.15 4.4 33.58 13.95 11.28 9.53 31.63 14.92 38.69 34.36 0 29.77 37.27 
Matriz de Costos>
0 9.03 9.75 27.16 19.86 4.01 3.44 37.19 20.94 45.42 25.48 9.94 23.24 45.16 
9.93 0 17.61 23.75 21.49 5.3 8.16 28.25 28.49 48.12 32.01 17.4 16.53 58.52 
29.65 22.86 35.14 3.52 41.6 24.03 22.38 43.62 47.51 67.97 20.02 35.38 0 78.79 
40.42 43.69 31.43 64.57 27.62 45.05 43.15 17.53 21.83 0 71.55 34.11 55.17 48.78 
24.35 28.68 32.95 10.21 43.06 21.77 20.11 63.91 44.85 72.19 0 32.59 22.13 58.52 
9.78 17.54 0 35.85 4.94 13.7 11.97 23.34 5.95 30.63 36.93 4.31 32.08 33.81 
30.06 22.53 35.53 0 41.29 24.45 22.8 51.26 47.93 70.57 13.66 35.77 7.87 73.43 
9.93 0 17.61 23.75 21.49 5.3 8.16 28.25 28.49 48.12 32.01 17.4 16.53 58.52 
9.78 17.54 0 35.85 4.94 13.7 11.97 23.34 5.95 30.63 36.93 4.31 32.08 33.81 
30.06 22.53 35.53 0 41.29 24.45 22.8 51.26 47.93 70.57 13.66 35.77 7.87 73.43 
37.01 47.39 28.24 67.55 29.14 41.72 39.79 43.32 18.46 44.16 57.53 30.98 63.42 0 
Matriz de Costos>
Dimension>27
7.34 15.15 4.4 33.58 13.95 11.28 9.53 31.63 14.92 38.69 34.36 0 29.77 37.27 
29.65 22.86 35.14 3.52 41.6 24.03 22.38 43.62 47.51 67.97 20.02 35.38 0 78.79 
17.01 18.91 6.69 38.57 0 21.98 20.5 16.57 6.47 29.74 46.19 10.61 35.65 34.43 
4.56 9.8 6.05 30.07 16.34 0 7.42 35 17.49 42.34 32.52 6.56 27.04 46.17 
3.42 7.99 7.8 24.72 18.02 0.59 0 36.55 19.16 44.23 25.87 8.3 20.75 48.02 
0 9.03 9.75 27.16 19.86 4.01 3.44 37.19 20.94 45.42 25.48 9.94 23.24 45.16 
9.93 0 17.61 23.75 21.49 5.3 8.16 28.25 28.49 48.12 32.01 17.4 16.53 58.52 
17.01 18.91 6.69 38.57 0 21.98 20.5 16.57 6.47 29.74 46.19 10.61 35.65 34.43 
4.56 9.8 6.05 30.07 16.34 0 7.42 35 17.49 42.34 32.52 6.56 27.04 46.17 
Bandera>13
Fitness Greedy Costo>267.06
37.01 47.39 28.24 67.55 29.14 41.72 39.79 43.32 18.46 44.16 57.53 30.98 63.42 0 
28.24 24.48 18.41 41.2 16.56 30.06 30.28 0 22.07 21.86 56.68 22.15 33.21 48.68 
15.86 25.15 6.51 42.74 7.84 19.73 18.04 21.98 0 29.23 43.97 9.38 38.25 27 
40.42 43.69 31.43 64.57 27.62 45.05 43.15 17.53 21.83 0 71.55 34.11 55.17 48.78 
3.42 7.99 7.8 24.72 18.02 0.59 0 36.55 19.16 44.23 25.87 8.3 20.75 48.02 
28.24 24.48 18.41 41.2 16.56 30.06 30.28 0 22.07 21.86 56.68 22.15 33.21 48.68 
9.78 17.54 0 35.85 4.94 13.7 11.97 23.34 5.95 30.63 36.93 4.31 32.08 33.81 
30.06 22.53 35.53 0 41.29 24.45 22.8 51.26 47.93 70.57 13.66 35.77 7.87 73.43 
Solucion Greedy Costo>6 5 2 11 0 1 12 3 10 0 4 8 7 9 0 14 0 13 0 0 0 0 0 0 0 0 0 
Linea Vacia>
17.01 18.91 6.69 38.57 0 21.98 20.5 16.57 6.47 29.74 46.19 10.61 35.65 34.43 
24.35 28.68 32.95 10.21 43.06 21.77 20.11 63.91 44.85 72.19 0 32.59 22.13 58.52 
7.34 15.15 4.4 33.58 13.95 11.28 9.53 31.63 14.92 38.69 34.36 0 29.77 37.27 
29.65 22.86 35.14 3.52 41.6 24.03 22.38 43.62 47.51 67.97 20.02 35.38 0 78.79 
37.01 47.39 28.24 67.55 29.14 41.72 39.79 43.32 18.46 44.16 57.53 30.98 63.42 0 
15.86 25.15 6.51 42.74 7.84 19.73 18.04 21.98 0 29.23 43.97 9.38 38.25 27 
40.42 43.69 31.43 64.57 27.62 45.05 43.15 17.53 21.83 0 71.55 34.11 55.17 48.78 
4.56 9.8 6.05 30.07 16.34 0 7.42 35 17.49 42.34 32.52 6.56 27.04 46.17 
3.42 7.99 7.8 24.72 18.02 0.59 0 36.55 19.16 44.23 25.87 8.3 20.75 48.02 
24.35 28.68 32.95 10.21 43.06 21.77 20.11 63.91 44.85 72.19 0 32.59 22.13 58.52 
7.34 15.15 4.4 33.58 13.95 11.28 9.53 31.63 14.92 38.69 34.36 0 29.77 37.27 
Dimension>27
Bandera>13
28.24 24.48 18.41 41.2 16.56 30.06 30.28 0 22.07 21.86 56.68 22.15 33.21 48.68 
15.86 25.15 6.51 42.74 7.84 19.73 18.04 21.98 0 29.23 43.97 9.38 38.25 27 
Dimension>27
29.65 22.86 35.14 3.52 41.6 24.03 22.38 43.62 47.51 67.97 20.02 35.38 0 78.79 
37.01 47.39 28.24 67.55 29.14 41.72 39.79 43.32 18.46 44.16 57.53 30.98 63.42 0 
Fitness Greedy Costo>267.06
Solucion Greedy Costo>6 5 2 11 0 1 12 3 10 0 4 8 7 9 0 14 0 13 0 0 0 0 0 0 0 0 0 
Linea Vacia>
40.42 43.69 31.43 64.57 27.62 45.05 43.15 17.53 21.83 0 71.55 34.11 55.17 48.78 
Matriz de Costos>
0 9.03 9.75 27.16 19.86 4.01 3.44 37.19 20.94 45.42 25.48 9.94 23.24 45.16 
Bandera>13
Fitness Greedy Costo>267.06
24.35 28.68 32.95 10.21 43.06 21.77 20.11 63.91 44.85 72.19 0 32.59 22.13 58.52 
7.34 15.15 4.4 33.58 13.95 11.28 9.53 31.63 14.92 38.69 34.36 0 29.77 37.27 
Solucion Greedy Costo>6 5 2 11 0 1 12 3 10 0 4 8 7 9 0 14 0 13 0 0 0 0 0 0 0 0 0 
Linea Vacia>
29.65 22.86 35.14 3.52 41.6 24.03 22.38 43.62 47.51 67.97 20.02 35.38 0 78.79 
9.93 0 17.61 23.75 21.49 5.3 8.16 28.25 28.49 48.12 32.01 17.4 16.53 58.52 
9.78 17.54 0 35.85 4.94 13.7 11.97 23.34 5.95 30.63 36.93 4.31 32.08 33.81 
37.01 47.39 28.24 67.55 29.14 41.72 39.79 43.32 18.46 44.16 57.53 30.98 63.42 0 
30.06 22.53 35.53 0 41.29 24.45 22.8 51.26 47.93 70.57 13.66 35.77 7.87 73.43 
17.01 18.91 6.69 38.57 0 21.98 20.5 16.57 6.47 29.74 46.19 10.61 35.65 34.43 
Matriz de Costos>
0 9.03 9.75 27.16 19.86 4.01 3.44 37.19 20.94 45.42 25.48 9.94 23.24 45.16 
Dimension>27
4.56 9.8 6.05 30.07 16.34 0 7.42 35 17.49 42.34 32.52 6.56 27.04 46.17 
3.42 7.99 7.8 24.72 18.02 0.59 0 36.55 19.16 44.23 25.87 8.3 20.75 48.02 
28.24 24.48 18.41 41.2 16.56 30.06 30.28 0 22.07 21.86 56.68 22.15 33.21 48.68 
9.93 0 17.61 23.75 21.49 5.3 8.16 28.25 28.49 48.12 32.01 17.4 16.53 58.52 
9.78 17.54 0 35.85 4.94 13.7 11.97 23.34 5.95 30.63 36.93 4.31 32.08 33.81 
30.06 22.53 35.53 0 41.29 24.45 22.8 51.26 47.93 70.57 13.66 35.77 7.87 73.43 
17.01 18.91 6.69 38.57 0 21.98 20.5 16.57 6.47 29.74 46.19 10.61 35.65 34.43 
Bandera>13
Fitness Greedy Costo>267.06
Solucion Greedy Costo>6 5 2 11 0 1 12 3 10 0 4 8 7 9 0 14 0 13 0 0 0 0 0 0 0 0 0 
Linea Vacia>
15.86 25.15 6.51 42.74 7.84 19.73 18.04 21.98 0 29.23 43.97 9.38 38.25 27 
40.42 43.69 31.43 64.57 27.62 45.05 43.15 17.53 21.83 0 71.55 34.11 55.17 48.78 
24.35 28.68 32.95 10.21 43.06 21.77 20.11 63.91 44.85 72.19 0 32.59 22.13 58.52 
Matriz de Costos>
0 9.03 9.75 27.16 19.86 4.01 3.44 37.19 20.94 45.42 25.48 9.94 23.24 45.16 
9.93 0 17.61 23.75 21.49 5.3 8.16 28.25 28.49 48.12 32.01 17.4 16.53 58.52 
9.78 17.54 0 35.85 4.94 13.7 11.97 23.34 5.95 30.63 36.93 4.31 32.08 33.81 
30.06 22.53 35.53 0 41.29 24.45 22.8 51.26 47.93 70.57 13.66 35.77 7.87 73.43 
4.56 9.8 6.05 30.07 16.34 0 7.42 35 17.49 42.34 32.52 6.56 27.04 46.17 
3.42 7.99 7.8 24.72 18.02 0.59 0 36.55 19.16 44.23 25.87 8.3 20.75 48.02 
28.24 24.48 18.41 41.2 16.56 30.06 30.28 0 22.07 21.86 56.68 22.15 33.21 48.68 
15.86 25.15 6.51 42.74 7.84 19.73 18.04 21.98 0 29.23 43.97 9.38 38.25 27 
40.42 43.69 31.43 64.57 27.62 45.05 43.15 17.53 21.83 0 71.55 34.11 55.17 48.78 
24.35 28.68 32.95 10.21 43.06 21.77 20.11 63.91 44.85 72.19 0 32.59 22.13 58.52 
Matriz de Costos>
0 9.03 9.75 27.16 19.86 4.01 3.44 37.19 20.94 45.42 25.48 9.94 23.24 45.16 
7.34 15.15 4.4 33.58 13.95 11.28 9.53 31.63 14.92 38.69 34.36 0 29.77 37.27 
29.65 22.86 35.14 3.52 41.6 24.03 22.38 43.62 47.51 67.97 20.02 35.38 0 78.79 
37.01 47.39 28.24 67.55 29.14 41.72 39.79 43.32 18.46 44.16 57.53 30.98 63.42 0 
17.01 18.91 6.69 38.57 0 21.98 20.5 16.57 6.47 29.74 46.19 10.61 35.65 34.43 
4.56 9.8 6.05 30.07 16.34 0 7.42 35 17.49 42.34 32.52 6.56 27.04 46.17 
3.42 7.99 7.8 24.72 18.02 0.59 0 36.55 19.16 44.23 25.87 8.3 20.75 48.02 
7.34 15.15 4.4 33.58 13.95 11.28 9.53 31.63 14.92 38.69 34.36 0 29.77 37.27 
29.65 22.86 35.14 3.52 41.6 24.03 22.38 43.62 47.51 67.97 20.02 35.38 0 78.79 
37.01 47.39 28.24 67.55 29.14 41.72 39.79 43.32 18.46 44.16 57.53 30.98 63.42 0 
28.24 24.48 18.41 41.2 16.56 30.06 30.28 0 22.07 21.86 56.68 22.15 33.21 48.68 
15.86 25.15 6.51 42.74 7.84 19.73 18.04 21.98 0 29.23 43.97 9.38 38.25 27 
9.93 0 17.61 23.75 21.49 5.3 8.16 28.25 28.49 48.12 32.01 17.4 16.53 58.52 
9.78 17.54 0 35.85 4.94 13.7 11.97 23.34 5.95 30.63 36.93 4.31 32.08 33.81 
30.06 22.53 35.53 0 41.29 24.45 22.8 51.26 47.93 70.57 13.66 35.77 7.87 73.43 
17.01 18.91 6.69 38.57 0 21.98 20.5 16.57 6.47 29.74 46.19 10.61 35.65 34.43 
4.56 9.8 6.05 30.07 16.34 0 7.42 35 17.49 42.34 32.52 6.56 27.04 46.17 
3.42 7.99 7.8 24.72 18.02 0.59 0 36.55 19.16 44.23 25.87 8.3 20.75 48.02 
28.24 24.48 18.41 41.2 16.56 30.06 30.28 0 22.07 21.86 56.68 22.15 33.21 48.68 
Dimension>27
40.42 43.69 31.43 64.57 27.62 45.05 43.15 17.53 21.83 0 71.55 34.11 55.17 48.78 
24.35 28.68 32.95 10.21 43.06 21.77 20.11 63.91 44.85 72.19 0 32.59 22.13 58.52 
7.34 15.15 4.4 33.58 13.95 11.28 9.53 31.63 14.92 38.69 34.36 0 29.77 37.27 
Dimension>27
Bandera>13
Fitness Greedy Costo>267.06
Dimension>27
Bandera>13
Fitness Greedy Costo>267.06
Solucion Greedy Costo>6 5 2 11 0 1 12 3 10 0 4 8 7 9 0 14 0 13 0 0 0 0 0 0 0 0 0 
Linea Vacia>
29.65 22.86 35.14 3.52 41.6 24.03 22.38 43.62 47.51 67.97 20.02 35.38 0 78.79 
37.01 47.39 28.24 67.55 29.14 41.72 39.79 43.32 18.46 44.16 57.53 30.98 63.42 0 
15.86 25.15 6.51 42.74 7.84 19.73 18.04 21.98 0 29.23 43.97 9.38 38.25 27 
40.42 43.69 31.43 64.57 27.62 45.05 43.15 17.53 21.83 0 71.55 34.11 55.17 48.78 
24.35 28.68 32.95 10.21 43.06 21.77 20.11 63.91 44.85 72.19 0 32.59 22.13 58.52 
7.34 15.15 4.4 33.58 13.95 11.28 9.53 31.63 14.92 38.69 34.36 0 29.77 37.27 
29.65 22.86 35.14 3.52 41.6 24.03 22.38 43.62 47.51 67.97 20.02 35.38 0 78.79 
37.01 47.39 28.24 67.55 29.14 41.72 39.79 43.32 18.46 44.16 57.53 30.98 63.42 0 
Solucion Greedy Costo>6 5 2 11 0 1 12 3 10 0 4 8 7 9 0 14 0 13 0 0 0 0 0 0 0 0 0 
Linea Vacia>
Bandera>13
Fitness Greedy Costo>267.06
Solucion Greedy Costo>6 5 2 11 0 1 12 3 10 0 4 8 7 9 0 14 0 13 0 0 0 0 0 0 0 0 0 
Linea Vacia>
Dimension>27
Bandera>13
Fitness Greedy Costo>267.06
Solucion Greedy Costo>6 5 2 11 0 1 12 3 10 0 4 8 7 9 0 14 0 13 0 0 0 0 0 0 0 0 0 
Linea Vacia>
Dimension>27
Bandera>13
Fitness Greedy Costo>267.06
Solucion Greedy Costo>6 5 2 11 0 1 12 3 10 0 4 8 7 9 0 14 0 13 0 0 0 0 0 0 0 0 0 
Linea Vacia>
Matriz de Costos>
0 9.03 9.75 27.16 19.86 4.01 3.44 37.19 20.94 45.42 25.48 9.94 23.24 45.16 
9.93 0 17.61 23.75 21.49 5.3 8.16 28.25 28.49 48.12 32.01 17.4 16.53 58.52 
9.78 17.54 0 35.85 4.94 13.7 11.97 23.34 5.95 30.63 36.93 4.31 32.08 33.81 
30.06 22.53 35.53 0 41.29 24.45 22.8 51.26 47.93 70.57 13.66 35.77 7.87 73.43 
17.01 18.91 6.69 38.57 0 21.98 20.5 16.57 6.47 29.74 46.19 10.61 35.65 34.43 
Matriz de Costos>
0 9.03 9.75 27.16 19.86 4.01 3.44 37.19 20.94 45.42 25.48 9.94 23.24 45.16 
9.93 0 17.61 23.75 21.49 5.3 8.16 28.25 28.49 48.12 32.01 17.4 16.53 58.52 
9.78 17.54 0 35.85 4.94 13.7 11.97 23.34 5.95 30.63 36.93 4.31 32.08 33.81 
30.06 22.53 35.53 0 41.29 24.45 22.8 51.26 47.93 70.57 13.66 35.77 7.87 73.43 
17.01 18.91 6.69 38.57 0 21.98 20.5 16.57 6.47 29.74 46.19 10.61 35.65 34.43 
4.56 9.8 6.05 30.07 16.34 0 7.42 35 17.49 42.34 32.52 6.56 27.04 46.17 
3.42 7.99 7.8 24.72 18.02 0.59 0 36.55 19.16 44.23 25.87 8.3 20.75 48.02 
28.24 24.48 18.41 41.2 16.56 30.06 30.28 0 22.07 21.86 56.68 22.15 33.21 48.68 
15.86 25.15 6.51 42.74 7.84 19.73 18.04 21.98 0 29.23 43.97 9.38 38.25 27 
4.56 9.8 6.05 30.07 16.34 0 7.42 35 17.49 42.34 32.52 6.56 27.04 46.17 
3.42 7.99 7.8 24.72 18.02 0.59 0 36.55 19.16 44.23 25.87 8.3 20.75 48.02 
28.24 24.48 18.41 41.2 16.56 30.06 30.28 0 22.07 21.86 56.68 22.15 33.21 48.68 
15.86 25.15 6.51 42.74 7.84 19.73 18.04 21.98 0 29.23 43.97 9.38 38.25 27 
40.42 43.69 31.43 64.57 27.62 45.05 43.15 17.53 21.83 0 71.55 34.11 55.17 48.78 
24.35 28.68 32.95 10.21 43.06 21.77 20.11 63.91 44.85 72.19 0 32.59 22.13 58.52 
7.34 15.15 4.4 33.58 13.95 11.28 9.53 31.63 14.92 38.69 34.36 0 29.77 37.27 
29.65 22.86 35.14 3.52 41.6 24.03 22.38 43.62 47.51 67.97 20.02 35.38 0 78.79 
37.01 47.39 28.24 67.55 29.14 41.72 39.79 43.32 18.46 44.16 57.53 30.98 63.42 0 
Dimension>27
Bandera>13
Fitness Greedy Costo>267.06
Solucion Greedy Costo>6 5 2 11 0 1 12 3 10 0 4 8 7 9 0 14 0 13 0 0 0 0 0 0 0 0 0 
Linea Vacia>
Dimension>27
Bandera>13
Fitness Greedy Costo>267.06
Solucion Greedy Costo>6 5 2 11 0 1 12 3 10 0 4 8 7 9 0 14 0 13 0 0 0 0 0 0 0 0 0 
Linea Vacia>
40.42 43.69 31.43 64.57 27.62 45.05 43.15 17.53 21.83 0 71.55 34.11 55.17 48.78 
24.35 28.68 32.95 10.21 43.06 21.77 20.11 63.91 44.85 72.19 0 32.59 22.13 58.52 
7.34 15.15 4.4 33.58 13.95 11.28 9.53 31.63 14.92 38.69 34.36 0 29.77 37.27 
29.65 22.86 35.14 3.52 41.6 24.03 22.38 43.62 47.51 67.97 20.02 35.38 0 78.79 
37.01 47.39 28.24 67.55 29.14 41.72 39.79 43.32 18.46 44.16 57.53 30.98 63.42 0 
Matriz de Costos>
0 9.03 9.75 27.16 19.86 4.01 3.44 37.19 20.94 45.42 25.48 9.94 23.24 45.16 
9.93 0 17.61 23.75 21.49 5.3 8.16 28.25 28.49 48.12 32.01 17.4 16.53 58.52 
9.78 17.54 0 35.85 4.94 13.7 11.97 23.34 5.95 30.63 36.93 4.31 32.08 33.81 
30.06 22.53 35.53 0 41.29 24.45 22.8 51.26 47.93 70.57 13.66 35.77 7.87 73.43 
Matriz de Costos>
0 9.03 9.75 27.16 19.86 4.01 3.44 37.19 20.94 45.42 25.48 9.94 23.24 45.16 
9.93 0 17.61 23.75 21.49 5.3 8.16 28.25 28.49 48.12 32.01 17.4 16.53 58.52 
Matriz de Costos>
0 9.03 9.75 27.16 19.86 4.01 3.44 37.19 20.94 45.42 25.48 9.94 23.24 45.16 
9.93 0 17.61 23.75 21.49 5.3 8.16 28.25 28.49 48.12 32.01 17.4 16.53 58.52 
9.78 17.54 0 35.85 4.94 13.7 11.97 23.34 5.95 30.63 36.93 4.31 32.08 33.81 
30.06 22.53 35.53 0 41.29 24.45 22.8 51.26 47.93 70.57 13.66 35.77 7.87 73.43 
17.01 18.91 6.69 38.57 0 21.98 20.5 16.57 6.47 29.74 46.19 10.61 35.65 34.43 
4.56 9.8 6.05 30.07 16.34 0 7.42 35 17.49 42.34 32.52 6.56 27.04 46.17 
Matriz de Costos>
0 9.03 9.75 27.16 19.86 4.01 3.44 37.19 20.94 45.42 25.48 9.94 23.24 45.16 
9.93 0 17.61 23.75 21.49 5.3 8.16 28.25 28.49 48.12 32.01 17.4 16.53 58.52 
9.78 17.54 0 35.85 4.94 13.7 11.97 23.34 5.95 30.63 36.93 4.31 32.08 33.81 
30.06 22.53 35.53 0 41.29 24.45 22.8 51.26 47.93 70.57 13.66 35.77 7.87 73.43 
17.01 18.91 6.69 38.57 0 21.98 20.5 16.57 6.47 29.74 46.19 10.61 35.65 34.43 
4.56 9.8 6.05 30.07 16.34 0 7.42 35 17.49 42.34 32.52 6.56 27.04 46.17 
3.42 7.99 7.8 24.72 18.02 0.59 0 36.55 19.16 44.23 25.87 8.3 20.75 48.02 
Matriz de Costos>
0 9.03 9.75 27.16 19.86 4.01 3.44 37.19 20.94 45.42 25.48 9.94 23.24 45.16 
9.93 0 17.61 23.75 21.49 5.3 8.16 28.25 28.49 48.12 32.01 17.4 16.53 58.52 
9.78 17.54 0 35.85 4.94 13.7 11.97 23.34 5.95 30.63 36.93 4.31 32.08 33.81 
30.06 22.53 35.53 0 41.29 24.45 22.8 51.26 47.93 70.57 13.66 35.77 7.87 73.43 
17.01 18.91 6.69 38.57 0 21.98 20.5 16.57 6.47 29.74 46.19 10.61 35.65 34.43 
4.56 9.8 6.05 30.07 16.34 0 7.42 35 17.49 42.34 32.52 6.56 27.04 46.17 
3.42 7.99 7.8 24.72 18.02 0.59 0 36.55 19.16 44.23 25.87 8.3 20.75 48.02 
28.24 24.48 18.41 41.2 16.56 30.06 30.28 0 22.07 21.86 56.68 22.15 33.21 48.68 
15.86 25.15 6.51 42.74 7.84 19.73 18.04 21.98 0 29.23 43.97 9.38 38.25 27 
40.42 43.69 31.43 64.57 27.62 45.05 43.15 17.53 21.83 0 71.55 34.11 55.17 48.78 
17.01 18.91 6.69 38.57 0 21.98 20.5 16.57 6.47 29.74 46.19 10.61 35.65 34.43 
4.56 9.8 6.05 30.07 16.34 0 7.42 35 17.49 42.34 32.52 6.56 27.04 46.17 
3.42 7.99 7.8 24.72 18.02 0.59 0 36.55 19.16 44.23 25.87 8.3 20.75 48.02 
9.78 17.54 0 35.85 4.94 13.7 11.97 23.34 5.95 30.63 36.93 4.31 32.08 33.81 
30.06 22.53 35.53 0 41.29 24.45 22.8 51.26 47.93 70.57 13.66 35.77 7.87 73.43 
17.01 18.91 6.69 38.57 0 21.98 20.5 16.57 6.47 29.74 46.19 10.61 35.65 34.43 
3.42 7.99 7.8 24.72 18.02 0.59 0 36.55 19.16 44.23 25.87 8.3 20.75 48.02 
28.24 24.48 18.41 41.2 16.56 30.06 30.28 0 22.07 21.86 56.68 22.15 33.21 48.68 
15.86 25.15 6.51 42.74 7.84 19.73 18.04 21.98 0 29.23 43.97 9.38 38.25 27 
40.42 43.69 31.43 64.57 27.62 45.05 43.15 17.53 21.83 0 71.55 34.11 55.17 48.78 
28.24 24.48 18.41 41.2 16.56 30.06 30.28 0 22.07 21.86 56.68 22.15 33.21 48.68 
15.86 25.15 6.51 42.74 7.84 19.73 18.04 21.98 0 29.23 43.97 9.38 38.25 27 
40.42 43.69 31.43 64.57 27.62 45.05 43.15 17.53 21.83 0 71.55 34.11 55.17 48.78 
24.35 28.68 32.95 10.21 43.06 21.77 20.11 63.91 44.85 72.19 0 32.59 22.13 58.52 
7.34 15.15 4.4 33.58 13.95 11.28 9.53 31.63 14.92 38.69 34.36 0 29.77 37.27 
29.65 22.86 35.14 3.52 41.6 24.03 22.38 43.62 47.51 67.97 20.02 35.38 0 78.79 
24.35 28.68 32.95 10.21 43.06 21.77 20.11 63.91 44.85 72.19 0 32.59 22.13 58.52 
7.34 15.15 4.4 33.58 13.95 11.28 9.53 31.63 14.92 38.69 34.36 0 29.77 37.27 
29.65 22.86 35.14 3.52 41.6 24.03 22.38 43.62 47.51 67.97 20.02 35.38 0 78.79 
37.01 47.39 28.24 67.55 29.14 41.72 39.79 43.32 18.46 44.16 57.53 30.98 63.42 0 
28.24 24.48 18.41 41.2 16.56 30.06 30.28 0 22.07 21.86 56.68 22.15 33.21 48.68 
15.86 25.15 6.51 42.74 7.84 19.73 18.04 21.98 0 29.23 43.97 9.38 38.25 27 
40.42 43.69 31.43 64.57 27.62 45.05 43.15 17.53 21.83 0 71.55 34.11 55.17 48.78 
24.35 28.68 32.95 10.21 43.06 21.77 20.11 63.91 44.85 72.19 0 32.59 22.13 58.52 
4.56 9.8 6.05 30.07 16.34 0 7.42 35 17.49 42.34 32.52 6.56 27.04 46.17 
3.42 7.99 7.8 24.72 18.02 0.59 0 36.55 19.16 44.23 25.87 8.3 20.75 48.02 
28.24 24.48 18.41 41.2 16.56 30.06 30.28 0 22.07 21.86 56.68 22.15 33.21 48.68 
15.86 25.15 6.51 42.74 7.84 19.73 18.04 21.98 0 29.23 43.97 9.38 38.25 27 
24.35 28.68 32.95 10.21 43.06 21.77 20.11 63.91 44.85 72.19 0 32.59 22.13 58.52 
7.34 15.15 4.4 33.58 13.95 11.28 9.53 31.63 14.92 38.69 34.36 0 29.77 37.27 
29.65 22.86 35.14 3.52 41.6 24.03 22.38 43.62 47.51 67.97 20.02 35.38 0 78.79 
37.01 47.39 28.24 67.55 29.14 41.72 39.79 43.32 18.46 44.16 57.53 30.98 63.42 0 
37.01 47.39 28.24 67.55 29.14 41.72 39.79 43.32 18.46 44.16 57.53 30.98 63.42 0 
7.34 15.15 4.4 33.58 13.95 11.28 9.53 31.63 14.92 38.69 34.36 0 29.77 37.27 
29.65 22.86 35.14 3.52 41.6 24.03 22.38 43.62 47.51 67.97 20.02 35.38 0 78.79 
37.01 47.39 28.24 67.55 29.14 41.72 39.79 43.32 18.46 44.16 57.53 30.98 63.42 0 
40.42 43.69 31.43 64.57 27.62 45.05 43.15 17.53 21.83 0 71.55 34.11 55.17 48.78 
24.35 28.68 32.95 10.21 43.06 21.77 20.11 63.91 44.85 72.19 0 32.59 22.13 58.52 
7.34 15.15 4.4 33.58 13.95 11.28 9.53 31.63 14.92 38.69 34.36 0 29.77 37.27 
29.65 22.86 35.14 3.52 41.6 24.03 22.38 43.62 47.51 67.97 20.02 35.38 0 78.79 
37.01 47.39 28.24 67.55 29.14 41.72 39.79 43.32 18.46 44.16 57.53 30.98 63.42 0 
GEN 0 365.810000
GEN 0 402.470000
GEN 0 364.180000
GEN 0 364.520000
GEN 0 413.040000
GEN 0 362.600000
GEN 0 381.710000
TIEMPO 0 365.810000
GEN 0 389.910000
GEN 0 415.360000
TIEMPO 0 374.870000
GEN 0 398.170000
GEN 0 398.590000
TIEMPO 0 381.710000
TIEMPO 0 364.520000
TIEMPO 0 389.910000
TIEMPO 0 364.180000
TIEMPO 0 362.600000
TIEMPO 0 390.590000
TIEMPO 0 386.820000
TIEMPO 0 371.530000
TIEMPO 0 387.950000
GREEDY 0 0.003356
GREEDY 0 0.003403
GREEDY 0 0.003447
GEN 0 429.230000
GEN 0 421.490000
TIEMPO 0 385.170000
GEN 0 388.080000
GEN 0 370.310000
TIEMPO 0 342.540000
TIEMPO 0 370.310000
GREEDY 5 0.004439
GREEDY 5 0.004615
GEN 0 432.550000
TIEMPO 0 432.550000
GREEDY 0 0.005563
GREEDY 0 0.006192
GREEDY 0 0.006367
GREEDY 5 0.006944
GREEDY 10 0.007106
GREEDY 0 0.003798
GREEDY 5 0.008327
GREEDY 0 0.008740
GEN 0 418.530000
GEN 0 383.400000
GREEDY 0 0.005297
TIEMPO 0 383.400000
TIEMPO 0 409.170000
GREEDY 5 0.005761
GREEDY 0 0.004838
GEN 0 382.570000
TIEMPO 0 382.570000
GEN 0 417.300000
GEN 0 352.340000
TIEMPO 0 417.300000
TIEMPO 0 352.340000
GEN 0 421.430000
TIEMPO 0 421.430000
GREEDY 5 0.010661
GREEDY 10 0.010754
GEN 0 380.580000
GEN 0 380.680000
TIEMPO 0 380.580000
GREEDY 10 0.011114
GREEDY 5 0.005982
TIEMPO 0 370.540000
GREEDY 10 0.006079
GREEDY 5 0.011753
GREEDY 5 0.011890
GREEDY 10 0.007991
GREEDY 10 0.012628
TIEMPO 0 420.530000
GREEDY 0 0.004025
GREEDY 0 0.006499
GREEDY 0 0.017315
GREEDY 0 0.007361
GREEDY 0 0.013662
GREEDY 0 0.017534
GREEDY 15 0.018041
GREEDY 0 0.018259
GREEDY 5 0.009674
GREEDY 0 0.011288
GREEDY 5 0.012699
GREEDY 5 0.023185
GREEDY 0 0.015592
GREEDY 10 0.024830
GREEDY 5 0.015818
GREEDY 0 0.015156
GREEDY 5 0.015231
GREEDY 0 0.020023
GREEDY 5 0.019155
GREEDY 0 0.029770
GREEDY 10 0.030372
GREEDY 5 0.026305
GREEDY 5 0.030533
GREEDY 10 0.030660
GREEDY 15 0.026714
GREEDY 10 0.031584
GREEDY 15 0.038056
GREEDY 5 0.042460
GREEDY 5 0.033952
GREEDY 0 0.039413
GREEDY 10 0.033950
GREEDY 5 0.034096
GREEDY 5 0.041693
GREEDY 10 0.041839
GREEDY 0 0.047470
GREEDY 10 0.048370
GREEDY 10 0.040322
GREEDY 10 0.038854
GREEDY 5 0.049956
GREEDY 10 0.041055
GREEDY 15 0.051387
GREEDY 15 0.041854
GREEDY 15 0.055253
GREEDY 5 0.055608
GREEDY 10 0.046736
GREEDY 15 0.055481
GREEDY 10 0.067151
GREEDY 10 0.072560
GREEDY 10 0.061874
GREEDY 10 0.074687
GREEDY 15 0.074795
GREEDY 15 0.080817
GREEDY 15 0.081369
GREEDY 15 0.081285
GREEDY 5 0.097786
GREEDY 15 0.094404
GREEDY 10 0.126176
GREEDY 15 0.128454
GREEDY 15 0.145747
GREEDY 15 0.141494
GEN 2500 218.650000
GEN 2500 223.930000
GEN 2500 226.090000
GREEDY 15 0.164372
GREEDY 15 0.164560
GEN 2500 230.470000
GEN 2500 223.570000
GEN 2500 217.040000
GEN 2500 222.900000
GREEDY 10 0.181122
GEN 2500 218.820000
GREEDY 20 0.194255
GREEDY 10 0.196028
GEN 2500 225.360000
GEN 2500 230.650000
GEN 2500 219.450000
GREEDY 15 0.206967
GEN 2500 229.900000
GEN 2500 218.470000
GREEDY 15 0.218908
GEN 2500 237.890000
GEN 2500 211.930000
GEN 2500 226.590000
GREEDY 20 0.230634
GEN 2500 221.190000
GREEDY 15 0.245805
GEN 2500 237.880000
GEN 2500 222.110000
GEN 2500 211.930000
GEN 2500 213.980000
GEN 2500 213.980000
GEN 2500 217.040000
GEN 2500 224.790000
GEN 5000 230.470000
GEN 5000 213.980000
GEN 5000 226.090000
GEN 5000 223.930000
GEN 5000 223.570000
GEN 5000 217.040000
GEN 5000 222.900000
GEN 5000 225.360000
GEN 5000 230.650000
GEN 5000 211.930000
GEN 5000 218.470000
GEN 5000 237.880000
GEN 5000 218.820000
GEN 5000 222.110000
GEN 5000 213.980000
GEN 5000 229.900000
GEN 5000 211.930000
GEN 5000 219.450000
GEN 5000 221.190000
GEN 7500 230.470000
GEN 5000 225.360000
GEN 5000 213.980000
GEN 5000 217.040000
GEN 5000 224.790000
GEN 5000 221.190000
GEN 7500 226.090000
GREEDY 20 0.470135
GEN 7500 213.980000
GEN 7500 223.930000
GEN 7500 223.570000
GEN 7500 217.040000
GEN 7500 222.900000
GEN 7500 225.360000
GEN 7500 230.650000
GEN 7500 211.930000
GEN 7500 211.930000
GEN 7500 218.820000
GEN 7500 237.880000
GEN 7500 219.450000
GEN 7500 229.900000
GEN 7500 222.110000
GEN 7500 213.980000
GEN 10000 230.470000
TIEMPO 0.589956 230.470000
GEN 7500 225.360000
GEN 7500 221.190000
GEN 7500 221.190000
GEN 7500 213.980000
GEN 7500 217.040000
GEN 7500 224.790000
GEN 10000 226.090000
TIEMPO 0.637396 226.090000
GEN 10000 213.980000
TIEMPO 0.645074 213.980000
GEN 10000 225.360000
TIEMPO 0.637051 225.360000
GEN 10000 223.930000
TIEMPO 0.658338 223.930000
GEN 10000 223.570000
TIEMPO 0.660270 223.570000
GEN 10000 217.040000
TIEMPO 0.660226 217.040000
GEN 10000 222.900000
TIEMPO 0.661464 222.900000
GEN 10000 211.930000
TIEMPO 0.683125 211.930000
GEN 10000 218.820000
TIEMPO 0.698398 218.820000
GEN 10000 230.650000
TIEMPO 0.689682 230.650000
GEN 10000 211.930000
TIEMPO 0.702412 211.930000
GEN 10000 219.450000
TIEMPO 0.700570 219.450000
GEN 10000 229.900000
TIEMPO 0.720227 229.900000
GEN 10000 225.360000
TIEMPO 0.726004 225.360000
GEN 10000 237.880000
TIEMPO 0.734956 237.880000
GEN 10000 213.980000
TIEMPO 0.740664 213.980000
GEN 10000 222.110000
TIEMPO 0.747606 222.110000
GEN 10000 213.980000
TIEMPO 0.748390 213.980000
GEN 7500 211.930000
GEN 10000 221.190000
TIEMPO 0.752177 221.190000
GEN 10000 217.040000
TIEMPO 0.781212 217.040000
GEN 10000 213.980000
TIEMPO 0.779646 213.980000
GEN 10000 214.580000
TIEMPO 0.789597 214.580000
TIEMPO 1 211.930000
GEN 10000 211.930000
TIEMPO 1.081710 211.930000

 Current State ---------------------------------------------
Solution:  11 4 7 9 0 12 3 10 14 0 5 2 8 13 0 6 1 0 0 0 0 0 0 0 0 0 0 Fitness: 211.93

 :( ---------------------- THE END --------------- :) 
