Dimension>33
Bandera>10
Fitness Greedy Costo>291.06
Solucion Greedy Costo>6 1 7 2 0 3 4 5 11 0 8 16 9 17 0 10 15 14 13 0 12 0 0 0 0 0 0 0 0 0 0 0 0 
Linea Vacia>
Matriz de Costos>
0 12.46 18.54 16.24 28.52 42.43 7.04 13.49 17.54 31.95 38.65 31.87 47.56 47.97 49.41 45.82 29.57 
12.36 0 7.15 22 35.45 55.27 5.47 2.71 30.2 43.1 50.39 44.62 60.85 61.21 60.48 57.79 40.74 
17.59 7.62 0 27.8 40.33 60.7 10.24 3.98 34.96 46.18 52.6 50.06 65.62 66.03 63.54 59.99 43.82 
16.09 23.42 27.89 0 13.93 32.58 20.35 24.56 26 34.74 43.81 34.36 45.63 49.7 51.86 48.28 34.68 
28.53 35.44 44.24 13.97 0 19.06 36.02 36.57 26.78 29.22 36.43 24.79 33.84 37.93 43.89 40.3 29.16 
41.57 55.08 60.37 32.6 19.58 0 49.47 55.87 31.02 32.15 36.39 16.73 18.31 22.76 32.58 30.79 32.09 
9.2 5.55 11.13 20.13 33.61 51.96 0 6.69 27.17 40.67 47.1 41.45 57.07 57.48 58.06 54.51 38.31 
16.05 6.07 5.17 25.79 39.56 58.8 9.45 0 33.04 44.26 50.69 48.14 63.72 64.13 61.64 58.09 41.9 
17.77 26.75 32.1 25.77 28.53 34.5 23.34 27.55 0 16.26 22.89 23.92 36.61 36.97 33.8 30.22 13.88 
Dimension>33
Bandera>10
Fitness Greedy Costo>291.06
Solucion Greedy Costo>6 1 7 2 0 3 4 5 11 0 8 16 9 17 0 10 15 14 13 0 12 0 0 0 0 0 0 0 0 0 0 0 0 
Linea Vacia>
Matriz de Costos>
0 12.46 18.54 16.24 28.52 42.43 7.04 13.49 17.54 31.95 38.65 31.87 47.56 47.97 49.41 45.82 29.57 
12.36 0 7.15 22 35.45 55.27 5.47 2.71 30.2 43.1 50.39 44.62 60.85 61.21 60.48 57.79 40.74 
17.59 7.62 0 27.8 40.33 60.7 10.24 3.98 34.96 46.18 52.6 50.06 65.62 66.03 63.54 59.99 43.82 
16.09 23.42 27.89 0 13.93 32.58 20.35 24.56 26 34.74 43.81 34.36 45.63 49.7 51.86 48.28 34.68 
28.53 35.44 44.24 13.97 0 19.06 36.02 36.57 26.78 29.22 36.43 24.79 33.84 37.93 43.89 40.3 29.16 
41.57 55.08 60.37 32.6 19.58 0 49.47 55.87 31.02 32.15 36.39 16.73 18.31 22.76 32.58 30.79 32.09 
9.2 5.55 11.13 20.13 33.61 51.96 0 6.69 27.17 40.67 47.1 41.45 57.07 57.48 58.06 54.51 38.31 
16.05 6.07 5.17 25.79 39.56 58.8 9.45 0 33.04 44.26 50.69 48.14 63.72 64.13 61.64 58.09 41.9 
17.77 26.75 32.1 25.77 28.53 34.5 23.34 27.55 0 16.26 22.89 23.92 36.61 36.97 33.8 30.22 13.88 
32.24 42.08 47.4 37.11 33.71 31.02 39.99 42.88 15.51 0 7.26 17.18 24.92 25.25 18.47 14.86 0.09 
37.8 47.49 52.8 42.67 38.27 36.6 45.39 48.28 21.61 7.27 0 21.66 27.88 24.29 16.66 11.02 7.92 
Dimension>33
Bandera>10
Fitness Greedy Costo>291.06
Solucion Greedy Costo>6 1 7 2 0 3 4 5 11 0 8 16 9 17 0 10 15 14 13 0 12 0 0 0 0 0 0 0 0 0 0 0 0 
Linea Vacia>
Matriz de Costos>
0 12.46 18.54 16.24 28.52 42.43 7.04 13.49 17.54 31.95 38.65 31.87 47.56 47.97 49.41 45.82 29.57 
12.36 0 7.15 22 35.45 55.27 5.47 2.71 30.2 43.1 50.39 44.62 60.85 61.21 60.48 57.79 40.74 
17.59 7.62 0 27.8 40.33 60.7 10.24 3.98 34.96 46.18 52.6 50.06 65.62 66.03 63.54 59.99 43.82 
16.09 23.42 27.89 0 13.93 32.58 20.35 24.56 26 34.74 43.81 34.36 45.63 49.7 51.86 48.28 34.68 
28.53 35.44 44.24 13.97 0 19.06 36.02 36.57 26.78 29.22 36.43 24.79 33.84 37.93 43.89 40.3 29.16 
41.57 55.08 60.37 32.6 19.58 0 49.47 55.87 31.02 32.15 36.39 16.73 18.31 22.76 32.58 30.79 32.09 
9.2 5.55 11.13 20.13 33.61 51.96 0 6.69 27.17 40.67 47.1 41.45 57.07 57.48 58.06 54.51 38.31 
16.05 6.07 5.17 25.79 39.56 58.8 9.45 0 33.04 44.26 50.69 48.14 63.72 64.13 61.64 58.09 41.9 
17.77 26.75 32.1 25.77 28.53 34.5 23.34 27.55 0 16.26 22.89 23.92 36.61 36.97 33.8 30.22 13.88 
32.24 42.08 47.4 37.11 33.71 31.02 39.99 42.88 15.51 0 7.26 17.18 24.92 25.25 18.47 14.86 0.09 
37.8 47.49 52.8 42.67 38.27 36.6 45.39 48.28 21.61 7.27 0 21.66 27.88 24.29 16.66 11.02 7.92 
30.38 43.38 49.66 34.04 23.02 17.01 38.32 44.69 19.19 15.33 19.04 0 17.74 19.8 21.26 17.64 15.27 
46.86 60.35 65.63 45.75 32.72 17.16 55.02 61.14 34.62 24.23 27.8 14.68 0 9.64 18.89 21.25 24.17 
48.04 61.53 66.81 50.22 37.21 26.62 55.92 62.32 35.8 25.14 24.07 17.72 9.66 0 9.41 16.81 25.36 
49.57 59.21 64.5 54.42 42.49 34.74 57.13 60 33.45 18.45 17.2 21.53 18.88 9.39 0 10.1 19.08 
45.98 55.65 60.94 50.84 38.89 34.76 53.56 56.44 29.85 14.82 10.92 19.02 21.21 16.87 10.07 0 15.46 
29.77 39.48 44.81 34.64 33.65 30.96 37.38 40.28 13.55 0.09 7.94 17.12 24.86 25.23 19.11 15.5 0 
Dimension>33
Bandera>10
Fitness Greedy Costo>291.06
Solucion Greedy Costo>6 1 7 2 0 3 4 5 11 0 8 16 9 17 0 10 15 14 13 0 12 0 0 0 0 0 0 0 0 0 0 0 0 
Linea Vacia>
Matriz de Costos>
0 12.46 18.54 16.24 28.52 42.43 7.04 13.49 17.54 31.95 38.65 31.87 47.56 47.97 49.41 45.82 29.57 
12.36 0 7.15 22 35.45 55.27 5.47 2.71 30.2 43.1 50.39 44.62 60.85 61.21 60.48 57.79 40.74 
17.59 7.62 0 27.8 40.33 60.7 10.24 3.98 34.96 46.18 52.6 50.06 65.62 66.03 63.54 59.99 43.82 
16.09 23.42 27.89 0 13.93 32.58 20.35 24.56 26 34.74 43.81 34.36 45.63 49.7 51.86 48.28 34.68 
28.53 35.44 44.24 13.97 0 19.06 36.02 36.57 26.78 29.22 36.43 24.79 33.84 37.93 43.89 40.3 29.16 
41.57 55.08 60.37 32.6 19.58 0 49.47 55.87 31.02 32.15 36.39 16.73 18.31 22.76 32.58 30.79 32.09 
9.2 5.55 11.13 20.13 33.61 51.96 0 6.69 27.17 40.67 47.1 41.45 57.07 57.48 58.06 54.51 38.31 
16.05 6.07 5.17 25.79 39.56 58.8 9.45 0 33.04 44.26 50.69 48.14 63.72 64.13 61.64 58.09 41.9 
17.77 26.75 32.1 25.77 28.53 34.5 23.34 27.55 0 16.26 22.89 23.92 36.61 36.97 33.8 30.22 13.88 
32.24 42.08 47.4 37.11 33.71 31.02 39.99 42.88 15.51 0 7.26 17.18 24.92 25.25 18.47 14.86 0.09 
37.8 47.49 52.8 42.67 38.27 36.6 45.39 48.28 21.61 7.27 0 21.66 27.88 24.29 16.66 11.02 7.92 
Dimension>33
Bandera>10
Fitness Greedy Costo>291.06
Solucion Greedy Costo>6 1 7 2 0 3 4 5 11 0 8 16 9 17 0 10 15 14 13 0 12 0 0 0 0 0 0 0 0 0 0 0 0 
Linea Vacia>
Matriz de Costos>
0 12.46 18.54 16.24 28.52 42.43 7.04 13.49 17.54 31.95 38.65 31.87 47.56 47.97 49.41 45.82 29.57 
12.36 0 7.15 22 35.45 55.27 5.47 2.71 30.2 43.1 50.39 44.62 60.85 61.21 60.48 57.79 40.74 
17.59 7.62 0 27.8 40.33 60.7 10.24 3.98 34.96 46.18 52.6 50.06 65.62 66.03 63.54 59.99 43.82 
16.09 23.42 27.89 0 13.93 32.58 20.35 24.56 26 34.74 43.81 34.36 45.63 49.7 51.86 48.28 34.68 
28.53 35.44 44.24 13.97 0 19.06 36.02 36.57 26.78 29.22 36.43 24.79 33.84 37.93 43.89 40.3 29.16 
41.57 55.08 60.37 32.6 19.58 0 49.47 55.87 31.02 32.15 36.39 16.73 18.31 22.76 32.58 30.79 32.09 
9.2 5.55 11.13 20.13 33.61 51.96 0 6.69 27.17 40.67 47.1 41.45 57.07 57.48 58.06 54.51 38.31 
16.05 6.07 5.17 25.79 39.56 58.8 9.45 0 33.04 44.26 50.69 48.14 63.72 64.13 61.64 58.09 41.9 
17.77 26.75 32.1 25.77 28.53 34.5 23.34 27.55 0 16.26 22.89 23.92 36.61 36.97 33.8 30.22 13.88 
32.24 42.08 47.4 37.11 33.71 31.02 39.99 42.88 15.51 0 7.26 17.18 24.92 25.25 18.47 14.86 0.09 
37.8 47.49 52.8 42.67 38.27 36.6 45.39 48.28 21.61 7.27 0 21.66 27.88 24.29 16.66 11.02 7.92 
Dimension>33
Bandera>10
Fitness Greedy Costo>291.06
32.24 42.08 47.4 37.11 33.71 31.02 39.99 42.88 15.51 0 7.26 17.18 24.92 25.25 18.47 14.86 0.09 
37.8 47.49 52.8 42.67 38.27 36.6 45.39 48.28 21.61 7.27 0 21.66 27.88 24.29 16.66 11.02 7.92 
30.38 43.38 49.66 34.04 23.02 17.01 38.32 44.69 19.19 15.33 19.04 0 17.74 19.8 21.26 17.64 15.27 
46.86 60.35 65.63 45.75 32.72 17.16 55.02 61.14 34.62 24.23 27.8 14.68 0 9.64 18.89 21.25 24.17 
30.38 43.38 49.66 34.04 23.02 17.01 38.32 44.69 19.19 15.33 19.04 0 17.74 19.8 21.26 17.64 15.27 
46.86 60.35 65.63 45.75 32.72 17.16 55.02 61.14 34.62 24.23 27.8 14.68 0 9.64 18.89 21.25 24.17 
48.04 61.53 66.81 50.22 37.21 26.62 55.92 62.32 35.8 25.14 24.07 17.72 9.66 0 9.41 16.81 25.36 
30.38 43.38 49.66 34.04 23.02 17.01 38.32 44.69 19.19 15.33 19.04 0 17.74 19.8 21.26 17.64 15.27 
46.86 60.35 65.63 45.75 32.72 17.16 55.02 61.14 34.62 24.23 27.8 14.68 0 9.64 18.89 21.25 24.17 
Solucion Greedy Costo>6 1 7 2 0 3 4 5 11 0 8 16 9 17 0 10 15 14 13 0 12 0 0 0 0 0 0 0 0 0 0 0 0 
Linea Vacia>
Dimension>33
Bandera>10
Fitness Greedy Costo>291.06
Solucion Greedy Costo>6 1 7 2 0 3 4 5 11 0 8 16 9 17 0 10 15 14 13 0 12 0 0 0 0 0 0 0 0 0 0 0 0 
Linea Vacia>
30.38 43.38 49.66 34.04 23.02 17.01 38.32 44.69 19.19 15.33 19.04 0 17.74 19.8 21.26 17.64 15.27 
48.04 61.53 66.81 50.22 37.21 26.62 55.92 62.32 35.8 25.14 24.07 17.72 9.66 0 9.41 16.81 25.36 
49.57 59.21 64.5 54.42 42.49 34.74 57.13 60 33.45 18.45 17.2 21.53 18.88 9.39 0 10.1 19.08 
45.98 55.65 60.94 50.84 38.89 34.76 53.56 56.44 29.85 14.82 10.92 19.02 21.21 16.87 10.07 0 15.46 
46.86 60.35 65.63 45.75 32.72 17.16 55.02 61.14 34.62 24.23 27.8 14.68 0 9.64 18.89 21.25 24.17 
49.57 59.21 64.5 54.42 42.49 34.74 57.13 60 33.45 18.45 17.2 21.53 18.88 9.39 0 10.1 19.08 
29.77 39.48 44.81 34.64 33.65 30.96 37.38 40.28 13.55 0.09 7.94 17.12 24.86 25.23 19.11 15.5 0 
48.04 61.53 66.81 50.22 37.21 26.62 55.92 62.32 35.8 25.14 24.07 17.72 9.66 0 9.41 16.81 25.36 
49.57 59.21 64.5 54.42 42.49 34.74 57.13 60 33.45 18.45 17.2 21.53 18.88 9.39 0 10.1 19.08 
48.04 61.53 66.81 50.22 37.21 26.62 55.92 62.32 35.8 25.14 24.07 17.72 9.66 0 9.41 16.81 25.36 
45.98 55.65 60.94 50.84 38.89 34.76 53.56 56.44 29.85 14.82 10.92 19.02 21.21 16.87 10.07 0 15.46 
45.98 55.65 60.94 50.84 38.89 34.76 53.56 56.44 29.85 14.82 10.92 19.02 21.21 16.87 10.07 0 15.46 
49.57 59.21 64.5 54.42 42.49 34.74 57.13 60 33.45 18.45 17.2 21.53 18.88 9.39 0 10.1 19.08 
29.77 39.48 44.81 34.64 33.65 30.96 37.38 40.28 13.55 0.09 7.94 17.12 24.86 25.23 19.11 15.5 0 
29.77 39.48 44.81 34.64 33.65 30.96 37.38 40.28 13.55 0.09 7.94 17.12 24.86 25.23 19.11 15.5 0 
Matriz de Costos>
0 12.46 18.54 16.24 28.52 42.43 7.04 13.49 17.54 31.95 38.65 31.87 47.56 47.97 49.41 45.82 29.57 
45.98 55.65 60.94 50.84 38.89 34.76 53.56 56.44 29.85 14.82 10.92 19.02 21.21 16.87 10.07 0 15.46 
12.36 0 7.15 22 35.45 55.27 5.47 2.71 30.2 43.1 50.39 44.62 60.85 61.21 60.48 57.79 40.74 
29.77 39.48 44.81 34.64 33.65 30.96 37.38 40.28 13.55 0.09 7.94 17.12 24.86 25.23 19.11 15.5 0 
17.59 7.62 0 27.8 40.33 60.7 10.24 3.98 34.96 46.18 52.6 50.06 65.62 66.03 63.54 59.99 43.82 
16.09 23.42 27.89 0 13.93 32.58 20.35 24.56 26 34.74 43.81 34.36 45.63 49.7 51.86 48.28 34.68 
Matriz de Costos>
28.53 35.44 44.24 13.97 0 19.06 36.02 36.57 26.78 29.22 36.43 24.79 33.84 37.93 43.89 40.3 29.16 
0 12.46 18.54 16.24 28.52 42.43 7.04 13.49 17.54 31.95 38.65 31.87 47.56 47.97 49.41 45.82 29.57 
41.57 55.08 60.37 32.6 19.58 0 49.47 55.87 31.02 32.15 36.39 16.73 18.31 22.76 32.58 30.79 32.09 
9.2 5.55 11.13 20.13 33.61 51.96 0 6.69 27.17 40.67 47.1 41.45 57.07 57.48 58.06 54.51 38.31 
12.36 0 7.15 22 35.45 55.27 5.47 2.71 30.2 43.1 50.39 44.62 60.85 61.21 60.48 57.79 40.74 
16.05 6.07 5.17 25.79 39.56 58.8 9.45 0 33.04 44.26 50.69 48.14 63.72 64.13 61.64 58.09 41.9 
17.59 7.62 0 27.8 40.33 60.7 10.24 3.98 34.96 46.18 52.6 50.06 65.62 66.03 63.54 59.99 43.82 
17.77 26.75 32.1 25.77 28.53 34.5 23.34 27.55 0 16.26 22.89 23.92 36.61 36.97 33.8 30.22 13.88 
32.24 42.08 47.4 37.11 33.71 31.02 39.99 42.88 15.51 0 7.26 17.18 24.92 25.25 18.47 14.86 0.09 
37.8 47.49 52.8 42.67 38.27 36.6 45.39 48.28 21.61 7.27 0 21.66 27.88 24.29 16.66 11.02 7.92 
30.38 43.38 49.66 34.04 23.02 17.01 38.32 44.69 19.19 15.33 19.04 0 17.74 19.8 21.26 17.64 15.27 
16.09 23.42 27.89 0 13.93 32.58 20.35 24.56 26 34.74 43.81 34.36 45.63 49.7 51.86 48.28 34.68 
28.53 35.44 44.24 13.97 0 19.06 36.02 36.57 26.78 29.22 36.43 24.79 33.84 37.93 43.89 40.3 29.16 
41.57 55.08 60.37 32.6 19.58 0 49.47 55.87 31.02 32.15 36.39 16.73 18.31 22.76 32.58 30.79 32.09 
9.2 5.55 11.13 20.13 33.61 51.96 0 6.69 27.17 40.67 47.1 41.45 57.07 57.48 58.06 54.51 38.31 
46.86 60.35 65.63 45.75 32.72 17.16 55.02 61.14 34.62 24.23 27.8 14.68 0 9.64 18.89 21.25 24.17 
48.04 61.53 66.81 50.22 37.21 26.62 55.92 62.32 35.8 25.14 24.07 17.72 9.66 0 9.41 16.81 25.36 
49.57 59.21 64.5 54.42 42.49 34.74 57.13 60 33.45 18.45 17.2 21.53 18.88 9.39 0 10.1 19.08 
16.05 6.07 5.17 25.79 39.56 58.8 9.45 0 33.04 44.26 50.69 48.14 63.72 64.13 61.64 58.09 41.9 
17.77 26.75 32.1 25.77 28.53 34.5 23.34 27.55 0 16.26 22.89 23.92 36.61 36.97 33.8 30.22 13.88 
32.24 42.08 47.4 37.11 33.71 31.02 39.99 42.88 15.51 0 7.26 17.18 24.92 25.25 18.47 14.86 0.09 
45.98 55.65 60.94 50.84 38.89 34.76 53.56 56.44 29.85 14.82 10.92 19.02 21.21 16.87 10.07 0 15.46 
29.77 39.48 44.81 34.64 33.65 30.96 37.38 40.28 13.55 0.09 7.94 17.12 24.86 25.23 19.11 15.5 0 
37.8 47.49 52.8 42.67 38.27 36.6 45.39 48.28 21.61 7.27 0 21.66 27.88 24.29 16.66 11.02 7.92 
30.38 43.38 49.66 34.04 23.02 17.01 38.32 44.69 19.19 15.33 19.04 0 17.74 19.8 21.26 17.64 15.27 
46.86 60.35 65.63 45.75 32.72 17.16 55.02 61.14 34.62 24.23 27.8 14.68 0 9.64 18.89 21.25 24.17 
48.04 61.53 66.81 50.22 37.21 26.62 55.92 62.32 35.8 25.14 24.07 17.72 9.66 0 9.41 16.81 25.36 
49.57 59.21 64.5 54.42 42.49 34.74 57.13 60 33.45 18.45 17.2 21.53 18.88 9.39 0 10.1 19.08 
45.98 55.65 60.94 50.84 38.89 34.76 53.56 56.44 29.85 14.82 10.92 19.02 21.21 16.87 10.07 0 15.46 
29.77 39.48 44.81 34.64 33.65 30.96 37.38 40.28 13.55 0.09 7.94 17.12 24.86 25.23 19.11 15.5 0 
Dimension>33
Bandera>10
Fitness Greedy Costo>291.06
Solucion Greedy Costo>6 1 7 2 0 3 4 5 11 0 8 16 9 17 0 10 15 14 13 0 12 0 0 0 0 0 0 0 0 0 0 0 0 
Linea Vacia>
Dimension>33
Dimension>33
Bandera>10
Fitness Greedy Costo>291.06
Bandera>10
Fitness Greedy Costo>291.06
Solucion Greedy Costo>6 1 7 2 0 3 4 5 11 0 8 16 9 17 0 10 15 14 13 0 12 0 0 0 0 0 0 0 0 0 0 0 0 
Linea Vacia>
Matriz de Costos>
0 12.46 18.54 16.24 28.52 42.43 7.04 13.49 17.54 31.95 38.65 31.87 47.56 47.97 49.41 45.82 29.57 
Solucion Greedy Costo>6 1 7 2 0 3 4 5 11 0 8 16 9 17 0 10 15 14 13 0 12 0 0 0 0 0 0 0 0 0 0 0 0 
Linea Vacia>
12.36 0 7.15 22 35.45 55.27 5.47 2.71 30.2 43.1 50.39 44.62 60.85 61.21 60.48 57.79 40.74 
17.59 7.62 0 27.8 40.33 60.7 10.24 3.98 34.96 46.18 52.6 50.06 65.62 66.03 63.54 59.99 43.82 
16.09 23.42 27.89 0 13.93 32.58 20.35 24.56 26 34.74 43.81 34.36 45.63 49.7 51.86 48.28 34.68 
Dimension>33
28.53 35.44 44.24 13.97 0 19.06 36.02 36.57 26.78 29.22 36.43 24.79 33.84 37.93 43.89 40.3 29.16 
Matriz de Costos>
Bandera>10
Fitness Greedy Costo>291.06
41.57 55.08 60.37 32.6 19.58 0 49.47 55.87 31.02 32.15 36.39 16.73 18.31 22.76 32.58 30.79 32.09 
Solucion Greedy Costo>6 1 7 2 0 3 4 5 11 0 8 16 9 17 0 10 15 14 13 0 12 0 0 0 0 0 0 0 0 0 0 0 0 
Linea Vacia>
0 12.46 18.54 16.24 28.52 42.43 7.04 13.49 17.54 31.95 38.65 31.87 47.56 47.97 49.41 45.82 29.57 
Dimension>33
9.2 5.55 11.13 20.13 33.61 51.96 0 6.69 27.17 40.67 47.1 41.45 57.07 57.48 58.06 54.51 38.31 
Matriz de Costos>
Dimension>33
16.05 6.07 5.17 25.79 39.56 58.8 9.45 0 33.04 44.26 50.69 48.14 63.72 64.13 61.64 58.09 41.9 
12.36 0 7.15 22 35.45 55.27 5.47 2.71 30.2 43.1 50.39 44.62 60.85 61.21 60.48 57.79 40.74 
17.59 7.62 0 27.8 40.33 60.7 10.24 3.98 34.96 46.18 52.6 50.06 65.62 66.03 63.54 59.99 43.82 
0 12.46 18.54 16.24 28.52 42.43 7.04 13.49 17.54 31.95 38.65 31.87 47.56 47.97 49.41 45.82 29.57 
Bandera>10
Fitness Greedy Costo>291.06
Dimension>33
Bandera>10
Fitness Greedy Costo>291.06
Solucion Greedy Costo>6 1 7 2 0 3 4 5 11 0 8 16 9 17 0 10 15 14 13 0 12 0 0 0 0 0 0 0 0 0 0 0 0 
Linea Vacia>
17.77 26.75 32.1 25.77 28.53 34.5 23.34 27.55 0 16.26 22.89 23.92 36.61 36.97 33.8 30.22 13.88 
32.24 42.08 47.4 37.11 33.71 31.02 39.99 42.88 15.51 0 7.26 17.18 24.92 25.25 18.47 14.86 0.09 
16.09 23.42 27.89 0 13.93 32.58 20.35 24.56 26 34.74 43.81 34.36 45.63 49.7 51.86 48.28 34.68 
12.36 0 7.15 22 35.45 55.27 5.47 2.71 30.2 43.1 50.39 44.62 60.85 61.21 60.48 57.79 40.74 
Solucion Greedy Costo>6 1 7 2 0 3 4 5 11 0 8 16 9 17 0 10 15 14 13 0 12 0 0 0 0 0 0 0 0 0 0 0 0 
Linea Vacia>
Bandera>10
Fitness Greedy Costo>291.06
Solucion Greedy Costo>6 1 7 2 0 3 4 5 11 0 8 16 9 17 0 10 15 14 13 0 12 0 0 0 0 0 0 0 0 0 0 0 0 
Linea Vacia>
Dimension>33
28.53 35.44 44.24 13.97 0 19.06 36.02 36.57 26.78 29.22 36.43 24.79 33.84 37.93 43.89 40.3 29.16 
17.59 7.62 0 27.8 40.33 60.7 10.24 3.98 34.96 46.18 52.6 50.06 65.62 66.03 63.54 59.99 43.82 
16.09 23.42 27.89 0 13.93 32.58 20.35 24.56 26 34.74 43.81 34.36 45.63 49.7 51.86 48.28 34.68 
Bandera>10
Fitness Greedy Costo>291.06
Matriz de Costos>
0 12.46 18.54 16.24 28.52 42.43 7.04 13.49 17.54 31.95 38.65 31.87 47.56 47.97 49.41 45.82 29.57 
12.36 0 7.15 22 35.45 55.27 5.47 2.71 30.2 43.1 50.39 44.62 60.85 61.21 60.48 57.79 40.74 
37.8 47.49 52.8 42.67 38.27 36.6 45.39 48.28 21.61 7.27 0 21.66 27.88 24.29 16.66 11.02 7.92 
30.38 43.38 49.66 34.04 23.02 17.01 38.32 44.69 19.19 15.33 19.04 0 17.74 19.8 21.26 17.64 15.27 
41.57 55.08 60.37 32.6 19.58 0 49.47 55.87 31.02 32.15 36.39 16.73 18.31 22.76 32.58 30.79 32.09 
Solucion Greedy Costo>6 1 7 2 0 3 4 5 11 0 8 16 9 17 0 10 15 14 13 0 12 0 0 0 0 0 0 0 0 0 0 0 0 
Linea Vacia>
17.59 7.62 0 27.8 40.33 60.7 10.24 3.98 34.96 46.18 52.6 50.06 65.62 66.03 63.54 59.99 43.82 
16.09 23.42 27.89 0 13.93 32.58 20.35 24.56 26 34.74 43.81 34.36 45.63 49.7 51.86 48.28 34.68 
Matriz de Costos>
0 12.46 18.54 16.24 28.52 42.43 7.04 13.49 17.54 31.95 38.65 31.87 47.56 47.97 49.41 45.82 29.57 
12.36 0 7.15 22 35.45 55.27 5.47 2.71 30.2 43.1 50.39 44.62 60.85 61.21 60.48 57.79 40.74 
28.53 35.44 44.24 13.97 0 19.06 36.02 36.57 26.78 29.22 36.43 24.79 33.84 37.93 43.89 40.3 29.16 
41.57 55.08 60.37 32.6 19.58 0 49.47 55.87 31.02 32.15 36.39 16.73 18.31 22.76 32.58 30.79 32.09 
28.53 35.44 44.24 13.97 0 19.06 36.02 36.57 26.78 29.22 36.43 24.79 33.84 37.93 43.89 40.3 29.16 
41.57 55.08 60.37 32.6 19.58 0 49.47 55.87 31.02 32.15 36.39 16.73 18.31 22.76 32.58 30.79 32.09 
17.59 7.62 0 27.8 40.33 60.7 10.24 3.98 34.96 46.18 52.6 50.06 65.62 66.03 63.54 59.99 43.82 
16.09 23.42 27.89 0 13.93 32.58 20.35 24.56 26 34.74 43.81 34.36 45.63 49.7 51.86 48.28 34.68 
46.86 60.35 65.63 45.75 32.72 17.16 55.02 61.14 34.62 24.23 27.8 14.68 0 9.64 18.89 21.25 24.17 
9.2 5.55 11.13 20.13 33.61 51.96 0 6.69 27.17 40.67 47.1 41.45 57.07 57.48 58.06 54.51 38.31 
16.05 6.07 5.17 25.79 39.56 58.8 9.45 0 33.04 44.26 50.69 48.14 63.72 64.13 61.64 58.09 41.9 
9.2 5.55 11.13 20.13 33.61 51.96 0 6.69 27.17 40.67 47.1 41.45 57.07 57.48 58.06 54.51 38.31 
28.53 35.44 44.24 13.97 0 19.06 36.02 36.57 26.78 29.22 36.43 24.79 33.84 37.93 43.89 40.3 29.16 
41.57 55.08 60.37 32.6 19.58 0 49.47 55.87 31.02 32.15 36.39 16.73 18.31 22.76 32.58 30.79 32.09 
48.04 61.53 66.81 50.22 37.21 26.62 55.92 62.32 35.8 25.14 24.07 17.72 9.66 0 9.41 16.81 25.36 
9.2 5.55 11.13 20.13 33.61 51.96 0 6.69 27.17 40.67 47.1 41.45 57.07 57.48 58.06 54.51 38.31 
16.05 6.07 5.17 25.79 39.56 58.8 9.45 0 33.04 44.26 50.69 48.14 63.72 64.13 61.64 58.09 41.9 
16.05 6.07 5.17 25.79 39.56 58.8 9.45 0 33.04 44.26 50.69 48.14 63.72 64.13 61.64 58.09 41.9 
17.77 26.75 32.1 25.77 28.53 34.5 23.34 27.55 0 16.26 22.89 23.92 36.61 36.97 33.8 30.22 13.88 
9.2 5.55 11.13 20.13 33.61 51.96 0 6.69 27.17 40.67 47.1 41.45 57.07 57.48 58.06 54.51 38.31 
16.05 6.07 5.17 25.79 39.56 58.8 9.45 0 33.04 44.26 50.69 48.14 63.72 64.13 61.64 58.09 41.9 
49.57 59.21 64.5 54.42 42.49 34.74 57.13 60 33.45 18.45 17.2 21.53 18.88 9.39 0 10.1 19.08 
17.77 26.75 32.1 25.77 28.53 34.5 23.34 27.55 0 16.26 22.89 23.92 36.61 36.97 33.8 30.22 13.88 
17.77 26.75 32.1 25.77 28.53 34.5 23.34 27.55 0 16.26 22.89 23.92 36.61 36.97 33.8 30.22 13.88 
32.24 42.08 47.4 37.11 33.71 31.02 39.99 42.88 15.51 0 7.26 17.18 24.92 25.25 18.47 14.86 0.09 
17.77 26.75 32.1 25.77 28.53 34.5 23.34 27.55 0 16.26 22.89 23.92 36.61 36.97 33.8 30.22 13.88 
32.24 42.08 47.4 37.11 33.71 31.02 39.99 42.88 15.51 0 7.26 17.18 24.92 25.25 18.47 14.86 0.09 
37.8 47.49 52.8 42.67 38.27 36.6 45.39 48.28 21.61 7.27 0 21.66 27.88 24.29 16.66 11.02 7.92 
45.98 55.65 60.94 50.84 38.89 34.76 53.56 56.44 29.85 14.82 10.92 19.02 21.21 16.87 10.07 0 15.46 
32.24 42.08 47.4 37.11 33.71 31.02 39.99 42.88 15.51 0 7.26 17.18 24.92 25.25 18.47 14.86 0.09 
Matriz de Costos>
Matriz de Costos>
30.38 43.38 49.66 34.04 23.02 17.01 38.32 44.69 19.19 15.33 19.04 0 17.74 19.8 21.26 17.64 15.27 
46.86 60.35 65.63 45.75 32.72 17.16 55.02 61.14 34.62 24.23 27.8 14.68 0 9.64 18.89 21.25 24.17 
37.8 47.49 52.8 42.67 38.27 36.6 45.39 48.28 21.61 7.27 0 21.66 27.88 24.29 16.66 11.02 7.92 
30.38 43.38 49.66 34.04 23.02 17.01 38.32 44.69 19.19 15.33 19.04 0 17.74 19.8 21.26 17.64 15.27 
46.86 60.35 65.63 45.75 32.72 17.16 55.02 61.14 34.62 24.23 27.8 14.68 0 9.64 18.89 21.25 24.17 
48.04 61.53 66.81 50.22 37.21 26.62 55.92 62.32 35.8 25.14 24.07 17.72 9.66 0 9.41 16.81 25.36 
Dimension>33
Bandera>10
Fitness Greedy Costo>291.06
29.77 39.48 44.81 34.64 33.65 30.96 37.38 40.28 13.55 0.09 7.94 17.12 24.86 25.23 19.11 15.5 0 
37.8 47.49 52.8 42.67 38.27 36.6 45.39 48.28 21.61 7.27 0 21.66 27.88 24.29 16.66 11.02 7.92 
32.24 42.08 47.4 37.11 33.71 31.02 39.99 42.88 15.51 0 7.26 17.18 24.92 25.25 18.47 14.86 0.09 
37.8 47.49 52.8 42.67 38.27 36.6 45.39 48.28 21.61 7.27 0 21.66 27.88 24.29 16.66 11.02 7.92 
Matriz de Costos>
0 12.46 18.54 16.24 28.52 42.43 7.04 13.49 17.54 31.95 38.65 31.87 47.56 47.97 49.41 45.82 29.57 
0 12.46 18.54 16.24 28.52 42.43 7.04 13.49 17.54 31.95 38.65 31.87 47.56 47.97 49.41 45.82 29.57 
12.36 0 7.15 22 35.45 55.27 5.47 2.71 30.2 43.1 50.39 44.62 60.85 61.21 60.48 57.79 40.74 
0 12.46 18.54 16.24 28.52 42.43 7.04 13.49 17.54 31.95 38.65 31.87 47.56 47.97 49.41 45.82 29.57 
12.36 0 7.15 22 35.45 55.27 5.47 2.71 30.2 43.1 50.39 44.62 60.85 61.21 60.48 57.79 40.74 
17.59 7.62 0 27.8 40.33 60.7 10.24 3.98 34.96 46.18 52.6 50.06 65.62 66.03 63.54 59.99 43.82 
48.04 61.53 66.81 50.22 37.21 26.62 55.92 62.32 35.8 25.14 24.07 17.72 9.66 0 9.41 16.81 25.36 
49.57 59.21 64.5 54.42 42.49 34.74 57.13 60 33.45 18.45 17.2 21.53 18.88 9.39 0 10.1 19.08 
45.98 55.65 60.94 50.84 38.89 34.76 53.56 56.44 29.85 14.82 10.92 19.02 21.21 16.87 10.07 0 15.46 
49.57 59.21 64.5 54.42 42.49 34.74 57.13 60 33.45 18.45 17.2 21.53 18.88 9.39 0 10.1 19.08 
45.98 55.65 60.94 50.84 38.89 34.76 53.56 56.44 29.85 14.82 10.92 19.02 21.21 16.87 10.07 0 15.46 
29.77 39.48 44.81 34.64 33.65 30.96 37.38 40.28 13.55 0.09 7.94 17.12 24.86 25.23 19.11 15.5 0 
30.38 43.38 49.66 34.04 23.02 17.01 38.32 44.69 19.19 15.33 19.04 0 17.74 19.8 21.26 17.64 15.27 
30.38 43.38 49.66 34.04 23.02 17.01 38.32 44.69 19.19 15.33 19.04 0 17.74 19.8 21.26 17.64 15.27 
12.36 0 7.15 22 35.45 55.27 5.47 2.71 30.2 43.1 50.39 44.62 60.85 61.21 60.48 57.79 40.74 
17.59 7.62 0 27.8 40.33 60.7 10.24 3.98 34.96 46.18 52.6 50.06 65.62 66.03 63.54 59.99 43.82 
16.09 23.42 27.89 0 13.93 32.58 20.35 24.56 26 34.74 43.81 34.36 45.63 49.7 51.86 48.28 34.68 
16.09 23.42 27.89 0 13.93 32.58 20.35 24.56 26 34.74 43.81 34.36 45.63 49.7 51.86 48.28 34.68 
28.53 35.44 44.24 13.97 0 19.06 36.02 36.57 26.78 29.22 36.43 24.79 33.84 37.93 43.89 40.3 29.16 
29.77 39.48 44.81 34.64 33.65 30.96 37.38 40.28 13.55 0.09 7.94 17.12 24.86 25.23 19.11 15.5 0 
Solucion Greedy Costo>6 1 7 2 0 3 4 5 11 0 8 16 9 17 0 10 15 14 13 0 12 0 0 0 0 0 0 0 0 0 0 0 0 
Linea Vacia>
46.86 60.35 65.63 45.75 32.72 17.16 55.02 61.14 34.62 24.23 27.8 14.68 0 9.64 18.89 21.25 24.17 
46.86 60.35 65.63 45.75 32.72 17.16 55.02 61.14 34.62 24.23 27.8 14.68 0 9.64 18.89 21.25 24.17 
48.04 61.53 66.81 50.22 37.21 26.62 55.92 62.32 35.8 25.14 24.07 17.72 9.66 0 9.41 16.81 25.36 
17.59 7.62 0 27.8 40.33 60.7 10.24 3.98 34.96 46.18 52.6 50.06 65.62 66.03 63.54 59.99 43.82 
28.53 35.44 44.24 13.97 0 19.06 36.02 36.57 26.78 29.22 36.43 24.79 33.84 37.93 43.89 40.3 29.16 
41.57 55.08 60.37 32.6 19.58 0 49.47 55.87 31.02 32.15 36.39 16.73 18.31 22.76 32.58 30.79 32.09 
9.2 5.55 11.13 20.13 33.61 51.96 0 6.69 27.17 40.67 47.1 41.45 57.07 57.48 58.06 54.51 38.31 
48.04 61.53 66.81 50.22 37.21 26.62 55.92 62.32 35.8 25.14 24.07 17.72 9.66 0 9.41 16.81 25.36 
16.09 23.42 27.89 0 13.93 32.58 20.35 24.56 26 34.74 43.81 34.36 45.63 49.7 51.86 48.28 34.68 
41.57 55.08 60.37 32.6 19.58 0 49.47 55.87 31.02 32.15 36.39 16.73 18.31 22.76 32.58 30.79 32.09 
9.2 5.55 11.13 20.13 33.61 51.96 0 6.69 27.17 40.67 47.1 41.45 57.07 57.48 58.06 54.51 38.31 
Dimension>33
Bandera>10
49.57 59.21 64.5 54.42 42.49 34.74 57.13 60 33.45 18.45 17.2 21.53 18.88 9.39 0 10.1 19.08 
49.57 59.21 64.5 54.42 42.49 34.74 57.13 60 33.45 18.45 17.2 21.53 18.88 9.39 0 10.1 19.08 
45.98 55.65 60.94 50.84 38.89 34.76 53.56 56.44 29.85 14.82 10.92 19.02 21.21 16.87 10.07 0 15.46 
28.53 35.44 44.24 13.97 0 19.06 36.02 36.57 26.78 29.22 36.43 24.79 33.84 37.93 43.89 40.3 29.16 
16.05 6.07 5.17 25.79 39.56 58.8 9.45 0 33.04 44.26 50.69 48.14 63.72 64.13 61.64 58.09 41.9 
17.77 26.75 32.1 25.77 28.53 34.5 23.34 27.55 0 16.26 22.89 23.92 36.61 36.97 33.8 30.22 13.88 
Fitness Greedy Costo>291.06
Solucion Greedy Costo>6 1 7 2 0 3 4 5 11 0 8 16 9 17 0 10 15 14 13 0 12 0 0 0 0 0 0 0 0 0 0 0 0 
Linea Vacia>
45.98 55.65 60.94 50.84 38.89 34.76 53.56 56.44 29.85 14.82 10.92 19.02 21.21 16.87 10.07 0 15.46 
41.57 55.08 60.37 32.6 19.58 0 49.47 55.87 31.02 32.15 36.39 16.73 18.31 22.76 32.58 30.79 32.09 
16.05 6.07 5.17 25.79 39.56 58.8 9.45 0 33.04 44.26 50.69 48.14 63.72 64.13 61.64 58.09 41.9 
17.77 26.75 32.1 25.77 28.53 34.5 23.34 27.55 0 16.26 22.89 23.92 36.61 36.97 33.8 30.22 13.88 
32.24 42.08 47.4 37.11 33.71 31.02 39.99 42.88 15.51 0 7.26 17.18 24.92 25.25 18.47 14.86 0.09 
37.8 47.49 52.8 42.67 38.27 36.6 45.39 48.28 21.61 7.27 0 21.66 27.88 24.29 16.66 11.02 7.92 
Matriz de Costos>
0 12.46 18.54 16.24 28.52 42.43 7.04 13.49 17.54 31.95 38.65 31.87 47.56 47.97 49.41 45.82 29.57 
12.36 0 7.15 22 35.45 55.27 5.47 2.71 30.2 43.1 50.39 44.62 60.85 61.21 60.48 57.79 40.74 
29.77 39.48 44.81 34.64 33.65 30.96 37.38 40.28 13.55 0.09 7.94 17.12 24.86 25.23 19.11 15.5 0 
29.77 39.48 44.81 34.64 33.65 30.96 37.38 40.28 13.55 0.09 7.94 17.12 24.86 25.23 19.11 15.5 0 
32.24 42.08 47.4 37.11 33.71 31.02 39.99 42.88 15.51 0 7.26 17.18 24.92 25.25 18.47 14.86 0.09 
37.8 47.49 52.8 42.67 38.27 36.6 45.39 48.28 21.61 7.27 0 21.66 27.88 24.29 16.66 11.02 7.92 
Dimension>33
9.2 5.55 11.13 20.13 33.61 51.96 0 6.69 27.17 40.67 47.1 41.45 57.07 57.48 58.06 54.51 38.31 
16.05 6.07 5.17 25.79 39.56 58.8 9.45 0 33.04 44.26 50.69 48.14 63.72 64.13 61.64 58.09 41.9 
Dimension>33
30.38 43.38 49.66 34.04 23.02 17.01 38.32 44.69 19.19 15.33 19.04 0 17.74 19.8 21.26 17.64 15.27 
46.86 60.35 65.63 45.75 32.72 17.16 55.02 61.14 34.62 24.23 27.8 14.68 0 9.64 18.89 21.25 24.17 
48.04 61.53 66.81 50.22 37.21 26.62 55.92 62.32 35.8 25.14 24.07 17.72 9.66 0 9.41 16.81 25.36 
17.59 7.62 0 27.8 40.33 60.7 10.24 3.98 34.96 46.18 52.6 50.06 65.62 66.03 63.54 59.99 43.82 
16.09 23.42 27.89 0 13.93 32.58 20.35 24.56 26 34.74 43.81 34.36 45.63 49.7 51.86 48.28 34.68 
28.53 35.44 44.24 13.97 0 19.06 36.02 36.57 26.78 29.22 36.43 24.79 33.84 37.93 43.89 40.3 29.16 
41.57 55.08 60.37 32.6 19.58 0 49.47 55.87 31.02 32.15 36.39 16.73 18.31 22.76 32.58 30.79 32.09 
30.38 43.38 49.66 34.04 23.02 17.01 38.32 44.69 19.19 15.33 19.04 0 17.74 19.8 21.26 17.64 15.27 
46.86 60.35 65.63 45.75 32.72 17.16 55.02 61.14 34.62 24.23 27.8 14.68 0 9.64 18.89 21.25 24.17 
48.04 61.53 66.81 50.22 37.21 26.62 55.92 62.32 35.8 25.14 24.07 17.72 9.66 0 9.41 16.81 25.36 
Bandera>10
Fitness Greedy Costo>291.06
Solucion Greedy Costo>6 1 7 2 0 3 4 5 11 0 8 16 9 17 0 10 15 14 13 0 12 0 0 0 0 0 0 0 0 0 0 0 0 
Linea Vacia>
Bandera>10
Fitness Greedy Costo>291.06
Solucion Greedy Costo>6 1 7 2 0 3 4 5 11 0 8 16 9 17 0 10 15 14 13 0 12 0 0 0 0 0 0 0 0 0 0 0 0 
49.57 59.21 64.5 54.42 42.49 34.74 57.13 60 33.45 18.45 17.2 21.53 18.88 9.39 0 10.1 19.08 
45.98 55.65 60.94 50.84 38.89 34.76 53.56 56.44 29.85 14.82 10.92 19.02 21.21 16.87 10.07 0 15.46 
Matriz de Costos>
0 12.46 18.54 16.24 28.52 42.43 7.04 13.49 17.54 31.95 38.65 31.87 47.56 47.97 49.41 45.82 29.57 
12.36 0 7.15 22 35.45 55.27 5.47 2.71 30.2 43.1 50.39 44.62 60.85 61.21 60.48 57.79 40.74 
17.59 7.62 0 27.8 40.33 60.7 10.24 3.98 34.96 46.18 52.6 50.06 65.62 66.03 63.54 59.99 43.82 
16.09 23.42 27.89 0 13.93 32.58 20.35 24.56 26 34.74 43.81 34.36 45.63 49.7 51.86 48.28 34.68 
17.77 26.75 32.1 25.77 28.53 34.5 23.34 27.55 0 16.26 22.89 23.92 36.61 36.97 33.8 30.22 13.88 
32.24 42.08 47.4 37.11 33.71 31.02 39.99 42.88 15.51 0 7.26 17.18 24.92 25.25 18.47 14.86 0.09 
37.8 47.49 52.8 42.67 38.27 36.6 45.39 48.28 21.61 7.27 0 21.66 27.88 24.29 16.66 11.02 7.92 
49.57 59.21 64.5 54.42 42.49 34.74 57.13 60 33.45 18.45 17.2 21.53 18.88 9.39 0 10.1 19.08 
45.98 55.65 60.94 50.84 38.89 34.76 53.56 56.44 29.85 14.82 10.92 19.02 21.21 16.87 10.07 0 15.46 
Linea Vacia>
29.77 39.48 44.81 34.64 33.65 30.96 37.38 40.28 13.55 0.09 7.94 17.12 24.86 25.23 19.11 15.5 0 
9.2 5.55 11.13 20.13 33.61 51.96 0 6.69 27.17 40.67 47.1 41.45 57.07 57.48 58.06 54.51 38.31 
16.05 6.07 5.17 25.79 39.56 58.8 9.45 0 33.04 44.26 50.69 48.14 63.72 64.13 61.64 58.09 41.9 
17.77 26.75 32.1 25.77 28.53 34.5 23.34 27.55 0 16.26 22.89 23.92 36.61 36.97 33.8 30.22 13.88 
32.24 42.08 47.4 37.11 33.71 31.02 39.99 42.88 15.51 0 7.26 17.18 24.92 25.25 18.47 14.86 0.09 
37.8 47.49 52.8 42.67 38.27 36.6 45.39 48.28 21.61 7.27 0 21.66 27.88 24.29 16.66 11.02 7.92 
30.38 43.38 49.66 34.04 23.02 17.01 38.32 44.69 19.19 15.33 19.04 0 17.74 19.8 21.26 17.64 15.27 
46.86 60.35 65.63 45.75 32.72 17.16 55.02 61.14 34.62 24.23 27.8 14.68 0 9.64 18.89 21.25 24.17 
29.77 39.48 44.81 34.64 33.65 30.96 37.38 40.28 13.55 0.09 7.94 17.12 24.86 25.23 19.11 15.5 0 
Dimension>33
Bandera>10
Fitness Greedy Costo>291.06
Solucion Greedy Costo>6 1 7 2 0 3 4 5 11 0 8 16 9 17 0 10 15 14 13 0 12 0 0 0 0 0 0 0 0 0 0 0 0 
Linea Vacia>
30.38 43.38 49.66 34.04 23.02 17.01 38.32 44.69 19.19 15.33 19.04 0 17.74 19.8 21.26 17.64 15.27 
46.86 60.35 65.63 45.75 32.72 17.16 55.02 61.14 34.62 24.23 27.8 14.68 0 9.64 18.89 21.25 24.17 
48.04 61.53 66.81 50.22 37.21 26.62 55.92 62.32 35.8 25.14 24.07 17.72 9.66 0 9.41 16.81 25.36 
28.53 35.44 44.24 13.97 0 19.06 36.02 36.57 26.78 29.22 36.43 24.79 33.84 37.93 43.89 40.3 29.16 
41.57 55.08 60.37 32.6 19.58 0 49.47 55.87 31.02 32.15 36.39 16.73 18.31 22.76 32.58 30.79 32.09 
9.2 5.55 11.13 20.13 33.61 51.96 0 6.69 27.17 40.67 47.1 41.45 57.07 57.48 58.06 54.51 38.31 
16.05 6.07 5.17 25.79 39.56 58.8 9.45 0 33.04 44.26 50.69 48.14 63.72 64.13 61.64 58.09 41.9 
17.77 26.75 32.1 25.77 28.53 34.5 23.34 27.55 0 16.26 22.89 23.92 36.61 36.97 33.8 30.22 13.88 
32.24 42.08 47.4 37.11 33.71 31.02 39.99 42.88 15.51 0 7.26 17.18 24.92 25.25 18.47 14.86 0.09 
37.8 47.49 52.8 42.67 38.27 36.6 45.39 48.28 21.61 7.27 0 21.66 27.88 24.29 16.66 11.02 7.92 
48.04 61.53 66.81 50.22 37.21 26.62 55.92 62.32 35.8 25.14 24.07 17.72 9.66 0 9.41 16.81 25.36 
49.57 59.21 64.5 54.42 42.49 34.74 57.13 60 33.45 18.45 17.2 21.53 18.88 9.39 0 10.1 19.08 
45.98 55.65 60.94 50.84 38.89 34.76 53.56 56.44 29.85 14.82 10.92 19.02 21.21 16.87 10.07 0 15.46 
29.77 39.48 44.81 34.64 33.65 30.96 37.38 40.28 13.55 0.09 7.94 17.12 24.86 25.23 19.11 15.5 0 
49.57 59.21 64.5 54.42 42.49 34.74 57.13 60 33.45 18.45 17.2 21.53 18.88 9.39 0 10.1 19.08 
45.98 55.65 60.94 50.84 38.89 34.76 53.56 56.44 29.85 14.82 10.92 19.02 21.21 16.87 10.07 0 15.46 
29.77 39.48 44.81 34.64 33.65 30.96 37.38 40.28 13.55 0.09 7.94 17.12 24.86 25.23 19.11 15.5 0 
30.38 43.38 49.66 34.04 23.02 17.01 38.32 44.69 19.19 15.33 19.04 0 17.74 19.8 21.26 17.64 15.27 
46.86 60.35 65.63 45.75 32.72 17.16 55.02 61.14 34.62 24.23 27.8 14.68 0 9.64 18.89 21.25 24.17 
48.04 61.53 66.81 50.22 37.21 26.62 55.92 62.32 35.8 25.14 24.07 17.72 9.66 0 9.41 16.81 25.36 
49.57 59.21 64.5 54.42 42.49 34.74 57.13 60 33.45 18.45 17.2 21.53 18.88 9.39 0 10.1 19.08 
45.98 55.65 60.94 50.84 38.89 34.76 53.56 56.44 29.85 14.82 10.92 19.02 21.21 16.87 10.07 0 15.46 
Matriz de Costos>
0 12.46 18.54 16.24 28.52 42.43 7.04 13.49 17.54 31.95 38.65 31.87 47.56 47.97 49.41 45.82 29.57 
12.36 0 7.15 22 35.45 55.27 5.47 2.71 30.2 43.1 50.39 44.62 60.85 61.21 60.48 57.79 40.74 
17.59 7.62 0 27.8 40.33 60.7 10.24 3.98 34.96 46.18 52.6 50.06 65.62 66.03 63.54 59.99 43.82 
Matriz de Costos>
0 12.46 18.54 16.24 28.52 42.43 7.04 13.49 17.54 31.95 38.65 31.87 47.56 47.97 49.41 45.82 29.57 
29.77 39.48 44.81 34.64 33.65 30.96 37.38 40.28 13.55 0.09 7.94 17.12 24.86 25.23 19.11 15.5 0 
16.09 23.42 27.89 0 13.93 32.58 20.35 24.56 26 34.74 43.81 34.36 45.63 49.7 51.86 48.28 34.68 
28.53 35.44 44.24 13.97 0 19.06 36.02 36.57 26.78 29.22 36.43 24.79 33.84 37.93 43.89 40.3 29.16 
12.36 0 7.15 22 35.45 55.27 5.47 2.71 30.2 43.1 50.39 44.62 60.85 61.21 60.48 57.79 40.74 
17.59 7.62 0 27.8 40.33 60.7 10.24 3.98 34.96 46.18 52.6 50.06 65.62 66.03 63.54 59.99 43.82 
16.09 23.42 27.89 0 13.93 32.58 20.35 24.56 26 34.74 43.81 34.36 45.63 49.7 51.86 48.28 34.68 
Matriz de Costos>
0 12.46 18.54 16.24 28.52 42.43 7.04 13.49 17.54 31.95 38.65 31.87 47.56 47.97 49.41 45.82 29.57 
41.57 55.08 60.37 32.6 19.58 0 49.47 55.87 31.02 32.15 36.39 16.73 18.31 22.76 32.58 30.79 32.09 
9.2 5.55 11.13 20.13 33.61 51.96 0 6.69 27.17 40.67 47.1 41.45 57.07 57.48 58.06 54.51 38.31 
16.05 6.07 5.17 25.79 39.56 58.8 9.45 0 33.04 44.26 50.69 48.14 63.72 64.13 61.64 58.09 41.9 
28.53 35.44 44.24 13.97 0 19.06 36.02 36.57 26.78 29.22 36.43 24.79 33.84 37.93 43.89 40.3 29.16 
41.57 55.08 60.37 32.6 19.58 0 49.47 55.87 31.02 32.15 36.39 16.73 18.31 22.76 32.58 30.79 32.09 
9.2 5.55 11.13 20.13 33.61 51.96 0 6.69 27.17 40.67 47.1 41.45 57.07 57.48 58.06 54.51 38.31 
16.05 6.07 5.17 25.79 39.56 58.8 9.45 0 33.04 44.26 50.69 48.14 63.72 64.13 61.64 58.09 41.9 
17.77 26.75 32.1 25.77 28.53 34.5 23.34 27.55 0 16.26 22.89 23.92 36.61 36.97 33.8 30.22 13.88 
12.36 0 7.15 22 35.45 55.27 5.47 2.71 30.2 43.1 50.39 44.62 60.85 61.21 60.48 57.79 40.74 
17.59 7.62 0 27.8 40.33 60.7 10.24 3.98 34.96 46.18 52.6 50.06 65.62 66.03 63.54 59.99 43.82 
16.09 23.42 27.89 0 13.93 32.58 20.35 24.56 26 34.74 43.81 34.36 45.63 49.7 51.86 48.28 34.68 
28.53 35.44 44.24 13.97 0 19.06 36.02 36.57 26.78 29.22 36.43 24.79 33.84 37.93 43.89 40.3 29.16 
41.57 55.08 60.37 32.6 19.58 0 49.47 55.87 31.02 32.15 36.39 16.73 18.31 22.76 32.58 30.79 32.09 
Dimension>33
Bandera>10
Fitness Greedy Costo>291.06
Solucion Greedy Costo>6 1 7 2 0 3 4 5 11 0 8 16 9 17 0 10 15 14 13 0 12 0 0 0 0 0 0 0 0 0 0 0 0 
Linea Vacia>
17.77 26.75 32.1 25.77 28.53 34.5 23.34 27.55 0 16.26 22.89 23.92 36.61 36.97 33.8 30.22 13.88 
32.24 42.08 47.4 37.11 33.71 31.02 39.99 42.88 15.51 0 7.26 17.18 24.92 25.25 18.47 14.86 0.09 
37.8 47.49 52.8 42.67 38.27 36.6 45.39 48.28 21.61 7.27 0 21.66 27.88 24.29 16.66 11.02 7.92 
30.38 43.38 49.66 34.04 23.02 17.01 38.32 44.69 19.19 15.33 19.04 0 17.74 19.8 21.26 17.64 15.27 
46.86 60.35 65.63 45.75 32.72 17.16 55.02 61.14 34.62 24.23 27.8 14.68 0 9.64 18.89 21.25 24.17 
48.04 61.53 66.81 50.22 37.21 26.62 55.92 62.32 35.8 25.14 24.07 17.72 9.66 0 9.41 16.81 25.36 
49.57 59.21 64.5 54.42 42.49 34.74 57.13 60 33.45 18.45 17.2 21.53 18.88 9.39 0 10.1 19.08 
32.24 42.08 47.4 37.11 33.71 31.02 39.99 42.88 15.51 0 7.26 17.18 24.92 25.25 18.47 14.86 0.09 
37.8 47.49 52.8 42.67 38.27 36.6 45.39 48.28 21.61 7.27 0 21.66 27.88 24.29 16.66 11.02 7.92 
30.38 43.38 49.66 34.04 23.02 17.01 38.32 44.69 19.19 15.33 19.04 0 17.74 19.8 21.26 17.64 15.27 
46.86 60.35 65.63 45.75 32.72 17.16 55.02 61.14 34.62 24.23 27.8 14.68 0 9.64 18.89 21.25 24.17 
45.98 55.65 60.94 50.84 38.89 34.76 53.56 56.44 29.85 14.82 10.92 19.02 21.21 16.87 10.07 0 15.46 
29.77 39.48 44.81 34.64 33.65 30.96 37.38 40.28 13.55 0.09 7.94 17.12 24.86 25.23 19.11 15.5 0 
9.2 5.55 11.13 20.13 33.61 51.96 0 6.69 27.17 40.67 47.1 41.45 57.07 57.48 58.06 54.51 38.31 
16.05 6.07 5.17 25.79 39.56 58.8 9.45 0 33.04 44.26 50.69 48.14 63.72 64.13 61.64 58.09 41.9 
17.77 26.75 32.1 25.77 28.53 34.5 23.34 27.55 0 16.26 22.89 23.92 36.61 36.97 33.8 30.22 13.88 
32.24 42.08 47.4 37.11 33.71 31.02 39.99 42.88 15.51 0 7.26 17.18 24.92 25.25 18.47 14.86 0.09 
37.8 47.49 52.8 42.67 38.27 36.6 45.39 48.28 21.61 7.27 0 21.66 27.88 24.29 16.66 11.02 7.92 
30.38 43.38 49.66 34.04 23.02 17.01 38.32 44.69 19.19 15.33 19.04 0 17.74 19.8 21.26 17.64 15.27 
Dimension>33
Bandera>10
Fitness Greedy Costo>291.06
Solucion Greedy Costo>6 1 7 2 0 3 4 5 11 0 8 16 9 17 0 10 15 14 13 0 12 0 0 0 0 0 0 0 0 0 0 0 0 
Linea Vacia>
Matriz de Costos>
0 12.46 18.54 16.24 28.52 42.43 7.04 13.49 17.54 31.95 38.65 31.87 47.56 47.97 49.41 45.82 29.57 
12.36 0 7.15 22 35.45 55.27 5.47 2.71 30.2 43.1 50.39 44.62 60.85 61.21 60.48 57.79 40.74 
17.59 7.62 0 27.8 40.33 60.7 10.24 3.98 34.96 46.18 52.6 50.06 65.62 66.03 63.54 59.99 43.82 
16.09 23.42 27.89 0 13.93 32.58 20.35 24.56 26 34.74 43.81 34.36 45.63 49.7 51.86 48.28 34.68 
28.53 35.44 44.24 13.97 0 19.06 36.02 36.57 26.78 29.22 36.43 24.79 33.84 37.93 43.89 40.3 29.16 
41.57 55.08 60.37 32.6 19.58 0 49.47 55.87 31.02 32.15 36.39 16.73 18.31 22.76 32.58 30.79 32.09 
9.2 5.55 11.13 20.13 33.61 51.96 0 6.69 27.17 40.67 47.1 41.45 57.07 57.48 58.06 54.51 38.31 
16.05 6.07 5.17 25.79 39.56 58.8 9.45 0 33.04 44.26 50.69 48.14 63.72 64.13 61.64 58.09 41.9 
17.77 26.75 32.1 25.77 28.53 34.5 23.34 27.55 0 16.26 22.89 23.92 36.61 36.97 33.8 30.22 13.88 
32.24 42.08 47.4 37.11 33.71 31.02 39.99 42.88 15.51 0 7.26 17.18 24.92 25.25 18.47 14.86 0.09 
48.04 61.53 66.81 50.22 37.21 26.62 55.92 62.32 35.8 25.14 24.07 17.72 9.66 0 9.41 16.81 25.36 
49.57 59.21 64.5 54.42 42.49 34.74 57.13 60 33.45 18.45 17.2 21.53 18.88 9.39 0 10.1 19.08 
45.98 55.65 60.94 50.84 38.89 34.76 53.56 56.44 29.85 14.82 10.92 19.02 21.21 16.87 10.07 0 15.46 
29.77 39.48 44.81 34.64 33.65 30.96 37.38 40.28 13.55 0.09 7.94 17.12 24.86 25.23 19.11 15.5 0 
46.86 60.35 65.63 45.75 32.72 17.16 55.02 61.14 34.62 24.23 27.8 14.68 0 9.64 18.89 21.25 24.17 
48.04 61.53 66.81 50.22 37.21 26.62 55.92 62.32 35.8 25.14 24.07 17.72 9.66 0 9.41 16.81 25.36 
49.57 59.21 64.5 54.42 42.49 34.74 57.13 60 33.45 18.45 17.2 21.53 18.88 9.39 0 10.1 19.08 
45.98 55.65 60.94 50.84 38.89 34.76 53.56 56.44 29.85 14.82 10.92 19.02 21.21 16.87 10.07 0 15.46 
37.8 47.49 52.8 42.67 38.27 36.6 45.39 48.28 21.61 7.27 0 21.66 27.88 24.29 16.66 11.02 7.92 
30.38 43.38 49.66 34.04 23.02 17.01 38.32 44.69 19.19 15.33 19.04 0 17.74 19.8 21.26 17.64 15.27 
46.86 60.35 65.63 45.75 32.72 17.16 55.02 61.14 34.62 24.23 27.8 14.68 0 9.64 18.89 21.25 24.17 
48.04 61.53 66.81 50.22 37.21 26.62 55.92 62.32 35.8 25.14 24.07 17.72 9.66 0 9.41 16.81 25.36 
49.57 59.21 64.5 54.42 42.49 34.74 57.13 60 33.45 18.45 17.2 21.53 18.88 9.39 0 10.1 19.08 
45.98 55.65 60.94 50.84 38.89 34.76 53.56 56.44 29.85 14.82 10.92 19.02 21.21 16.87 10.07 0 15.46 
29.77 39.48 44.81 34.64 33.65 30.96 37.38 40.28 13.55 0.09 7.94 17.12 24.86 25.23 19.11 15.5 0 
Dimension>33
Bandera>10
Fitness Greedy Costo>291.06
Solucion Greedy Costo>6 1 7 2 0 3 4 5 11 0 8 16 9 17 0 10 15 14 13 0 12 0 0 0 0 0 0 0 0 0 0 0 0 
Linea Vacia>
29.77 39.48 44.81 34.64 33.65 30.96 37.38 40.28 13.55 0.09 7.94 17.12 24.86 25.23 19.11 15.5 0 
Matriz de Costos>
0 12.46 18.54 16.24 28.52 42.43 7.04 13.49 17.54 31.95 38.65 31.87 47.56 47.97 49.41 45.82 29.57 
12.36 0 7.15 22 35.45 55.27 5.47 2.71 30.2 43.1 50.39 44.62 60.85 61.21 60.48 57.79 40.74 
Matriz de Costos>
0 12.46 18.54 16.24 28.52 42.43 7.04 13.49 17.54 31.95 38.65 31.87 47.56 47.97 49.41 45.82 29.57 
17.59 7.62 0 27.8 40.33 60.7 10.24 3.98 34.96 46.18 52.6 50.06 65.62 66.03 63.54 59.99 43.82 
16.09 23.42 27.89 0 13.93 32.58 20.35 24.56 26 34.74 43.81 34.36 45.63 49.7 51.86 48.28 34.68 
28.53 35.44 44.24 13.97 0 19.06 36.02 36.57 26.78 29.22 36.43 24.79 33.84 37.93 43.89 40.3 29.16 
41.57 55.08 60.37 32.6 19.58 0 49.47 55.87 31.02 32.15 36.39 16.73 18.31 22.76 32.58 30.79 32.09 
12.36 0 7.15 22 35.45 55.27 5.47 2.71 30.2 43.1 50.39 44.62 60.85 61.21 60.48 57.79 40.74 
17.59 7.62 0 27.8 40.33 60.7 10.24 3.98 34.96 46.18 52.6 50.06 65.62 66.03 63.54 59.99 43.82 
9.2 5.55 11.13 20.13 33.61 51.96 0 6.69 27.17 40.67 47.1 41.45 57.07 57.48 58.06 54.51 38.31 
16.05 6.07 5.17 25.79 39.56 58.8 9.45 0 33.04 44.26 50.69 48.14 63.72 64.13 61.64 58.09 41.9 
17.77 26.75 32.1 25.77 28.53 34.5 23.34 27.55 0 16.26 22.89 23.92 36.61 36.97 33.8 30.22 13.88 
32.24 42.08 47.4 37.11 33.71 31.02 39.99 42.88 15.51 0 7.26 17.18 24.92 25.25 18.47 14.86 0.09 
37.8 47.49 52.8 42.67 38.27 36.6 45.39 48.28 21.61 7.27 0 21.66 27.88 24.29 16.66 11.02 7.92 
30.38 43.38 49.66 34.04 23.02 17.01 38.32 44.69 19.19 15.33 19.04 0 17.74 19.8 21.26 17.64 15.27 
46.86 60.35 65.63 45.75 32.72 17.16 55.02 61.14 34.62 24.23 27.8 14.68 0 9.64 18.89 21.25 24.17 
16.09 23.42 27.89 0 13.93 32.58 20.35 24.56 26 34.74 43.81 34.36 45.63 49.7 51.86 48.28 34.68 
28.53 35.44 44.24 13.97 0 19.06 36.02 36.57 26.78 29.22 36.43 24.79 33.84 37.93 43.89 40.3 29.16 
Dimension>33
Bandera>10
Fitness Greedy Costo>291.06
Solucion Greedy Costo>6 1 7 2 0 3 4 5 11 0 8 16 9 17 0 10 15 14 13 0 12 0 0 0 0 0 0 0 0 0 0 0 0 
48.04 61.53 66.81 50.22 37.21 26.62 55.92 62.32 35.8 25.14 24.07 17.72 9.66 0 9.41 16.81 25.36 
49.57 59.21 64.5 54.42 42.49 34.74 57.13 60 33.45 18.45 17.2 21.53 18.88 9.39 0 10.1 19.08 
45.98 55.65 60.94 50.84 38.89 34.76 53.56 56.44 29.85 14.82 10.92 19.02 21.21 16.87 10.07 0 15.46 
29.77 39.48 44.81 34.64 33.65 30.96 37.38 40.28 13.55 0.09 7.94 17.12 24.86 25.23 19.11 15.5 0 
41.57 55.08 60.37 32.6 19.58 0 49.47 55.87 31.02 32.15 36.39 16.73 18.31 22.76 32.58 30.79 32.09 
9.2 5.55 11.13 20.13 33.61 51.96 0 6.69 27.17 40.67 47.1 41.45 57.07 57.48 58.06 54.51 38.31 
16.05 6.07 5.17 25.79 39.56 58.8 9.45 0 33.04 44.26 50.69 48.14 63.72 64.13 61.64 58.09 41.9 
Linea Vacia>
17.77 26.75 32.1 25.77 28.53 34.5 23.34 27.55 0 16.26 22.89 23.92 36.61 36.97 33.8 30.22 13.88 
32.24 42.08 47.4 37.11 33.71 31.02 39.99 42.88 15.51 0 7.26 17.18 24.92 25.25 18.47 14.86 0.09 
37.8 47.49 52.8 42.67 38.27 36.6 45.39 48.28 21.61 7.27 0 21.66 27.88 24.29 16.66 11.02 7.92 
30.38 43.38 49.66 34.04 23.02 17.01 38.32 44.69 19.19 15.33 19.04 0 17.74 19.8 21.26 17.64 15.27 
46.86 60.35 65.63 45.75 32.72 17.16 55.02 61.14 34.62 24.23 27.8 14.68 0 9.64 18.89 21.25 24.17 
48.04 61.53 66.81 50.22 37.21 26.62 55.92 62.32 35.8 25.14 24.07 17.72 9.66 0 9.41 16.81 25.36 
49.57 59.21 64.5 54.42 42.49 34.74 57.13 60 33.45 18.45 17.2 21.53 18.88 9.39 0 10.1 19.08 
45.98 55.65 60.94 50.84 38.89 34.76 53.56 56.44 29.85 14.82 10.92 19.02 21.21 16.87 10.07 0 15.46 
Matriz de Costos>
0 12.46 18.54 16.24 28.52 42.43 7.04 13.49 17.54 31.95 38.65 31.87 47.56 47.97 49.41 45.82 29.57 
12.36 0 7.15 22 35.45 55.27 5.47 2.71 30.2 43.1 50.39 44.62 60.85 61.21 60.48 57.79 40.74 
29.77 39.48 44.81 34.64 33.65 30.96 37.38 40.28 13.55 0.09 7.94 17.12 24.86 25.23 19.11 15.5 0 
17.59 7.62 0 27.8 40.33 60.7 10.24 3.98 34.96 46.18 52.6 50.06 65.62 66.03 63.54 59.99 43.82 
16.09 23.42 27.89 0 13.93 32.58 20.35 24.56 26 34.74 43.81 34.36 45.63 49.7 51.86 48.28 34.68 
Dimension>33
28.53 35.44 44.24 13.97 0 19.06 36.02 36.57 26.78 29.22 36.43 24.79 33.84 37.93 43.89 40.3 29.16 
41.57 55.08 60.37 32.6 19.58 0 49.47 55.87 31.02 32.15 36.39 16.73 18.31 22.76 32.58 30.79 32.09 
Bandera>10
Fitness Greedy Costo>291.06
Solucion Greedy Costo>6 1 7 2 0 3 4 5 11 0 8 16 9 17 0 10 15 14 13 0 12 0 0 0 0 0 0 0 0 0 0 0 0 
Linea Vacia>
9.2 5.55 11.13 20.13 33.61 51.96 0 6.69 27.17 40.67 47.1 41.45 57.07 57.48 58.06 54.51 38.31 
16.05 6.07 5.17 25.79 39.56 58.8 9.45 0 33.04 44.26 50.69 48.14 63.72 64.13 61.64 58.09 41.9 
17.77 26.75 32.1 25.77 28.53 34.5 23.34 27.55 0 16.26 22.89 23.92 36.61 36.97 33.8 30.22 13.88 
32.24 42.08 47.4 37.11 33.71 31.02 39.99 42.88 15.51 0 7.26 17.18 24.92 25.25 18.47 14.86 0.09 
37.8 47.49 52.8 42.67 38.27 36.6 45.39 48.28 21.61 7.27 0 21.66 27.88 24.29 16.66 11.02 7.92 
30.38 43.38 49.66 34.04 23.02 17.01 38.32 44.69 19.19 15.33 19.04 0 17.74 19.8 21.26 17.64 15.27 
46.86 60.35 65.63 45.75 32.72 17.16 55.02 61.14 34.62 24.23 27.8 14.68 0 9.64 18.89 21.25 24.17 
Matriz de Costos>
48.04 61.53 66.81 50.22 37.21 26.62 55.92 62.32 35.8 25.14 24.07 17.72 9.66 0 9.41 16.81 25.36 
0 12.46 18.54 16.24 28.52 42.43 7.04 13.49 17.54 31.95 38.65 31.87 47.56 47.97 49.41 45.82 29.57 
49.57 59.21 64.5 54.42 42.49 34.74 57.13 60 33.45 18.45 17.2 21.53 18.88 9.39 0 10.1 19.08 
12.36 0 7.15 22 35.45 55.27 5.47 2.71 30.2 43.1 50.39 44.62 60.85 61.21 60.48 57.79 40.74 
17.59 7.62 0 27.8 40.33 60.7 10.24 3.98 34.96 46.18 52.6 50.06 65.62 66.03 63.54 59.99 43.82 
45.98 55.65 60.94 50.84 38.89 34.76 53.56 56.44 29.85 14.82 10.92 19.02 21.21 16.87 10.07 0 15.46 
29.77 39.48 44.81 34.64 33.65 30.96 37.38 40.28 13.55 0.09 7.94 17.12 24.86 25.23 19.11 15.5 0 
16.09 23.42 27.89 0 13.93 32.58 20.35 24.56 26 34.74 43.81 34.36 45.63 49.7 51.86 48.28 34.68 
28.53 35.44 44.24 13.97 0 19.06 36.02 36.57 26.78 29.22 36.43 24.79 33.84 37.93 43.89 40.3 29.16 
41.57 55.08 60.37 32.6 19.58 0 49.47 55.87 31.02 32.15 36.39 16.73 18.31 22.76 32.58 30.79 32.09 
9.2 5.55 11.13 20.13 33.61 51.96 0 6.69 27.17 40.67 47.1 41.45 57.07 57.48 58.06 54.51 38.31 
16.05 6.07 5.17 25.79 39.56 58.8 9.45 0 33.04 44.26 50.69 48.14 63.72 64.13 61.64 58.09 41.9 
17.77 26.75 32.1 25.77 28.53 34.5 23.34 27.55 0 16.26 22.89 23.92 36.61 36.97 33.8 30.22 13.88 
32.24 42.08 47.4 37.11 33.71 31.02 39.99 42.88 15.51 0 7.26 17.18 24.92 25.25 18.47 14.86 0.09 
37.8 47.49 52.8 42.67 38.27 36.6 45.39 48.28 21.61 7.27 0 21.66 27.88 24.29 16.66 11.02 7.92 
30.38 43.38 49.66 34.04 23.02 17.01 38.32 44.69 19.19 15.33 19.04 0 17.74 19.8 21.26 17.64 15.27 
46.86 60.35 65.63 45.75 32.72 17.16 55.02 61.14 34.62 24.23 27.8 14.68 0 9.64 18.89 21.25 24.17 
48.04 61.53 66.81 50.22 37.21 26.62 55.92 62.32 35.8 25.14 24.07 17.72 9.66 0 9.41 16.81 25.36 
49.57 59.21 64.5 54.42 42.49 34.74 57.13 60 33.45 18.45 17.2 21.53 18.88 9.39 0 10.1 19.08 
45.98 55.65 60.94 50.84 38.89 34.76 53.56 56.44 29.85 14.82 10.92 19.02 21.21 16.87 10.07 0 15.46 
29.77 39.48 44.81 34.64 33.65 30.96 37.38 40.28 13.55 0.09 7.94 17.12 24.86 25.23 19.11 15.5 0 
GEN 0 509.910000
GEN 0 525.510000
GEN 0 538.960000
GEN 0 525.510000
GEN 0 535.830000
TIEMPO 0 505.040000
TIEMPO 0 538.960000
TIEMPO 0 501.980000
TIEMPO 0 525.510000
TIEMPO 0 525.510000
GEN 0 499.710000
TIEMPO 0 499.710000
GEN 0 547.340000
GEN 0 509.910000
GEN 0 536.440000
TIEMPO 0 544.700000
TIEMPO 0 505.040000
TIEMPO 0 522.510000
GEN 0 519.100000
GEN 0 505.530000
GEN 0 505.200000
GEN 0 571.360000
GEN 0 463.540000
TIEMPO 0 505.530000
TIEMPO 0 505.200000
TIEMPO 0 559.140000
TIEMPO 0 463.540000
TIEMPO 0 515.840000
GEN 0 549.130000
TIEMPO 0 530.910000
GEN 0 530.120000
GEN 0 577.010000
TIEMPO 0 530.120000
TIEMPO 0 555.900000
GEN 0 555.670000
TIEMPO 0 555.670000
GREEDY 0 0.017406
GEN 0 529.370000
GEN 0 492.810000
TIEMPO 0 516.390000
GEN 0 529.370000
TIEMPO 0 492.810000
TIEMPO 0 516.390000
GEN 0 518.160000
TIEMPO 0 518.160000
GEN 0 463.540000
TIEMPO 0 463.540000
GREEDY 0 0.016791
GREEDY 0 0.018292
GEN 0 469.940000
TIEMPO 0 469.940000
GREEDY 0 0.014680
GREEDY 0 0.023775
GREEDY 0 0.048898
GREEDY 0 0.041571
GREEDY 0 0.074136
GREEDY 0 0.085212
GREEDY 5 0.067273
GREEDY 0 0.077115
GREEDY 0 0.073682
GREEDY 0 0.086033
GREEDY 5 0.086136
GREEDY 5 0.107181
GREEDY 0 0.131965
GREEDY 5 0.119631
GREEDY 0 0.143876
GREEDY 5 0.164022
GEN 2500 280.410000
GEN 2500 281.720000
GEN 2500 269.920000
GEN 2500 286.140000
GEN 2500 274.460000
GREEDY 0 0.192606
GEN 2500 282.890000
GREEDY 0 0.204966
GREEDY 0 0.180727
GEN 2500 280.470000
GREEDY 5 0.213129
GEN 2500 266.710000
GREEDY 0 0.225931
GREEDY 0 0.252820
GEN 2500 292.610000
GREEDY 5 0.255081
GEN 2500 288.610000
GEN 2500 282.150000
GREEDY 0 0.297499
GEN 2500 272.090000
GEN 2500 282.150000
GEN 2500 297.170000
GEN 5000 280.410000
GEN 2500 292.610000
GEN 5000 281.720000
GEN 2500 288.610000
GREEDY 5 0.366619
GEN 5000 276.240000
GREEDY 5 0.376933
GEN 5000 268.260000
GREEDY 0 0.381067
GEN 5000 274.460000
GEN 5000 276.650000
GEN 5000 280.470000
GEN 2500 266.710000
GEN 5000 266.710000
GREEDY 5 0.413974
GEN 2500 291.010000
GEN 2500 274.610000
GEN 2500 287.640000
GEN 2500 270.210000
GEN 5000 288.770000
GEN 2500 269.080000
GEN 2500 308.520000
GEN 2500 266.710000
GEN 5000 272.090000
GEN 7500 280.410000
GEN 7500 281.720000
GREEDY 0 0.542171
GEN 5000 297.170000
GEN 7500 271.100000
GREEDY 5 0.576702
GEN 7500 268.260000
GEN 7500 266.710000
GEN 7500 274.460000
GEN 7500 280.470000
GEN 7500 288.770000
GEN 5000 291.010000
GREEDY 0 0.598343
GEN 5000 287.170000
GEN 7500 276.650000
GEN 5000 278.320000
GEN 5000 278.320000
GEN 10000 280.410000
TIEMPO 0.692071 280.410000
GEN 7500 272.090000
GEN 10000 281.720000
TIEMPO 0.687709 281.720000
GEN 7500 297.170000
GEN 5000 288.770000
GEN 5000 270.210000
GEN 5000 287.170000
GEN 10000 271.100000
TIEMPO 0.758221 271.100000
GEN 10000 288.770000
TIEMPO 0.765796 288.770000
GEN 5000 266.710000
GEN 10000 268.260000
TIEMPO 0.778802 268.260000
GEN 10000 274.460000
TIEMPO 0.777687 274.460000
GEN 5000 274.620000
GEN 10000 280.470000
TIEMPO 0.779458 280.470000
GEN 10000 266.710000
TIEMPO 0.782246 266.710000
GEN 5000 266.710000
GEN 7500 291.010000
GEN 5000 274.610000
GEN 5000 269.080000
GEN 5000 283.250000
GEN 7500 287.170000
GREEDY 5 0.837890
GEN 7500 278.320000
GEN 10000 272.090000
TIEMPO 0.879933 272.090000
GEN 10000 297.170000
TIEMPO 0.888620 297.170000
GEN 10000 275.980000
TIEMPO 0.917350 275.980000
GEN 7500 270.210000
GEN 7500 278.320000
GREEDY 5 0.948055
TIEMPO 1 287.170000
TIEMPO 1 278.320000
GEN 7500 287.170000
TIEMPO 1 278.320000
TIEMPO 1 291.010000
TIEMPO 1 287.170000
TIEMPO 1 266.710000
TIEMPO 1 269.080000
TIEMPO 1 274.620000
GEN 10000 291.010000
TIEMPO 1.010029 291.010000
TIEMPO 1 266.710000
TIEMPO 1 274.610000
TIEMPO 1 270.210000
TIEMPO 1 288.770000
TIEMPO 1 266.710000
GEN 10000 287.170000
TIEMPO 1.042225 287.170000
GEN 7500 266.710000
GEN 7500 288.770000
GEN 10000 278.320000
TIEMPO 1.101212 278.320000
GEN 10000 270.210000
TIEMPO 1.121190 270.210000
GEN 7500 274.620000
GEN 7500 274.610000
GEN 10000 278.320000
TIEMPO 1.149430 278.320000
GEN 7500 266.710000
GEN 7500 269.080000
GEN 7500 266.710000
GEN 10000 287.170000
TIEMPO 1.184414 287.170000
GEN 10000 266.710000
TIEMPO 1.214747 266.710000
GEN 10000 288.770000
TIEMPO 1.239333 288.770000
GEN 10000 274.610000
TIEMPO 1.277565 274.610000
GEN 10000 266.710000
TIEMPO 1.321599 266.710000
GEN 10000 274.620000
TIEMPO 1.336530 274.620000
GEN 10000 269.080000
TIEMPO 1.343353 269.080000
GEN 10000 266.710000
TIEMPO 1.331684 266.710000

 Current State ---------------------------------------------
Solution:  6 1 7 2 0 16 9 17 10 0 3 4 5 12 0 8 0 11 15 14 13 0 0 0 0 0 0 0 0 0 0 0 0 Fitness: 266.71

 :( ---------------------- THE END --------------- :) 
