Dimension>33
Bandera>10
Fitness Greedy Costo>291.06
Solucion Greedy Costo>6 1 7 2 0 3 4 5 11 0 8 16 9 17 0 10 15 14 13 0 12 0 0 0 0 0 0 0 0 0 0 0 0 
Linea Vacia>
Dimension>33
Bandera>10
Fitness Greedy Costo>291.06
Dimension>33
Solucion Greedy Costo>6 1 7 2 0 3 4 5 11 0 8 16 9 17 0 10 15 14 13 0 12 0 0 0 0 0 0 0 0 0 0 0 0 
Linea Vacia>
Matriz de Costos>
Bandera>10
Fitness Greedy Costo>291.06
Matriz de Costos>
0 12.46 18.54 16.24 28.52 42.43 7.04 13.49 17.54 31.95 38.65 31.87 47.56 47.97 49.41 45.82 29.57 
12.36 0 7.15 22 35.45 55.27 5.47 2.71 30.2 43.1 50.39 44.62 60.85 61.21 60.48 57.79 40.74 
17.59 7.62 0 27.8 40.33 60.7 10.24 3.98 34.96 46.18 52.6 50.06 65.62 66.03 63.54 59.99 43.82 
16.09 23.42 27.89 0 13.93 32.58 20.35 24.56 26 34.74 43.81 34.36 45.63 49.7 51.86 48.28 34.68 
28.53 35.44 44.24 13.97 0 19.06 36.02 36.57 26.78 29.22 36.43 24.79 33.84 37.93 43.89 40.3 29.16 
41.57 55.08 60.37 32.6 19.58 0 49.47 55.87 31.02 32.15 36.39 16.73 18.31 22.76 32.58 30.79 32.09 
9.2 5.55 11.13 20.13 33.61 51.96 0 6.69 27.17 40.67 47.1 41.45 57.07 57.48 58.06 54.51 38.31 
16.05 6.07 5.17 25.79 39.56 58.8 9.45 0 33.04 44.26 50.69 48.14 63.72 64.13 61.64 58.09 41.9 
17.77 26.75 32.1 25.77 28.53 34.5 23.34 27.55 0 16.26 22.89 23.92 36.61 36.97 33.8 30.22 13.88 
32.24 42.08 47.4 37.11 33.71 31.02 39.99 42.88 15.51 0 7.26 17.18 24.92 25.25 18.47 14.86 0.09 
37.8 47.49 52.8 42.67 38.27 36.6 45.39 48.28 21.61 7.27 0 21.66 27.88 24.29 16.66 11.02 7.92 
30.38 43.38 49.66 34.04 23.02 17.01 38.32 44.69 19.19 15.33 19.04 0 17.74 19.8 21.26 17.64 15.27 
46.86 60.35 65.63 45.75 32.72 17.16 55.02 61.14 34.62 24.23 27.8 14.68 0 9.64 18.89 21.25 24.17 
48.04 61.53 66.81 50.22 37.21 26.62 55.92 62.32 35.8 25.14 24.07 17.72 9.66 0 9.41 16.81 25.36 
49.57 59.21 64.5 54.42 42.49 34.74 57.13 60 33.45 18.45 17.2 21.53 18.88 9.39 0 10.1 19.08 
45.98 55.65 60.94 50.84 38.89 34.76 53.56 56.44 29.85 14.82 10.92 19.02 21.21 16.87 10.07 0 15.46 
29.77 39.48 44.81 34.64 33.65 30.96 37.38 40.28 13.55 0.09 7.94 17.12 24.86 25.23 19.11 15.5 0 
Dimension>33
Bandera>10
Fitness Greedy Costo>291.06
Solucion Greedy Costo>6 1 7 2 0 3 4 5 11 0 8 16 9 17 0 10 15 14 13 0 12 0 0 0 0 0 0 0 0 0 0 0 0 
Linea Vacia>
Matriz de Costos>
0 12.46 18.54 16.24 28.52 42.43 7.04 13.49 17.54 31.95 38.65 31.87 47.56 47.97 49.41 45.82 29.57 
12.36 0 7.15 22 35.45 55.27 5.47 2.71 30.2 43.1 50.39 44.62 60.85 61.21 60.48 57.79 40.74 
17.59 7.62 0 27.8 40.33 60.7 10.24 3.98 34.96 46.18 52.6 50.06 65.62 66.03 63.54 59.99 43.82 
16.09 23.42 27.89 0 13.93 32.58 20.35 24.56 26 34.74 43.81 34.36 45.63 49.7 51.86 48.28 34.68 
28.53 35.44 44.24 13.97 0 19.06 36.02 36.57 26.78 29.22 36.43 24.79 33.84 37.93 43.89 40.3 29.16 
41.57 55.08 60.37 32.6 19.58 0 49.47 55.87 31.02 32.15 36.39 16.73 18.31 22.76 32.58 30.79 32.09 
9.2 5.55 11.13 20.13 33.61 51.96 0 6.69 27.17 40.67 47.1 41.45 57.07 57.48 58.06 54.51 38.31 
16.05 6.07 5.17 25.79 39.56 58.8 9.45 0 33.04 44.26 50.69 48.14 63.72 64.13 61.64 58.09 41.9 
17.77 26.75 32.1 25.77 28.53 34.5 23.34 27.55 0 16.26 22.89 23.92 36.61 36.97 33.8 30.22 13.88 
32.24 42.08 47.4 37.11 33.71 31.02 39.99 42.88 15.51 0 7.26 17.18 24.92 25.25 18.47 14.86 0.09 
37.8 47.49 52.8 42.67 38.27 36.6 45.39 48.28 21.61 7.27 0 21.66 27.88 24.29 16.66 11.02 7.92 
Dimension>33
Bandera>10
Fitness Greedy Costo>291.06
Solucion Greedy Costo>6 1 7 2 0 3 4 5 11 0 8 16 9 17 0 10 15 14 13 0 12 0 0 0 0 0 0 0 0 0 0 0 0 
Linea Vacia>
0 12.46 18.54 16.24 28.52 42.43 7.04 13.49 17.54 31.95 38.65 31.87 47.56 47.97 49.41 45.82 29.57 
12.36 0 7.15 22 35.45 55.27 5.47 2.71 30.2 43.1 50.39 44.62 60.85 61.21 60.48 57.79 40.74 
17.59 7.62 0 27.8 40.33 60.7 10.24 3.98 34.96 46.18 52.6 50.06 65.62 66.03 63.54 59.99 43.82 
16.09 23.42 27.89 0 13.93 32.58 20.35 24.56 26 34.74 43.81 34.36 45.63 49.7 51.86 48.28 34.68 
28.53 35.44 44.24 13.97 0 19.06 36.02 36.57 26.78 29.22 36.43 24.79 33.84 37.93 43.89 40.3 29.16 
41.57 55.08 60.37 32.6 19.58 0 49.47 55.87 31.02 32.15 36.39 16.73 18.31 22.76 32.58 30.79 32.09 
9.2 5.55 11.13 20.13 33.61 51.96 0 6.69 27.17 40.67 47.1 41.45 57.07 57.48 58.06 54.51 38.31 
16.05 6.07 5.17 25.79 39.56 58.8 9.45 0 33.04 44.26 50.69 48.14 63.72 64.13 61.64 58.09 41.9 
17.77 26.75 32.1 25.77 28.53 34.5 23.34 27.55 0 16.26 22.89 23.92 36.61 36.97 33.8 30.22 13.88 
32.24 42.08 47.4 37.11 33.71 31.02 39.99 42.88 15.51 0 7.26 17.18 24.92 25.25 18.47 14.86 0.09 
37.8 47.49 52.8 42.67 38.27 36.6 45.39 48.28 21.61 7.27 0 21.66 27.88 24.29 16.66 11.02 7.92 
30.38 43.38 49.66 34.04 23.02 17.01 38.32 44.69 19.19 15.33 19.04 0 17.74 19.8 21.26 17.64 15.27 
46.86 60.35 65.63 45.75 32.72 17.16 55.02 61.14 34.62 24.23 27.8 14.68 0 9.64 18.89 21.25 24.17 
48.04 61.53 66.81 50.22 37.21 26.62 55.92 62.32 35.8 25.14 24.07 17.72 9.66 0 9.41 16.81 25.36 
49.57 59.21 64.5 54.42 42.49 34.74 57.13 60 33.45 18.45 17.2 21.53 18.88 9.39 0 10.1 19.08 
45.98 55.65 60.94 50.84 38.89 34.76 53.56 56.44 29.85 14.82 10.92 19.02 21.21 16.87 10.07 0 15.46 
29.77 39.48 44.81 34.64 33.65 30.96 37.38 40.28 13.55 0.09 7.94 17.12 24.86 25.23 19.11 15.5 0 
Dimension>33
Bandera>10
Fitness Greedy Costo>291.06
Solucion Greedy Costo>6 1 7 2 0 3 4 5 11 0 8 16 9 17 0 10 15 14 13 0 12 0 0 0 0 0 0 0 0 0 0 0 0 
Linea Vacia>
Matriz de Costos>
0 12.46 18.54 16.24 28.52 42.43 7.04 13.49 17.54 31.95 38.65 31.87 47.56 47.97 49.41 45.82 29.57 
12.36 0 7.15 22 35.45 55.27 5.47 2.71 30.2 43.1 50.39 44.62 60.85 61.21 60.48 57.79 40.74 
17.59 7.62 0 27.8 40.33 60.7 10.24 3.98 34.96 46.18 52.6 50.06 65.62 66.03 63.54 59.99 43.82 
16.09 23.42 27.89 0 13.93 32.58 20.35 24.56 26 34.74 43.81 34.36 45.63 49.7 51.86 48.28 34.68 
28.53 35.44 44.24 13.97 0 19.06 36.02 36.57 26.78 29.22 36.43 24.79 33.84 37.93 43.89 40.3 29.16 
41.57 55.08 60.37 32.6 19.58 0 49.47 55.87 31.02 32.15 36.39 16.73 18.31 22.76 32.58 30.79 32.09 
9.2 5.55 11.13 20.13 33.61 51.96 0 6.69 27.17 40.67 47.1 41.45 57.07 57.48 58.06 54.51 38.31 
16.05 6.07 5.17 25.79 39.56 58.8 9.45 0 33.04 44.26 50.69 48.14 63.72 64.13 61.64 58.09 41.9 
17.77 26.75 32.1 25.77 28.53 34.5 23.34 27.55 0 16.26 22.89 23.92 36.61 36.97 33.8 30.22 13.88 
32.24 42.08 47.4 37.11 33.71 31.02 39.99 42.88 15.51 0 7.26 17.18 24.92 25.25 18.47 14.86 0.09 
37.8 47.49 52.8 42.67 38.27 36.6 45.39 48.28 21.61 7.27 0 21.66 27.88 24.29 16.66 11.02 7.92 
30.38 43.38 49.66 34.04 23.02 17.01 38.32 44.69 19.19 15.33 19.04 0 17.74 19.8 21.26 17.64 15.27 
46.86 60.35 65.63 45.75 32.72 17.16 55.02 61.14 34.62 24.23 27.8 14.68 0 9.64 18.89 21.25 24.17 
48.04 61.53 66.81 50.22 37.21 26.62 55.92 62.32 35.8 25.14 24.07 17.72 9.66 0 9.41 16.81 25.36 
49.57 59.21 64.5 54.42 42.49 34.74 57.13 60 33.45 18.45 17.2 21.53 18.88 9.39 0 10.1 19.08 
45.98 55.65 60.94 50.84 38.89 34.76 53.56 56.44 29.85 14.82 10.92 19.02 21.21 16.87 10.07 0 15.46 
29.77 39.48 44.81 34.64 33.65 30.96 37.38 40.28 13.55 0.09 7.94 17.12 24.86 25.23 19.11 15.5 0 
Dimension>33
Bandera>10
Fitness Greedy Costo>291.06
Solucion Greedy Costo>6 1 7 2 0 3 4 5 11 0 8 16 9 17 0 10 15 14 13 0 12 0 0 0 0 0 0 0 0 0 0 0 0 
Linea Vacia>
Matriz de Costos>
0 12.46 18.54 16.24 28.52 42.43 7.04 13.49 17.54 31.95 38.65 31.87 47.56 47.97 49.41 45.82 29.57 
12.36 0 7.15 22 35.45 55.27 5.47 2.71 30.2 43.1 50.39 44.62 60.85 61.21 60.48 57.79 40.74 
17.59 7.62 0 27.8 40.33 60.7 10.24 3.98 34.96 46.18 52.6 50.06 65.62 66.03 63.54 59.99 43.82 
16.09 23.42 27.89 0 13.93 32.58 20.35 24.56 26 34.74 43.81 34.36 45.63 49.7 51.86 48.28 34.68 
28.53 35.44 44.24 13.97 0 19.06 36.02 36.57 26.78 29.22 36.43 24.79 33.84 37.93 43.89 40.3 29.16 
41.57 55.08 60.37 32.6 19.58 0 49.47 55.87 31.02 32.15 36.39 16.73 18.31 22.76 32.58 30.79 32.09 
9.2 5.55 11.13 20.13 33.61 51.96 0 6.69 27.17 40.67 47.1 41.45 57.07 57.48 58.06 54.51 38.31 
16.05 6.07 5.17 25.79 39.56 58.8 9.45 0 33.04 44.26 50.69 48.14 63.72 64.13 61.64 58.09 41.9 
17.77 26.75 32.1 25.77 28.53 34.5 23.34 27.55 0 16.26 22.89 23.92 36.61 36.97 33.8 30.22 13.88 
32.24 42.08 47.4 37.11 33.71 31.02 39.99 42.88 15.51 0 7.26 17.18 24.92 25.25 18.47 14.86 0.09 
37.8 47.49 52.8 42.67 38.27 36.6 45.39 48.28 21.61 7.27 0 21.66 27.88 24.29 16.66 11.02 7.92 
30.38 43.38 49.66 34.04 23.02 17.01 38.32 44.69 19.19 15.33 19.04 0 17.74 19.8 21.26 17.64 15.27 
46.86 60.35 65.63 45.75 32.72 17.16 55.02 61.14 34.62 24.23 27.8 14.68 0 9.64 18.89 21.25 24.17 
48.04 61.53 66.81 50.22 37.21 26.62 55.92 62.32 35.8 25.14 24.07 17.72 9.66 0 9.41 16.81 25.36 
49.57 59.21 64.5 54.42 42.49 34.74 57.13 60 33.45 18.45 17.2 21.53 18.88 9.39 0 10.1 19.08 
45.98 55.65 60.94 50.84 38.89 34.76 53.56 56.44 29.85 14.82 10.92 19.02 21.21 16.87 10.07 0 15.46 
29.77 39.48 44.81 34.64 33.65 30.96 37.38 40.28 13.55 0.09 7.94 17.12 24.86 25.23 19.11 15.5 0 
Solucion Greedy Costo>6 1 7 2 0 3 4 5 11 0 8 16 9 17 0 10 15 14 13 0 12 0 0 0 0 0 0 0 0 0 0 0 0 
Linea Vacia>
Matriz de Costos>
0 12.46 18.54 16.24 28.52 42.43 7.04 13.49 17.54 31.95 38.65 31.87 47.56 47.97 49.41 45.82 29.57 
12.36 0 7.15 22 35.45 55.27 5.47 2.71 30.2 43.1 50.39 44.62 60.85 61.21 60.48 57.79 40.74 
17.59 7.62 0 27.8 40.33 60.7 10.24 3.98 34.96 46.18 52.6 50.06 65.62 66.03 63.54 59.99 43.82 
16.09 23.42 27.89 0 13.93 32.58 20.35 24.56 26 34.74 43.81 34.36 45.63 49.7 51.86 48.28 34.68 
28.53 35.44 44.24 13.97 0 19.06 36.02 36.57 26.78 29.22 36.43 24.79 33.84 37.93 43.89 40.3 29.16 
41.57 55.08 60.37 32.6 19.58 0 49.47 55.87 31.02 32.15 36.39 16.73 18.31 22.76 32.58 30.79 32.09 
9.2 5.55 11.13 20.13 33.61 51.96 0 6.69 27.17 40.67 47.1 41.45 57.07 57.48 58.06 54.51 38.31 
16.05 6.07 5.17 25.79 39.56 58.8 9.45 0 33.04 44.26 50.69 48.14 63.72 64.13 61.64 58.09 41.9 
17.77 26.75 32.1 25.77 28.53 34.5 23.34 27.55 0 16.26 22.89 23.92 36.61 36.97 33.8 30.22 13.88 
32.24 42.08 47.4 37.11 33.71 31.02 39.99 42.88 15.51 0 7.26 17.18 24.92 25.25 18.47 14.86 0.09 
37.8 47.49 52.8 42.67 38.27 36.6 45.39 48.28 21.61 7.27 0 21.66 27.88 24.29 16.66 11.02 7.92 
30.38 43.38 49.66 34.04 23.02 17.01 38.32 44.69 19.19 15.33 19.04 0 17.74 19.8 21.26 17.64 15.27 
46.86 60.35 65.63 45.75 32.72 17.16 55.02 61.14 34.62 24.23 27.8 14.68 0 9.64 18.89 21.25 24.17 
48.04 61.53 66.81 50.22 37.21 26.62 55.92 62.32 35.8 25.14 24.07 17.72 9.66 0 9.41 16.81 25.36 
49.57 59.21 64.5 54.42 42.49 34.74 57.13 60 33.45 18.45 17.2 21.53 18.88 9.39 0 10.1 19.08 
45.98 55.65 60.94 50.84 38.89 34.76 53.56 56.44 29.85 14.82 10.92 19.02 21.21 16.87 10.07 0 15.46 
29.77 39.48 44.81 34.64 33.65 30.96 37.38 40.28 13.55 0.09 7.94 17.12 24.86 25.23 19.11 15.5 0 
Dimension>33
Bandera>10
Fitness Greedy Costo>291.06
Solucion Greedy Costo>6 1 7 2 0 3 4 5 11 0 8 16 9 17 0 10 15 14 13 0 12 0 0 0 0 0 0 0 0 0 0 0 0 
Linea Vacia>
Matriz de Costos>
0 12.46 18.54 16.24 28.52 42.43 7.04 13.49 17.54 31.95 38.65 31.87 47.56 47.97 49.41 45.82 29.57 
12.36 0 7.15 22 35.45 55.27 5.47 2.71 30.2 43.1 50.39 44.62 60.85 61.21 60.48 57.79 40.74 
17.59 7.62 0 27.8 40.33 60.7 10.24 3.98 34.96 46.18 52.6 50.06 65.62 66.03 63.54 59.99 43.82 
16.09 23.42 27.89 0 13.93 32.58 20.35 24.56 26 34.74 43.81 34.36 45.63 49.7 51.86 48.28 34.68 
28.53 35.44 44.24 13.97 0 19.06 36.02 36.57 26.78 29.22 36.43 24.79 33.84 37.93 43.89 40.3 29.16 
41.57 55.08 60.37 32.6 19.58 0 49.47 55.87 31.02 32.15 36.39 16.73 18.31 22.76 32.58 30.79 32.09 
9.2 5.55 11.13 20.13 33.61 51.96 0 6.69 27.17 40.67 47.1 41.45 57.07 57.48 58.06 54.51 38.31 
16.05 6.07 5.17 25.79 39.56 58.8 9.45 0 33.04 44.26 50.69 48.14 63.72 64.13 61.64 58.09 41.9 
17.77 26.75 32.1 25.77 28.53 34.5 23.34 27.55 0 16.26 22.89 23.92 36.61 36.97 33.8 30.22 13.88 
32.24 42.08 47.4 37.11 33.71 31.02 39.99 42.88 15.51 0 7.26 17.18 24.92 25.25 18.47 14.86 0.09 
37.8 47.49 52.8 42.67 38.27 36.6 45.39 48.28 21.61 7.27 0 21.66 27.88 24.29 16.66 11.02 7.92 
30.38 43.38 49.66 34.04 23.02 17.01 38.32 44.69 19.19 15.33 19.04 0 17.74 19.8 21.26 17.64 15.27 
46.86 60.35 65.63 45.75 32.72 17.16 55.02 61.14 34.62 24.23 27.8 14.68 0 9.64 18.89 21.25 24.17 
48.04 61.53 66.81 50.22 37.21 26.62 55.92 62.32 35.8 25.14 24.07 17.72 9.66 0 9.41 16.81 25.36 
49.57 59.21 64.5 54.42 42.49 34.74 57.13 60 33.45 18.45 17.2 21.53 18.88 9.39 0 10.1 19.08 
45.98 55.65 60.94 50.84 38.89 34.76 53.56 56.44 29.85 14.82 10.92 19.02 21.21 16.87 10.07 0 15.46 
29.77 39.48 44.81 34.64 33.65 30.96 37.38 40.28 13.55 0.09 7.94 17.12 24.86 25.23 19.11 15.5 0 
Dimension>33
Bandera>10
Fitness Greedy Costo>291.06
Solucion Greedy Costo>6 1 7 2 0 3 4 5 11 0 8 16 9 17 0 10 15 14 13 0 12 0 0 0 0 0 0 0 0 0 0 0 0 
Linea Vacia>
Matriz de Costos>
0 12.46 18.54 16.24 28.52 42.43 7.04 13.49 17.54 31.95 38.65 31.87 47.56 47.97 49.41 45.82 29.57 
12.36 0 7.15 22 35.45 55.27 5.47 2.71 30.2 43.1 50.39 44.62 60.85 61.21 60.48 57.79 40.74 
17.59 7.62 0 27.8 40.33 60.7 10.24 3.98 34.96 46.18 52.6 50.06 65.62 66.03 63.54 59.99 43.82 
16.09 23.42 27.89 0 13.93 32.58 20.35 24.56 26 34.74 43.81 34.36 45.63 49.7 51.86 48.28 34.68 
28.53 35.44 44.24 13.97 0 19.06 36.02 36.57 26.78 29.22 36.43 24.79 33.84 37.93 43.89 40.3 29.16 
41.57 55.08 60.37 32.6 19.58 0 49.47 55.87 31.02 32.15 36.39 16.73 18.31 22.76 32.58 30.79 32.09 
9.2 5.55 11.13 20.13 33.61 51.96 0 6.69 27.17 40.67 47.1 41.45 57.07 57.48 58.06 54.51 38.31 
16.05 6.07 5.17 25.79 39.56 58.8 9.45 0 33.04 44.26 50.69 48.14 63.72 64.13 61.64 58.09 41.9 
17.77 26.75 32.1 25.77 28.53 34.5 23.34 27.55 0 16.26 22.89 23.92 36.61 36.97 33.8 30.22 13.88 
32.24 42.08 47.4 37.11 33.71 31.02 39.99 42.88 15.51 0 7.26 17.18 24.92 25.25 18.47 14.86 0.09 
37.8 47.49 52.8 42.67 38.27 36.6 45.39 48.28 21.61 7.27 0 21.66 27.88 24.29 16.66 11.02 7.92 
30.38 43.38 49.66 34.04 23.02 17.01 38.32 44.69 19.19 15.33 19.04 0 17.74 19.8 21.26 17.64 15.27 
46.86 60.35 65.63 45.75 32.72 17.16 55.02 61.14 34.62 24.23 27.8 14.68 0 9.64 18.89 21.25 24.17 
48.04 61.53 66.81 50.22 37.21 26.62 55.92 62.32 35.8 25.14 24.07 17.72 9.66 0 9.41 16.81 25.36 
49.57 59.21 64.5 54.42 42.49 34.74 57.13 60 33.45 18.45 17.2 21.53 18.88 9.39 0 10.1 19.08 
45.98 55.65 60.94 50.84 38.89 34.76 53.56 56.44 29.85 14.82 10.92 19.02 21.21 16.87 10.07 0 15.46 
29.77 39.48 44.81 34.64 33.65 30.96 37.38 40.28 13.55 0.09 7.94 17.12 24.86 25.23 19.11 15.5 0 
Dimension>33
Bandera>10
Fitness Greedy Costo>291.06
Solucion Greedy Costo>6 1 7 2 0 3 4 5 11 0 8 16 9 17 0 10 15 14 13 0 12 0 0 0 0 0 0 0 0 0 0 0 0 
Linea Vacia>
Matriz de Costos>
0 12.46 18.54 16.24 28.52 42.43 7.04 13.49 17.54 31.95 38.65 31.87 47.56 47.97 49.41 45.82 29.57 
12.36 0 7.15 22 35.45 55.27 5.47 2.71 30.2 43.1 50.39 44.62 60.85 61.21 60.48 57.79 40.74 
17.59 7.62 0 27.8 40.33 60.7 10.24 3.98 34.96 46.18 52.6 50.06 65.62 66.03 63.54 59.99 43.82 
30.38 43.38 49.66 34.04 23.02 17.01 38.32 44.69 19.19 15.33 19.04 0 17.74 19.8 21.26 17.64 15.27 
46.86 60.35 65.63 45.75 32.72 17.16 55.02 61.14 34.62 24.23 27.8 14.68 0 9.64 18.89 21.25 24.17 
48.04 61.53 66.81 50.22 37.21 26.62 55.92 62.32 35.8 25.14 24.07 17.72 9.66 0 9.41 16.81 25.36 
49.57 59.21 64.5 54.42 42.49 34.74 57.13 60 33.45 18.45 17.2 21.53 18.88 9.39 0 10.1 19.08 
45.98 55.65 60.94 50.84 38.89 34.76 53.56 56.44 29.85 14.82 10.92 19.02 21.21 16.87 10.07 0 15.46 
29.77 39.48 44.81 34.64 33.65 30.96 37.38 40.28 13.55 0.09 7.94 17.12 24.86 25.23 19.11 15.5 0 
Dimension>33
Bandera>10
Fitness Greedy Costo>291.06
Dimension>33
Bandera>10
Fitness Greedy Costo>291.06
Solucion Greedy Costo>6 1 7 2 0 3 4 5 11 0 8 16 9 17 0 10 15 14 13 0 12 0 0 0 0 0 0 0 0 0 0 0 0 
Linea Vacia>
Dimension>33
Bandera>10
Fitness Greedy Costo>291.06
Solucion Greedy Costo>6 1 7 2 0 3 4 5 11 0 8 16 9 17 0 10 15 14 13 0 12 0 0 0 0 0 0 0 0 0 0 0 0 
Linea Vacia>
Matriz de Costos>
0 12.46 18.54 16.24 28.52 42.43 7.04 13.49 17.54 31.95 38.65 31.87 47.56 47.97 49.41 45.82 29.57 
12.36 0 7.15 22 35.45 55.27 5.47 2.71 30.2 43.1 50.39 44.62 60.85 61.21 60.48 57.79 40.74 
Solucion Greedy Costo>6 1 7 2 0 3 4 5 11 0 8 16 9 17 0 10 15 14 13 0 12 0 0 0 0 0 0 0 0 0 0 0 0 
Linea Vacia>
16.09 23.42 27.89 0 13.93 32.58 20.35 24.56 26 34.74 43.81 34.36 45.63 49.7 51.86 48.28 34.68 
28.53 35.44 44.24 13.97 0 19.06 36.02 36.57 26.78 29.22 36.43 24.79 33.84 37.93 43.89 40.3 29.16 
41.57 55.08 60.37 32.6 19.58 0 49.47 55.87 31.02 32.15 36.39 16.73 18.31 22.76 32.58 30.79 32.09 
9.2 5.55 11.13 20.13 33.61 51.96 0 6.69 27.17 40.67 47.1 41.45 57.07 57.48 58.06 54.51 38.31 
16.05 6.07 5.17 25.79 39.56 58.8 9.45 0 33.04 44.26 50.69 48.14 63.72 64.13 61.64 58.09 41.9 
17.77 26.75 32.1 25.77 28.53 34.5 23.34 27.55 0 16.26 22.89 23.92 36.61 36.97 33.8 30.22 13.88 
32.24 42.08 47.4 37.11 33.71 31.02 39.99 42.88 15.51 0 7.26 17.18 24.92 25.25 18.47 14.86 0.09 
37.8 47.49 52.8 42.67 38.27 36.6 45.39 48.28 21.61 7.27 0 21.66 27.88 24.29 16.66 11.02 7.92 
30.38 43.38 49.66 34.04 23.02 17.01 38.32 44.69 19.19 15.33 19.04 0 17.74 19.8 21.26 17.64 15.27 
Dimension>33
Bandera>10
Fitness Greedy Costo>291.06
Solucion Greedy Costo>6 1 7 2 0 3 4 5 11 0 8 16 9 17 0 10 15 14 13 0 12 0 0 0 0 0 0 0 0 0 0 0 0 
Linea Vacia>
17.59 7.62 0 27.8 40.33 60.7 10.24 3.98 34.96 46.18 52.6 50.06 65.62 66.03 63.54 59.99 43.82 
16.09 23.42 27.89 0 13.93 32.58 20.35 24.56 26 34.74 43.81 34.36 45.63 49.7 51.86 48.28 34.68 
28.53 35.44 44.24 13.97 0 19.06 36.02 36.57 26.78 29.22 36.43 24.79 33.84 37.93 43.89 40.3 29.16 
41.57 55.08 60.37 32.6 19.58 0 49.47 55.87 31.02 32.15 36.39 16.73 18.31 22.76 32.58 30.79 32.09 
Matriz de Costos>
0 12.46 18.54 16.24 28.52 42.43 7.04 13.49 17.54 31.95 38.65 31.87 47.56 47.97 49.41 45.82 29.57 
12.36 0 7.15 22 35.45 55.27 5.47 2.71 30.2 43.1 50.39 44.62 60.85 61.21 60.48 57.79 40.74 
17.59 7.62 0 27.8 40.33 60.7 10.24 3.98 34.96 46.18 52.6 50.06 65.62 66.03 63.54 59.99 43.82 
16.09 23.42 27.89 0 13.93 32.58 20.35 24.56 26 34.74 43.81 34.36 45.63 49.7 51.86 48.28 34.68 
46.86 60.35 65.63 45.75 32.72 17.16 55.02 61.14 34.62 24.23 27.8 14.68 0 9.64 18.89 21.25 24.17 
48.04 61.53 66.81 50.22 37.21 26.62 55.92 62.32 35.8 25.14 24.07 17.72 9.66 0 9.41 16.81 25.36 
49.57 59.21 64.5 54.42 42.49 34.74 57.13 60 33.45 18.45 17.2 21.53 18.88 9.39 0 10.1 19.08 
45.98 55.65 60.94 50.84 38.89 34.76 53.56 56.44 29.85 14.82 10.92 19.02 21.21 16.87 10.07 0 15.46 
29.77 39.48 44.81 34.64 33.65 30.96 37.38 40.28 13.55 0.09 7.94 17.12 24.86 25.23 19.11 15.5 0 
28.53 35.44 44.24 13.97 0 19.06 36.02 36.57 26.78 29.22 36.43 24.79 33.84 37.93 43.89 40.3 29.16 
41.57 55.08 60.37 32.6 19.58 0 49.47 55.87 31.02 32.15 36.39 16.73 18.31 22.76 32.58 30.79 32.09 
9.2 5.55 11.13 20.13 33.61 51.96 0 6.69 27.17 40.67 47.1 41.45 57.07 57.48 58.06 54.51 38.31 
Matriz de Costos>
0 12.46 18.54 16.24 28.52 42.43 7.04 13.49 17.54 31.95 38.65 31.87 47.56 47.97 49.41 45.82 29.57 
12.36 0 7.15 22 35.45 55.27 5.47 2.71 30.2 43.1 50.39 44.62 60.85 61.21 60.48 57.79 40.74 
17.59 7.62 0 27.8 40.33 60.7 10.24 3.98 34.96 46.18 52.6 50.06 65.62 66.03 63.54 59.99 43.82 
16.09 23.42 27.89 0 13.93 32.58 20.35 24.56 26 34.74 43.81 34.36 45.63 49.7 51.86 48.28 34.68 
28.53 35.44 44.24 13.97 0 19.06 36.02 36.57 26.78 29.22 36.43 24.79 33.84 37.93 43.89 40.3 29.16 
9.2 5.55 11.13 20.13 33.61 51.96 0 6.69 27.17 40.67 47.1 41.45 57.07 57.48 58.06 54.51 38.31 
16.05 6.07 5.17 25.79 39.56 58.8 9.45 0 33.04 44.26 50.69 48.14 63.72 64.13 61.64 58.09 41.9 
17.77 26.75 32.1 25.77 28.53 34.5 23.34 27.55 0 16.26 22.89 23.92 36.61 36.97 33.8 30.22 13.88 
32.24 42.08 47.4 37.11 33.71 31.02 39.99 42.88 15.51 0 7.26 17.18 24.92 25.25 18.47 14.86 0.09 
37.8 47.49 52.8 42.67 38.27 36.6 45.39 48.28 21.61 7.27 0 21.66 27.88 24.29 16.66 11.02 7.92 
30.38 43.38 49.66 34.04 23.02 17.01 38.32 44.69 19.19 15.33 19.04 0 17.74 19.8 21.26 17.64 15.27 
Matriz de Costos>
0 12.46 18.54 16.24 28.52 42.43 7.04 13.49 17.54 31.95 38.65 31.87 47.56 47.97 49.41 45.82 29.57 
12.36 0 7.15 22 35.45 55.27 5.47 2.71 30.2 43.1 50.39 44.62 60.85 61.21 60.48 57.79 40.74 
17.59 7.62 0 27.8 40.33 60.7 10.24 3.98 34.96 46.18 52.6 50.06 65.62 66.03 63.54 59.99 43.82 
16.09 23.42 27.89 0 13.93 32.58 20.35 24.56 26 34.74 43.81 34.36 45.63 49.7 51.86 48.28 34.68 
28.53 35.44 44.24 13.97 0 19.06 36.02 36.57 26.78 29.22 36.43 24.79 33.84 37.93 43.89 40.3 29.16 
16.05 6.07 5.17 25.79 39.56 58.8 9.45 0 33.04 44.26 50.69 48.14 63.72 64.13 61.64 58.09 41.9 
17.77 26.75 32.1 25.77 28.53 34.5 23.34 27.55 0 16.26 22.89 23.92 36.61 36.97 33.8 30.22 13.88 
32.24 42.08 47.4 37.11 33.71 31.02 39.99 42.88 15.51 0 7.26 17.18 24.92 25.25 18.47 14.86 0.09 
37.8 47.49 52.8 42.67 38.27 36.6 45.39 48.28 21.61 7.27 0 21.66 27.88 24.29 16.66 11.02 7.92 
30.38 43.38 49.66 34.04 23.02 17.01 38.32 44.69 19.19 15.33 19.04 0 17.74 19.8 21.26 17.64 15.27 
Matriz de Costos>
0 12.46 18.54 16.24 28.52 42.43 7.04 13.49 17.54 31.95 38.65 31.87 47.56 47.97 49.41 45.82 29.57 
12.36 0 7.15 22 35.45 55.27 5.47 2.71 30.2 43.1 50.39 44.62 60.85 61.21 60.48 57.79 40.74 
17.59 7.62 0 27.8 40.33 60.7 10.24 3.98 34.96 46.18 52.6 50.06 65.62 66.03 63.54 59.99 43.82 
16.09 23.42 27.89 0 13.93 32.58 20.35 24.56 26 34.74 43.81 34.36 45.63 49.7 51.86 48.28 34.68 
28.53 35.44 44.24 13.97 0 19.06 36.02 36.57 26.78 29.22 36.43 24.79 33.84 37.93 43.89 40.3 29.16 
41.57 55.08 60.37 32.6 19.58 0 49.47 55.87 31.02 32.15 36.39 16.73 18.31 22.76 32.58 30.79 32.09 
46.86 60.35 65.63 45.75 32.72 17.16 55.02 61.14 34.62 24.23 27.8 14.68 0 9.64 18.89 21.25 24.17 
48.04 61.53 66.81 50.22 37.21 26.62 55.92 62.32 35.8 25.14 24.07 17.72 9.66 0 9.41 16.81 25.36 
49.57 59.21 64.5 54.42 42.49 34.74 57.13 60 33.45 18.45 17.2 21.53 18.88 9.39 0 10.1 19.08 
45.98 55.65 60.94 50.84 38.89 34.76 53.56 56.44 29.85 14.82 10.92 19.02 21.21 16.87 10.07 0 15.46 
41.57 55.08 60.37 32.6 19.58 0 49.47 55.87 31.02 32.15 36.39 16.73 18.31 22.76 32.58 30.79 32.09 
9.2 5.55 11.13 20.13 33.61 51.96 0 6.69 27.17 40.67 47.1 41.45 57.07 57.48 58.06 54.51 38.31 
16.05 6.07 5.17 25.79 39.56 58.8 9.45 0 33.04 44.26 50.69 48.14 63.72 64.13 61.64 58.09 41.9 
17.77 26.75 32.1 25.77 28.53 34.5 23.34 27.55 0 16.26 22.89 23.92 36.61 36.97 33.8 30.22 13.88 
32.24 42.08 47.4 37.11 33.71 31.02 39.99 42.88 15.51 0 7.26 17.18 24.92 25.25 18.47 14.86 0.09 
37.8 47.49 52.8 42.67 38.27 36.6 45.39 48.28 21.61 7.27 0 21.66 27.88 24.29 16.66 11.02 7.92 
30.38 43.38 49.66 34.04 23.02 17.01 38.32 44.69 19.19 15.33 19.04 0 17.74 19.8 21.26 17.64 15.27 
46.86 60.35 65.63 45.75 32.72 17.16 55.02 61.14 34.62 24.23 27.8 14.68 0 9.64 18.89 21.25 24.17 
9.2 5.55 11.13 20.13 33.61 51.96 0 6.69 27.17 40.67 47.1 41.45 57.07 57.48 58.06 54.51 38.31 
16.05 6.07 5.17 25.79 39.56 58.8 9.45 0 33.04 44.26 50.69 48.14 63.72 64.13 61.64 58.09 41.9 
17.77 26.75 32.1 25.77 28.53 34.5 23.34 27.55 0 16.26 22.89 23.92 36.61 36.97 33.8 30.22 13.88 
32.24 42.08 47.4 37.11 33.71 31.02 39.99 42.88 15.51 0 7.26 17.18 24.92 25.25 18.47 14.86 0.09 
37.8 47.49 52.8 42.67 38.27 36.6 45.39 48.28 21.61 7.27 0 21.66 27.88 24.29 16.66 11.02 7.92 
30.38 43.38 49.66 34.04 23.02 17.01 38.32 44.69 19.19 15.33 19.04 0 17.74 19.8 21.26 17.64 15.27 
Dimension>33
Bandera>10
Fitness Greedy Costo>291.06
Solucion Greedy Costo>6 1 7 2 0 3 4 5 11 0 8 16 9 17 0 10 15 14 13 0 12 0 0 0 0 0 0 0 0 0 0 0 0 
Linea Vacia>
Dimension>33
Bandera>10
Fitness Greedy Costo>291.06
Solucion Greedy Costo>6 1 7 2 0 3 4 5 11 0 8 16 9 17 0 10 15 14 13 0 12 0 0 0 0 0 0 0 0 0 0 0 0 
Linea Vacia>
Dimension>33
Bandera>10
Fitness Greedy Costo>291.06
Solucion Greedy Costo>6 1 7 2 0 3 4 5 11 0 8 16 9 17 0 10 15 14 13 0 12 0 0 0 0 0 0 0 0 0 0 0 0 
Linea Vacia>
29.77 39.48 44.81 34.64 33.65 30.96 37.38 40.28 13.55 0.09 7.94 17.12 24.86 25.23 19.11 15.5 0 
41.57 55.08 60.37 32.6 19.58 0 49.47 55.87 31.02 32.15 36.39 16.73 18.31 22.76 32.58 30.79 32.09 
9.2 5.55 11.13 20.13 33.61 51.96 0 6.69 27.17 40.67 47.1 41.45 57.07 57.48 58.06 54.51 38.31 
16.05 6.07 5.17 25.79 39.56 58.8 9.45 0 33.04 44.26 50.69 48.14 63.72 64.13 61.64 58.09 41.9 
17.77 26.75 32.1 25.77 28.53 34.5 23.34 27.55 0 16.26 22.89 23.92 36.61 36.97 33.8 30.22 13.88 
32.24 42.08 47.4 37.11 33.71 31.02 39.99 42.88 15.51 0 7.26 17.18 24.92 25.25 18.47 14.86 0.09 
37.8 47.49 52.8 42.67 38.27 36.6 45.39 48.28 21.61 7.27 0 21.66 27.88 24.29 16.66 11.02 7.92 
30.38 43.38 49.66 34.04 23.02 17.01 38.32 44.69 19.19 15.33 19.04 0 17.74 19.8 21.26 17.64 15.27 
46.86 60.35 65.63 45.75 32.72 17.16 55.02 61.14 34.62 24.23 27.8 14.68 0 9.64 18.89 21.25 24.17 
48.04 61.53 66.81 50.22 37.21 26.62 55.92 62.32 35.8 25.14 24.07 17.72 9.66 0 9.41 16.81 25.36 
49.57 59.21 64.5 54.42 42.49 34.74 57.13 60 33.45 18.45 17.2 21.53 18.88 9.39 0 10.1 19.08 
46.86 60.35 65.63 45.75 32.72 17.16 55.02 61.14 34.62 24.23 27.8 14.68 0 9.64 18.89 21.25 24.17 
48.04 61.53 66.81 50.22 37.21 26.62 55.92 62.32 35.8 25.14 24.07 17.72 9.66 0 9.41 16.81 25.36 
49.57 59.21 64.5 54.42 42.49 34.74 57.13 60 33.45 18.45 17.2 21.53 18.88 9.39 0 10.1 19.08 
45.98 55.65 60.94 50.84 38.89 34.76 53.56 56.44 29.85 14.82 10.92 19.02 21.21 16.87 10.07 0 15.46 
29.77 39.48 44.81 34.64 33.65 30.96 37.38 40.28 13.55 0.09 7.94 17.12 24.86 25.23 19.11 15.5 0 
48.04 61.53 66.81 50.22 37.21 26.62 55.92 62.32 35.8 25.14 24.07 17.72 9.66 0 9.41 16.81 25.36 
49.57 59.21 64.5 54.42 42.49 34.74 57.13 60 33.45 18.45 17.2 21.53 18.88 9.39 0 10.1 19.08 
45.98 55.65 60.94 50.84 38.89 34.76 53.56 56.44 29.85 14.82 10.92 19.02 21.21 16.87 10.07 0 15.46 
29.77 39.48 44.81 34.64 33.65 30.96 37.38 40.28 13.55 0.09 7.94 17.12 24.86 25.23 19.11 15.5 0 
46.86 60.35 65.63 45.75 32.72 17.16 55.02 61.14 34.62 24.23 27.8 14.68 0 9.64 18.89 21.25 24.17 
48.04 61.53 66.81 50.22 37.21 26.62 55.92 62.32 35.8 25.14 24.07 17.72 9.66 0 9.41 16.81 25.36 
49.57 59.21 64.5 54.42 42.49 34.74 57.13 60 33.45 18.45 17.2 21.53 18.88 9.39 0 10.1 19.08 
45.98 55.65 60.94 50.84 38.89 34.76 53.56 56.44 29.85 14.82 10.92 19.02 21.21 16.87 10.07 0 15.46 
29.77 39.48 44.81 34.64 33.65 30.96 37.38 40.28 13.55 0.09 7.94 17.12 24.86 25.23 19.11 15.5 0 
45.98 55.65 60.94 50.84 38.89 34.76 53.56 56.44 29.85 14.82 10.92 19.02 21.21 16.87 10.07 0 15.46 
29.77 39.48 44.81 34.64 33.65 30.96 37.38 40.28 13.55 0.09 7.94 17.12 24.86 25.23 19.11 15.5 0 
Matriz de Costos>
0 12.46 18.54 16.24 28.52 42.43 7.04 13.49 17.54 31.95 38.65 31.87 47.56 47.97 49.41 45.82 29.57 
12.36 0 7.15 22 35.45 55.27 5.47 2.71 30.2 43.1 50.39 44.62 60.85 61.21 60.48 57.79 40.74 
17.59 7.62 0 27.8 40.33 60.7 10.24 3.98 34.96 46.18 52.6 50.06 65.62 66.03 63.54 59.99 43.82 
16.09 23.42 27.89 0 13.93 32.58 20.35 24.56 26 34.74 43.81 34.36 45.63 49.7 51.86 48.28 34.68 
28.53 35.44 44.24 13.97 0 19.06 36.02 36.57 26.78 29.22 36.43 24.79 33.84 37.93 43.89 40.3 29.16 
41.57 55.08 60.37 32.6 19.58 0 49.47 55.87 31.02 32.15 36.39 16.73 18.31 22.76 32.58 30.79 32.09 
9.2 5.55 11.13 20.13 33.61 51.96 0 6.69 27.17 40.67 47.1 41.45 57.07 57.48 58.06 54.51 38.31 
16.05 6.07 5.17 25.79 39.56 58.8 9.45 0 33.04 44.26 50.69 48.14 63.72 64.13 61.64 58.09 41.9 
17.77 26.75 32.1 25.77 28.53 34.5 23.34 27.55 0 16.26 22.89 23.92 36.61 36.97 33.8 30.22 13.88 
32.24 42.08 47.4 37.11 33.71 31.02 39.99 42.88 15.51 0 7.26 17.18 24.92 25.25 18.47 14.86 0.09 
37.8 47.49 52.8 42.67 38.27 36.6 45.39 48.28 21.61 7.27 0 21.66 27.88 24.29 16.66 11.02 7.92 
Dimension>33
Bandera>10
Fitness Greedy Costo>291.06
Solucion Greedy Costo>6 1 7 2 0 3 4 5 11 0 8 16 9 17 0 10 15 14 13 0 12 0 0 0 0 0 0 0 0 0 0 0 0 
Linea Vacia>
Matriz de Costos>
0 12.46 18.54 16.24 28.52 42.43 7.04 13.49 17.54 31.95 38.65 31.87 47.56 47.97 49.41 45.82 29.57 
Matriz de Costos>
0 12.46 18.54 16.24 28.52 42.43 7.04 13.49 17.54 31.95 38.65 31.87 47.56 47.97 49.41 45.82 29.57 
12.36 0 7.15 22 35.45 55.27 5.47 2.71 30.2 43.1 50.39 44.62 60.85 61.21 60.48 57.79 40.74 
17.59 7.62 0 27.8 40.33 60.7 10.24 3.98 34.96 46.18 52.6 50.06 65.62 66.03 63.54 59.99 43.82 
16.09 23.42 27.89 0 13.93 32.58 20.35 24.56 26 34.74 43.81 34.36 45.63 49.7 51.86 48.28 34.68 
28.53 35.44 44.24 13.97 0 19.06 36.02 36.57 26.78 29.22 36.43 24.79 33.84 37.93 43.89 40.3 29.16 
41.57 55.08 60.37 32.6 19.58 0 49.47 55.87 31.02 32.15 36.39 16.73 18.31 22.76 32.58 30.79 32.09 
9.2 5.55 11.13 20.13 33.61 51.96 0 6.69 27.17 40.67 47.1 41.45 57.07 57.48 58.06 54.51 38.31 
16.05 6.07 5.17 25.79 39.56 58.8 9.45 0 33.04 44.26 50.69 48.14 63.72 64.13 61.64 58.09 41.9 
30.38 43.38 49.66 34.04 23.02 17.01 38.32 44.69 19.19 15.33 19.04 0 17.74 19.8 21.26 17.64 15.27 
46.86 60.35 65.63 45.75 32.72 17.16 55.02 61.14 34.62 24.23 27.8 14.68 0 9.64 18.89 21.25 24.17 
48.04 61.53 66.81 50.22 37.21 26.62 55.92 62.32 35.8 25.14 24.07 17.72 9.66 0 9.41 16.81 25.36 
49.57 59.21 64.5 54.42 42.49 34.74 57.13 60 33.45 18.45 17.2 21.53 18.88 9.39 0 10.1 19.08 
12.36 0 7.15 22 35.45 55.27 5.47 2.71 30.2 43.1 50.39 44.62 60.85 61.21 60.48 57.79 40.74 
17.59 7.62 0 27.8 40.33 60.7 10.24 3.98 34.96 46.18 52.6 50.06 65.62 66.03 63.54 59.99 43.82 
16.09 23.42 27.89 0 13.93 32.58 20.35 24.56 26 34.74 43.81 34.36 45.63 49.7 51.86 48.28 34.68 
17.77 26.75 32.1 25.77 28.53 34.5 23.34 27.55 0 16.26 22.89 23.92 36.61 36.97 33.8 30.22 13.88 
32.24 42.08 47.4 37.11 33.71 31.02 39.99 42.88 15.51 0 7.26 17.18 24.92 25.25 18.47 14.86 0.09 
37.8 47.49 52.8 42.67 38.27 36.6 45.39 48.28 21.61 7.27 0 21.66 27.88 24.29 16.66 11.02 7.92 
30.38 43.38 49.66 34.04 23.02 17.01 38.32 44.69 19.19 15.33 19.04 0 17.74 19.8 21.26 17.64 15.27 
Matriz de Costos>
0 12.46 18.54 16.24 28.52 42.43 7.04 13.49 17.54 31.95 38.65 31.87 47.56 47.97 49.41 45.82 29.57 
12.36 0 7.15 22 35.45 55.27 5.47 2.71 30.2 43.1 50.39 44.62 60.85 61.21 60.48 57.79 40.74 
45.98 55.65 60.94 50.84 38.89 34.76 53.56 56.44 29.85 14.82 10.92 19.02 21.21 16.87 10.07 0 15.46 
29.77 39.48 44.81 34.64 33.65 30.96 37.38 40.28 13.55 0.09 7.94 17.12 24.86 25.23 19.11 15.5 0 
28.53 35.44 44.24 13.97 0 19.06 36.02 36.57 26.78 29.22 36.43 24.79 33.84 37.93 43.89 40.3 29.16 
41.57 55.08 60.37 32.6 19.58 0 49.47 55.87 31.02 32.15 36.39 16.73 18.31 22.76 32.58 30.79 32.09 
9.2 5.55 11.13 20.13 33.61 51.96 0 6.69 27.17 40.67 47.1 41.45 57.07 57.48 58.06 54.51 38.31 
16.05 6.07 5.17 25.79 39.56 58.8 9.45 0 33.04 44.26 50.69 48.14 63.72 64.13 61.64 58.09 41.9 
46.86 60.35 65.63 45.75 32.72 17.16 55.02 61.14 34.62 24.23 27.8 14.68 0 9.64 18.89 21.25 24.17 
48.04 61.53 66.81 50.22 37.21 26.62 55.92 62.32 35.8 25.14 24.07 17.72 9.66 0 9.41 16.81 25.36 
49.57 59.21 64.5 54.42 42.49 34.74 57.13 60 33.45 18.45 17.2 21.53 18.88 9.39 0 10.1 19.08 
45.98 55.65 60.94 50.84 38.89 34.76 53.56 56.44 29.85 14.82 10.92 19.02 21.21 16.87 10.07 0 15.46 
29.77 39.48 44.81 34.64 33.65 30.96 37.38 40.28 13.55 0.09 7.94 17.12 24.86 25.23 19.11 15.5 0 
Dimension>33
Bandera>10
Fitness Greedy Costo>291.06
Solucion Greedy Costo>6 1 7 2 0 3 4 5 11 0 8 16 9 17 0 10 15 14 13 0 12 0 0 0 0 0 0 0 0 0 0 0 0 
Linea Vacia>
Dimension>33
Bandera>10
Fitness Greedy Costo>291.06
Solucion Greedy Costo>6 1 7 2 0 3 4 5 11 0 8 16 9 17 0 10 15 14 13 0 12 0 0 0 0 0 0 0 0 0 0 0 0 
Linea Vacia>
17.59 7.62 0 27.8 40.33 60.7 10.24 3.98 34.96 46.18 52.6 50.06 65.62 66.03 63.54 59.99 43.82 
16.09 23.42 27.89 0 13.93 32.58 20.35 24.56 26 34.74 43.81 34.36 45.63 49.7 51.86 48.28 34.68 
28.53 35.44 44.24 13.97 0 19.06 36.02 36.57 26.78 29.22 36.43 24.79 33.84 37.93 43.89 40.3 29.16 
41.57 55.08 60.37 32.6 19.58 0 49.47 55.87 31.02 32.15 36.39 16.73 18.31 22.76 32.58 30.79 32.09 
9.2 5.55 11.13 20.13 33.61 51.96 0 6.69 27.17 40.67 47.1 41.45 57.07 57.48 58.06 54.51 38.31 
16.05 6.07 5.17 25.79 39.56 58.8 9.45 0 33.04 44.26 50.69 48.14 63.72 64.13 61.64 58.09 41.9 
17.77 26.75 32.1 25.77 28.53 34.5 23.34 27.55 0 16.26 22.89 23.92 36.61 36.97 33.8 30.22 13.88 
32.24 42.08 47.4 37.11 33.71 31.02 39.99 42.88 15.51 0 7.26 17.18 24.92 25.25 18.47 14.86 0.09 
37.8 47.49 52.8 42.67 38.27 36.6 45.39 48.28 21.61 7.27 0 21.66 27.88 24.29 16.66 11.02 7.92 
30.38 43.38 49.66 34.04 23.02 17.01 38.32 44.69 19.19 15.33 19.04 0 17.74 19.8 21.26 17.64 15.27 
46.86 60.35 65.63 45.75 32.72 17.16 55.02 61.14 34.62 24.23 27.8 14.68 0 9.64 18.89 21.25 24.17 
48.04 61.53 66.81 50.22 37.21 26.62 55.92 62.32 35.8 25.14 24.07 17.72 9.66 0 9.41 16.81 25.36 
49.57 59.21 64.5 54.42 42.49 34.74 57.13 60 33.45 18.45 17.2 21.53 18.88 9.39 0 10.1 19.08 
45.98 55.65 60.94 50.84 38.89 34.76 53.56 56.44 29.85 14.82 10.92 19.02 21.21 16.87 10.07 0 15.46 
29.77 39.48 44.81 34.64 33.65 30.96 37.38 40.28 13.55 0.09 7.94 17.12 24.86 25.23 19.11 15.5 0 
Matriz de Costos>
0 12.46 18.54 16.24 28.52 42.43 7.04 13.49 17.54 31.95 38.65 31.87 47.56 47.97 49.41 45.82 29.57 
12.36 0 7.15 22 35.45 55.27 5.47 2.71 30.2 43.1 50.39 44.62 60.85 61.21 60.48 57.79 40.74 
17.59 7.62 0 27.8 40.33 60.7 10.24 3.98 34.96 46.18 52.6 50.06 65.62 66.03 63.54 59.99 43.82 
16.09 23.42 27.89 0 13.93 32.58 20.35 24.56 26 34.74 43.81 34.36 45.63 49.7 51.86 48.28 34.68 
28.53 35.44 44.24 13.97 0 19.06 36.02 36.57 26.78 29.22 36.43 24.79 33.84 37.93 43.89 40.3 29.16 
41.57 55.08 60.37 32.6 19.58 0 49.47 55.87 31.02 32.15 36.39 16.73 18.31 22.76 32.58 30.79 32.09 
9.2 5.55 11.13 20.13 33.61 51.96 0 6.69 27.17 40.67 47.1 41.45 57.07 57.48 58.06 54.51 38.31 
16.05 6.07 5.17 25.79 39.56 58.8 9.45 0 33.04 44.26 50.69 48.14 63.72 64.13 61.64 58.09 41.9 
17.77 26.75 32.1 25.77 28.53 34.5 23.34 27.55 0 16.26 22.89 23.92 36.61 36.97 33.8 30.22 13.88 
32.24 42.08 47.4 37.11 33.71 31.02 39.99 42.88 15.51 0 7.26 17.18 24.92 25.25 18.47 14.86 0.09 
37.8 47.49 52.8 42.67 38.27 36.6 45.39 48.28 21.61 7.27 0 21.66 27.88 24.29 16.66 11.02 7.92 
30.38 43.38 49.66 34.04 23.02 17.01 38.32 44.69 19.19 15.33 19.04 0 17.74 19.8 21.26 17.64 15.27 
17.77 26.75 32.1 25.77 28.53 34.5 23.34 27.55 0 16.26 22.89 23.92 36.61 36.97 33.8 30.22 13.88 
32.24 42.08 47.4 37.11 33.71 31.02 39.99 42.88 15.51 0 7.26 17.18 24.92 25.25 18.47 14.86 0.09 
37.8 47.49 52.8 42.67 38.27 36.6 45.39 48.28 21.61 7.27 0 21.66 27.88 24.29 16.66 11.02 7.92 
30.38 43.38 49.66 34.04 23.02 17.01 38.32 44.69 19.19 15.33 19.04 0 17.74 19.8 21.26 17.64 15.27 
46.86 60.35 65.63 45.75 32.72 17.16 55.02 61.14 34.62 24.23 27.8 14.68 0 9.64 18.89 21.25 24.17 
48.04 61.53 66.81 50.22 37.21 26.62 55.92 62.32 35.8 25.14 24.07 17.72 9.66 0 9.41 16.81 25.36 
Matriz de Costos>
0 12.46 18.54 16.24 28.52 42.43 7.04 13.49 17.54 31.95 38.65 31.87 47.56 47.97 49.41 45.82 29.57 
12.36 0 7.15 22 35.45 55.27 5.47 2.71 30.2 43.1 50.39 44.62 60.85 61.21 60.48 57.79 40.74 
17.59 7.62 0 27.8 40.33 60.7 10.24 3.98 34.96 46.18 52.6 50.06 65.62 66.03 63.54 59.99 43.82 
16.09 23.42 27.89 0 13.93 32.58 20.35 24.56 26 34.74 43.81 34.36 45.63 49.7 51.86 48.28 34.68 
28.53 35.44 44.24 13.97 0 19.06 36.02 36.57 26.78 29.22 36.43 24.79 33.84 37.93 43.89 40.3 29.16 
41.57 55.08 60.37 32.6 19.58 0 49.47 55.87 31.02 32.15 36.39 16.73 18.31 22.76 32.58 30.79 32.09 
9.2 5.55 11.13 20.13 33.61 51.96 0 6.69 27.17 40.67 47.1 41.45 57.07 57.48 58.06 54.51 38.31 
16.05 6.07 5.17 25.79 39.56 58.8 9.45 0 33.04 44.26 50.69 48.14 63.72 64.13 61.64 58.09 41.9 
17.77 26.75 32.1 25.77 28.53 34.5 23.34 27.55 0 16.26 22.89 23.92 36.61 36.97 33.8 30.22 13.88 
32.24 42.08 47.4 37.11 33.71 31.02 39.99 42.88 15.51 0 7.26 17.18 24.92 25.25 18.47 14.86 0.09 
46.86 60.35 65.63 45.75 32.72 17.16 55.02 61.14 34.62 24.23 27.8 14.68 0 9.64 18.89 21.25 24.17 
48.04 61.53 66.81 50.22 37.21 26.62 55.92 62.32 35.8 25.14 24.07 17.72 9.66 0 9.41 16.81 25.36 
49.57 59.21 64.5 54.42 42.49 34.74 57.13 60 33.45 18.45 17.2 21.53 18.88 9.39 0 10.1 19.08 
45.98 55.65 60.94 50.84 38.89 34.76 53.56 56.44 29.85 14.82 10.92 19.02 21.21 16.87 10.07 0 15.46 
29.77 39.48 44.81 34.64 33.65 30.96 37.38 40.28 13.55 0.09 7.94 17.12 24.86 25.23 19.11 15.5 0 
37.8 47.49 52.8 42.67 38.27 36.6 45.39 48.28 21.61 7.27 0 21.66 27.88 24.29 16.66 11.02 7.92 
30.38 43.38 49.66 34.04 23.02 17.01 38.32 44.69 19.19 15.33 19.04 0 17.74 19.8 21.26 17.64 15.27 
46.86 60.35 65.63 45.75 32.72 17.16 55.02 61.14 34.62 24.23 27.8 14.68 0 9.64 18.89 21.25 24.17 
48.04 61.53 66.81 50.22 37.21 26.62 55.92 62.32 35.8 25.14 24.07 17.72 9.66 0 9.41 16.81 25.36 
49.57 59.21 64.5 54.42 42.49 34.74 57.13 60 33.45 18.45 17.2 21.53 18.88 9.39 0 10.1 19.08 
45.98 55.65 60.94 50.84 38.89 34.76 53.56 56.44 29.85 14.82 10.92 19.02 21.21 16.87 10.07 0 15.46 
49.57 59.21 64.5 54.42 42.49 34.74 57.13 60 33.45 18.45 17.2 21.53 18.88 9.39 0 10.1 19.08 
45.98 55.65 60.94 50.84 38.89 34.76 53.56 56.44 29.85 14.82 10.92 19.02 21.21 16.87 10.07 0 15.46 
29.77 39.48 44.81 34.64 33.65 30.96 37.38 40.28 13.55 0.09 7.94 17.12 24.86 25.23 19.11 15.5 0 
Dimension>33
Bandera>10
Fitness Greedy Costo>291.06
Solucion Greedy Costo>6 1 7 2 0 3 4 5 11 0 8 16 9 17 0 10 15 14 13 0 12 0 0 0 0 0 0 0 0 0 0 0 0 
Linea Vacia>
29.77 39.48 44.81 34.64 33.65 30.96 37.38 40.28 13.55 0.09 7.94 17.12 24.86 25.23 19.11 15.5 0 
Dimension>33
Bandera>10
Fitness Greedy Costo>291.06
Solucion Greedy Costo>6 1 7 2 0 3 4 5 11 0 8 16 9 17 0 10 15 14 13 0 12 0 0 0 0 0 0 0 0 0 0 0 0 
Linea Vacia>
Matriz de Costos>
0 12.46 18.54 16.24 28.52 42.43 7.04 13.49 17.54 31.95 38.65 31.87 47.56 47.97 49.41 45.82 29.57 
12.36 0 7.15 22 35.45 55.27 5.47 2.71 30.2 43.1 50.39 44.62 60.85 61.21 60.48 57.79 40.74 
17.59 7.62 0 27.8 40.33 60.7 10.24 3.98 34.96 46.18 52.6 50.06 65.62 66.03 63.54 59.99 43.82 
16.09 23.42 27.89 0 13.93 32.58 20.35 24.56 26 34.74 43.81 34.36 45.63 49.7 51.86 48.28 34.68 
28.53 35.44 44.24 13.97 0 19.06 36.02 36.57 26.78 29.22 36.43 24.79 33.84 37.93 43.89 40.3 29.16 
Matriz de Costos>
0 12.46 18.54 16.24 28.52 42.43 7.04 13.49 17.54 31.95 38.65 31.87 47.56 47.97 49.41 45.82 29.57 
12.36 0 7.15 22 35.45 55.27 5.47 2.71 30.2 43.1 50.39 44.62 60.85 61.21 60.48 57.79 40.74 
17.59 7.62 0 27.8 40.33 60.7 10.24 3.98 34.96 46.18 52.6 50.06 65.62 66.03 63.54 59.99 43.82 
16.09 23.42 27.89 0 13.93 32.58 20.35 24.56 26 34.74 43.81 34.36 45.63 49.7 51.86 48.28 34.68 
28.53 35.44 44.24 13.97 0 19.06 36.02 36.57 26.78 29.22 36.43 24.79 33.84 37.93 43.89 40.3 29.16 
41.57 55.08 60.37 32.6 19.58 0 49.47 55.87 31.02 32.15 36.39 16.73 18.31 22.76 32.58 30.79 32.09 
41.57 55.08 60.37 32.6 19.58 0 49.47 55.87 31.02 32.15 36.39 16.73 18.31 22.76 32.58 30.79 32.09 
9.2 5.55 11.13 20.13 33.61 51.96 0 6.69 27.17 40.67 47.1 41.45 57.07 57.48 58.06 54.51 38.31 
16.05 6.07 5.17 25.79 39.56 58.8 9.45 0 33.04 44.26 50.69 48.14 63.72 64.13 61.64 58.09 41.9 
17.77 26.75 32.1 25.77 28.53 34.5 23.34 27.55 0 16.26 22.89 23.92 36.61 36.97 33.8 30.22 13.88 
Dimension>33
Bandera>10
Fitness Greedy Costo>291.06
Dimension>33
Bandera>10
Fitness Greedy Costo>291.06
Solucion Greedy Costo>6 1 7 2 0 3 4 5 11 0 8 16 9 17 0 10 15 14 13 0 12 0 0 0 0 0 0 0 0 0 0 0 0 
Linea Vacia>
32.24 42.08 47.4 37.11 33.71 31.02 39.99 42.88 15.51 0 7.26 17.18 24.92 25.25 18.47 14.86 0.09 
37.8 47.49 52.8 42.67 38.27 36.6 45.39 48.28 21.61 7.27 0 21.66 27.88 24.29 16.66 11.02 7.92 
30.38 43.38 49.66 34.04 23.02 17.01 38.32 44.69 19.19 15.33 19.04 0 17.74 19.8 21.26 17.64 15.27 
9.2 5.55 11.13 20.13 33.61 51.96 0 6.69 27.17 40.67 47.1 41.45 57.07 57.48 58.06 54.51 38.31 
16.05 6.07 5.17 25.79 39.56 58.8 9.45 0 33.04 44.26 50.69 48.14 63.72 64.13 61.64 58.09 41.9 
17.77 26.75 32.1 25.77 28.53 34.5 23.34 27.55 0 16.26 22.89 23.92 36.61 36.97 33.8 30.22 13.88 
32.24 42.08 47.4 37.11 33.71 31.02 39.99 42.88 15.51 0 7.26 17.18 24.92 25.25 18.47 14.86 0.09 
37.8 47.49 52.8 42.67 38.27 36.6 45.39 48.28 21.61 7.27 0 21.66 27.88 24.29 16.66 11.02 7.92 
30.38 43.38 49.66 34.04 23.02 17.01 38.32 44.69 19.19 15.33 19.04 0 17.74 19.8 21.26 17.64 15.27 
46.86 60.35 65.63 45.75 32.72 17.16 55.02 61.14 34.62 24.23 27.8 14.68 0 9.64 18.89 21.25 24.17 
48.04 61.53 66.81 50.22 37.21 26.62 55.92 62.32 35.8 25.14 24.07 17.72 9.66 0 9.41 16.81 25.36 
49.57 59.21 64.5 54.42 42.49 34.74 57.13 60 33.45 18.45 17.2 21.53 18.88 9.39 0 10.1 19.08 
45.98 55.65 60.94 50.84 38.89 34.76 53.56 56.44 29.85 14.82 10.92 19.02 21.21 16.87 10.07 0 15.46 
29.77 39.48 44.81 34.64 33.65 30.96 37.38 40.28 13.55 0.09 7.94 17.12 24.86 25.23 19.11 15.5 0 
Solucion Greedy Costo>6 1 7 2 0 3 4 5 11 0 8 16 9 17 0 10 15 14 13 0 12 0 0 0 0 0 0 0 0 0 0 0 0 
Linea Vacia>
46.86 60.35 65.63 45.75 32.72 17.16 55.02 61.14 34.62 24.23 27.8 14.68 0 9.64 18.89 21.25 24.17 
48.04 61.53 66.81 50.22 37.21 26.62 55.92 62.32 35.8 25.14 24.07 17.72 9.66 0 9.41 16.81 25.36 
49.57 59.21 64.5 54.42 42.49 34.74 57.13 60 33.45 18.45 17.2 21.53 18.88 9.39 0 10.1 19.08 
Dimension>33
Bandera>10
Fitness Greedy Costo>291.06
Matriz de Costos>
0 12.46 18.54 16.24 28.52 42.43 7.04 13.49 17.54 31.95 38.65 31.87 47.56 47.97 49.41 45.82 29.57 
12.36 0 7.15 22 35.45 55.27 5.47 2.71 30.2 43.1 50.39 44.62 60.85 61.21 60.48 57.79 40.74 
17.59 7.62 0 27.8 40.33 60.7 10.24 3.98 34.96 46.18 52.6 50.06 65.62 66.03 63.54 59.99 43.82 
45.98 55.65 60.94 50.84 38.89 34.76 53.56 56.44 29.85 14.82 10.92 19.02 21.21 16.87 10.07 0 15.46 
29.77 39.48 44.81 34.64 33.65 30.96 37.38 40.28 13.55 0.09 7.94 17.12 24.86 25.23 19.11 15.5 0 
Solucion Greedy Costo>6 1 7 2 0 3 4 5 11 0 8 16 9 17 0 10 15 14 13 0 12 0 0 0 0 0 0 0 0 0 0 0 0 
Linea Vacia>
16.09 23.42 27.89 0 13.93 32.58 20.35 24.56 26 34.74 43.81 34.36 45.63 49.7 51.86 48.28 34.68 
28.53 35.44 44.24 13.97 0 19.06 36.02 36.57 26.78 29.22 36.43 24.79 33.84 37.93 43.89 40.3 29.16 
Matriz de Costos>
0 12.46 18.54 16.24 28.52 42.43 7.04 13.49 17.54 31.95 38.65 31.87 47.56 47.97 49.41 45.82 29.57 
41.57 55.08 60.37 32.6 19.58 0 49.47 55.87 31.02 32.15 36.39 16.73 18.31 22.76 32.58 30.79 32.09 
9.2 5.55 11.13 20.13 33.61 51.96 0 6.69 27.17 40.67 47.1 41.45 57.07 57.48 58.06 54.51 38.31 
16.05 6.07 5.17 25.79 39.56 58.8 9.45 0 33.04 44.26 50.69 48.14 63.72 64.13 61.64 58.09 41.9 
17.77 26.75 32.1 25.77 28.53 34.5 23.34 27.55 0 16.26 22.89 23.92 36.61 36.97 33.8 30.22 13.88 
12.36 0 7.15 22 35.45 55.27 5.47 2.71 30.2 43.1 50.39 44.62 60.85 61.21 60.48 57.79 40.74 
Matriz de Costos>
0 12.46 18.54 16.24 28.52 42.43 7.04 13.49 17.54 31.95 38.65 31.87 47.56 47.97 49.41 45.82 29.57 
17.59 7.62 0 27.8 40.33 60.7 10.24 3.98 34.96 46.18 52.6 50.06 65.62 66.03 63.54 59.99 43.82 
16.09 23.42 27.89 0 13.93 32.58 20.35 24.56 26 34.74 43.81 34.36 45.63 49.7 51.86 48.28 34.68 
32.24 42.08 47.4 37.11 33.71 31.02 39.99 42.88 15.51 0 7.26 17.18 24.92 25.25 18.47 14.86 0.09 
37.8 47.49 52.8 42.67 38.27 36.6 45.39 48.28 21.61 7.27 0 21.66 27.88 24.29 16.66 11.02 7.92 
30.38 43.38 49.66 34.04 23.02 17.01 38.32 44.69 19.19 15.33 19.04 0 17.74 19.8 21.26 17.64 15.27 
46.86 60.35 65.63 45.75 32.72 17.16 55.02 61.14 34.62 24.23 27.8 14.68 0 9.64 18.89 21.25 24.17 
48.04 61.53 66.81 50.22 37.21 26.62 55.92 62.32 35.8 25.14 24.07 17.72 9.66 0 9.41 16.81 25.36 
12.36 0 7.15 22 35.45 55.27 5.47 2.71 30.2 43.1 50.39 44.62 60.85 61.21 60.48 57.79 40.74 
17.59 7.62 0 27.8 40.33 60.7 10.24 3.98 34.96 46.18 52.6 50.06 65.62 66.03 63.54 59.99 43.82 
16.09 23.42 27.89 0 13.93 32.58 20.35 24.56 26 34.74 43.81 34.36 45.63 49.7 51.86 48.28 34.68 
28.53 35.44 44.24 13.97 0 19.06 36.02 36.57 26.78 29.22 36.43 24.79 33.84 37.93 43.89 40.3 29.16 
41.57 55.08 60.37 32.6 19.58 0 49.47 55.87 31.02 32.15 36.39 16.73 18.31 22.76 32.58 30.79 32.09 
28.53 35.44 44.24 13.97 0 19.06 36.02 36.57 26.78 29.22 36.43 24.79 33.84 37.93 43.89 40.3 29.16 
41.57 55.08 60.37 32.6 19.58 0 49.47 55.87 31.02 32.15 36.39 16.73 18.31 22.76 32.58 30.79 32.09 
9.2 5.55 11.13 20.13 33.61 51.96 0 6.69 27.17 40.67 47.1 41.45 57.07 57.48 58.06 54.51 38.31 
49.57 59.21 64.5 54.42 42.49 34.74 57.13 60 33.45 18.45 17.2 21.53 18.88 9.39 0 10.1 19.08 
45.98 55.65 60.94 50.84 38.89 34.76 53.56 56.44 29.85 14.82 10.92 19.02 21.21 16.87 10.07 0 15.46 
29.77 39.48 44.81 34.64 33.65 30.96 37.38 40.28 13.55 0.09 7.94 17.12 24.86 25.23 19.11 15.5 0 
9.2 5.55 11.13 20.13 33.61 51.96 0 6.69 27.17 40.67 47.1 41.45 57.07 57.48 58.06 54.51 38.31 
16.05 6.07 5.17 25.79 39.56 58.8 9.45 0 33.04 44.26 50.69 48.14 63.72 64.13 61.64 58.09 41.9 
16.05 6.07 5.17 25.79 39.56 58.8 9.45 0 33.04 44.26 50.69 48.14 63.72 64.13 61.64 58.09 41.9 
17.77 26.75 32.1 25.77 28.53 34.5 23.34 27.55 0 16.26 22.89 23.92 36.61 36.97 33.8 30.22 13.88 
32.24 42.08 47.4 37.11 33.71 31.02 39.99 42.88 15.51 0 7.26 17.18 24.92 25.25 18.47 14.86 0.09 
17.77 26.75 32.1 25.77 28.53 34.5 23.34 27.55 0 16.26 22.89 23.92 36.61 36.97 33.8 30.22 13.88 
32.24 42.08 47.4 37.11 33.71 31.02 39.99 42.88 15.51 0 7.26 17.18 24.92 25.25 18.47 14.86 0.09 
37.8 47.49 52.8 42.67 38.27 36.6 45.39 48.28 21.61 7.27 0 21.66 27.88 24.29 16.66 11.02 7.92 
37.8 47.49 52.8 42.67 38.27 36.6 45.39 48.28 21.61 7.27 0 21.66 27.88 24.29 16.66 11.02 7.92 
30.38 43.38 49.66 34.04 23.02 17.01 38.32 44.69 19.19 15.33 19.04 0 17.74 19.8 21.26 17.64 15.27 
30.38 43.38 49.66 34.04 23.02 17.01 38.32 44.69 19.19 15.33 19.04 0 17.74 19.8 21.26 17.64 15.27 
46.86 60.35 65.63 45.75 32.72 17.16 55.02 61.14 34.62 24.23 27.8 14.68 0 9.64 18.89 21.25 24.17 
48.04 61.53 66.81 50.22 37.21 26.62 55.92 62.32 35.8 25.14 24.07 17.72 9.66 0 9.41 16.81 25.36 
46.86 60.35 65.63 45.75 32.72 17.16 55.02 61.14 34.62 24.23 27.8 14.68 0 9.64 18.89 21.25 24.17 
48.04 61.53 66.81 50.22 37.21 26.62 55.92 62.32 35.8 25.14 24.07 17.72 9.66 0 9.41 16.81 25.36 
49.57 59.21 64.5 54.42 42.49 34.74 57.13 60 33.45 18.45 17.2 21.53 18.88 9.39 0 10.1 19.08 
45.98 55.65 60.94 50.84 38.89 34.76 53.56 56.44 29.85 14.82 10.92 19.02 21.21 16.87 10.07 0 15.46 
29.77 39.48 44.81 34.64 33.65 30.96 37.38 40.28 13.55 0.09 7.94 17.12 24.86 25.23 19.11 15.5 0 
49.57 59.21 64.5 54.42 42.49 34.74 57.13 60 33.45 18.45 17.2 21.53 18.88 9.39 0 10.1 19.08 
45.98 55.65 60.94 50.84 38.89 34.76 53.56 56.44 29.85 14.82 10.92 19.02 21.21 16.87 10.07 0 15.46 
29.77 39.48 44.81 34.64 33.65 30.96 37.38 40.28 13.55 0.09 7.94 17.12 24.86 25.23 19.11 15.5 0 
GEN 0 542.080000
TIEMPO 0 524.280000
GEN 0 488.550000
TIEMPO 0 465.630000
GEN 0 561.210000
GEN 0 575.160000
TIEMPO 0 503.200000
TIEMPO 0 508.990000
GEN 0 586.430000
GEN 0 543.260000
GEN 0 567.220000
TIEMPO 0 505.250000
TIEMPO 0 533.470000
TIEMPO 0 567.220000
GEN 0 516.620000
GEN 0 533.430000
TIEMPO 0 516.620000
TIEMPO 0 530.670000
GEN 0 551.130000
GEN 0 505.850000
GEN 0 561.780000
TIEMPO 0 551.130000
GEN 0 536.530000
TIEMPO 0 505.850000
TIEMPO 0 523.320000
TIEMPO 0 543.540000
GEN 0 540.180000
TIEMPO 0 508.670000
GEN 0 513.670000
GEN 0 523.230000
GEN 0 556.920000
TIEMPO 0 502.050000
TIEMPO 0 513.670000
TIEMPO 0 530.500000
GEN 0 538.170000
TIEMPO 0 538.170000
GEN 0 541.720000
TIEMPO 0 541.720000
GEN 0 494.920000
TIEMPO 0 494.920000
GEN 0 557.860000
TIEMPO 0 550.550000
GEN 0 529.260000
TIEMPO 0 482.430000
GEN 0 542.470000
GEN 0 520.200000
TIEMPO 0 520.200000
TIEMPO 0 542.470000
GREEDY 0 0.062301
GREEDY 5 0.080869
GREEDY 0 0.073041
GREEDY 0 0.090294
GREEDY 0 0.107126
GREEDY 0 0.112795
GREEDY 0 0.113051
GREEDY 0 0.113583
GREEDY 5 0.112739
GREEDY 0 0.117535
GREEDY 5 0.118469
GREEDY 0 0.153506
GREEDY 0 0.146353
GREEDY 5 0.154215
GREEDY 5 0.141991
GREEDY 0 0.185650
GREEDY 5 0.185727
GREEDY 0 0.148259
GREEDY 5 0.184446
GREEDY 0 0.212252
GEN 2500 291.290000
GREEDY 0 0.209165
GEN 2500 279.190000
GEN 2500 294.640000
GREEDY 0 0.232949
GEN 2500 273.820000
GEN 2500 272.090000
GEN 2500 281.230000
GREEDY 5 0.218692
GEN 2500 304.710000
GEN 2500 299.640000
GEN 2500 268.260000
GEN 2500 273.820000
GEN 2500 283.930000
GEN 2500 283.530000
GEN 2500 271.450000
GREEDY 0 0.284694
GREEDY 5 0.299042
GEN 2500 266.710000
GEN 2500 277.860000
GREEDY 5 0.306446
GEN 2500 305.250000
GEN 2500 272.090000
GREEDY 0 0.297335
GREEDY 0 0.319516
GEN 2500 297.600000
GREEDY 0 0.336224
GEN 2500 276.660000
GEN 2500 271.100000
GEN 2500 287.730000
GEN 5000 276.820000
GEN 5000 269.080000
GEN 5000 278.990000
GEN 5000 273.820000
GEN 5000 272.090000
GEN 5000 281.230000
GEN 2500 297.460000
GEN 5000 304.710000
GEN 2500 287.550000
GEN 2500 293.560000
GEN 5000 273.820000
GEN 5000 269.070000
GREEDY 5 0.460598
GREEDY 5 0.458228
GEN 5000 277.880000
GEN 5000 283.530000
GEN 5000 266.710000
GEN 5000 272.090000
GEN 5000 285.690000
GEN 7500 276.820000
GEN 7500 278.990000
GEN 7500 269.080000
GEN 7500 273.820000
GEN 7500 272.090000
GEN 7500 281.230000
GEN 5000 271.100000
GEN 5000 274.370000
GEN 7500 294.000000
GEN 5000 273.950000
GEN 5000 293.360000
GEN 7500 273.820000
GEN 5000 268.260000
GEN 7500 269.070000
GEN 7500 272.090000
GEN 7500 266.710000
GEN 7500 277.880000
GEN 7500 283.530000
GEN 10000 276.820000
TIEMPO 0.684520 276.820000
GEN 10000 278.990000
TIEMPO 0.668832 278.990000
GEN 10000 269.080000
TIEMPO 0.671909 269.080000
GEN 7500 285.690000
GEN 10000 272.090000
TIEMPO 0.721800 272.090000
GEN 10000 273.820000
TIEMPO 0.700574 273.820000
GEN 10000 278.010000
TIEMPO 0.707838 278.010000
GEN 10000 294.000000
TIEMPO 0.751157 294.000000
GEN 7500 271.100000
GEN 7500 293.360000
GEN 10000 269.070000
TIEMPO 0.776953 269.070000
GEN 10000 273.820000
TIEMPO 0.765027 273.820000
GEN 10000 272.090000
TIEMPO 0.794432 272.090000
GEN 5000 293.560000
GEN 5000 297.460000
GEN 5000 284.300000
GEN 7500 273.950000
GEN 7500 273.950000
GEN 10000 266.710000
TIEMPO 0.833578 266.710000
GEN 10000 277.880000
TIEMPO 0.889257 277.880000
GEN 5000 274.370000
GEN 10000 283.530000
TIEMPO 0.871733 283.530000
GEN 7500 268.260000
GEN 5000 305.250000
GEN 10000 293.360000
TIEMPO 0.922615 293.360000
GEN 10000 271.100000
TIEMPO 0.982198 271.100000
TIEMPO 1 297.460000
TIEMPO 1 285.690000
TIEMPO 1 273.950000
TIEMPO 1 268.260000
TIEMPO 1 284.300000
TIEMPO 1 293.560000
TIEMPO 1 273.950000
TIEMPO 1 305.250000
TIEMPO 1 273.950000
GEN 10000 285.690000
TIEMPO 1.033480 285.690000
GEN 10000 273.950000
TIEMPO 1.036325 273.950000
GEN 10000 273.950000
TIEMPO 1.070741 273.950000
GEN 10000 268.260000
TIEMPO 1.117424 268.260000
GEN 7500 293.560000
GEN 7500 297.460000
GEN 7500 284.300000
GEN 7500 273.950000
GEN 7500 305.250000
GREEDY 0 1.501919
GEN 10000 287.490000
TIEMPO 1.603459 287.490000
GEN 10000 291.520000
TIEMPO 1.596628 291.520000
GEN 10000 284.300000
TIEMPO 1.615694 284.300000
GEN 10000 273.950000
TIEMPO 1.752146 273.950000
GEN 10000 305.250000
TIEMPO 1.756472 305.250000

 Current State ---------------------------------------------
Solution:  3 4 5 12 0 11 15 14 13 0 6 1 7 2 0 16 9 17 10 0 0 8 0 0 0 0 0 0 0 0 0 0 0 Fitness: 266.71

 :( ---------------------- THE END --------------- :) 
