Dimension>47
Bandera>13
Fitness Greedy Costo>527.68
Solucion Greedy Costo>2 10 7 11 0 14 19 16 23 0 9 4 5 1 0 6 15 3 12 0 20 18 17 13 0 24 8 21 22 0 0 0 0 0 0 0 0 0 0 0 0 0 0 0 0 0 0 
Linea Vacia>
Matriz de Costos>
Dimension>47
0 32.59 22.13 52.83 25.19 28.81 34.7 34.52 80.39 24.68 30.38 35.41 53.04 66.85 22.68 35.74 26.86 70.54 52.82 23.54 51.21 92.83 92.12 28.71 
34.36 0 29.77 22.82 6.62 4.7 5.85 28.91 49.16 31.49 32.57 11.87 23.27 34.21 29.55 5.09 10.64 38.06 22.66 8.67 25.79 63.11 66.85 12.71 
Bandera>13
Fitness Greedy Costo>527.68
20.02 35.38 0 33.83 33.69 38.85 36.86 15.46 62.48 38.78 10.31 26.26 33.35 47.99 36.69 30.04 28.87 59.3 55.39 25.78 64.51 79.99 71.84 30.71 
Solucion Greedy Costo>2 10 7 11 0 14 19 16 23 0 9 4 5 1 0 6 15 3 12 0 20 18 17 13 0 24 8 21 22 0 0 0 0 0 0 0 0 0 0 0 0 0 0 0 0 0 0 
Linea Vacia>
55.2 19.81 31.08 0 26.44 25.67 12.34 20.5 29.47 51.48 30.34 14.84 4.89 15.27 49.21 11.14 22.88 18.3 21.2 25.3 41.09 39.55 47.51 24.82 
26.58 5.28 27.68 26.62 0 3 9.64 28.27 53.94 24.5 31.93 9.42 27.07 38 22.52 10.95 7.11 43.22 26.56 5.54 24.47 67.76 71.37 9.22 
33.39 2.37 28.46 23.02 6.06 0 5.01 28.16 49.09 30.2 31.84 11.03 22.62 33.89 28.24 4.22 9.35 37.74 22.25 7.37 25.29 63.11 66.84 11.43 
35.68 3.95 30.8 15.04 8.9 9.24 0 32.9 42.66 32.51 36.51 13.92 15.51 28.5 30.57 10.5 11.65 32.46 16.64 9.69 25.52 56.92 60.81 13.71 
35.92 28.83 13.32 21.6 28.64 33.89 31.11 0 42.16 32.77 7.19 15.79 18.5 30.42 30.84 21.21 20.04 39.58 48.14 20.56 56.15 63.27 56.52 21.98 
77.93 46.28 54.55 22.3 53.27 53.07 38.04 35.29 0 74.44 46.55 41.19 21 14.67 72.32 38.17 50.44 25.98 34.96 51.28 70.61 11.95 17.08 52.31 
22.78 31.3 30.36 53.7 24.15 27.77 32.78 32.61 80.1 0 36.27 33.52 51.24 64.68 2.88 33.84 24.88 69.24 50.67 21.53 31.96 91.55 91.21 26.75 
Matriz de Costos>
0 32.59 22.13 52.83 25.19 28.81 34.7 34.52 80.39 24.68 30.38 35.41 53.04 66.85 22.68 35.74 26.86 70.54 52.82 23.54 51.21 92.83 92.12 28.71 
28.45 35.4 3.44 31.63 33.72 38.87 36.89 14 55.58 38.88 0 28.05 28.66 41.21 36.72 30.05 29.09 52.12 55.5 25.8 64.62 75.92 67.69 30.92 
34.36 0 29.77 22.82 6.62 4.7 5.85 28.91 49.16 31.49 32.57 11.87 23.27 34.21 29.55 5.09 10.64 38.06 22.66 8.67 25.79 63.11 66.85 12.71 
20.02 35.38 0 33.83 33.69 38.85 36.86 15.46 62.48 38.78 10.31 26.26 33.35 47.99 36.69 30.04 28.87 59.3 55.39 25.78 64.51 79.99 71.84 30.71 
35.34 10.2 24.6 17.32 7.53 13.26 11.99 14.99 47.66 32.72 25.06 0 16.79 32.72 30.78 3.02 3.89 36.05 28.75 5.4 35.94 59.9 65.41 5.22 
55.2 19.81 31.08 0 26.44 25.67 12.34 20.5 29.47 51.48 30.34 14.84 4.89 15.27 49.21 11.14 22.88 18.3 21.2 25.3 41.09 39.55 47.51 24.82 
56.17 21.52 31.76 3.86 28.42 26.88 14.47 15.23 28.32 52.47 25.29 16.07 0 11.06 50.21 12.46 24.06 21.06 26.46 26.73 43.25 42.15 44.22 25.99 
26.58 5.28 27.68 26.62 0 3 9.64 28.27 53.94 24.5 31.93 9.42 27.07 38 22.52 10.95 7.11 43.22 26.56 5.54 24.47 67.76 71.37 9.22 
33.39 2.37 28.46 23.02 6.06 0 5.01 28.16 49.09 30.2 31.84 11.03 22.62 33.89 28.24 4.22 9.35 37.74 22.25 7.37 25.29 63.11 66.84 11.43 
67.22 30.35 41.02 7.7 36.69 36.45 23.82 24.67 19.27 61.52 34.61 26.95 5.08 0 59.33 27.97 34.8 8.88 19.6 35.76 54.63 30.09 35.53 36.57 
35.68 3.95 30.8 15.04 8.9 9.24 0 32.9 42.66 32.51 36.51 13.92 15.51 28.5 30.57 10.5 11.65 32.46 16.64 9.69 25.52 56.92 60.81 13.71 
35.92 28.83 13.32 21.6 28.64 33.89 31.11 0 42.16 32.77 7.19 15.79 18.5 30.42 30.84 21.21 20.04 39.58 48.14 20.56 56.15 63.27 56.52 21.98 
13.67 22.51 21.48 40.36 15.13 18.84 24 23.85 68.91 21.05 27.61 24.82 40.63 54.8 0 25.1 15.85 59.39 40.34 12.36 39.4 82.26 82.13 17.82 
77.93 46.28 54.55 22.3 53.27 53.07 38.04 35.29 0 74.44 46.55 41.19 21 14.67 72.32 38.17 50.44 25.98 34.96 51.28 70.61 11.95 17.08 52.31 
39.61 5.18 28.17 13.23 13.34 10.94 8.69 18.25 45.42 36.18 28.18 4.84 13.64 30.93 34.26 0 8.4 34.27 25.67 11.28 32.14 55.75 68.61 10.49 
22.78 31.3 30.36 53.7 24.15 27.77 32.78 32.61 80.1 0 36.27 33.52 51.24 64.68 2.88 33.84 24.88 69.24 50.67 21.53 31.96 91.55 91.21 26.75 
28.45 35.4 3.44 31.63 33.72 38.87 36.89 14 55.58 38.88 0 28.05 28.66 41.21 36.72 30.05 29.09 52.12 55.5 25.8 64.62 75.92 67.69 30.92 
33.24 11.11 25.19 25.63 9.11 14.81 12.57 19.06 55.43 30.06 25.64 6.8 25.12 39.3 28.12 9.56 0 43.5 29.3 2.14 37.31 67.9 74.46 1.31 
35.34 10.2 24.6 17.32 7.53 13.26 11.99 14.99 47.66 32.72 25.06 0 16.79 32.72 30.78 3.02 3.89 36.05 28.75 5.4 35.94 59.9 65.41 5.22 
69.38 35.14 55 18.6 41.75 41.46 29.09 36.48 26.91 66.95 47.15 37.05 17.9 12.23 64.79 33.69 42.19 0 19.53 42.56 54.38 23.51 33.61 44.14 
56.17 21.52 31.76 3.86 28.42 26.88 14.47 15.23 28.32 52.47 25.29 16.07 0 11.06 50.21 12.46 24.06 21.06 26.46 26.73 43.25 42.15 44.22 25.99 
54.17 19.16 48.68 24.03 25.82 25.56 12.72 45.33 36.24 50.44 49.79 28.52 28.37 22.91 48.17 24.12 28.36 20.73 0 26.55 41.29 39.9 51.09 30.24 
67.22 30.35 41.02 7.7 36.69 36.45 23.82 24.67 19.27 61.52 34.61 26.95 5.08 0 59.33 27.97 34.8 8.88 19.6 35.76 54.63 30.09 35.53 36.57 
13.67 22.51 21.48 40.36 15.13 18.84 24 23.85 68.91 21.05 27.61 24.82 40.63 54.8 0 25.1 15.85 59.39 40.34 12.36 39.4 82.26 82.13 17.82 
32.45 7.02 25.31 25.61 5.33 10.78 8.51 22.02 53.3 29.24 25.77 9.27 26.06 37.12 27.28 10.67 1.49 42.48 25.55 0 33.72 66.2 70.84 2.83 
39.61 5.18 28.17 13.23 13.34 10.94 8.69 18.25 45.42 36.18 28.18 4.84 13.64 30.93 34.26 0 8.4 34.27 25.67 11.28 32.14 55.75 68.61 10.49 
33.24 11.11 25.19 25.63 9.11 14.81 12.57 19.06 55.43 30.06 25.64 6.8 25.12 39.3 28.12 9.56 0 43.5 29.3 2.14 37.31 67.9 74.46 1.31 
44.37 25.95 54.35 41.41 24.44 22.03 24.61 56.57 71.53 27.18 60.92 38.69 41.97 56.07 39.56 31.91 38.62 57.85 41.86 34.79 0 80.67 87.78 40.39 
81.27 44.48 58.22 24.77 51.83 51.55 37.26 38.68 1.55 77.84 50.31 44.98 23.47 17.32 75.74 41.31 54.13 23.73 32.8 52.61 69.77 0 14.77 55.97 
69.38 35.14 55 18.6 41.75 41.46 29.09 36.48 26.91 66.95 47.15 37.05 17.9 12.23 64.79 33.69 42.19 0 19.53 42.56 54.38 23.51 33.61 44.14 
95.05 63.3 69.22 41.52 70.14 71.76 56.39 54.05 14.09 93.96 65.09 68.85 40.17 34 92 64.16 71.47 30.25 52.44 70.86 88.44 13.72 0 73.13 
54.17 19.16 48.68 24.03 25.82 25.56 12.72 45.33 36.24 50.44 49.79 28.52 28.37 22.91 48.17 24.12 28.36 20.73 0 26.55 41.29 39.9 51.09 30.24 
34.33 9.11 26.25 27.54 7.09 12.84 10.59 20.11 55.44 31.15 26.71 8.12 26.34 39.15 29.21 10.86 1.98 44.7 27.48 0.83 35.57 69.23 72.83 0 
32.45 7.02 25.31 25.61 5.33 10.78 8.51 22.02 53.3 29.24 25.77 9.27 26.06 37.12 27.28 10.67 1.49 42.48 25.55 0 33.72 66.2 70.84 2.83 
44.37 25.95 54.35 41.41 24.44 22.03 24.61 56.57 71.53 27.18 60.92 38.69 41.97 56.07 39.56 31.91 38.62 57.85 41.86 34.79 0 80.67 87.78 40.39 
81.27 44.48 58.22 24.77 51.83 51.55 37.26 38.68 1.55 77.84 50.31 44.98 23.47 17.32 75.74 41.31 54.13 23.73 32.8 52.61 69.77 0 14.77 55.97 
95.05 63.3 69.22 41.52 70.14 71.76 56.39 54.05 14.09 93.96 65.09 68.85 40.17 34 92 64.16 71.47 30.25 52.44 70.86 88.44 13.72 0 73.13 
34.33 9.11 26.25 27.54 7.09 12.84 10.59 20.11 55.44 31.15 26.71 8.12 26.34 39.15 29.21 10.86 1.98 44.7 27.48 0.83 35.57 69.23 72.83 0 
Dimension>47
Bandera>13
Fitness Greedy Costo>527.68
Dimension>47
Bandera>13
Fitness Greedy Costo>527.68
Solucion Greedy Costo>2 10 7 11 0 14 19 16 23 0 9 4 5 1 0 6 15 3 12 0 20 18 17 13 0 24 8 21 22 0 0 0 0 0 0 0 0 0 0 0 0 0 0 0 0 0 0 
Linea Vacia>
Dimension>47
Bandera>13
Fitness Greedy Costo>527.68
Solucion Greedy Costo>2 10 7 11 0 14 19 16 23 0 9 4 5 1 0 6 15 3 12 0 20 18 17 13 0 24 8 21 22 0 0 0 0 0 0 0 0 0 0 0 0 0 0 0 0 0 0 
Linea Vacia>
Dimension>47
Bandera>13
Fitness Greedy Costo>527.68
Solucion Greedy Costo>2 10 7 11 0 14 19 16 23 0 9 4 5 1 0 6 15 3 12 0 20 18 17 13 0 24 8 21 22 0 0 0 0 0 0 0 0 0 0 0 0 0 0 0 0 0 0 
Linea Vacia>
Dimension>47
Bandera>13
Fitness Greedy Costo>527.68
Solucion Greedy Costo>2 10 7 11 0 14 19 16 23 0 9 4 5 1 0 6 15 3 12 0 20 18 17 13 0 24 8 21 22 0 0 0 0 0 0 0 0 0 0 0 0 0 0 0 0 0 0 
Linea Vacia>
Solucion Greedy Costo>2 10 7 11 0 14 19 16 23 0 9 4 5 1 0 6 15 3 12 0 20 18 17 13 0 24 8 21 22 0 0 0 0 0 0 0 0 0 0 0 0 0 0 0 0 0 0 
Linea Vacia>
Dimension>47
Bandera>13
Fitness Greedy Costo>527.68
Solucion Greedy Costo>2 10 7 11 0 14 19 16 23 0 9 4 5 1 0 6 15 3 12 0 20 18 17 13 0 24 8 21 22 0 0 0 0 0 0 0 0 0 0 0 0 0 0 0 0 0 0 
Linea Vacia>
Dimension>47
Bandera>13
Fitness Greedy Costo>527.68
Solucion Greedy Costo>2 10 7 11 0 14 19 16 23 0 9 4 5 1 0 6 15 3 12 0 20 18 17 13 0 24 8 21 22 0 0 0 0 0 0 0 0 0 0 0 0 0 0 0 0 0 0 
Dimension>47
Bandera>13
Fitness Greedy Costo>527.68
Linea Vacia>
Solucion Greedy Costo>2 10 7 11 0 14 19 16 23 0 9 4 5 1 0 6 15 3 12 0 20 18 17 13 0 24 8 21 22 0 0 0 0 0 0 0 0 0 0 0 0 0 0 0 0 0 0 
Linea Vacia>
Matriz de Costos>
Matriz de Costos>
0 32.59 22.13 52.83 25.19 28.81 34.7 34.52 80.39 24.68 30.38 35.41 53.04 66.85 22.68 35.74 26.86 70.54 52.82 23.54 51.21 92.83 92.12 28.71 
0 32.59 22.13 52.83 25.19 28.81 34.7 34.52 80.39 24.68 30.38 35.41 53.04 66.85 22.68 35.74 26.86 70.54 52.82 23.54 51.21 92.83 92.12 28.71 
34.36 0 29.77 22.82 6.62 4.7 5.85 28.91 49.16 31.49 32.57 11.87 23.27 34.21 29.55 5.09 10.64 38.06 22.66 8.67 25.79 63.11 66.85 12.71 
20.02 35.38 0 33.83 33.69 38.85 36.86 15.46 62.48 38.78 10.31 26.26 33.35 47.99 36.69 30.04 28.87 59.3 55.39 25.78 64.51 79.99 71.84 30.71 
34.36 0 29.77 22.82 6.62 4.7 5.85 28.91 49.16 31.49 32.57 11.87 23.27 34.21 29.55 5.09 10.64 38.06 22.66 8.67 25.79 63.11 66.85 12.71 
20.02 35.38 0 33.83 33.69 38.85 36.86 15.46 62.48 38.78 10.31 26.26 33.35 47.99 36.69 30.04 28.87 59.3 55.39 25.78 64.51 79.99 71.84 30.71 
55.2 19.81 31.08 0 26.44 25.67 12.34 20.5 29.47 51.48 30.34 14.84 4.89 15.27 49.21 11.14 22.88 18.3 21.2 25.3 41.09 39.55 47.51 24.82 
Dimension>47
55.2 19.81 31.08 0 26.44 25.67 12.34 20.5 29.47 51.48 30.34 14.84 4.89 15.27 49.21 11.14 22.88 18.3 21.2 25.3 41.09 39.55 47.51 24.82 
26.58 5.28 27.68 26.62 0 3 9.64 28.27 53.94 24.5 31.93 9.42 27.07 38 22.52 10.95 7.11 43.22 26.56 5.54 24.47 67.76 71.37 9.22 
26.58 5.28 27.68 26.62 0 3 9.64 28.27 53.94 24.5 31.93 9.42 27.07 38 22.52 10.95 7.11 43.22 26.56 5.54 24.47 67.76 71.37 9.22 
33.39 2.37 28.46 23.02 6.06 0 5.01 28.16 49.09 30.2 31.84 11.03 22.62 33.89 28.24 4.22 9.35 37.74 22.25 7.37 25.29 63.11 66.84 11.43 
35.68 3.95 30.8 15.04 8.9 9.24 0 32.9 42.66 32.51 36.51 13.92 15.51 28.5 30.57 10.5 11.65 32.46 16.64 9.69 25.52 56.92 60.81 13.71 
Bandera>13
Fitness Greedy Costo>527.68
33.39 2.37 28.46 23.02 6.06 0 5.01 28.16 49.09 30.2 31.84 11.03 22.62 33.89 28.24 4.22 9.35 37.74 22.25 7.37 25.29 63.11 66.84 11.43 
35.68 3.95 30.8 15.04 8.9 9.24 0 32.9 42.66 32.51 36.51 13.92 15.51 28.5 30.57 10.5 11.65 32.46 16.64 9.69 25.52 56.92 60.81 13.71 
Matriz de Costos>
0 32.59 22.13 52.83 25.19 28.81 34.7 34.52 80.39 24.68 30.38 35.41 53.04 66.85 22.68 35.74 26.86 70.54 52.82 23.54 51.21 92.83 92.12 28.71 
Matriz de Costos>
35.92 28.83 13.32 21.6 28.64 33.89 31.11 0 42.16 32.77 7.19 15.79 18.5 30.42 30.84 21.21 20.04 39.58 48.14 20.56 56.15 63.27 56.52 21.98 
77.93 46.28 54.55 22.3 53.27 53.07 38.04 35.29 0 74.44 46.55 41.19 21 14.67 72.32 38.17 50.44 25.98 34.96 51.28 70.61 11.95 17.08 52.31 
35.92 28.83 13.32 21.6 28.64 33.89 31.11 0 42.16 32.77 7.19 15.79 18.5 30.42 30.84 21.21 20.04 39.58 48.14 20.56 56.15 63.27 56.52 21.98 
77.93 46.28 54.55 22.3 53.27 53.07 38.04 35.29 0 74.44 46.55 41.19 21 14.67 72.32 38.17 50.44 25.98 34.96 51.28 70.61 11.95 17.08 52.31 
Solucion Greedy Costo>2 10 7 11 0 14 19 16 23 0 9 4 5 1 0 6 15 3 12 0 20 18 17 13 0 24 8 21 22 0 0 0 0 0 0 0 0 0 0 0 0 0 0 0 0 0 0 
Linea Vacia>
22.78 31.3 30.36 53.7 24.15 27.77 32.78 32.61 80.1 0 36.27 33.52 51.24 64.68 2.88 33.84 24.88 69.24 50.67 21.53 31.96 91.55 91.21 26.75 
Dimension>47
22.78 31.3 30.36 53.7 24.15 27.77 32.78 32.61 80.1 0 36.27 33.52 51.24 64.68 2.88 33.84 24.88 69.24 50.67 21.53 31.96 91.55 91.21 26.75 
34.36 0 29.77 22.82 6.62 4.7 5.85 28.91 49.16 31.49 32.57 11.87 23.27 34.21 29.55 5.09 10.64 38.06 22.66 8.67 25.79 63.11 66.85 12.71 
20.02 35.38 0 33.83 33.69 38.85 36.86 15.46 62.48 38.78 10.31 26.26 33.35 47.99 36.69 30.04 28.87 59.3 55.39 25.78 64.51 79.99 71.84 30.71 
0 32.59 22.13 52.83 25.19 28.81 34.7 34.52 80.39 24.68 30.38 35.41 53.04 66.85 22.68 35.74 26.86 70.54 52.82 23.54 51.21 92.83 92.12 28.71 
34.36 0 29.77 22.82 6.62 4.7 5.85 28.91 49.16 31.49 32.57 11.87 23.27 34.21 29.55 5.09 10.64 38.06 22.66 8.67 25.79 63.11 66.85 12.71 
20.02 35.38 0 33.83 33.69 38.85 36.86 15.46 62.48 38.78 10.31 26.26 33.35 47.99 36.69 30.04 28.87 59.3 55.39 25.78 64.51 79.99 71.84 30.71 
Matriz de Costos>
0 32.59 22.13 52.83 25.19 28.81 34.7 34.52 80.39 24.68 30.38 35.41 53.04 66.85 22.68 35.74 26.86 70.54 52.82 23.54 51.21 92.83 92.12 28.71 
28.45 35.4 3.44 31.63 33.72 38.87 36.89 14 55.58 38.88 0 28.05 28.66 41.21 36.72 30.05 29.09 52.12 55.5 25.8 64.62 75.92 67.69 30.92 
35.34 10.2 24.6 17.32 7.53 13.26 11.99 14.99 47.66 32.72 25.06 0 16.79 32.72 30.78 3.02 3.89 36.05 28.75 5.4 35.94 59.9 65.41 5.22 
56.17 21.52 31.76 3.86 28.42 26.88 14.47 15.23 28.32 52.47 25.29 16.07 0 11.06 50.21 12.46 24.06 21.06 26.46 26.73 43.25 42.15 44.22 25.99 
28.45 35.4 3.44 31.63 33.72 38.87 36.89 14 55.58 38.88 0 28.05 28.66 41.21 36.72 30.05 29.09 52.12 55.5 25.8 64.62 75.92 67.69 30.92 
35.34 10.2 24.6 17.32 7.53 13.26 11.99 14.99 47.66 32.72 25.06 0 16.79 32.72 30.78 3.02 3.89 36.05 28.75 5.4 35.94 59.9 65.41 5.22 
56.17 21.52 31.76 3.86 28.42 26.88 14.47 15.23 28.32 52.47 25.29 16.07 0 11.06 50.21 12.46 24.06 21.06 26.46 26.73 43.25 42.15 44.22 25.99 
55.2 19.81 31.08 0 26.44 25.67 12.34 20.5 29.47 51.48 30.34 14.84 4.89 15.27 49.21 11.14 22.88 18.3 21.2 25.3 41.09 39.55 47.51 24.82 
26.58 5.28 27.68 26.62 0 3 9.64 28.27 53.94 24.5 31.93 9.42 27.07 38 22.52 10.95 7.11 43.22 26.56 5.54 24.47 67.76 71.37 9.22 
Matriz de Costos>
Matriz de Costos>
0 32.59 22.13 52.83 25.19 28.81 34.7 34.52 80.39 24.68 30.38 35.41 53.04 66.85 22.68 35.74 26.86 70.54 52.82 23.54 51.21 92.83 92.12 28.71 
Dimension>47
Bandera>13
Fitness Greedy Costo>527.68
Solucion Greedy Costo>2 10 7 11 0 14 19 16 23 0 9 4 5 1 0 6 15 3 12 0 20 18 17 13 0 24 8 21 22 0 0 0 0 0 0 0 0 0 0 0 0 0 0 0 0 0 0 
Linea Vacia>
Dimension>47
Bandera>13
Fitness Greedy Costo>527.68
67.22 30.35 41.02 7.7 36.69 36.45 23.82 24.67 19.27 61.52 34.61 26.95 5.08 0 59.33 27.97 34.8 8.88 19.6 35.76 54.63 30.09 35.53 36.57 
Bandera>13
Fitness Greedy Costo>527.68
67.22 30.35 41.02 7.7 36.69 36.45 23.82 24.67 19.27 61.52 34.61 26.95 5.08 0 59.33 27.97 34.8 8.88 19.6 35.76 54.63 30.09 35.53 36.57 
33.39 2.37 28.46 23.02 6.06 0 5.01 28.16 49.09 30.2 31.84 11.03 22.62 33.89 28.24 4.22 9.35 37.74 22.25 7.37 25.29 63.11 66.84 11.43 
35.68 3.95 30.8 15.04 8.9 9.24 0 32.9 42.66 32.51 36.51 13.92 15.51 28.5 30.57 10.5 11.65 32.46 16.64 9.69 25.52 56.92 60.81 13.71 
55.2 19.81 31.08 0 26.44 25.67 12.34 20.5 29.47 51.48 30.34 14.84 4.89 15.27 49.21 11.14 22.88 18.3 21.2 25.3 41.09 39.55 47.51 24.82 
26.58 5.28 27.68 26.62 0 3 9.64 28.27 53.94 24.5 31.93 9.42 27.07 38 22.52 10.95 7.11 43.22 26.56 5.54 24.47 67.76 71.37 9.22 
33.39 2.37 28.46 23.02 6.06 0 5.01 28.16 49.09 30.2 31.84 11.03 22.62 33.89 28.24 4.22 9.35 37.74 22.25 7.37 25.29 63.11 66.84 11.43 
34.36 0 29.77 22.82 6.62 4.7 5.85 28.91 49.16 31.49 32.57 11.87 23.27 34.21 29.55 5.09 10.64 38.06 22.66 8.67 25.79 63.11 66.85 12.71 
20.02 35.38 0 33.83 33.69 38.85 36.86 15.46 62.48 38.78 10.31 26.26 33.35 47.99 36.69 30.04 28.87 59.3 55.39 25.78 64.51 79.99 71.84 30.71 
55.2 19.81 31.08 0 26.44 25.67 12.34 20.5 29.47 51.48 30.34 14.84 4.89 15.27 49.21 11.14 22.88 18.3 21.2 25.3 41.09 39.55 47.51 24.82 
0 32.59 22.13 52.83 25.19 28.81 34.7 34.52 80.39 24.68 30.38 35.41 53.04 66.85 22.68 35.74 26.86 70.54 52.82 23.54 51.21 92.83 92.12 28.71 
34.36 0 29.77 22.82 6.62 4.7 5.85 28.91 49.16 31.49 32.57 11.87 23.27 34.21 29.55 5.09 10.64 38.06 22.66 8.67 25.79 63.11 66.85 12.71 
34.36 0 29.77 22.82 6.62 4.7 5.85 28.91 49.16 31.49 32.57 11.87 23.27 34.21 29.55 5.09 10.64 38.06 22.66 8.67 25.79 63.11 66.85 12.71 
20.02 35.38 0 33.83 33.69 38.85 36.86 15.46 62.48 38.78 10.31 26.26 33.35 47.99 36.69 30.04 28.87 59.3 55.39 25.78 64.51 79.99 71.84 30.71 
Dimension>47
Bandera>13
Fitness Greedy Costo>527.68
13.67 22.51 21.48 40.36 15.13 18.84 24 23.85 68.91 21.05 27.61 24.82 40.63 54.8 0 25.1 15.85 59.39 40.34 12.36 39.4 82.26 82.13 17.82 
39.61 5.18 28.17 13.23 13.34 10.94 8.69 18.25 45.42 36.18 28.18 4.84 13.64 30.93 34.26 0 8.4 34.27 25.67 11.28 32.14 55.75 68.61 10.49 
33.24 11.11 25.19 25.63 9.11 14.81 12.57 19.06 55.43 30.06 25.64 6.8 25.12 39.3 28.12 9.56 0 43.5 29.3 2.14 37.31 67.9 74.46 1.31 
Solucion Greedy Costo>2 10 7 11 0 14 19 16 23 0 9 4 5 1 0 6 15 3 12 0 20 18 17 13 0 24 8 21 22 0 0 0 0 0 0 0 0 0 0 0 0 0 0 0 0 0 0 
Linea Vacia>
13.67 22.51 21.48 40.36 15.13 18.84 24 23.85 68.91 21.05 27.61 24.82 40.63 54.8 0 25.1 15.85 59.39 40.34 12.36 39.4 82.26 82.13 17.82 
39.61 5.18 28.17 13.23 13.34 10.94 8.69 18.25 45.42 36.18 28.18 4.84 13.64 30.93 34.26 0 8.4 34.27 25.67 11.28 32.14 55.75 68.61 10.49 
33.24 11.11 25.19 25.63 9.11 14.81 12.57 19.06 55.43 30.06 25.64 6.8 25.12 39.3 28.12 9.56 0 43.5 29.3 2.14 37.31 67.9 74.46 1.31 
Matriz de Costos>
Dimension>47
35.92 28.83 13.32 21.6 28.64 33.89 31.11 0 42.16 32.77 7.19 15.79 18.5 30.42 30.84 21.21 20.04 39.58 48.14 20.56 56.15 63.27 56.52 21.98 
77.93 46.28 54.55 22.3 53.27 53.07 38.04 35.29 0 74.44 46.55 41.19 21 14.67 72.32 38.17 50.44 25.98 34.96 51.28 70.61 11.95 17.08 52.31 
35.68 3.95 30.8 15.04 8.9 9.24 0 32.9 42.66 32.51 36.51 13.92 15.51 28.5 30.57 10.5 11.65 32.46 16.64 9.69 25.52 56.92 60.81 13.71 
26.58 5.28 27.68 26.62 0 3 9.64 28.27 53.94 24.5 31.93 9.42 27.07 38 22.52 10.95 7.11 43.22 26.56 5.54 24.47 67.76 71.37 9.22 
33.39 2.37 28.46 23.02 6.06 0 5.01 28.16 49.09 30.2 31.84 11.03 22.62 33.89 28.24 4.22 9.35 37.74 22.25 7.37 25.29 63.11 66.84 11.43 
Solucion Greedy Costo>2 10 7 11 0 14 19 16 23 0 9 4 5 1 0 6 15 3 12 0 20 18 17 13 0 24 8 21 22 0 0 0 0 0 0 0 0 0 0 0 0 0 0 0 0 0 0 
Linea Vacia>
69.38 35.14 55 18.6 41.75 41.46 29.09 36.48 26.91 66.95 47.15 37.05 17.9 12.23 64.79 33.69 42.19 0 19.53 42.56 54.38 23.51 33.61 44.14 
54.17 19.16 48.68 24.03 25.82 25.56 12.72 45.33 36.24 50.44 49.79 28.52 28.37 22.91 48.17 24.12 28.36 20.73 0 26.55 41.29 39.9 51.09 30.24 
69.38 35.14 55 18.6 41.75 41.46 29.09 36.48 26.91 66.95 47.15 37.05 17.9 12.23 64.79 33.69 42.19 0 19.53 42.56 54.38 23.51 33.61 44.14 
Bandera>13
Fitness Greedy Costo>527.68
22.78 31.3 30.36 53.7 24.15 27.77 32.78 32.61 80.1 0 36.27 33.52 51.24 64.68 2.88 33.84 24.88 69.24 50.67 21.53 31.96 91.55 91.21 26.75 
35.92 28.83 13.32 21.6 28.64 33.89 31.11 0 42.16 32.77 7.19 15.79 18.5 30.42 30.84 21.21 20.04 39.58 48.14 20.56 56.15 63.27 56.52 21.98 
20.02 35.38 0 33.83 33.69 38.85 36.86 15.46 62.48 38.78 10.31 26.26 33.35 47.99 36.69 30.04 28.87 59.3 55.39 25.78 64.51 79.99 71.84 30.71 
55.2 19.81 31.08 0 26.44 25.67 12.34 20.5 29.47 51.48 30.34 14.84 4.89 15.27 49.21 11.14 22.88 18.3 21.2 25.3 41.09 39.55 47.51 24.82 
55.2 19.81 31.08 0 26.44 25.67 12.34 20.5 29.47 51.48 30.34 14.84 4.89 15.27 49.21 11.14 22.88 18.3 21.2 25.3 41.09 39.55 47.51 24.82 
26.58 5.28 27.68 26.62 0 3 9.64 28.27 53.94 24.5 31.93 9.42 27.07 38 22.52 10.95 7.11 43.22 26.56 5.54 24.47 67.76 71.37 9.22 
33.39 2.37 28.46 23.02 6.06 0 5.01 28.16 49.09 30.2 31.84 11.03 22.62 33.89 28.24 4.22 9.35 37.74 22.25 7.37 25.29 63.11 66.84 11.43 
Solucion Greedy Costo>2 10 7 11 0 14 19 16 23 0 9 4 5 1 0 6 15 3 12 0 20 18 17 13 0 24 8 21 22 0 0 0 0 0 0 0 0 0 0 0 0 0 0 0 0 0 0 
Linea Vacia>
32.45 7.02 25.31 25.61 5.33 10.78 8.51 22.02 53.3 29.24 25.77 9.27 26.06 37.12 27.28 10.67 1.49 42.48 25.55 0 33.72 66.2 70.84 2.83 
54.17 19.16 48.68 24.03 25.82 25.56 12.72 45.33 36.24 50.44 49.79 28.52 28.37 22.91 48.17 24.12 28.36 20.73 0 26.55 41.29 39.9 51.09 30.24 
32.45 7.02 25.31 25.61 5.33 10.78 8.51 22.02 53.3 29.24 25.77 9.27 26.06 37.12 27.28 10.67 1.49 42.48 25.55 0 33.72 66.2 70.84 2.83 
0 32.59 22.13 52.83 25.19 28.81 34.7 34.52 80.39 24.68 30.38 35.41 53.04 66.85 22.68 35.74 26.86 70.54 52.82 23.54 51.21 92.83 92.12 28.71 
28.45 35.4 3.44 31.63 33.72 38.87 36.89 14 55.58 38.88 0 28.05 28.66 41.21 36.72 30.05 29.09 52.12 55.5 25.8 64.62 75.92 67.69 30.92 
35.34 10.2 24.6 17.32 7.53 13.26 11.99 14.99 47.66 32.72 25.06 0 16.79 32.72 30.78 3.02 3.89 36.05 28.75 5.4 35.94 59.9 65.41 5.22 
77.93 46.28 54.55 22.3 53.27 53.07 38.04 35.29 0 74.44 46.55 41.19 21 14.67 72.32 38.17 50.44 25.98 34.96 51.28 70.61 11.95 17.08 52.31 
22.78 31.3 30.36 53.7 24.15 27.77 32.78 32.61 80.1 0 36.27 33.52 51.24 64.68 2.88 33.84 24.88 69.24 50.67 21.53 31.96 91.55 91.21 26.75 
35.68 3.95 30.8 15.04 8.9 9.24 0 32.9 42.66 32.51 36.51 13.92 15.51 28.5 30.57 10.5 11.65 32.46 16.64 9.69 25.52 56.92 60.81 13.71 
35.92 28.83 13.32 21.6 28.64 33.89 31.11 0 42.16 32.77 7.19 15.79 18.5 30.42 30.84 21.21 20.04 39.58 48.14 20.56 56.15 63.27 56.52 21.98 
26.58 5.28 27.68 26.62 0 3 9.64 28.27 53.94 24.5 31.93 9.42 27.07 38 22.52 10.95 7.11 43.22 26.56 5.54 24.47 67.76 71.37 9.22 
33.39 2.37 28.46 23.02 6.06 0 5.01 28.16 49.09 30.2 31.84 11.03 22.62 33.89 28.24 4.22 9.35 37.74 22.25 7.37 25.29 63.11 66.84 11.43 
Dimension>47
44.37 25.95 54.35 41.41 24.44 22.03 24.61 56.57 71.53 27.18 60.92 38.69 41.97 56.07 39.56 31.91 38.62 57.85 41.86 34.79 0 80.67 87.78 40.39 
81.27 44.48 58.22 24.77 51.83 51.55 37.26 38.68 1.55 77.84 50.31 44.98 23.47 17.32 75.74 41.31 54.13 23.73 32.8 52.61 69.77 0 14.77 55.97 
44.37 25.95 54.35 41.41 24.44 22.03 24.61 56.57 71.53 27.18 60.92 38.69 41.97 56.07 39.56 31.91 38.62 57.85 41.86 34.79 0 80.67 87.78 40.39 
81.27 44.48 58.22 24.77 51.83 51.55 37.26 38.68 1.55 77.84 50.31 44.98 23.47 17.32 75.74 41.31 54.13 23.73 32.8 52.61 69.77 0 14.77 55.97 
Solucion Greedy Costo>2 10 7 11 0 14 19 16 23 0 9 4 5 1 0 6 15 3 12 0 20 18 17 13 0 24 8 21 22 0 0 0 0 0 0 0 0 0 0 0 0 0 0 0 0 0 0 
Linea Vacia>
56.17 21.52 31.76 3.86 28.42 26.88 14.47 15.23 28.32 52.47 25.29 16.07 0 11.06 50.21 12.46 24.06 21.06 26.46 26.73 43.25 42.15 44.22 25.99 
77.93 46.28 54.55 22.3 53.27 53.07 38.04 35.29 0 74.44 46.55 41.19 21 14.67 72.32 38.17 50.44 25.98 34.96 51.28 70.61 11.95 17.08 52.31 
22.78 31.3 30.36 53.7 24.15 27.77 32.78 32.61 80.1 0 36.27 33.52 51.24 64.68 2.88 33.84 24.88 69.24 50.67 21.53 31.96 91.55 91.21 26.75 
35.68 3.95 30.8 15.04 8.9 9.24 0 32.9 42.66 32.51 36.51 13.92 15.51 28.5 30.57 10.5 11.65 32.46 16.64 9.69 25.52 56.92 60.81 13.71 
35.92 28.83 13.32 21.6 28.64 33.89 31.11 0 42.16 32.77 7.19 15.79 18.5 30.42 30.84 21.21 20.04 39.58 48.14 20.56 56.15 63.27 56.52 21.98 
95.05 63.3 69.22 41.52 70.14 71.76 56.39 54.05 14.09 93.96 65.09 68.85 40.17 34 92 64.16 71.47 30.25 52.44 70.86 88.44 13.72 0 73.13 
34.33 9.11 26.25 27.54 7.09 12.84 10.59 20.11 55.44 31.15 26.71 8.12 26.34 39.15 29.21 10.86 1.98 44.7 27.48 0.83 35.57 69.23 72.83 0 
95.05 63.3 69.22 41.52 70.14 71.76 56.39 54.05 14.09 93.96 65.09 68.85 40.17 34 92 64.16 71.47 30.25 52.44 70.86 88.44 13.72 0 73.13 
34.36 0 29.77 22.82 6.62 4.7 5.85 28.91 49.16 31.49 32.57 11.87 23.27 34.21 29.55 5.09 10.64 38.06 22.66 8.67 25.79 63.11 66.85 12.71 
67.22 30.35 41.02 7.7 36.69 36.45 23.82 24.67 19.27 61.52 34.61 26.95 5.08 0 59.33 27.97 34.8 8.88 19.6 35.76 54.63 30.09 35.53 36.57 
28.45 35.4 3.44 31.63 33.72 38.87 36.89 14 55.58 38.88 0 28.05 28.66 41.21 36.72 30.05 29.09 52.12 55.5 25.8 64.62 75.92 67.69 30.92 
35.34 10.2 24.6 17.32 7.53 13.26 11.99 14.99 47.66 32.72 25.06 0 16.79 32.72 30.78 3.02 3.89 36.05 28.75 5.4 35.94 59.9 65.41 5.22 
35.68 3.95 30.8 15.04 8.9 9.24 0 32.9 42.66 32.51 36.51 13.92 15.51 28.5 30.57 10.5 11.65 32.46 16.64 9.69 25.52 56.92 60.81 13.71 
35.92 28.83 13.32 21.6 28.64 33.89 31.11 0 42.16 32.77 7.19 15.79 18.5 30.42 30.84 21.21 20.04 39.58 48.14 20.56 56.15 63.27 56.52 21.98 
77.93 46.28 54.55 22.3 53.27 53.07 38.04 35.29 0 74.44 46.55 41.19 21 14.67 72.32 38.17 50.44 25.98 34.96 51.28 70.61 11.95 17.08 52.31 
22.78 31.3 30.36 53.7 24.15 27.77 32.78 32.61 80.1 0 36.27 33.52 51.24 64.68 2.88 33.84 24.88 69.24 50.67 21.53 31.96 91.55 91.21 26.75 
Bandera>13
Fitness Greedy Costo>527.68
Dimension>47
34.33 9.11 26.25 27.54 7.09 12.84 10.59 20.11 55.44 31.15 26.71 8.12 26.34 39.15 29.21 10.86 1.98 44.7 27.48 0.83 35.57 69.23 72.83 0 
20.02 35.38 0 33.83 33.69 38.85 36.86 15.46 62.48 38.78 10.31 26.26 33.35 47.99 36.69 30.04 28.87 59.3 55.39 25.78 64.51 79.99 71.84 30.71 
13.67 22.51 21.48 40.36 15.13 18.84 24 23.85 68.91 21.05 27.61 24.82 40.63 54.8 0 25.1 15.85 59.39 40.34 12.36 39.4 82.26 82.13 17.82 
39.61 5.18 28.17 13.23 13.34 10.94 8.69 18.25 45.42 36.18 28.18 4.84 13.64 30.93 34.26 0 8.4 34.27 25.67 11.28 32.14 55.75 68.61 10.49 
28.45 35.4 3.44 31.63 33.72 38.87 36.89 14 55.58 38.88 0 28.05 28.66 41.21 36.72 30.05 29.09 52.12 55.5 25.8 64.62 75.92 67.69 30.92 
35.34 10.2 24.6 17.32 7.53 13.26 11.99 14.99 47.66 32.72 25.06 0 16.79 32.72 30.78 3.02 3.89 36.05 28.75 5.4 35.94 59.9 65.41 5.22 
56.17 21.52 31.76 3.86 28.42 26.88 14.47 15.23 28.32 52.47 25.29 16.07 0 11.06 50.21 12.46 24.06 21.06 26.46 26.73 43.25 42.15 44.22 25.99 
67.22 30.35 41.02 7.7 36.69 36.45 23.82 24.67 19.27 61.52 34.61 26.95 5.08 0 59.33 27.97 34.8 8.88 19.6 35.76 54.63 30.09 35.53 36.57 
56.17 21.52 31.76 3.86 28.42 26.88 14.47 15.23 28.32 52.47 25.29 16.07 0 11.06 50.21 12.46 24.06 21.06 26.46 26.73 43.25 42.15 44.22 25.99 
77.93 46.28 54.55 22.3 53.27 53.07 38.04 35.29 0 74.44 46.55 41.19 21 14.67 72.32 38.17 50.44 25.98 34.96 51.28 70.61 11.95 17.08 52.31 
22.78 31.3 30.36 53.7 24.15 27.77 32.78 32.61 80.1 0 36.27 33.52 51.24 64.68 2.88 33.84 24.88 69.24 50.67 21.53 31.96 91.55 91.21 26.75 
28.45 35.4 3.44 31.63 33.72 38.87 36.89 14 55.58 38.88 0 28.05 28.66 41.21 36.72 30.05 29.09 52.12 55.5 25.8 64.62 75.92 67.69 30.92 
35.34 10.2 24.6 17.32 7.53 13.26 11.99 14.99 47.66 32.72 25.06 0 16.79 32.72 30.78 3.02 3.89 36.05 28.75 5.4 35.94 59.9 65.41 5.22 
Solucion Greedy Costo>2 10 7 11 0 14 19 16 23 0 9 4 5 1 0 6 15 3 12 0 20 18 17 13 0 24 8 21 22 0 0 0 0 0 0 0 0 0 0 0 0 0 0 0 0 0 0 
Linea Vacia>
Bandera>13
Fitness Greedy Costo>527.68
55.2 19.81 31.08 0 26.44 25.67 12.34 20.5 29.47 51.48 30.34 14.84 4.89 15.27 49.21 11.14 22.88 18.3 21.2 25.3 41.09 39.55 47.51 24.82 
33.24 11.11 25.19 25.63 9.11 14.81 12.57 19.06 55.43 30.06 25.64 6.8 25.12 39.3 28.12 9.56 0 43.5 29.3 2.14 37.31 67.9 74.46 1.31 
69.38 35.14 55 18.6 41.75 41.46 29.09 36.48 26.91 66.95 47.15 37.05 17.9 12.23 64.79 33.69 42.19 0 19.53 42.56 54.38 23.51 33.61 44.14 
67.22 30.35 41.02 7.7 36.69 36.45 23.82 24.67 19.27 61.52 34.61 26.95 5.08 0 59.33 27.97 34.8 8.88 19.6 35.76 54.63 30.09 35.53 36.57 
13.67 22.51 21.48 40.36 15.13 18.84 24 23.85 68.91 21.05 27.61 24.82 40.63 54.8 0 25.1 15.85 59.39 40.34 12.36 39.4 82.26 82.13 17.82 
56.17 21.52 31.76 3.86 28.42 26.88 14.47 15.23 28.32 52.47 25.29 16.07 0 11.06 50.21 12.46 24.06 21.06 26.46 26.73 43.25 42.15 44.22 25.99 
Matriz de Costos>
0 32.59 22.13 52.83 25.19 28.81 34.7 34.52 80.39 24.68 30.38 35.41 53.04 66.85 22.68 35.74 26.86 70.54 52.82 23.54 51.21 92.83 92.12 28.71 
Solucion Greedy Costo>2 10 7 11 0 14 19 16 23 0 9 4 5 1 0 6 15 3 12 0 20 18 17 13 0 24 8 21 22 0 0 0 0 0 0 0 0 0 0 0 0 0 0 0 0 0 0 
Linea Vacia>
54.17 19.16 48.68 24.03 25.82 25.56 12.72 45.33 36.24 50.44 49.79 28.52 28.37 22.91 48.17 24.12 28.36 20.73 0 26.55 41.29 39.9 51.09 30.24 
13.67 22.51 21.48 40.36 15.13 18.84 24 23.85 68.91 21.05 27.61 24.82 40.63 54.8 0 25.1 15.85 59.39 40.34 12.36 39.4 82.26 82.13 17.82 
39.61 5.18 28.17 13.23 13.34 10.94 8.69 18.25 45.42 36.18 28.18 4.84 13.64 30.93 34.26 0 8.4 34.27 25.67 11.28 32.14 55.75 68.61 10.49 
28.45 35.4 3.44 31.63 33.72 38.87 36.89 14 55.58 38.88 0 28.05 28.66 41.21 36.72 30.05 29.09 52.12 55.5 25.8 64.62 75.92 67.69 30.92 
35.34 10.2 24.6 17.32 7.53 13.26 11.99 14.99 47.66 32.72 25.06 0 16.79 32.72 30.78 3.02 3.89 36.05 28.75 5.4 35.94 59.9 65.41 5.22 
67.22 30.35 41.02 7.7 36.69 36.45 23.82 24.67 19.27 61.52 34.61 26.95 5.08 0 59.33 27.97 34.8 8.88 19.6 35.76 54.63 30.09 35.53 36.57 
13.67 22.51 21.48 40.36 15.13 18.84 24 23.85 68.91 21.05 27.61 24.82 40.63 54.8 0 25.1 15.85 59.39 40.34 12.36 39.4 82.26 82.13 17.82 
Matriz de Costos>
Dimension>47
Bandera>13
Fitness Greedy Costo>527.68
26.58 5.28 27.68 26.62 0 3 9.64 28.27 53.94 24.5 31.93 9.42 27.07 38 22.52 10.95 7.11 43.22 26.56 5.54 24.47 67.76 71.37 9.22 
32.45 7.02 25.31 25.61 5.33 10.78 8.51 22.02 53.3 29.24 25.77 9.27 26.06 37.12 27.28 10.67 1.49 42.48 25.55 0 33.72 66.2 70.84 2.83 
44.37 25.95 54.35 41.41 24.44 22.03 24.61 56.57 71.53 27.18 60.92 38.69 41.97 56.07 39.56 31.91 38.62 57.85 41.86 34.79 0 80.67 87.78 40.39 
33.24 11.11 25.19 25.63 9.11 14.81 12.57 19.06 55.43 30.06 25.64 6.8 25.12 39.3 28.12 9.56 0 43.5 29.3 2.14 37.31 67.9 74.46 1.31 
39.61 5.18 28.17 13.23 13.34 10.94 8.69 18.25 45.42 36.18 28.18 4.84 13.64 30.93 34.26 0 8.4 34.27 25.67 11.28 32.14 55.75 68.61 10.49 
33.24 11.11 25.19 25.63 9.11 14.81 12.57 19.06 55.43 30.06 25.64 6.8 25.12 39.3 28.12 9.56 0 43.5 29.3 2.14 37.31 67.9 74.46 1.31 
56.17 21.52 31.76 3.86 28.42 26.88 14.47 15.23 28.32 52.47 25.29 16.07 0 11.06 50.21 12.46 24.06 21.06 26.46 26.73 43.25 42.15 44.22 25.99 
39.61 5.18 28.17 13.23 13.34 10.94 8.69 18.25 45.42 36.18 28.18 4.84 13.64 30.93 34.26 0 8.4 34.27 25.67 11.28 32.14 55.75 68.61 10.49 
34.36 0 29.77 22.82 6.62 4.7 5.85 28.91 49.16 31.49 32.57 11.87 23.27 34.21 29.55 5.09 10.64 38.06 22.66 8.67 25.79 63.11 66.85 12.71 
20.02 35.38 0 33.83 33.69 38.85 36.86 15.46 62.48 38.78 10.31 26.26 33.35 47.99 36.69 30.04 28.87 59.3 55.39 25.78 64.51 79.99 71.84 30.71 
55.2 19.81 31.08 0 26.44 25.67 12.34 20.5 29.47 51.48 30.34 14.84 4.89 15.27 49.21 11.14 22.88 18.3 21.2 25.3 41.09 39.55 47.51 24.82 
0 32.59 22.13 52.83 25.19 28.81 34.7 34.52 80.39 24.68 30.38 35.41 53.04 66.85 22.68 35.74 26.86 70.54 52.82 23.54 51.21 92.83 92.12 28.71 
34.36 0 29.77 22.82 6.62 4.7 5.85 28.91 49.16 31.49 32.57 11.87 23.27 34.21 29.55 5.09 10.64 38.06 22.66 8.67 25.79 63.11 66.85 12.71 
Solucion Greedy Costo>2 10 7 11 0 14 19 16 23 0 9 4 5 1 0 6 15 3 12 0 20 18 17 13 0 24 8 21 22 0 0 0 0 0 0 0 0 0 0 0 0 0 0 0 0 0 0 
Linea Vacia>
Matriz de Costos>
33.39 2.37 28.46 23.02 6.06 0 5.01 28.16 49.09 30.2 31.84 11.03 22.62 33.89 28.24 4.22 9.35 37.74 22.25 7.37 25.29 63.11 66.84 11.43 
81.27 44.48 58.22 24.77 51.83 51.55 37.26 38.68 1.55 77.84 50.31 44.98 23.47 17.32 75.74 41.31 54.13 23.73 32.8 52.61 69.77 0 14.77 55.97 
95.05 63.3 69.22 41.52 70.14 71.76 56.39 54.05 14.09 93.96 65.09 68.85 40.17 34 92 64.16 71.47 30.25 52.44 70.86 88.44 13.72 0 73.13 
69.38 35.14 55 18.6 41.75 41.46 29.09 36.48 26.91 66.95 47.15 37.05 17.9 12.23 64.79 33.69 42.19 0 19.53 42.56 54.38 23.51 33.61 44.14 
54.17 19.16 48.68 24.03 25.82 25.56 12.72 45.33 36.24 50.44 49.79 28.52 28.37 22.91 48.17 24.12 28.36 20.73 0 26.55 41.29 39.9 51.09 30.24 
69.38 35.14 55 18.6 41.75 41.46 29.09 36.48 26.91 66.95 47.15 37.05 17.9 12.23 64.79 33.69 42.19 0 19.53 42.56 54.38 23.51 33.61 44.14 
54.17 19.16 48.68 24.03 25.82 25.56 12.72 45.33 36.24 50.44 49.79 28.52 28.37 22.91 48.17 24.12 28.36 20.73 0 26.55 41.29 39.9 51.09 30.24 
67.22 30.35 41.02 7.7 36.69 36.45 23.82 24.67 19.27 61.52 34.61 26.95 5.08 0 59.33 27.97 34.8 8.88 19.6 35.76 54.63 30.09 35.53 36.57 
13.67 22.51 21.48 40.36 15.13 18.84 24 23.85 68.91 21.05 27.61 24.82 40.63 54.8 0 25.1 15.85 59.39 40.34 12.36 39.4 82.26 82.13 17.82 
33.24 11.11 25.19 25.63 9.11 14.81 12.57 19.06 55.43 30.06 25.64 6.8 25.12 39.3 28.12 9.56 0 43.5 29.3 2.14 37.31 67.9 74.46 1.31 
69.38 35.14 55 18.6 41.75 41.46 29.09 36.48 26.91 66.95 47.15 37.05 17.9 12.23 64.79 33.69 42.19 0 19.53 42.56 54.38 23.51 33.61 44.14 
Matriz de Costos>
0 32.59 22.13 52.83 25.19 28.81 34.7 34.52 80.39 24.68 30.38 35.41 53.04 66.85 22.68 35.74 26.86 70.54 52.82 23.54 51.21 92.83 92.12 28.71 
34.36 0 29.77 22.82 6.62 4.7 5.85 28.91 49.16 31.49 32.57 11.87 23.27 34.21 29.55 5.09 10.64 38.06 22.66 8.67 25.79 63.11 66.85 12.71 
Dimension>47
Bandera>13
Fitness Greedy Costo>527.68
35.68 3.95 30.8 15.04 8.9 9.24 0 32.9 42.66 32.51 36.51 13.92 15.51 28.5 30.57 10.5 11.65 32.46 16.64 9.69 25.52 56.92 60.81 13.71 
34.33 9.11 26.25 27.54 7.09 12.84 10.59 20.11 55.44 31.15 26.71 8.12 26.34 39.15 29.21 10.86 1.98 44.7 27.48 0.83 35.57 69.23 72.83 0 
32.45 7.02 25.31 25.61 5.33 10.78 8.51 22.02 53.3 29.24 25.77 9.27 26.06 37.12 27.28 10.67 1.49 42.48 25.55 0 33.72 66.2 70.84 2.83 
44.37 25.95 54.35 41.41 24.44 22.03 24.61 56.57 71.53 27.18 60.92 38.69 41.97 56.07 39.56 31.91 38.62 57.85 41.86 34.79 0 80.67 87.78 40.39 
32.45 7.02 25.31 25.61 5.33 10.78 8.51 22.02 53.3 29.24 25.77 9.27 26.06 37.12 27.28 10.67 1.49 42.48 25.55 0 33.72 66.2 70.84 2.83 
44.37 25.95 54.35 41.41 24.44 22.03 24.61 56.57 71.53 27.18 60.92 38.69 41.97 56.07 39.56 31.91 38.62 57.85 41.86 34.79 0 80.67 87.78 40.39 
26.58 5.28 27.68 26.62 0 3 9.64 28.27 53.94 24.5 31.93 9.42 27.07 38 22.52 10.95 7.11 43.22 26.56 5.54 24.47 67.76 71.37 9.22 
33.39 2.37 28.46 23.02 6.06 0 5.01 28.16 49.09 30.2 31.84 11.03 22.62 33.89 28.24 4.22 9.35 37.74 22.25 7.37 25.29 63.11 66.84 11.43 
20.02 35.38 0 33.83 33.69 38.85 36.86 15.46 62.48 38.78 10.31 26.26 33.35 47.99 36.69 30.04 28.87 59.3 55.39 25.78 64.51 79.99 71.84 30.71 
55.2 19.81 31.08 0 26.44 25.67 12.34 20.5 29.47 51.48 30.34 14.84 4.89 15.27 49.21 11.14 22.88 18.3 21.2 25.3 41.09 39.55 47.51 24.82 
26.58 5.28 27.68 26.62 0 3 9.64 28.27 53.94 24.5 31.93 9.42 27.07 38 22.52 10.95 7.11 43.22 26.56 5.54 24.47 67.76 71.37 9.22 
0 32.59 22.13 52.83 25.19 28.81 34.7 34.52 80.39 24.68 30.38 35.41 53.04 66.85 22.68 35.74 26.86 70.54 52.82 23.54 51.21 92.83 92.12 28.71 
34.36 0 29.77 22.82 6.62 4.7 5.85 28.91 49.16 31.49 32.57 11.87 23.27 34.21 29.55 5.09 10.64 38.06 22.66 8.67 25.79 63.11 66.85 12.71 
81.27 44.48 58.22 24.77 51.83 51.55 37.26 38.68 1.55 77.84 50.31 44.98 23.47 17.32 75.74 41.31 54.13 23.73 32.8 52.61 69.77 0 14.77 55.97 
95.05 63.3 69.22 41.52 70.14 71.76 56.39 54.05 14.09 93.96 65.09 68.85 40.17 34 92 64.16 71.47 30.25 52.44 70.86 88.44 13.72 0 73.13 
39.61 5.18 28.17 13.23 13.34 10.94 8.69 18.25 45.42 36.18 28.18 4.84 13.64 30.93 34.26 0 8.4 34.27 25.67 11.28 32.14 55.75 68.61 10.49 
33.24 11.11 25.19 25.63 9.11 14.81 12.57 19.06 55.43 30.06 25.64 6.8 25.12 39.3 28.12 9.56 0 43.5 29.3 2.14 37.31 67.9 74.46 1.31 
54.17 19.16 48.68 24.03 25.82 25.56 12.72 45.33 36.24 50.44 49.79 28.52 28.37 22.91 48.17 24.12 28.36 20.73 0 26.55 41.29 39.9 51.09 30.24 
32.45 7.02 25.31 25.61 5.33 10.78 8.51 22.02 53.3 29.24 25.77 9.27 26.06 37.12 27.28 10.67 1.49 42.48 25.55 0 33.72 66.2 70.84 2.83 
44.37 25.95 54.35 41.41 24.44 22.03 24.61 56.57 71.53 27.18 60.92 38.69 41.97 56.07 39.56 31.91 38.62 57.85 41.86 34.79 0 80.67 87.78 40.39 
35.68 3.95 30.8 15.04 8.9 9.24 0 32.9 42.66 32.51 36.51 13.92 15.51 28.5 30.57 10.5 11.65 32.46 16.64 9.69 25.52 56.92 60.81 13.71 
35.92 28.83 13.32 21.6 28.64 33.89 31.11 0 42.16 32.77 7.19 15.79 18.5 30.42 30.84 21.21 20.04 39.58 48.14 20.56 56.15 63.27 56.52 21.98 
20.02 35.38 0 33.83 33.69 38.85 36.86 15.46 62.48 38.78 10.31 26.26 33.35 47.99 36.69 30.04 28.87 59.3 55.39 25.78 64.51 79.99 71.84 30.71 
55.2 19.81 31.08 0 26.44 25.67 12.34 20.5 29.47 51.48 30.34 14.84 4.89 15.27 49.21 11.14 22.88 18.3 21.2 25.3 41.09 39.55 47.51 24.82 
26.58 5.28 27.68 26.62 0 3 9.64 28.27 53.94 24.5 31.93 9.42 27.07 38 22.52 10.95 7.11 43.22 26.56 5.54 24.47 67.76 71.37 9.22 
Solucion Greedy Costo>2 10 7 11 0 14 19 16 23 0 9 4 5 1 0 6 15 3 12 0 20 18 17 13 0 24 8 21 22 0 0 0 0 0 0 0 0 0 0 0 0 0 0 0 0 0 0 
Linea Vacia>
20.02 35.38 0 33.83 33.69 38.85 36.86 15.46 62.48 38.78 10.31 26.26 33.35 47.99 36.69 30.04 28.87 59.3 55.39 25.78 64.51 79.99 71.84 30.71 
55.2 19.81 31.08 0 26.44 25.67 12.34 20.5 29.47 51.48 30.34 14.84 4.89 15.27 49.21 11.14 22.88 18.3 21.2 25.3 41.09 39.55 47.51 24.82 
Matriz de Costos>
35.92 28.83 13.32 21.6 28.64 33.89 31.11 0 42.16 32.77 7.19 15.79 18.5 30.42 30.84 21.21 20.04 39.58 48.14 20.56 56.15 63.27 56.52 21.98 
77.93 46.28 54.55 22.3 53.27 53.07 38.04 35.29 0 74.44 46.55 41.19 21 14.67 72.32 38.17 50.44 25.98 34.96 51.28 70.61 11.95 17.08 52.31 
34.33 9.11 26.25 27.54 7.09 12.84 10.59 20.11 55.44 31.15 26.71 8.12 26.34 39.15 29.21 10.86 1.98 44.7 27.48 0.83 35.57 69.23 72.83 0 
81.27 44.48 58.22 24.77 51.83 51.55 37.26 38.68 1.55 77.84 50.31 44.98 23.47 17.32 75.74 41.31 54.13 23.73 32.8 52.61 69.77 0 14.77 55.97 
95.05 63.3 69.22 41.52 70.14 71.76 56.39 54.05 14.09 93.96 65.09 68.85 40.17 34 92 64.16 71.47 30.25 52.44 70.86 88.44 13.72 0 73.13 
34.33 9.11 26.25 27.54 7.09 12.84 10.59 20.11 55.44 31.15 26.71 8.12 26.34 39.15 29.21 10.86 1.98 44.7 27.48 0.83 35.57 69.23 72.83 0 
69.38 35.14 55 18.6 41.75 41.46 29.09 36.48 26.91 66.95 47.15 37.05 17.9 12.23 64.79 33.69 42.19 0 19.53 42.56 54.38 23.51 33.61 44.14 
54.17 19.16 48.68 24.03 25.82 25.56 12.72 45.33 36.24 50.44 49.79 28.52 28.37 22.91 48.17 24.12 28.36 20.73 0 26.55 41.29 39.9 51.09 30.24 
32.45 7.02 25.31 25.61 5.33 10.78 8.51 22.02 53.3 29.24 25.77 9.27 26.06 37.12 27.28 10.67 1.49 42.48 25.55 0 33.72 66.2 70.84 2.83 
81.27 44.48 58.22 24.77 51.83 51.55 37.26 38.68 1.55 77.84 50.31 44.98 23.47 17.32 75.74 41.31 54.13 23.73 32.8 52.61 69.77 0 14.77 55.97 
95.05 63.3 69.22 41.52 70.14 71.76 56.39 54.05 14.09 93.96 65.09 68.85 40.17 34 92 64.16 71.47 30.25 52.44 70.86 88.44 13.72 0 73.13 
34.33 9.11 26.25 27.54 7.09 12.84 10.59 20.11 55.44 31.15 26.71 8.12 26.34 39.15 29.21 10.86 1.98 44.7 27.48 0.83 35.57 69.23 72.83 0 
77.93 46.28 54.55 22.3 53.27 53.07 38.04 35.29 0 74.44 46.55 41.19 21 14.67 72.32 38.17 50.44 25.98 34.96 51.28 70.61 11.95 17.08 52.31 
22.78 31.3 30.36 53.7 24.15 27.77 32.78 32.61 80.1 0 36.27 33.52 51.24 64.68 2.88 33.84 24.88 69.24 50.67 21.53 31.96 91.55 91.21 26.75 
28.45 35.4 3.44 31.63 33.72 38.87 36.89 14 55.58 38.88 0 28.05 28.66 41.21 36.72 30.05 29.09 52.12 55.5 25.8 64.62 75.92 67.69 30.92 
35.34 10.2 24.6 17.32 7.53 13.26 11.99 14.99 47.66 32.72 25.06 0 16.79 32.72 30.78 3.02 3.89 36.05 28.75 5.4 35.94 59.9 65.41 5.22 
33.39 2.37 28.46 23.02 6.06 0 5.01 28.16 49.09 30.2 31.84 11.03 22.62 33.89 28.24 4.22 9.35 37.74 22.25 7.37 25.29 63.11 66.84 11.43 
35.68 3.95 30.8 15.04 8.9 9.24 0 32.9 42.66 32.51 36.51 13.92 15.51 28.5 30.57 10.5 11.65 32.46 16.64 9.69 25.52 56.92 60.81 13.71 
35.92 28.83 13.32 21.6 28.64 33.89 31.11 0 42.16 32.77 7.19 15.79 18.5 30.42 30.84 21.21 20.04 39.58 48.14 20.56 56.15 63.27 56.52 21.98 
77.93 46.28 54.55 22.3 53.27 53.07 38.04 35.29 0 74.44 46.55 41.19 21 14.67 72.32 38.17 50.44 25.98 34.96 51.28 70.61 11.95 17.08 52.31 
33.39 2.37 28.46 23.02 6.06 0 5.01 28.16 49.09 30.2 31.84 11.03 22.62 33.89 28.24 4.22 9.35 37.74 22.25 7.37 25.29 63.11 66.84 11.43 
35.68 3.95 30.8 15.04 8.9 9.24 0 32.9 42.66 32.51 36.51 13.92 15.51 28.5 30.57 10.5 11.65 32.46 16.64 9.69 25.52 56.92 60.81 13.71 
35.92 28.83 13.32 21.6 28.64 33.89 31.11 0 42.16 32.77 7.19 15.79 18.5 30.42 30.84 21.21 20.04 39.58 48.14 20.56 56.15 63.27 56.52 21.98 
26.58 5.28 27.68 26.62 0 3 9.64 28.27 53.94 24.5 31.93 9.42 27.07 38 22.52 10.95 7.11 43.22 26.56 5.54 24.47 67.76 71.37 9.22 
33.39 2.37 28.46 23.02 6.06 0 5.01 28.16 49.09 30.2 31.84 11.03 22.62 33.89 28.24 4.22 9.35 37.74 22.25 7.37 25.29 63.11 66.84 11.43 
0 32.59 22.13 52.83 25.19 28.81 34.7 34.52 80.39 24.68 30.38 35.41 53.04 66.85 22.68 35.74 26.86 70.54 52.82 23.54 51.21 92.83 92.12 28.71 
34.36 0 29.77 22.82 6.62 4.7 5.85 28.91 49.16 31.49 32.57 11.87 23.27 34.21 29.55 5.09 10.64 38.06 22.66 8.67 25.79 63.11 66.85 12.71 
22.78 31.3 30.36 53.7 24.15 27.77 32.78 32.61 80.1 0 36.27 33.52 51.24 64.68 2.88 33.84 24.88 69.24 50.67 21.53 31.96 91.55 91.21 26.75 
28.45 35.4 3.44 31.63 33.72 38.87 36.89 14 55.58 38.88 0 28.05 28.66 41.21 36.72 30.05 29.09 52.12 55.5 25.8 64.62 75.92 67.69 30.92 
44.37 25.95 54.35 41.41 24.44 22.03 24.61 56.57 71.53 27.18 60.92 38.69 41.97 56.07 39.56 31.91 38.62 57.85 41.86 34.79 0 80.67 87.78 40.39 
81.27 44.48 58.22 24.77 51.83 51.55 37.26 38.68 1.55 77.84 50.31 44.98 23.47 17.32 75.74 41.31 54.13 23.73 32.8 52.61 69.77 0 14.77 55.97 
22.78 31.3 30.36 53.7 24.15 27.77 32.78 32.61 80.1 0 36.27 33.52 51.24 64.68 2.88 33.84 24.88 69.24 50.67 21.53 31.96 91.55 91.21 26.75 
28.45 35.4 3.44 31.63 33.72 38.87 36.89 14 55.58 38.88 0 28.05 28.66 41.21 36.72 30.05 29.09 52.12 55.5 25.8 64.62 75.92 67.69 30.92 
77.93 46.28 54.55 22.3 53.27 53.07 38.04 35.29 0 74.44 46.55 41.19 21 14.67 72.32 38.17 50.44 25.98 34.96 51.28 70.61 11.95 17.08 52.31 
22.78 31.3 30.36 53.7 24.15 27.77 32.78 32.61 80.1 0 36.27 33.52 51.24 64.68 2.88 33.84 24.88 69.24 50.67 21.53 31.96 91.55 91.21 26.75 
Matriz de Costos>
0 32.59 22.13 52.83 25.19 28.81 34.7 34.52 80.39 24.68 30.38 35.41 53.04 66.85 22.68 35.74 26.86 70.54 52.82 23.54 51.21 92.83 92.12 28.71 
34.36 0 29.77 22.82 6.62 4.7 5.85 28.91 49.16 31.49 32.57 11.87 23.27 34.21 29.55 5.09 10.64 38.06 22.66 8.67 25.79 63.11 66.85 12.71 
20.02 35.38 0 33.83 33.69 38.85 36.86 15.46 62.48 38.78 10.31 26.26 33.35 47.99 36.69 30.04 28.87 59.3 55.39 25.78 64.51 79.99 71.84 30.71 
55.2 19.81 31.08 0 26.44 25.67 12.34 20.5 29.47 51.48 30.34 14.84 4.89 15.27 49.21 11.14 22.88 18.3 21.2 25.3 41.09 39.55 47.51 24.82 
35.68 3.95 30.8 15.04 8.9 9.24 0 32.9 42.66 32.51 36.51 13.92 15.51 28.5 30.57 10.5 11.65 32.46 16.64 9.69 25.52 56.92 60.81 13.71 
20.02 35.38 0 33.83 33.69 38.85 36.86 15.46 62.48 38.78 10.31 26.26 33.35 47.99 36.69 30.04 28.87 59.3 55.39 25.78 64.51 79.99 71.84 30.71 
95.05 63.3 69.22 41.52 70.14 71.76 56.39 54.05 14.09 93.96 65.09 68.85 40.17 34 92 64.16 71.47 30.25 52.44 70.86 88.44 13.72 0 73.13 
56.17 21.52 31.76 3.86 28.42 26.88 14.47 15.23 28.32 52.47 25.29 16.07 0 11.06 50.21 12.46 24.06 21.06 26.46 26.73 43.25 42.15 44.22 25.99 
67.22 30.35 41.02 7.7 36.69 36.45 23.82 24.67 19.27 61.52 34.61 26.95 5.08 0 59.33 27.97 34.8 8.88 19.6 35.76 54.63 30.09 35.53 36.57 
13.67 22.51 21.48 40.36 15.13 18.84 24 23.85 68.91 21.05 27.61 24.82 40.63 54.8 0 25.1 15.85 59.39 40.34 12.36 39.4 82.26 82.13 17.82 
39.61 5.18 28.17 13.23 13.34 10.94 8.69 18.25 45.42 36.18 28.18 4.84 13.64 30.93 34.26 0 8.4 34.27 25.67 11.28 32.14 55.75 68.61 10.49 
35.34 10.2 24.6 17.32 7.53 13.26 11.99 14.99 47.66 32.72 25.06 0 16.79 32.72 30.78 3.02 3.89 36.05 28.75 5.4 35.94 59.9 65.41 5.22 
56.17 21.52 31.76 3.86 28.42 26.88 14.47 15.23 28.32 52.47 25.29 16.07 0 11.06 50.21 12.46 24.06 21.06 26.46 26.73 43.25 42.15 44.22 25.99 
35.92 28.83 13.32 21.6 28.64 33.89 31.11 0 42.16 32.77 7.19 15.79 18.5 30.42 30.84 21.21 20.04 39.58 48.14 20.56 56.15 63.27 56.52 21.98 
77.93 46.28 54.55 22.3 53.27 53.07 38.04 35.29 0 74.44 46.55 41.19 21 14.67 72.32 38.17 50.44 25.98 34.96 51.28 70.61 11.95 17.08 52.31 
55.2 19.81 31.08 0 26.44 25.67 12.34 20.5 29.47 51.48 30.34 14.84 4.89 15.27 49.21 11.14 22.88 18.3 21.2 25.3 41.09 39.55 47.51 24.82 
35.34 10.2 24.6 17.32 7.53 13.26 11.99 14.99 47.66 32.72 25.06 0 16.79 32.72 30.78 3.02 3.89 36.05 28.75 5.4 35.94 59.9 65.41 5.22 
56.17 21.52 31.76 3.86 28.42 26.88 14.47 15.23 28.32 52.47 25.29 16.07 0 11.06 50.21 12.46 24.06 21.06 26.46 26.73 43.25 42.15 44.22 25.99 
Matriz de Costos>
0 32.59 22.13 52.83 25.19 28.81 34.7 34.52 80.39 24.68 30.38 35.41 53.04 66.85 22.68 35.74 26.86 70.54 52.82 23.54 51.21 92.83 92.12 28.71 
34.33 9.11 26.25 27.54 7.09 12.84 10.59 20.11 55.44 31.15 26.71 8.12 26.34 39.15 29.21 10.86 1.98 44.7 27.48 0.83 35.57 69.23 72.83 0 
33.24 11.11 25.19 25.63 9.11 14.81 12.57 19.06 55.43 30.06 25.64 6.8 25.12 39.3 28.12 9.56 0 43.5 29.3 2.14 37.31 67.9 74.46 1.31 
69.38 35.14 55 18.6 41.75 41.46 29.09 36.48 26.91 66.95 47.15 37.05 17.9 12.23 64.79 33.69 42.19 0 19.53 42.56 54.38 23.51 33.61 44.14 
54.17 19.16 48.68 24.03 25.82 25.56 12.72 45.33 36.24 50.44 49.79 28.52 28.37 22.91 48.17 24.12 28.36 20.73 0 26.55 41.29 39.9 51.09 30.24 
67.22 30.35 41.02 7.7 36.69 36.45 23.82 24.67 19.27 61.52 34.61 26.95 5.08 0 59.33 27.97 34.8 8.88 19.6 35.76 54.63 30.09 35.53 36.57 
13.67 22.51 21.48 40.36 15.13 18.84 24 23.85 68.91 21.05 27.61 24.82 40.63 54.8 0 25.1 15.85 59.39 40.34 12.36 39.4 82.26 82.13 17.82 
28.45 35.4 3.44 31.63 33.72 38.87 36.89 14 55.58 38.88 0 28.05 28.66 41.21 36.72 30.05 29.09 52.12 55.5 25.8 64.62 75.92 67.69 30.92 
35.34 10.2 24.6 17.32 7.53 13.26 11.99 14.99 47.66 32.72 25.06 0 16.79 32.72 30.78 3.02 3.89 36.05 28.75 5.4 35.94 59.9 65.41 5.22 
56.17 21.52 31.76 3.86 28.42 26.88 14.47 15.23 28.32 52.47 25.29 16.07 0 11.06 50.21 12.46 24.06 21.06 26.46 26.73 43.25 42.15 44.22 25.99 
67.22 30.35 41.02 7.7 36.69 36.45 23.82 24.67 19.27 61.52 34.61 26.95 5.08 0 59.33 27.97 34.8 8.88 19.6 35.76 54.63 30.09 35.53 36.57 
26.58 5.28 27.68 26.62 0 3 9.64 28.27 53.94 24.5 31.93 9.42 27.07 38 22.52 10.95 7.11 43.22 26.56 5.54 24.47 67.76 71.37 9.22 
33.39 2.37 28.46 23.02 6.06 0 5.01 28.16 49.09 30.2 31.84 11.03 22.62 33.89 28.24 4.22 9.35 37.74 22.25 7.37 25.29 63.11 66.84 11.43 
35.68 3.95 30.8 15.04 8.9 9.24 0 32.9 42.66 32.51 36.51 13.92 15.51 28.5 30.57 10.5 11.65 32.46 16.64 9.69 25.52 56.92 60.81 13.71 
35.92 28.83 13.32 21.6 28.64 33.89 31.11 0 42.16 32.77 7.19 15.79 18.5 30.42 30.84 21.21 20.04 39.58 48.14 20.56 56.15 63.27 56.52 21.98 
77.93 46.28 54.55 22.3 53.27 53.07 38.04 35.29 0 74.44 46.55 41.19 21 14.67 72.32 38.17 50.44 25.98 34.96 51.28 70.61 11.95 17.08 52.31 
22.78 31.3 30.36 53.7 24.15 27.77 32.78 32.61 80.1 0 36.27 33.52 51.24 64.68 2.88 33.84 24.88 69.24 50.67 21.53 31.96 91.55 91.21 26.75 
22.78 31.3 30.36 53.7 24.15 27.77 32.78 32.61 80.1 0 36.27 33.52 51.24 64.68 2.88 33.84 24.88 69.24 50.67 21.53 31.96 91.55 91.21 26.75 
28.45 35.4 3.44 31.63 33.72 38.87 36.89 14 55.58 38.88 0 28.05 28.66 41.21 36.72 30.05 29.09 52.12 55.5 25.8 64.62 75.92 67.69 30.92 
35.34 10.2 24.6 17.32 7.53 13.26 11.99 14.99 47.66 32.72 25.06 0 16.79 32.72 30.78 3.02 3.89 36.05 28.75 5.4 35.94 59.9 65.41 5.22 
26.58 5.28 27.68 26.62 0 3 9.64 28.27 53.94 24.5 31.93 9.42 27.07 38 22.52 10.95 7.11 43.22 26.56 5.54 24.47 67.76 71.37 9.22 
33.39 2.37 28.46 23.02 6.06 0 5.01 28.16 49.09 30.2 31.84 11.03 22.62 33.89 28.24 4.22 9.35 37.74 22.25 7.37 25.29 63.11 66.84 11.43 
35.68 3.95 30.8 15.04 8.9 9.24 0 32.9 42.66 32.51 36.51 13.92 15.51 28.5 30.57 10.5 11.65 32.46 16.64 9.69 25.52 56.92 60.81 13.71 
67.22 30.35 41.02 7.7 36.69 36.45 23.82 24.67 19.27 61.52 34.61 26.95 5.08 0 59.33 27.97 34.8 8.88 19.6 35.76 54.63 30.09 35.53 36.57 
13.67 22.51 21.48 40.36 15.13 18.84 24 23.85 68.91 21.05 27.61 24.82 40.63 54.8 0 25.1 15.85 59.39 40.34 12.36 39.4 82.26 82.13 17.82 
34.36 0 29.77 22.82 6.62 4.7 5.85 28.91 49.16 31.49 32.57 11.87 23.27 34.21 29.55 5.09 10.64 38.06 22.66 8.67 25.79 63.11 66.85 12.71 
20.02 35.38 0 33.83 33.69 38.85 36.86 15.46 62.48 38.78 10.31 26.26 33.35 47.99 36.69 30.04 28.87 59.3 55.39 25.78 64.51 79.99 71.84 30.71 
Dimension>47
Bandera>13
Fitness Greedy Costo>527.68
Solucion Greedy Costo>2 10 7 11 0 14 19 16 23 0 9 4 5 1 0 6 15 3 12 0 20 18 17 13 0 24 8 21 22 0 0 0 0 0 0 0 0 0 0 0 0 0 0 0 0 0 0 
Linea Vacia>
32.45 7.02 25.31 25.61 5.33 10.78 8.51 22.02 53.3 29.24 25.77 9.27 26.06 37.12 27.28 10.67 1.49 42.48 25.55 0 33.72 66.2 70.84 2.83 
44.37 25.95 54.35 41.41 24.44 22.03 24.61 56.57 71.53 27.18 60.92 38.69 41.97 56.07 39.56 31.91 38.62 57.85 41.86 34.79 0 80.67 87.78 40.39 
81.27 44.48 58.22 24.77 51.83 51.55 37.26 38.68 1.55 77.84 50.31 44.98 23.47 17.32 75.74 41.31 54.13 23.73 32.8 52.61 69.77 0 14.77 55.97 
95.05 63.3 69.22 41.52 70.14 71.76 56.39 54.05 14.09 93.96 65.09 68.85 40.17 34 92 64.16 71.47 30.25 52.44 70.86 88.44 13.72 0 73.13 
39.61 5.18 28.17 13.23 13.34 10.94 8.69 18.25 45.42 36.18 28.18 4.84 13.64 30.93 34.26 0 8.4 34.27 25.67 11.28 32.14 55.75 68.61 10.49 
33.24 11.11 25.19 25.63 9.11 14.81 12.57 19.06 55.43 30.06 25.64 6.8 25.12 39.3 28.12 9.56 0 43.5 29.3 2.14 37.31 67.9 74.46 1.31 
69.38 35.14 55 18.6 41.75 41.46 29.09 36.48 26.91 66.95 47.15 37.05 17.9 12.23 64.79 33.69 42.19 0 19.53 42.56 54.38 23.51 33.61 44.14 
54.17 19.16 48.68 24.03 25.82 25.56 12.72 45.33 36.24 50.44 49.79 28.52 28.37 22.91 48.17 24.12 28.36 20.73 0 26.55 41.29 39.9 51.09 30.24 
Matriz de Costos>
0 32.59 22.13 52.83 25.19 28.81 34.7 34.52 80.39 24.68 30.38 35.41 53.04 66.85 22.68 35.74 26.86 70.54 52.82 23.54 51.21 92.83 92.12 28.71 
34.36 0 29.77 22.82 6.62 4.7 5.85 28.91 49.16 31.49 32.57 11.87 23.27 34.21 29.55 5.09 10.64 38.06 22.66 8.67 25.79 63.11 66.85 12.71 
13.67 22.51 21.48 40.36 15.13 18.84 24 23.85 68.91 21.05 27.61 24.82 40.63 54.8 0 25.1 15.85 59.39 40.34 12.36 39.4 82.26 82.13 17.82 
39.61 5.18 28.17 13.23 13.34 10.94 8.69 18.25 45.42 36.18 28.18 4.84 13.64 30.93 34.26 0 8.4 34.27 25.67 11.28 32.14 55.75 68.61 10.49 
33.24 11.11 25.19 25.63 9.11 14.81 12.57 19.06 55.43 30.06 25.64 6.8 25.12 39.3 28.12 9.56 0 43.5 29.3 2.14 37.31 67.9 74.46 1.31 
69.38 35.14 55 18.6 41.75 41.46 29.09 36.48 26.91 66.95 47.15 37.05 17.9 12.23 64.79 33.69 42.19 0 19.53 42.56 54.38 23.51 33.61 44.14 
Matriz de Costos>
0 32.59 22.13 52.83 25.19 28.81 34.7 34.52 80.39 24.68 30.38 35.41 53.04 66.85 22.68 35.74 26.86 70.54 52.82 23.54 51.21 92.83 92.12 28.71 
34.36 0 29.77 22.82 6.62 4.7 5.85 28.91 49.16 31.49 32.57 11.87 23.27 34.21 29.55 5.09 10.64 38.06 22.66 8.67 25.79 63.11 66.85 12.71 
20.02 35.38 0 33.83 33.69 38.85 36.86 15.46 62.48 38.78 10.31 26.26 33.35 47.99 36.69 30.04 28.87 59.3 55.39 25.78 64.51 79.99 71.84 30.71 
55.2 19.81 31.08 0 26.44 25.67 12.34 20.5 29.47 51.48 30.34 14.84 4.89 15.27 49.21 11.14 22.88 18.3 21.2 25.3 41.09 39.55 47.51 24.82 
28.45 35.4 3.44 31.63 33.72 38.87 36.89 14 55.58 38.88 0 28.05 28.66 41.21 36.72 30.05 29.09 52.12 55.5 25.8 64.62 75.92 67.69 30.92 
35.34 10.2 24.6 17.32 7.53 13.26 11.99 14.99 47.66 32.72 25.06 0 16.79 32.72 30.78 3.02 3.89 36.05 28.75 5.4 35.94 59.9 65.41 5.22 
56.17 21.52 31.76 3.86 28.42 26.88 14.47 15.23 28.32 52.47 25.29 16.07 0 11.06 50.21 12.46 24.06 21.06 26.46 26.73 43.25 42.15 44.22 25.99 
67.22 30.35 41.02 7.7 36.69 36.45 23.82 24.67 19.27 61.52 34.61 26.95 5.08 0 59.33 27.97 34.8 8.88 19.6 35.76 54.63 30.09 35.53 36.57 
13.67 22.51 21.48 40.36 15.13 18.84 24 23.85 68.91 21.05 27.61 24.82 40.63 54.8 0 25.1 15.85 59.39 40.34 12.36 39.4 82.26 82.13 17.82 
39.61 5.18 28.17 13.23 13.34 10.94 8.69 18.25 45.42 36.18 28.18 4.84 13.64 30.93 34.26 0 8.4 34.27 25.67 11.28 32.14 55.75 68.61 10.49 
56.17 21.52 31.76 3.86 28.42 26.88 14.47 15.23 28.32 52.47 25.29 16.07 0 11.06 50.21 12.46 24.06 21.06 26.46 26.73 43.25 42.15 44.22 25.99 
67.22 30.35 41.02 7.7 36.69 36.45 23.82 24.67 19.27 61.52 34.61 26.95 5.08 0 59.33 27.97 34.8 8.88 19.6 35.76 54.63 30.09 35.53 36.57 
13.67 22.51 21.48 40.36 15.13 18.84 24 23.85 68.91 21.05 27.61 24.82 40.63 54.8 0 25.1 15.85 59.39 40.34 12.36 39.4 82.26 82.13 17.82 
39.61 5.18 28.17 13.23 13.34 10.94 8.69 18.25 45.42 36.18 28.18 4.84 13.64 30.93 34.26 0 8.4 34.27 25.67 11.28 32.14 55.75 68.61 10.49 
35.92 28.83 13.32 21.6 28.64 33.89 31.11 0 42.16 32.77 7.19 15.79 18.5 30.42 30.84 21.21 20.04 39.58 48.14 20.56 56.15 63.27 56.52 21.98 
77.93 46.28 54.55 22.3 53.27 53.07 38.04 35.29 0 74.44 46.55 41.19 21 14.67 72.32 38.17 50.44 25.98 34.96 51.28 70.61 11.95 17.08 52.31 
22.78 31.3 30.36 53.7 24.15 27.77 32.78 32.61 80.1 0 36.27 33.52 51.24 64.68 2.88 33.84 24.88 69.24 50.67 21.53 31.96 91.55 91.21 26.75 
39.61 5.18 28.17 13.23 13.34 10.94 8.69 18.25 45.42 36.18 28.18 4.84 13.64 30.93 34.26 0 8.4 34.27 25.67 11.28 32.14 55.75 68.61 10.49 
33.24 11.11 25.19 25.63 9.11 14.81 12.57 19.06 55.43 30.06 25.64 6.8 25.12 39.3 28.12 9.56 0 43.5 29.3 2.14 37.31 67.9 74.46 1.31 
69.38 35.14 55 18.6 41.75 41.46 29.09 36.48 26.91 66.95 47.15 37.05 17.9 12.23 64.79 33.69 42.19 0 19.53 42.56 54.38 23.51 33.61 44.14 
55.2 19.81 31.08 0 26.44 25.67 12.34 20.5 29.47 51.48 30.34 14.84 4.89 15.27 49.21 11.14 22.88 18.3 21.2 25.3 41.09 39.55 47.51 24.82 
26.58 5.28 27.68 26.62 0 3 9.64 28.27 53.94 24.5 31.93 9.42 27.07 38 22.52 10.95 7.11 43.22 26.56 5.54 24.47 67.76 71.37 9.22 
33.39 2.37 28.46 23.02 6.06 0 5.01 28.16 49.09 30.2 31.84 11.03 22.62 33.89 28.24 4.22 9.35 37.74 22.25 7.37 25.29 63.11 66.84 11.43 
34.33 9.11 26.25 27.54 7.09 12.84 10.59 20.11 55.44 31.15 26.71 8.12 26.34 39.15 29.21 10.86 1.98 44.7 27.48 0.83 35.57 69.23 72.83 0 
32.45 7.02 25.31 25.61 5.33 10.78 8.51 22.02 53.3 29.24 25.77 9.27 26.06 37.12 27.28 10.67 1.49 42.48 25.55 0 33.72 66.2 70.84 2.83 
44.37 25.95 54.35 41.41 24.44 22.03 24.61 56.57 71.53 27.18 60.92 38.69 41.97 56.07 39.56 31.91 38.62 57.85 41.86 34.79 0 80.67 87.78 40.39 
81.27 44.48 58.22 24.77 51.83 51.55 37.26 38.68 1.55 77.84 50.31 44.98 23.47 17.32 75.74 41.31 54.13 23.73 32.8 52.61 69.77 0 14.77 55.97 
95.05 63.3 69.22 41.52 70.14 71.76 56.39 54.05 14.09 93.96 65.09 68.85 40.17 34 92 64.16 71.47 30.25 52.44 70.86 88.44 13.72 0 73.13 
Matriz de Costos>
0 32.59 22.13 52.83 25.19 28.81 34.7 34.52 80.39 24.68 30.38 35.41 53.04 66.85 22.68 35.74 26.86 70.54 52.82 23.54 51.21 92.83 92.12 28.71 
34.36 0 29.77 22.82 6.62 4.7 5.85 28.91 49.16 31.49 32.57 11.87 23.27 34.21 29.55 5.09 10.64 38.06 22.66 8.67 25.79 63.11 66.85 12.71 
20.02 35.38 0 33.83 33.69 38.85 36.86 15.46 62.48 38.78 10.31 26.26 33.35 47.99 36.69 30.04 28.87 59.3 55.39 25.78 64.51 79.99 71.84 30.71 
54.17 19.16 48.68 24.03 25.82 25.56 12.72 45.33 36.24 50.44 49.79 28.52 28.37 22.91 48.17 24.12 28.36 20.73 0 26.55 41.29 39.9 51.09 30.24 
32.45 7.02 25.31 25.61 5.33 10.78 8.51 22.02 53.3 29.24 25.77 9.27 26.06 37.12 27.28 10.67 1.49 42.48 25.55 0 33.72 66.2 70.84 2.83 
44.37 25.95 54.35 41.41 24.44 22.03 24.61 56.57 71.53 27.18 60.92 38.69 41.97 56.07 39.56 31.91 38.62 57.85 41.86 34.79 0 80.67 87.78 40.39 
81.27 44.48 58.22 24.77 51.83 51.55 37.26 38.68 1.55 77.84 50.31 44.98 23.47 17.32 75.74 41.31 54.13 23.73 32.8 52.61 69.77 0 14.77 55.97 
33.24 11.11 25.19 25.63 9.11 14.81 12.57 19.06 55.43 30.06 25.64 6.8 25.12 39.3 28.12 9.56 0 43.5 29.3 2.14 37.31 67.9 74.46 1.31 
69.38 35.14 55 18.6 41.75 41.46 29.09 36.48 26.91 66.95 47.15 37.05 17.9 12.23 64.79 33.69 42.19 0 19.53 42.56 54.38 23.51 33.61 44.14 
54.17 19.16 48.68 24.03 25.82 25.56 12.72 45.33 36.24 50.44 49.79 28.52 28.37 22.91 48.17 24.12 28.36 20.73 0 26.55 41.29 39.9 51.09 30.24 
34.33 9.11 26.25 27.54 7.09 12.84 10.59 20.11 55.44 31.15 26.71 8.12 26.34 39.15 29.21 10.86 1.98 44.7 27.48 0.83 35.57 69.23 72.83 0 
20.02 35.38 0 33.83 33.69 38.85 36.86 15.46 62.48 38.78 10.31 26.26 33.35 47.99 36.69 30.04 28.87 59.3 55.39 25.78 64.51 79.99 71.84 30.71 
55.2 19.81 31.08 0 26.44 25.67 12.34 20.5 29.47 51.48 30.34 14.84 4.89 15.27 49.21 11.14 22.88 18.3 21.2 25.3 41.09 39.55 47.51 24.82 
26.58 5.28 27.68 26.62 0 3 9.64 28.27 53.94 24.5 31.93 9.42 27.07 38 22.52 10.95 7.11 43.22 26.56 5.54 24.47 67.76 71.37 9.22 
33.39 2.37 28.46 23.02 6.06 0 5.01 28.16 49.09 30.2 31.84 11.03 22.62 33.89 28.24 4.22 9.35 37.74 22.25 7.37 25.29 63.11 66.84 11.43 
26.58 5.28 27.68 26.62 0 3 9.64 28.27 53.94 24.5 31.93 9.42 27.07 38 22.52 10.95 7.11 43.22 26.56 5.54 24.47 67.76 71.37 9.22 
33.39 2.37 28.46 23.02 6.06 0 5.01 28.16 49.09 30.2 31.84 11.03 22.62 33.89 28.24 4.22 9.35 37.74 22.25 7.37 25.29 63.11 66.84 11.43 
35.68 3.95 30.8 15.04 8.9 9.24 0 32.9 42.66 32.51 36.51 13.92 15.51 28.5 30.57 10.5 11.65 32.46 16.64 9.69 25.52 56.92 60.81 13.71 
35.92 28.83 13.32 21.6 28.64 33.89 31.11 0 42.16 32.77 7.19 15.79 18.5 30.42 30.84 21.21 20.04 39.58 48.14 20.56 56.15 63.27 56.52 21.98 
77.93 46.28 54.55 22.3 53.27 53.07 38.04 35.29 0 74.44 46.55 41.19 21 14.67 72.32 38.17 50.44 25.98 34.96 51.28 70.61 11.95 17.08 52.31 
22.78 31.3 30.36 53.7 24.15 27.77 32.78 32.61 80.1 0 36.27 33.52 51.24 64.68 2.88 33.84 24.88 69.24 50.67 21.53 31.96 91.55 91.21 26.75 
28.45 35.4 3.44 31.63 33.72 38.87 36.89 14 55.58 38.88 0 28.05 28.66 41.21 36.72 30.05 29.09 52.12 55.5 25.8 64.62 75.92 67.69 30.92 
35.34 10.2 24.6 17.32 7.53 13.26 11.99 14.99 47.66 32.72 25.06 0 16.79 32.72 30.78 3.02 3.89 36.05 28.75 5.4 35.94 59.9 65.41 5.22 
33.24 11.11 25.19 25.63 9.11 14.81 12.57 19.06 55.43 30.06 25.64 6.8 25.12 39.3 28.12 9.56 0 43.5 29.3 2.14 37.31 67.9 74.46 1.31 
69.38 35.14 55 18.6 41.75 41.46 29.09 36.48 26.91 66.95 47.15 37.05 17.9 12.23 64.79 33.69 42.19 0 19.53 42.56 54.38 23.51 33.61 44.14 
54.17 19.16 48.68 24.03 25.82 25.56 12.72 45.33 36.24 50.44 49.79 28.52 28.37 22.91 48.17 24.12 28.36 20.73 0 26.55 41.29 39.9 51.09 30.24 
32.45 7.02 25.31 25.61 5.33 10.78 8.51 22.02 53.3 29.24 25.77 9.27 26.06 37.12 27.28 10.67 1.49 42.48 25.55 0 33.72 66.2 70.84 2.83 
44.37 25.95 54.35 41.41 24.44 22.03 24.61 56.57 71.53 27.18 60.92 38.69 41.97 56.07 39.56 31.91 38.62 57.85 41.86 34.79 0 80.67 87.78 40.39 
81.27 44.48 58.22 24.77 51.83 51.55 37.26 38.68 1.55 77.84 50.31 44.98 23.47 17.32 75.74 41.31 54.13 23.73 32.8 52.61 69.77 0 14.77 55.97 
95.05 63.3 69.22 41.52 70.14 71.76 56.39 54.05 14.09 93.96 65.09 68.85 40.17 34 92 64.16 71.47 30.25 52.44 70.86 88.44 13.72 0 73.13 
34.33 9.11 26.25 27.54 7.09 12.84 10.59 20.11 55.44 31.15 26.71 8.12 26.34 39.15 29.21 10.86 1.98 44.7 27.48 0.83 35.57 69.23 72.83 0 
32.45 7.02 25.31 25.61 5.33 10.78 8.51 22.02 53.3 29.24 25.77 9.27 26.06 37.12 27.28 10.67 1.49 42.48 25.55 0 33.72 66.2 70.84 2.83 
44.37 25.95 54.35 41.41 24.44 22.03 24.61 56.57 71.53 27.18 60.92 38.69 41.97 56.07 39.56 31.91 38.62 57.85 41.86 34.79 0 80.67 87.78 40.39 
28.45 35.4 3.44 31.63 33.72 38.87 36.89 14 55.58 38.88 0 28.05 28.66 41.21 36.72 30.05 29.09 52.12 55.5 25.8 64.62 75.92 67.69 30.92 
35.34 10.2 24.6 17.32 7.53 13.26 11.99 14.99 47.66 32.72 25.06 0 16.79 32.72 30.78 3.02 3.89 36.05 28.75 5.4 35.94 59.9 65.41 5.22 
56.17 21.52 31.76 3.86 28.42 26.88 14.47 15.23 28.32 52.47 25.29 16.07 0 11.06 50.21 12.46 24.06 21.06 26.46 26.73 43.25 42.15 44.22 25.99 
67.22 30.35 41.02 7.7 36.69 36.45 23.82 24.67 19.27 61.52 34.61 26.95 5.08 0 59.33 27.97 34.8 8.88 19.6 35.76 54.63 30.09 35.53 36.57 
54.17 19.16 48.68 24.03 25.82 25.56 12.72 45.33 36.24 50.44 49.79 28.52 28.37 22.91 48.17 24.12 28.36 20.73 0 26.55 41.29 39.9 51.09 30.24 
32.45 7.02 25.31 25.61 5.33 10.78 8.51 22.02 53.3 29.24 25.77 9.27 26.06 37.12 27.28 10.67 1.49 42.48 25.55 0 33.72 66.2 70.84 2.83 
44.37 25.95 54.35 41.41 24.44 22.03 24.61 56.57 71.53 27.18 60.92 38.69 41.97 56.07 39.56 31.91 38.62 57.85 41.86 34.79 0 80.67 87.78 40.39 
81.27 44.48 58.22 24.77 51.83 51.55 37.26 38.68 1.55 77.84 50.31 44.98 23.47 17.32 75.74 41.31 54.13 23.73 32.8 52.61 69.77 0 14.77 55.97 
35.68 3.95 30.8 15.04 8.9 9.24 0 32.9 42.66 32.51 36.51 13.92 15.51 28.5 30.57 10.5 11.65 32.46 16.64 9.69 25.52 56.92 60.81 13.71 
35.92 28.83 13.32 21.6 28.64 33.89 31.11 0 42.16 32.77 7.19 15.79 18.5 30.42 30.84 21.21 20.04 39.58 48.14 20.56 56.15 63.27 56.52 21.98 
77.93 46.28 54.55 22.3 53.27 53.07 38.04 35.29 0 74.44 46.55 41.19 21 14.67 72.32 38.17 50.44 25.98 34.96 51.28 70.61 11.95 17.08 52.31 
22.78 31.3 30.36 53.7 24.15 27.77 32.78 32.61 80.1 0 36.27 33.52 51.24 64.68 2.88 33.84 24.88 69.24 50.67 21.53 31.96 91.55 91.21 26.75 
Matriz de Costos>
0 32.59 22.13 52.83 25.19 28.81 34.7 34.52 80.39 24.68 30.38 35.41 53.04 66.85 22.68 35.74 26.86 70.54 52.82 23.54 51.21 92.83 92.12 28.71 
34.36 0 29.77 22.82 6.62 4.7 5.85 28.91 49.16 31.49 32.57 11.87 23.27 34.21 29.55 5.09 10.64 38.06 22.66 8.67 25.79 63.11 66.85 12.71 
20.02 35.38 0 33.83 33.69 38.85 36.86 15.46 62.48 38.78 10.31 26.26 33.35 47.99 36.69 30.04 28.87 59.3 55.39 25.78 64.51 79.99 71.84 30.71 
55.2 19.81 31.08 0 26.44 25.67 12.34 20.5 29.47 51.48 30.34 14.84 4.89 15.27 49.21 11.14 22.88 18.3 21.2 25.3 41.09 39.55 47.51 24.82 
26.58 5.28 27.68 26.62 0 3 9.64 28.27 53.94 24.5 31.93 9.42 27.07 38 22.52 10.95 7.11 43.22 26.56 5.54 24.47 67.76 71.37 9.22 
33.39 2.37 28.46 23.02 6.06 0 5.01 28.16 49.09 30.2 31.84 11.03 22.62 33.89 28.24 4.22 9.35 37.74 22.25 7.37 25.29 63.11 66.84 11.43 
35.68 3.95 30.8 15.04 8.9 9.24 0 32.9 42.66 32.51 36.51 13.92 15.51 28.5 30.57 10.5 11.65 32.46 16.64 9.69 25.52 56.92 60.81 13.71 
35.68 3.95 30.8 15.04 8.9 9.24 0 32.9 42.66 32.51 36.51 13.92 15.51 28.5 30.57 10.5 11.65 32.46 16.64 9.69 25.52 56.92 60.81 13.71 
35.92 28.83 13.32 21.6 28.64 33.89 31.11 0 42.16 32.77 7.19 15.79 18.5 30.42 30.84 21.21 20.04 39.58 48.14 20.56 56.15 63.27 56.52 21.98 
77.93 46.28 54.55 22.3 53.27 53.07 38.04 35.29 0 74.44 46.55 41.19 21 14.67 72.32 38.17 50.44 25.98 34.96 51.28 70.61 11.95 17.08 52.31 
55.2 19.81 31.08 0 26.44 25.67 12.34 20.5 29.47 51.48 30.34 14.84 4.89 15.27 49.21 11.14 22.88 18.3 21.2 25.3 41.09 39.55 47.51 24.82 
26.58 5.28 27.68 26.62 0 3 9.64 28.27 53.94 24.5 31.93 9.42 27.07 38 22.52 10.95 7.11 43.22 26.56 5.54 24.47 67.76 71.37 9.22 
33.39 2.37 28.46 23.02 6.06 0 5.01 28.16 49.09 30.2 31.84 11.03 22.62 33.89 28.24 4.22 9.35 37.74 22.25 7.37 25.29 63.11 66.84 11.43 
35.68 3.95 30.8 15.04 8.9 9.24 0 32.9 42.66 32.51 36.51 13.92 15.51 28.5 30.57 10.5 11.65 32.46 16.64 9.69 25.52 56.92 60.81 13.71 
95.05 63.3 69.22 41.52 70.14 71.76 56.39 54.05 14.09 93.96 65.09 68.85 40.17 34 92 64.16 71.47 30.25 52.44 70.86 88.44 13.72 0 73.13 
34.33 9.11 26.25 27.54 7.09 12.84 10.59 20.11 55.44 31.15 26.71 8.12 26.34 39.15 29.21 10.86 1.98 44.7 27.48 0.83 35.57 69.23 72.83 0 
81.27 44.48 58.22 24.77 51.83 51.55 37.26 38.68 1.55 77.84 50.31 44.98 23.47 17.32 75.74 41.31 54.13 23.73 32.8 52.61 69.77 0 14.77 55.97 
95.05 63.3 69.22 41.52 70.14 71.76 56.39 54.05 14.09 93.96 65.09 68.85 40.17 34 92 64.16 71.47 30.25 52.44 70.86 88.44 13.72 0 73.13 
34.33 9.11 26.25 27.54 7.09 12.84 10.59 20.11 55.44 31.15 26.71 8.12 26.34 39.15 29.21 10.86 1.98 44.7 27.48 0.83 35.57 69.23 72.83 0 
13.67 22.51 21.48 40.36 15.13 18.84 24 23.85 68.91 21.05 27.61 24.82 40.63 54.8 0 25.1 15.85 59.39 40.34 12.36 39.4 82.26 82.13 17.82 
39.61 5.18 28.17 13.23 13.34 10.94 8.69 18.25 45.42 36.18 28.18 4.84 13.64 30.93 34.26 0 8.4 34.27 25.67 11.28 32.14 55.75 68.61 10.49 
33.24 11.11 25.19 25.63 9.11 14.81 12.57 19.06 55.43 30.06 25.64 6.8 25.12 39.3 28.12 9.56 0 43.5 29.3 2.14 37.31 67.9 74.46 1.31 
95.05 63.3 69.22 41.52 70.14 71.76 56.39 54.05 14.09 93.96 65.09 68.85 40.17 34 92 64.16 71.47 30.25 52.44 70.86 88.44 13.72 0 73.13 
34.33 9.11 26.25 27.54 7.09 12.84 10.59 20.11 55.44 31.15 26.71 8.12 26.34 39.15 29.21 10.86 1.98 44.7 27.48 0.83 35.57 69.23 72.83 0 
28.45 35.4 3.44 31.63 33.72 38.87 36.89 14 55.58 38.88 0 28.05 28.66 41.21 36.72 30.05 29.09 52.12 55.5 25.8 64.62 75.92 67.69 30.92 
35.34 10.2 24.6 17.32 7.53 13.26 11.99 14.99 47.66 32.72 25.06 0 16.79 32.72 30.78 3.02 3.89 36.05 28.75 5.4 35.94 59.9 65.41 5.22 
35.92 28.83 13.32 21.6 28.64 33.89 31.11 0 42.16 32.77 7.19 15.79 18.5 30.42 30.84 21.21 20.04 39.58 48.14 20.56 56.15 63.27 56.52 21.98 
77.93 46.28 54.55 22.3 53.27 53.07 38.04 35.29 0 74.44 46.55 41.19 21 14.67 72.32 38.17 50.44 25.98 34.96 51.28 70.61 11.95 17.08 52.31 
22.78 31.3 30.36 53.7 24.15 27.77 32.78 32.61 80.1 0 36.27 33.52 51.24 64.68 2.88 33.84 24.88 69.24 50.67 21.53 31.96 91.55 91.21 26.75 
28.45 35.4 3.44 31.63 33.72 38.87 36.89 14 55.58 38.88 0 28.05 28.66 41.21 36.72 30.05 29.09 52.12 55.5 25.8 64.62 75.92 67.69 30.92 
35.34 10.2 24.6 17.32 7.53 13.26 11.99 14.99 47.66 32.72 25.06 0 16.79 32.72 30.78 3.02 3.89 36.05 28.75 5.4 35.94 59.9 65.41 5.22 
35.92 28.83 13.32 21.6 28.64 33.89 31.11 0 42.16 32.77 7.19 15.79 18.5 30.42 30.84 21.21 20.04 39.58 48.14 20.56 56.15 63.27 56.52 21.98 
77.93 46.28 54.55 22.3 53.27 53.07 38.04 35.29 0 74.44 46.55 41.19 21 14.67 72.32 38.17 50.44 25.98 34.96 51.28 70.61 11.95 17.08 52.31 
56.17 21.52 31.76 3.86 28.42 26.88 14.47 15.23 28.32 52.47 25.29 16.07 0 11.06 50.21 12.46 24.06 21.06 26.46 26.73 43.25 42.15 44.22 25.99 
67.22 30.35 41.02 7.7 36.69 36.45 23.82 24.67 19.27 61.52 34.61 26.95 5.08 0 59.33 27.97 34.8 8.88 19.6 35.76 54.63 30.09 35.53 36.57 
13.67 22.51 21.48 40.36 15.13 18.84 24 23.85 68.91 21.05 27.61 24.82 40.63 54.8 0 25.1 15.85 59.39 40.34 12.36 39.4 82.26 82.13 17.82 
39.61 5.18 28.17 13.23 13.34 10.94 8.69 18.25 45.42 36.18 28.18 4.84 13.64 30.93 34.26 0 8.4 34.27 25.67 11.28 32.14 55.75 68.61 10.49 
33.24 11.11 25.19 25.63 9.11 14.81 12.57 19.06 55.43 30.06 25.64 6.8 25.12 39.3 28.12 9.56 0 43.5 29.3 2.14 37.31 67.9 74.46 1.31 
69.38 35.14 55 18.6 41.75 41.46 29.09 36.48 26.91 66.95 47.15 37.05 17.9 12.23 64.79 33.69 42.19 0 19.53 42.56 54.38 23.51 33.61 44.14 
54.17 19.16 48.68 24.03 25.82 25.56 12.72 45.33 36.24 50.44 49.79 28.52 28.37 22.91 48.17 24.12 28.36 20.73 0 26.55 41.29 39.9 51.09 30.24 
32.45 7.02 25.31 25.61 5.33 10.78 8.51 22.02 53.3 29.24 25.77 9.27 26.06 37.12 27.28 10.67 1.49 42.48 25.55 0 33.72 66.2 70.84 2.83 
44.37 25.95 54.35 41.41 24.44 22.03 24.61 56.57 71.53 27.18 60.92 38.69 41.97 56.07 39.56 31.91 38.62 57.85 41.86 34.79 0 80.67 87.78 40.39 
69.38 35.14 55 18.6 41.75 41.46 29.09 36.48 26.91 66.95 47.15 37.05 17.9 12.23 64.79 33.69 42.19 0 19.53 42.56 54.38 23.51 33.61 44.14 
54.17 19.16 48.68 24.03 25.82 25.56 12.72 45.33 36.24 50.44 49.79 28.52 28.37 22.91 48.17 24.12 28.36 20.73 0 26.55 41.29 39.9 51.09 30.24 
32.45 7.02 25.31 25.61 5.33 10.78 8.51 22.02 53.3 29.24 25.77 9.27 26.06 37.12 27.28 10.67 1.49 42.48 25.55 0 33.72 66.2 70.84 2.83 
56.17 21.52 31.76 3.86 28.42 26.88 14.47 15.23 28.32 52.47 25.29 16.07 0 11.06 50.21 12.46 24.06 21.06 26.46 26.73 43.25 42.15 44.22 25.99 
67.22 30.35 41.02 7.7 36.69 36.45 23.82 24.67 19.27 61.52 34.61 26.95 5.08 0 59.33 27.97 34.8 8.88 19.6 35.76 54.63 30.09 35.53 36.57 
13.67 22.51 21.48 40.36 15.13 18.84 24 23.85 68.91 21.05 27.61 24.82 40.63 54.8 0 25.1 15.85 59.39 40.34 12.36 39.4 82.26 82.13 17.82 
56.17 21.52 31.76 3.86 28.42 26.88 14.47 15.23 28.32 52.47 25.29 16.07 0 11.06 50.21 12.46 24.06 21.06 26.46 26.73 43.25 42.15 44.22 25.99 
67.22 30.35 41.02 7.7 36.69 36.45 23.82 24.67 19.27 61.52 34.61 26.95 5.08 0 59.33 27.97 34.8 8.88 19.6 35.76 54.63 30.09 35.53 36.57 
13.67 22.51 21.48 40.36 15.13 18.84 24 23.85 68.91 21.05 27.61 24.82 40.63 54.8 0 25.1 15.85 59.39 40.34 12.36 39.4 82.26 82.13 17.82 
39.61 5.18 28.17 13.23 13.34 10.94 8.69 18.25 45.42 36.18 28.18 4.84 13.64 30.93 34.26 0 8.4 34.27 25.67 11.28 32.14 55.75 68.61 10.49 
33.24 11.11 25.19 25.63 9.11 14.81 12.57 19.06 55.43 30.06 25.64 6.8 25.12 39.3 28.12 9.56 0 43.5 29.3 2.14 37.31 67.9 74.46 1.31 
69.38 35.14 55 18.6 41.75 41.46 29.09 36.48 26.91 66.95 47.15 37.05 17.9 12.23 64.79 33.69 42.19 0 19.53 42.56 54.38 23.51 33.61 44.14 
54.17 19.16 48.68 24.03 25.82 25.56 12.72 45.33 36.24 50.44 49.79 28.52 28.37 22.91 48.17 24.12 28.36 20.73 0 26.55 41.29 39.9 51.09 30.24 
22.78 31.3 30.36 53.7 24.15 27.77 32.78 32.61 80.1 0 36.27 33.52 51.24 64.68 2.88 33.84 24.88 69.24 50.67 21.53 31.96 91.55 91.21 26.75 
28.45 35.4 3.44 31.63 33.72 38.87 36.89 14 55.58 38.88 0 28.05 28.66 41.21 36.72 30.05 29.09 52.12 55.5 25.8 64.62 75.92 67.69 30.92 
35.34 10.2 24.6 17.32 7.53 13.26 11.99 14.99 47.66 32.72 25.06 0 16.79 32.72 30.78 3.02 3.89 36.05 28.75 5.4 35.94 59.9 65.41 5.22 
56.17 21.52 31.76 3.86 28.42 26.88 14.47 15.23 28.32 52.47 25.29 16.07 0 11.06 50.21 12.46 24.06 21.06 26.46 26.73 43.25 42.15 44.22 25.99 
22.78 31.3 30.36 53.7 24.15 27.77 32.78 32.61 80.1 0 36.27 33.52 51.24 64.68 2.88 33.84 24.88 69.24 50.67 21.53 31.96 91.55 91.21 26.75 
28.45 35.4 3.44 31.63 33.72 38.87 36.89 14 55.58 38.88 0 28.05 28.66 41.21 36.72 30.05 29.09 52.12 55.5 25.8 64.62 75.92 67.69 30.92 
35.34 10.2 24.6 17.32 7.53 13.26 11.99 14.99 47.66 32.72 25.06 0 16.79 32.72 30.78 3.02 3.89 36.05 28.75 5.4 35.94 59.9 65.41 5.22 
81.27 44.48 58.22 24.77 51.83 51.55 37.26 38.68 1.55 77.84 50.31 44.98 23.47 17.32 75.74 41.31 54.13 23.73 32.8 52.61 69.77 0 14.77 55.97 
95.05 63.3 69.22 41.52 70.14 71.76 56.39 54.05 14.09 93.96 65.09 68.85 40.17 34 92 64.16 71.47 30.25 52.44 70.86 88.44 13.72 0 73.13 
34.33 9.11 26.25 27.54 7.09 12.84 10.59 20.11 55.44 31.15 26.71 8.12 26.34 39.15 29.21 10.86 1.98 44.7 27.48 0.83 35.57 69.23 72.83 0 
39.61 5.18 28.17 13.23 13.34 10.94 8.69 18.25 45.42 36.18 28.18 4.84 13.64 30.93 34.26 0 8.4 34.27 25.67 11.28 32.14 55.75 68.61 10.49 
33.24 11.11 25.19 25.63 9.11 14.81 12.57 19.06 55.43 30.06 25.64 6.8 25.12 39.3 28.12 9.56 0 43.5 29.3 2.14 37.31 67.9 74.46 1.31 
32.45 7.02 25.31 25.61 5.33 10.78 8.51 22.02 53.3 29.24 25.77 9.27 26.06 37.12 27.28 10.67 1.49 42.48 25.55 0 33.72 66.2 70.84 2.83 
44.37 25.95 54.35 41.41 24.44 22.03 24.61 56.57 71.53 27.18 60.92 38.69 41.97 56.07 39.56 31.91 38.62 57.85 41.86 34.79 0 80.67 87.78 40.39 
81.27 44.48 58.22 24.77 51.83 51.55 37.26 38.68 1.55 77.84 50.31 44.98 23.47 17.32 75.74 41.31 54.13 23.73 32.8 52.61 69.77 0 14.77 55.97 
95.05 63.3 69.22 41.52 70.14 71.76 56.39 54.05 14.09 93.96 65.09 68.85 40.17 34 92 64.16 71.47 30.25 52.44 70.86 88.44 13.72 0 73.13 
34.33 9.11 26.25 27.54 7.09 12.84 10.59 20.11 55.44 31.15 26.71 8.12 26.34 39.15 29.21 10.86 1.98 44.7 27.48 0.83 35.57 69.23 72.83 0 
67.22 30.35 41.02 7.7 36.69 36.45 23.82 24.67 19.27 61.52 34.61 26.95 5.08 0 59.33 27.97 34.8 8.88 19.6 35.76 54.63 30.09 35.53 36.57 
13.67 22.51 21.48 40.36 15.13 18.84 24 23.85 68.91 21.05 27.61 24.82 40.63 54.8 0 25.1 15.85 59.39 40.34 12.36 39.4 82.26 82.13 17.82 
44.37 25.95 54.35 41.41 24.44 22.03 24.61 56.57 71.53 27.18 60.92 38.69 41.97 56.07 39.56 31.91 38.62 57.85 41.86 34.79 0 80.67 87.78 40.39 
81.27 44.48 58.22 24.77 51.83 51.55 37.26 38.68 1.55 77.84 50.31 44.98 23.47 17.32 75.74 41.31 54.13 23.73 32.8 52.61 69.77 0 14.77 55.97 
95.05 63.3 69.22 41.52 70.14 71.76 56.39 54.05 14.09 93.96 65.09 68.85 40.17 34 92 64.16 71.47 30.25 52.44 70.86 88.44 13.72 0 73.13 
34.33 9.11 26.25 27.54 7.09 12.84 10.59 20.11 55.44 31.15 26.71 8.12 26.34 39.15 29.21 10.86 1.98 44.7 27.48 0.83 35.57 69.23 72.83 0 
69.38 35.14 55 18.6 41.75 41.46 29.09 36.48 26.91 66.95 47.15 37.05 17.9 12.23 64.79 33.69 42.19 0 19.53 42.56 54.38 23.51 33.61 44.14 
54.17 19.16 48.68 24.03 25.82 25.56 12.72 45.33 36.24 50.44 49.79 28.52 28.37 22.91 48.17 24.12 28.36 20.73 0 26.55 41.29 39.9 51.09 30.24 
39.61 5.18 28.17 13.23 13.34 10.94 8.69 18.25 45.42 36.18 28.18 4.84 13.64 30.93 34.26 0 8.4 34.27 25.67 11.28 32.14 55.75 68.61 10.49 
33.24 11.11 25.19 25.63 9.11 14.81 12.57 19.06 55.43 30.06 25.64 6.8 25.12 39.3 28.12 9.56 0 43.5 29.3 2.14 37.31 67.9 74.46 1.31 
56.17 21.52 31.76 3.86 28.42 26.88 14.47 15.23 28.32 52.47 25.29 16.07 0 11.06 50.21 12.46 24.06 21.06 26.46 26.73 43.25 42.15 44.22 25.99 
67.22 30.35 41.02 7.7 36.69 36.45 23.82 24.67 19.27 61.52 34.61 26.95 5.08 0 59.33 27.97 34.8 8.88 19.6 35.76 54.63 30.09 35.53 36.57 
13.67 22.51 21.48 40.36 15.13 18.84 24 23.85 68.91 21.05 27.61 24.82 40.63 54.8 0 25.1 15.85 59.39 40.34 12.36 39.4 82.26 82.13 17.82 
32.45 7.02 25.31 25.61 5.33 10.78 8.51 22.02 53.3 29.24 25.77 9.27 26.06 37.12 27.28 10.67 1.49 42.48 25.55 0 33.72 66.2 70.84 2.83 
44.37 25.95 54.35 41.41 24.44 22.03 24.61 56.57 71.53 27.18 60.92 38.69 41.97 56.07 39.56 31.91 38.62 57.85 41.86 34.79 0 80.67 87.78 40.39 
69.38 35.14 55 18.6 41.75 41.46 29.09 36.48 26.91 66.95 47.15 37.05 17.9 12.23 64.79 33.69 42.19 0 19.53 42.56 54.38 23.51 33.61 44.14 
54.17 19.16 48.68 24.03 25.82 25.56 12.72 45.33 36.24 50.44 49.79 28.52 28.37 22.91 48.17 24.12 28.36 20.73 0 26.55 41.29 39.9 51.09 30.24 
39.61 5.18 28.17 13.23 13.34 10.94 8.69 18.25 45.42 36.18 28.18 4.84 13.64 30.93 34.26 0 8.4 34.27 25.67 11.28 32.14 55.75 68.61 10.49 
33.24 11.11 25.19 25.63 9.11 14.81 12.57 19.06 55.43 30.06 25.64 6.8 25.12 39.3 28.12 9.56 0 43.5 29.3 2.14 37.31 67.9 74.46 1.31 
81.27 44.48 58.22 24.77 51.83 51.55 37.26 38.68 1.55 77.84 50.31 44.98 23.47 17.32 75.74 41.31 54.13 23.73 32.8 52.61 69.77 0 14.77 55.97 
95.05 63.3 69.22 41.52 70.14 71.76 56.39 54.05 14.09 93.96 65.09 68.85 40.17 34 92 64.16 71.47 30.25 52.44 70.86 88.44 13.72 0 73.13 
34.33 9.11 26.25 27.54 7.09 12.84 10.59 20.11 55.44 31.15 26.71 8.12 26.34 39.15 29.21 10.86 1.98 44.7 27.48 0.83 35.57 69.23 72.83 0 
32.45 7.02 25.31 25.61 5.33 10.78 8.51 22.02 53.3 29.24 25.77 9.27 26.06 37.12 27.28 10.67 1.49 42.48 25.55 0 33.72 66.2 70.84 2.83 
44.37 25.95 54.35 41.41 24.44 22.03 24.61 56.57 71.53 27.18 60.92 38.69 41.97 56.07 39.56 31.91 38.62 57.85 41.86 34.79 0 80.67 87.78 40.39 
81.27 44.48 58.22 24.77 51.83 51.55 37.26 38.68 1.55 77.84 50.31 44.98 23.47 17.32 75.74 41.31 54.13 23.73 32.8 52.61 69.77 0 14.77 55.97 
95.05 63.3 69.22 41.52 70.14 71.76 56.39 54.05 14.09 93.96 65.09 68.85 40.17 34 92 64.16 71.47 30.25 52.44 70.86 88.44 13.72 0 73.13 
69.38 35.14 55 18.6 41.75 41.46 29.09 36.48 26.91 66.95 47.15 37.05 17.9 12.23 64.79 33.69 42.19 0 19.53 42.56 54.38 23.51 33.61 44.14 
54.17 19.16 48.68 24.03 25.82 25.56 12.72 45.33 36.24 50.44 49.79 28.52 28.37 22.91 48.17 24.12 28.36 20.73 0 26.55 41.29 39.9 51.09 30.24 
32.45 7.02 25.31 25.61 5.33 10.78 8.51 22.02 53.3 29.24 25.77 9.27 26.06 37.12 27.28 10.67 1.49 42.48 25.55 0 33.72 66.2 70.84 2.83 
44.37 25.95 54.35 41.41 24.44 22.03 24.61 56.57 71.53 27.18 60.92 38.69 41.97 56.07 39.56 31.91 38.62 57.85 41.86 34.79 0 80.67 87.78 40.39 
81.27 44.48 58.22 24.77 51.83 51.55 37.26 38.68 1.55 77.84 50.31 44.98 23.47 17.32 75.74 41.31 54.13 23.73 32.8 52.61 69.77 0 14.77 55.97 
95.05 63.3 69.22 41.52 70.14 71.76 56.39 54.05 14.09 93.96 65.09 68.85 40.17 34 92 64.16 71.47 30.25 52.44 70.86 88.44 13.72 0 73.13 
Dimension>47
Bandera>13
Fitness Greedy Costo>527.68
Solucion Greedy Costo>2 10 7 11 0 14 19 16 23 0 9 4 5 1 0 6 15 3 12 0 20 18 17 13 0 24 8 21 22 0 0 0 0 0 0 0 0 0 0 0 0 0 0 0 0 0 0 
Linea Vacia>
34.33 9.11 26.25 27.54 7.09 12.84 10.59 20.11 55.44 31.15 26.71 8.12 26.34 39.15 29.21 10.86 1.98 44.7 27.48 0.83 35.57 69.23 72.83 0 
34.33 9.11 26.25 27.54 7.09 12.84 10.59 20.11 55.44 31.15 26.71 8.12 26.34 39.15 29.21 10.86 1.98 44.7 27.48 0.83 35.57 69.23 72.83 0 
Matriz de Costos>
0 32.59 22.13 52.83 25.19 28.81 34.7 34.52 80.39 24.68 30.38 35.41 53.04 66.85 22.68 35.74 26.86 70.54 52.82 23.54 51.21 92.83 92.12 28.71 
34.36 0 29.77 22.82 6.62 4.7 5.85 28.91 49.16 31.49 32.57 11.87 23.27 34.21 29.55 5.09 10.64 38.06 22.66 8.67 25.79 63.11 66.85 12.71 
20.02 35.38 0 33.83 33.69 38.85 36.86 15.46 62.48 38.78 10.31 26.26 33.35 47.99 36.69 30.04 28.87 59.3 55.39 25.78 64.51 79.99 71.84 30.71 
55.2 19.81 31.08 0 26.44 25.67 12.34 20.5 29.47 51.48 30.34 14.84 4.89 15.27 49.21 11.14 22.88 18.3 21.2 25.3 41.09 39.55 47.51 24.82 
26.58 5.28 27.68 26.62 0 3 9.64 28.27 53.94 24.5 31.93 9.42 27.07 38 22.52 10.95 7.11 43.22 26.56 5.54 24.47 67.76 71.37 9.22 
33.39 2.37 28.46 23.02 6.06 0 5.01 28.16 49.09 30.2 31.84 11.03 22.62 33.89 28.24 4.22 9.35 37.74 22.25 7.37 25.29 63.11 66.84 11.43 
35.68 3.95 30.8 15.04 8.9 9.24 0 32.9 42.66 32.51 36.51 13.92 15.51 28.5 30.57 10.5 11.65 32.46 16.64 9.69 25.52 56.92 60.81 13.71 
35.92 28.83 13.32 21.6 28.64 33.89 31.11 0 42.16 32.77 7.19 15.79 18.5 30.42 30.84 21.21 20.04 39.58 48.14 20.56 56.15 63.27 56.52 21.98 
77.93 46.28 54.55 22.3 53.27 53.07 38.04 35.29 0 74.44 46.55 41.19 21 14.67 72.32 38.17 50.44 25.98 34.96 51.28 70.61 11.95 17.08 52.31 
22.78 31.3 30.36 53.7 24.15 27.77 32.78 32.61 80.1 0 36.27 33.52 51.24 64.68 2.88 33.84 24.88 69.24 50.67 21.53 31.96 91.55 91.21 26.75 
28.45 35.4 3.44 31.63 33.72 38.87 36.89 14 55.58 38.88 0 28.05 28.66 41.21 36.72 30.05 29.09 52.12 55.5 25.8 64.62 75.92 67.69 30.92 
35.34 10.2 24.6 17.32 7.53 13.26 11.99 14.99 47.66 32.72 25.06 0 16.79 32.72 30.78 3.02 3.89 36.05 28.75 5.4 35.94 59.9 65.41 5.22 
56.17 21.52 31.76 3.86 28.42 26.88 14.47 15.23 28.32 52.47 25.29 16.07 0 11.06 50.21 12.46 24.06 21.06 26.46 26.73 43.25 42.15 44.22 25.99 
67.22 30.35 41.02 7.7 36.69 36.45 23.82 24.67 19.27 61.52 34.61 26.95 5.08 0 59.33 27.97 34.8 8.88 19.6 35.76 54.63 30.09 35.53 36.57 
13.67 22.51 21.48 40.36 15.13 18.84 24 23.85 68.91 21.05 27.61 24.82 40.63 54.8 0 25.1 15.85 59.39 40.34 12.36 39.4 82.26 82.13 17.82 
39.61 5.18 28.17 13.23 13.34 10.94 8.69 18.25 45.42 36.18 28.18 4.84 13.64 30.93 34.26 0 8.4 34.27 25.67 11.28 32.14 55.75 68.61 10.49 
33.24 11.11 25.19 25.63 9.11 14.81 12.57 19.06 55.43 30.06 25.64 6.8 25.12 39.3 28.12 9.56 0 43.5 29.3 2.14 37.31 67.9 74.46 1.31 
69.38 35.14 55 18.6 41.75 41.46 29.09 36.48 26.91 66.95 47.15 37.05 17.9 12.23 64.79 33.69 42.19 0 19.53 42.56 54.38 23.51 33.61 44.14 
54.17 19.16 48.68 24.03 25.82 25.56 12.72 45.33 36.24 50.44 49.79 28.52 28.37 22.91 48.17 24.12 28.36 20.73 0 26.55 41.29 39.9 51.09 30.24 
32.45 7.02 25.31 25.61 5.33 10.78 8.51 22.02 53.3 29.24 25.77 9.27 26.06 37.12 27.28 10.67 1.49 42.48 25.55 0 33.72 66.2 70.84 2.83 
44.37 25.95 54.35 41.41 24.44 22.03 24.61 56.57 71.53 27.18 60.92 38.69 41.97 56.07 39.56 31.91 38.62 57.85 41.86 34.79 0 80.67 87.78 40.39 
81.27 44.48 58.22 24.77 51.83 51.55 37.26 38.68 1.55 77.84 50.31 44.98 23.47 17.32 75.74 41.31 54.13 23.73 32.8 52.61 69.77 0 14.77 55.97 
95.05 63.3 69.22 41.52 70.14 71.76 56.39 54.05 14.09 93.96 65.09 68.85 40.17 34 92 64.16 71.47 30.25 52.44 70.86 88.44 13.72 0 73.13 
34.33 9.11 26.25 27.54 7.09 12.84 10.59 20.11 55.44 31.15 26.71 8.12 26.34 39.15 29.21 10.86 1.98 44.7 27.48 0.83 35.57 69.23 72.83 0 
Dimension>47
Dimension>47
Bandera>13
Fitness Greedy Costo>527.68
Dimension>47
Bandera>13
Fitness Greedy Costo>527.68
Solucion Greedy Costo>2 10 7 11 0 14 19 16 23 0 9 4 5 1 0 6 15 3 12 0 20 18 17 13 0 24 8 21 22 0 0 0 0 0 0 0 0 0 0 0 0 0 0 0 0 0 0 
Linea Vacia>
Bandera>13
Fitness Greedy Costo>527.68
Solucion Greedy Costo>2 10 7 11 0 14 19 16 23 0 9 4 5 1 0 6 15 3 12 0 20 18 17 13 0 24 8 21 22 0 0 0 0 0 0 0 0 0 0 0 0 0 0 0 0 0 0 
Linea Vacia>
Solucion Greedy Costo>2 10 7 11 0 14 19 16 23 0 9 4 5 1 0 6 15 3 12 0 20 18 17 13 0 24 8 21 22 0 0 0 0 0 0 0 0 0 0 0 0 0 0 0 0 0 0 
Linea Vacia>
Matriz de Costos>
0 32.59 22.13 52.83 25.19 28.81 34.7 34.52 80.39 24.68 30.38 35.41 53.04 66.85 22.68 35.74 26.86 70.54 52.82 23.54 51.21 92.83 92.12 28.71 
Matriz de Costos>
Matriz de Costos>
34.36 0 29.77 22.82 6.62 4.7 5.85 28.91 49.16 31.49 32.57 11.87 23.27 34.21 29.55 5.09 10.64 38.06 22.66 8.67 25.79 63.11 66.85 12.71 
0 32.59 22.13 52.83 25.19 28.81 34.7 34.52 80.39 24.68 30.38 35.41 53.04 66.85 22.68 35.74 26.86 70.54 52.82 23.54 51.21 92.83 92.12 28.71 
34.36 0 29.77 22.82 6.62 4.7 5.85 28.91 49.16 31.49 32.57 11.87 23.27 34.21 29.55 5.09 10.64 38.06 22.66 8.67 25.79 63.11 66.85 12.71 
20.02 35.38 0 33.83 33.69 38.85 36.86 15.46 62.48 38.78 10.31 26.26 33.35 47.99 36.69 30.04 28.87 59.3 55.39 25.78 64.51 79.99 71.84 30.71 
0 32.59 22.13 52.83 25.19 28.81 34.7 34.52 80.39 24.68 30.38 35.41 53.04 66.85 22.68 35.74 26.86 70.54 52.82 23.54 51.21 92.83 92.12 28.71 
20.02 35.38 0 33.83 33.69 38.85 36.86 15.46 62.48 38.78 10.31 26.26 33.35 47.99 36.69 30.04 28.87 59.3 55.39 25.78 64.51 79.99 71.84 30.71 
34.36 0 29.77 22.82 6.62 4.7 5.85 28.91 49.16 31.49 32.57 11.87 23.27 34.21 29.55 5.09 10.64 38.06 22.66 8.67 25.79 63.11 66.85 12.71 
55.2 19.81 31.08 0 26.44 25.67 12.34 20.5 29.47 51.48 30.34 14.84 4.89 15.27 49.21 11.14 22.88 18.3 21.2 25.3 41.09 39.55 47.51 24.82 
26.58 5.28 27.68 26.62 0 3 9.64 28.27 53.94 24.5 31.93 9.42 27.07 38 22.52 10.95 7.11 43.22 26.56 5.54 24.47 67.76 71.37 9.22 
55.2 19.81 31.08 0 26.44 25.67 12.34 20.5 29.47 51.48 30.34 14.84 4.89 15.27 49.21 11.14 22.88 18.3 21.2 25.3 41.09 39.55 47.51 24.82 
26.58 5.28 27.68 26.62 0 3 9.64 28.27 53.94 24.5 31.93 9.42 27.07 38 22.52 10.95 7.11 43.22 26.56 5.54 24.47 67.76 71.37 9.22 
20.02 35.38 0 33.83 33.69 38.85 36.86 15.46 62.48 38.78 10.31 26.26 33.35 47.99 36.69 30.04 28.87 59.3 55.39 25.78 64.51 79.99 71.84 30.71 
33.39 2.37 28.46 23.02 6.06 0 5.01 28.16 49.09 30.2 31.84 11.03 22.62 33.89 28.24 4.22 9.35 37.74 22.25 7.37 25.29 63.11 66.84 11.43 
33.39 2.37 28.46 23.02 6.06 0 5.01 28.16 49.09 30.2 31.84 11.03 22.62 33.89 28.24 4.22 9.35 37.74 22.25 7.37 25.29 63.11 66.84 11.43 
55.2 19.81 31.08 0 26.44 25.67 12.34 20.5 29.47 51.48 30.34 14.84 4.89 15.27 49.21 11.14 22.88 18.3 21.2 25.3 41.09 39.55 47.51 24.82 
35.68 3.95 30.8 15.04 8.9 9.24 0 32.9 42.66 32.51 36.51 13.92 15.51 28.5 30.57 10.5 11.65 32.46 16.64 9.69 25.52 56.92 60.81 13.71 
35.68 3.95 30.8 15.04 8.9 9.24 0 32.9 42.66 32.51 36.51 13.92 15.51 28.5 30.57 10.5 11.65 32.46 16.64 9.69 25.52 56.92 60.81 13.71 
35.92 28.83 13.32 21.6 28.64 33.89 31.11 0 42.16 32.77 7.19 15.79 18.5 30.42 30.84 21.21 20.04 39.58 48.14 20.56 56.15 63.27 56.52 21.98 
35.92 28.83 13.32 21.6 28.64 33.89 31.11 0 42.16 32.77 7.19 15.79 18.5 30.42 30.84 21.21 20.04 39.58 48.14 20.56 56.15 63.27 56.52 21.98 
26.58 5.28 27.68 26.62 0 3 9.64 28.27 53.94 24.5 31.93 9.42 27.07 38 22.52 10.95 7.11 43.22 26.56 5.54 24.47 67.76 71.37 9.22 
77.93 46.28 54.55 22.3 53.27 53.07 38.04 35.29 0 74.44 46.55 41.19 21 14.67 72.32 38.17 50.44 25.98 34.96 51.28 70.61 11.95 17.08 52.31 
33.39 2.37 28.46 23.02 6.06 0 5.01 28.16 49.09 30.2 31.84 11.03 22.62 33.89 28.24 4.22 9.35 37.74 22.25 7.37 25.29 63.11 66.84 11.43 
77.93 46.28 54.55 22.3 53.27 53.07 38.04 35.29 0 74.44 46.55 41.19 21 14.67 72.32 38.17 50.44 25.98 34.96 51.28 70.61 11.95 17.08 52.31 
22.78 31.3 30.36 53.7 24.15 27.77 32.78 32.61 80.1 0 36.27 33.52 51.24 64.68 2.88 33.84 24.88 69.24 50.67 21.53 31.96 91.55 91.21 26.75 
35.68 3.95 30.8 15.04 8.9 9.24 0 32.9 42.66 32.51 36.51 13.92 15.51 28.5 30.57 10.5 11.65 32.46 16.64 9.69 25.52 56.92 60.81 13.71 
22.78 31.3 30.36 53.7 24.15 27.77 32.78 32.61 80.1 0 36.27 33.52 51.24 64.68 2.88 33.84 24.88 69.24 50.67 21.53 31.96 91.55 91.21 26.75 
28.45 35.4 3.44 31.63 33.72 38.87 36.89 14 55.58 38.88 0 28.05 28.66 41.21 36.72 30.05 29.09 52.12 55.5 25.8 64.62 75.92 67.69 30.92 
35.92 28.83 13.32 21.6 28.64 33.89 31.11 0 42.16 32.77 7.19 15.79 18.5 30.42 30.84 21.21 20.04 39.58 48.14 20.56 56.15 63.27 56.52 21.98 
28.45 35.4 3.44 31.63 33.72 38.87 36.89 14 55.58 38.88 0 28.05 28.66 41.21 36.72 30.05 29.09 52.12 55.5 25.8 64.62 75.92 67.69 30.92 
35.34 10.2 24.6 17.32 7.53 13.26 11.99 14.99 47.66 32.72 25.06 0 16.79 32.72 30.78 3.02 3.89 36.05 28.75 5.4 35.94 59.9 65.41 5.22 
56.17 21.52 31.76 3.86 28.42 26.88 14.47 15.23 28.32 52.47 25.29 16.07 0 11.06 50.21 12.46 24.06 21.06 26.46 26.73 43.25 42.15 44.22 25.99 
35.34 10.2 24.6 17.32 7.53 13.26 11.99 14.99 47.66 32.72 25.06 0 16.79 32.72 30.78 3.02 3.89 36.05 28.75 5.4 35.94 59.9 65.41 5.22 
77.93 46.28 54.55 22.3 53.27 53.07 38.04 35.29 0 74.44 46.55 41.19 21 14.67 72.32 38.17 50.44 25.98 34.96 51.28 70.61 11.95 17.08 52.31 
67.22 30.35 41.02 7.7 36.69 36.45 23.82 24.67 19.27 61.52 34.61 26.95 5.08 0 59.33 27.97 34.8 8.88 19.6 35.76 54.63 30.09 35.53 36.57 
22.78 31.3 30.36 53.7 24.15 27.77 32.78 32.61 80.1 0 36.27 33.52 51.24 64.68 2.88 33.84 24.88 69.24 50.67 21.53 31.96 91.55 91.21 26.75 
56.17 21.52 31.76 3.86 28.42 26.88 14.47 15.23 28.32 52.47 25.29 16.07 0 11.06 50.21 12.46 24.06 21.06 26.46 26.73 43.25 42.15 44.22 25.99 
67.22 30.35 41.02 7.7 36.69 36.45 23.82 24.67 19.27 61.52 34.61 26.95 5.08 0 59.33 27.97 34.8 8.88 19.6 35.76 54.63 30.09 35.53 36.57 
13.67 22.51 21.48 40.36 15.13 18.84 24 23.85 68.91 21.05 27.61 24.82 40.63 54.8 0 25.1 15.85 59.39 40.34 12.36 39.4 82.26 82.13 17.82 
39.61 5.18 28.17 13.23 13.34 10.94 8.69 18.25 45.42 36.18 28.18 4.84 13.64 30.93 34.26 0 8.4 34.27 25.67 11.28 32.14 55.75 68.61 10.49 
28.45 35.4 3.44 31.63 33.72 38.87 36.89 14 55.58 38.88 0 28.05 28.66 41.21 36.72 30.05 29.09 52.12 55.5 25.8 64.62 75.92 67.69 30.92 
35.34 10.2 24.6 17.32 7.53 13.26 11.99 14.99 47.66 32.72 25.06 0 16.79 32.72 30.78 3.02 3.89 36.05 28.75 5.4 35.94 59.9 65.41 5.22 
13.67 22.51 21.48 40.36 15.13 18.84 24 23.85 68.91 21.05 27.61 24.82 40.63 54.8 0 25.1 15.85 59.39 40.34 12.36 39.4 82.26 82.13 17.82 
33.24 11.11 25.19 25.63 9.11 14.81 12.57 19.06 55.43 30.06 25.64 6.8 25.12 39.3 28.12 9.56 0 43.5 29.3 2.14 37.31 67.9 74.46 1.31 
69.38 35.14 55 18.6 41.75 41.46 29.09 36.48 26.91 66.95 47.15 37.05 17.9 12.23 64.79 33.69 42.19 0 19.53 42.56 54.38 23.51 33.61 44.14 
39.61 5.18 28.17 13.23 13.34 10.94 8.69 18.25 45.42 36.18 28.18 4.84 13.64 30.93 34.26 0 8.4 34.27 25.67 11.28 32.14 55.75 68.61 10.49 
56.17 21.52 31.76 3.86 28.42 26.88 14.47 15.23 28.32 52.47 25.29 16.07 0 11.06 50.21 12.46 24.06 21.06 26.46 26.73 43.25 42.15 44.22 25.99 
33.24 11.11 25.19 25.63 9.11 14.81 12.57 19.06 55.43 30.06 25.64 6.8 25.12 39.3 28.12 9.56 0 43.5 29.3 2.14 37.31 67.9 74.46 1.31 
54.17 19.16 48.68 24.03 25.82 25.56 12.72 45.33 36.24 50.44 49.79 28.52 28.37 22.91 48.17 24.12 28.36 20.73 0 26.55 41.29 39.9 51.09 30.24 
32.45 7.02 25.31 25.61 5.33 10.78 8.51 22.02 53.3 29.24 25.77 9.27 26.06 37.12 27.28 10.67 1.49 42.48 25.55 0 33.72 66.2 70.84 2.83 
67.22 30.35 41.02 7.7 36.69 36.45 23.82 24.67 19.27 61.52 34.61 26.95 5.08 0 59.33 27.97 34.8 8.88 19.6 35.76 54.63 30.09 35.53 36.57 
69.38 35.14 55 18.6 41.75 41.46 29.09 36.48 26.91 66.95 47.15 37.05 17.9 12.23 64.79 33.69 42.19 0 19.53 42.56 54.38 23.51 33.61 44.14 
13.67 22.51 21.48 40.36 15.13 18.84 24 23.85 68.91 21.05 27.61 24.82 40.63 54.8 0 25.1 15.85 59.39 40.34 12.36 39.4 82.26 82.13 17.82 
44.37 25.95 54.35 41.41 24.44 22.03 24.61 56.57 71.53 27.18 60.92 38.69 41.97 56.07 39.56 31.91 38.62 57.85 41.86 34.79 0 80.67 87.78 40.39 
81.27 44.48 58.22 24.77 51.83 51.55 37.26 38.68 1.55 77.84 50.31 44.98 23.47 17.32 75.74 41.31 54.13 23.73 32.8 52.61 69.77 0 14.77 55.97 
54.17 19.16 48.68 24.03 25.82 25.56 12.72 45.33 36.24 50.44 49.79 28.52 28.37 22.91 48.17 24.12 28.36 20.73 0 26.55 41.29 39.9 51.09 30.24 
39.61 5.18 28.17 13.23 13.34 10.94 8.69 18.25 45.42 36.18 28.18 4.84 13.64 30.93 34.26 0 8.4 34.27 25.67 11.28 32.14 55.75 68.61 10.49 
32.45 7.02 25.31 25.61 5.33 10.78 8.51 22.02 53.3 29.24 25.77 9.27 26.06 37.12 27.28 10.67 1.49 42.48 25.55 0 33.72 66.2 70.84 2.83 
95.05 63.3 69.22 41.52 70.14 71.76 56.39 54.05 14.09 93.96 65.09 68.85 40.17 34 92 64.16 71.47 30.25 52.44 70.86 88.44 13.72 0 73.13 
34.33 9.11 26.25 27.54 7.09 12.84 10.59 20.11 55.44 31.15 26.71 8.12 26.34 39.15 29.21 10.86 1.98 44.7 27.48 0.83 35.57 69.23 72.83 0 
33.24 11.11 25.19 25.63 9.11 14.81 12.57 19.06 55.43 30.06 25.64 6.8 25.12 39.3 28.12 9.56 0 43.5 29.3 2.14 37.31 67.9 74.46 1.31 
44.37 25.95 54.35 41.41 24.44 22.03 24.61 56.57 71.53 27.18 60.92 38.69 41.97 56.07 39.56 31.91 38.62 57.85 41.86 34.79 0 80.67 87.78 40.39 
81.27 44.48 58.22 24.77 51.83 51.55 37.26 38.68 1.55 77.84 50.31 44.98 23.47 17.32 75.74 41.31 54.13 23.73 32.8 52.61 69.77 0 14.77 55.97 
69.38 35.14 55 18.6 41.75 41.46 29.09 36.48 26.91 66.95 47.15 37.05 17.9 12.23 64.79 33.69 42.19 0 19.53 42.56 54.38 23.51 33.61 44.14 
54.17 19.16 48.68 24.03 25.82 25.56 12.72 45.33 36.24 50.44 49.79 28.52 28.37 22.91 48.17 24.12 28.36 20.73 0 26.55 41.29 39.9 51.09 30.24 
95.05 63.3 69.22 41.52 70.14 71.76 56.39 54.05 14.09 93.96 65.09 68.85 40.17 34 92 64.16 71.47 30.25 52.44 70.86 88.44 13.72 0 73.13 
34.33 9.11 26.25 27.54 7.09 12.84 10.59 20.11 55.44 31.15 26.71 8.12 26.34 39.15 29.21 10.86 1.98 44.7 27.48 0.83 35.57 69.23 72.83 0 
32.45 7.02 25.31 25.61 5.33 10.78 8.51 22.02 53.3 29.24 25.77 9.27 26.06 37.12 27.28 10.67 1.49 42.48 25.55 0 33.72 66.2 70.84 2.83 
44.37 25.95 54.35 41.41 24.44 22.03 24.61 56.57 71.53 27.18 60.92 38.69 41.97 56.07 39.56 31.91 38.62 57.85 41.86 34.79 0 80.67 87.78 40.39 
81.27 44.48 58.22 24.77 51.83 51.55 37.26 38.68 1.55 77.84 50.31 44.98 23.47 17.32 75.74 41.31 54.13 23.73 32.8 52.61 69.77 0 14.77 55.97 
95.05 63.3 69.22 41.52 70.14 71.76 56.39 54.05 14.09 93.96 65.09 68.85 40.17 34 92 64.16 71.47 30.25 52.44 70.86 88.44 13.72 0 73.13 
34.33 9.11 26.25 27.54 7.09 12.84 10.59 20.11 55.44 31.15 26.71 8.12 26.34 39.15 29.21 10.86 1.98 44.7 27.48 0.83 35.57 69.23 72.83 0 
GEN 0 527.680000
GEN 0 527.680000
GEN 0 527.680000
GEN 0 527.680000
GEN 0 527.680000
GEN 0 527.680000
GEN 0 527.680000
GEN 0 527.680000
GEN 0 527.680000
GEN 0 527.680000
GEN 0 527.680000
GEN 0 527.680000
GEN 0 527.680000
GEN 0 527.680000
GEN 0 527.680000
GEN 0 527.680000
GEN 0 527.680000
GEN 0 527.680000
TIEMPO 0 527.680000
TIEMPO 0 527.680000
TIEMPO 0 527.680000
TIEMPO 0 527.680000
TIEMPO 0 527.680000
TIEMPO 0 527.680000
TIEMPO 0 527.680000
TIEMPO 0 527.680000
TIEMPO 0 527.680000
TIEMPO 0 527.680000
TIEMPO 0 527.680000
TIEMPO 0 527.680000
TIEMPO 0 527.680000
TIEMPO 0 527.680000
TIEMPO 0 527.680000
TIEMPO 0 527.680000
TIEMPO 0 527.680000
TIEMPO 0 527.680000
GEN 0 527.680000
TIEMPO 0 527.680000
GREEDY 0 0.001141
GEN 0 527.680000
GEN 0 527.680000
TIEMPO 0 527.680000
TIEMPO 0 527.680000
GREEDY 0 0.000835
GREEDY 0 0.002214
GREEDY 0 0.002497
GREEDY 0 0.003238
GREEDY 0 0.004623
GEN 0 527.680000
TIEMPO 0 527.680000
GREEDY 0 0.004398
GREEDY 0 0.005997
GREEDY 0 0.008940
GEN 0 527.680000
GEN 0 527.680000
TIEMPO 0 527.680000
TIEMPO 0 527.680000
GREEDY 0 0.014747
GREEDY 0 0.019264
GREEDY 0 0.020642
GREEDY 0 0.023089
GREEDY 0 0.025973
GREEDY 0 0.027442
GREEDY 0 0.028299
GREEDY 0 0.020769
GREEDY 0 0.032699
GREEDY 0 0.041829
GREEDY 0 0.043954
GREEDY 5 0.044412
GREEDY 0 0.038822
GREEDY 0 0.048874
GREEDY 0 0.055952
GREEDY 5 0.068187
GREEDY 5 0.073166
GREEDY 0 0.084110
GREEDY 5 0.079218
GREEDY 5 0.090856
GREEDY 5 0.096760
GREEDY 5 0.104733
GREEDY 5 0.110669
GREEDY 5 0.101768
GREEDY 5 0.115190
GREEDY 5 0.141369
GREEDY 5 0.142476
GREEDY 5 0.163733
GREEDY 5 0.167605
GREEDY 5 0.180138
GREEDY 5 0.181323
GREEDY 5 0.210848
GREEDY 5 0.216119
GEN 2500 500.790000
GEN 2500 492.610000
GEN 2500 504.540000
GEN 2500 486.630000
GEN 2500 503.920000
GEN 2500 486.730000
GEN 2500 495.080000
GEN 2500 495.390000
GEN 2500 486.730000
GEN 2500 488.550000
GEN 2500 486.630000
GEN 2500 501.380000
GEN 2500 489.410000
GEN 2500 486.630000
GEN 2500 496.740000
GREEDY 5 0.357301
GEN 2500 500.790000
GREEDY 5 0.378040
GEN 2500 496.500000
GEN 2500 487.590000
GEN 5000 479.950000
GEN 2500 499.330000
GEN 5000 500.790000
GEN 2500 479.950000
GEN 5000 503.920000
GEN 5000 479.950000
GEN 5000 503.920000
GEN 2500 503.080000
GEN 2500 506.730000
GEN 5000 493.910000
GEN 2500 486.630000
GEN 2500 486.630000
GEN 5000 486.730000
GEN 5000 479.950000
GEN 5000 484.010000
GEN 5000 488.110000
GEN 5000 479.590000
GEN 5000 479.950000
GEN 5000 479.950000
GEN 5000 488.270000
GEN 5000 479.950000
GEN 5000 500.790000
GREEDY 5 0.655163
GEN 5000 490.330000
GEN 7500 479.950000
GEN 7500 479.950000
GEN 7500 503.920000
GEN 7500 503.920000
GEN 7500 493.910000
GEN 5000 479.950000
GEN 5000 486.630000
GEN 7500 500.790000
GEN 5000 479.950000
GEN 5000 479.950000
GEN 5000 506.730000
GEN 5000 479.950000
GEN 7500 479.950000
GEN 7500 484.010000
GEN 7500 479.950000
GEN 7500 479.950000
GEN 7500 480.520000
GEN 7500 479.590000
GEN 7500 479.950000
GEN 7500 488.270000
GEN 7500 479.950000
GEN 7500 500.790000
GEN 5000 479.950000
GEN 7500 480.520000
TIEMPO 1 479.950000
TIEMPO 1 500.790000
TIEMPO 1 479.950000
TIEMPO 1 500.790000
TIEMPO 1 479.950000
TIEMPO 1 479.950000
TIEMPO 1 479.950000
TIEMPO 1 493.910000
TIEMPO 1 503.920000
TIEMPO 1 479.950000
TIEMPO 1 479.590000
TIEMPO 1 503.920000
TIEMPO 1 484.010000
TIEMPO 1 479.950000
TIEMPO 1 479.950000
TIEMPO 1 479.950000
TIEMPO 1 479.950000
TIEMPO 1 488.270000
TIEMPO 1 506.730000
TIEMPO 1 479.950000
TIEMPO 1 480.520000
TIEMPO 1 479.950000
TIEMPO 1 479.950000
TIEMPO 1 479.950000
GEN 10000 479.950000
TIEMPO 1.027260 479.950000
GEN 10000 479.950000
TIEMPO 1.027534 479.950000
GEN 10000 503.920000
TIEMPO 1.031619 503.920000
GEN 10000 503.920000
TIEMPO 1.032934 503.920000
GEN 10000 493.910000
TIEMPO 1.044318 493.910000
GEN 7500 479.950000
GEN 7500 479.950000
GEN 7500 479.950000
GEN 10000 500.790000
TIEMPO 1.106765 500.790000
GEN 7500 479.950000
GEN 7500 506.730000
GEN 10000 479.950000
TIEMPO 1.137293 479.950000
GEN 7500 479.950000
GEN 10000 484.010000
TIEMPO 1.139450 484.010000
GEN 10000 479.950000
TIEMPO 1.141128 479.950000
GEN 10000 479.950000
TIEMPO 1.140637 479.950000
GEN 10000 479.950000
TIEMPO 1.144001 479.950000
GEN 10000 488.270000
TIEMPO 1.146001 488.270000
GEN 10000 479.950000
TIEMPO 1.165257 479.950000
GEN 10000 479.590000
TIEMPO 1.183552 479.590000
GEN 10000 479.950000
TIEMPO 1.203577 479.950000
GEN 7500 479.950000
GEN 10000 500.790000
TIEMPO 1.224960 500.790000
GEN 10000 480.520000
TIEMPO 1.245208 480.520000
GEN 10000 479.950000
TIEMPO 1.315857 479.950000
GEN 10000 479.950000
TIEMPO 1.378513 479.950000
GEN 10000 479.950000
TIEMPO 1.386918 479.950000
GEN 10000 479.950000
TIEMPO 1.404873 479.950000
GEN 10000 506.730000
TIEMPO 1.420089 506.730000
GEN 10000 479.950000
TIEMPO 1.423183 479.950000
GEN 10000 479.950000
TIEMPO 1.459949 479.950000

 Current State ---------------------------------------------
Solution:  2 10 7 11 0 9 14 16 23 0 4 5 1 20 0 19 15 12 3 0 6 18 13 17 0 24 22 21 8 0 0 0 0 0 0 0 0 0 0 0 0 0 0 0 0 0 0 Fitness: 479.59

 :( ---------------------- THE END --------------- :) 
