Dimension>19
Bandera>13
Fitness Greedy Costo>198.84
Solucion Greedy Costo>8 3 2 0 1 5 10 4 0 9 7 0 6 0 0 0 0 0 0 
Linea Vacia>
Matriz de Costos>
0 13.95 11.28 9.53 31.63 14.92 38.69 34.36 0 29.77 
10.61 0 21.98 20.5 16.57 6.47 29.74 46.19 10.61 35.65 
6.56 16.34 0 7.42 35 17.49 42.34 32.52 6.56 27.04 
8.3 18.02 0.59 0 36.55 19.16 44.23 25.87 8.3 20.75 
22.15 16.56 30.06 30.28 0 22.07 21.86 56.68 22.15 33.21 
9.38 7.84 19.73 18.04 21.98 0 29.23 43.97 9.38 38.25 
34.11 27.62 45.05 43.15 17.53 21.83 0 71.55 34.11 55.17 
32.59 43.06 21.77 20.11 63.91 44.85 72.19 0 32.59 22.13 
0 13.95 11.28 9.53 31.63 14.92 38.69 34.36 0 29.77 
Dimension>19
Bandera>13
Fitness Greedy Costo>198.84
Solucion Greedy Costo>8 3 2 0 1 5 10 4 0 9 7 0 6 0 0 0 0 0 0 
Linea Vacia>
Matriz de Costos>
0 13.95 11.28 9.53 31.63 14.92 38.69 34.36 0 29.77 
10.61 0 21.98 20.5 16.57 6.47 29.74 46.19 10.61 35.65 
6.56 16.34 0 7.42 35 17.49 42.34 32.52 6.56 27.04 
8.3 18.02 0.59 0 36.55 19.16 44.23 25.87 8.3 20.75 
22.15 16.56 30.06 30.28 0 22.07 21.86 56.68 22.15 33.21 
9.38 7.84 19.73 18.04 21.98 0 29.23 43.97 9.38 38.25 
34.11 27.62 45.05 43.15 17.53 21.83 0 71.55 34.11 55.17 
32.59 43.06 21.77 20.11 63.91 44.85 72.19 0 32.59 22.13 
0 13.95 11.28 9.53 31.63 14.92 38.69 34.36 0 29.77 
35.38 41.6 24.03 22.38 43.62 47.51 67.97 20.02 35.38 0 
Dimension>19
Bandera>13
Fitness Greedy Costo>198.84
Solucion Greedy Costo>8 3 2 0 1 5 10 4 0 9 7 0 6 0 0 0 0 0 0 
Linea Vacia>
Matriz de Costos>
0 13.95 11.28 9.53 31.63 14.92 38.69 34.36 0 29.77 
10.61 0 21.98 20.5 16.57 6.47 29.74 46.19 10.61 35.65 
6.56 16.34 0 7.42 35 17.49 42.34 32.52 6.56 27.04 
8.3 18.02 0.59 0 36.55 19.16 44.23 25.87 8.3 20.75 
22.15 16.56 30.06 30.28 0 22.07 21.86 56.68 22.15 33.21 
9.38 7.84 19.73 18.04 21.98 0 29.23 43.97 9.38 38.25 
34.11 27.62 45.05 43.15 17.53 21.83 0 71.55 34.11 55.17 
32.59 43.06 21.77 20.11 63.91 44.85 72.19 0 32.59 22.13 
0 13.95 11.28 9.53 31.63 14.92 38.69 34.36 0 29.77 
35.38 41.6 24.03 22.38 43.62 47.51 67.97 20.02 35.38 0 
Dimension>19
Bandera>13
Fitness Greedy Costo>198.84
Solucion Greedy Costo>8 3 2 0 1 5 10 4 0 9 7 0 6 0 0 0 0 0 0 
Linea Vacia>
Matriz de Costos>
0 13.95 11.28 9.53 31.63 14.92 38.69 34.36 0 29.77 
10.61 0 21.98 20.5 16.57 6.47 29.74 46.19 10.61 35.65 
6.56 16.34 0 7.42 35 17.49 42.34 32.52 6.56 27.04 
8.3 18.02 0.59 0 36.55 19.16 44.23 25.87 8.3 20.75 
22.15 16.56 30.06 30.28 0 22.07 21.86 56.68 22.15 33.21 
9.38 7.84 19.73 18.04 21.98 0 29.23 43.97 9.38 38.25 
34.11 27.62 45.05 43.15 17.53 21.83 0 71.55 34.11 55.17 
32.59 43.06 21.77 20.11 63.91 44.85 72.19 0 32.59 22.13 
0 13.95 11.28 9.53 31.63 14.92 38.69 34.36 0 29.77 
35.38 41.6 24.03 22.38 43.62 47.51 67.97 20.02 35.38 0 
35.38 41.6 24.03 22.38 43.62 47.51 67.97 20.02 35.38 0 
Dimension>19
Bandera>13
Fitness Greedy Costo>198.84
Solucion Greedy Costo>8 3 2 0 1 5 10 4 0 9 7 0 6 0 0 0 0 0 0 
Linea Vacia>
Matriz de Costos>
0 13.95 11.28 9.53 31.63 14.92 38.69 34.36 0 29.77 
10.61 0 21.98 20.5 16.57 6.47 29.74 46.19 10.61 35.65 
6.56 16.34 0 7.42 35 17.49 42.34 32.52 6.56 27.04 
8.3 18.02 0.59 0 36.55 19.16 44.23 25.87 8.3 20.75 
22.15 16.56 30.06 30.28 0 22.07 21.86 56.68 22.15 33.21 
9.38 7.84 19.73 18.04 21.98 0 29.23 43.97 9.38 38.25 
34.11 27.62 45.05 43.15 17.53 21.83 0 71.55 34.11 55.17 
32.59 43.06 21.77 20.11 63.91 44.85 72.19 0 32.59 22.13 
0 13.95 11.28 9.53 31.63 14.92 38.69 34.36 0 29.77 
35.38 41.6 24.03 22.38 43.62 47.51 67.97 20.02 35.38 0 
Dimension>19
Bandera>13
Fitness Greedy Costo>198.84
Solucion Greedy Costo>8 3 2 0 1 5 10 4 0 9 7 0 6 0 0 0 0 0 0 
Linea Vacia>
Matriz de Costos>
0 13.95 11.28 9.53 31.63 14.92 38.69 34.36 0 29.77 
10.61 0 21.98 20.5 16.57 6.47 29.74 46.19 10.61 35.65 
Dimension>19
Bandera>13
Fitness Greedy Costo>198.84
Solucion Greedy Costo>8 3 2 0 1 5 10 4 0 9 7 0 6 0 0 0 0 0 0 
Linea Vacia>
Dimension>19
Bandera>13
Fitness Greedy Costo>198.84
6.56 16.34 0 7.42 35 17.49 42.34 32.52 6.56 27.04 
8.3 18.02 0.59 0 36.55 19.16 44.23 25.87 8.3 20.75 
22.15 16.56 30.06 30.28 0 22.07 21.86 56.68 22.15 33.21 
Solucion Greedy Costo>8 3 2 0 1 5 10 4 0 9 7 0 6 0 0 0 0 0 0 
Linea Vacia>
Matriz de Costos>
9.38 7.84 19.73 18.04 21.98 0 29.23 43.97 9.38 38.25 
34.11 27.62 45.05 43.15 17.53 21.83 0 71.55 34.11 55.17 
32.59 43.06 21.77 20.11 63.91 44.85 72.19 0 32.59 22.13 
0 13.95 11.28 9.53 31.63 14.92 38.69 34.36 0 29.77 
10.61 0 21.98 20.5 16.57 6.47 29.74 46.19 10.61 35.65 
0 13.95 11.28 9.53 31.63 14.92 38.69 34.36 0 29.77 
35.38 41.6 24.03 22.38 43.62 47.51 67.97 20.02 35.38 0 
Matriz de Costos>
0 13.95 11.28 9.53 31.63 14.92 38.69 34.36 0 29.77 
10.61 0 21.98 20.5 16.57 6.47 29.74 46.19 10.61 35.65 
6.56 16.34 0 7.42 35 17.49 42.34 32.52 6.56 27.04 
8.3 18.02 0.59 0 36.55 19.16 44.23 25.87 8.3 20.75 
22.15 16.56 30.06 30.28 0 22.07 21.86 56.68 22.15 33.21 
6.56 16.34 0 7.42 35 17.49 42.34 32.52 6.56 27.04 
8.3 18.02 0.59 0 36.55 19.16 44.23 25.87 8.3 20.75 
22.15 16.56 30.06 30.28 0 22.07 21.86 56.68 22.15 33.21 
9.38 7.84 19.73 18.04 21.98 0 29.23 43.97 9.38 38.25 
34.11 27.62 45.05 43.15 17.53 21.83 0 71.55 34.11 55.17 
32.59 43.06 21.77 20.11 63.91 44.85 72.19 0 32.59 22.13 
0 13.95 11.28 9.53 31.63 14.92 38.69 34.36 0 29.77 
9.38 7.84 19.73 18.04 21.98 0 29.23 43.97 9.38 38.25 
34.11 27.62 45.05 43.15 17.53 21.83 0 71.55 34.11 55.17 
32.59 43.06 21.77 20.11 63.91 44.85 72.19 0 32.59 22.13 
0 13.95 11.28 9.53 31.63 14.92 38.69 34.36 0 29.77 
35.38 41.6 24.03 22.38 43.62 47.51 67.97 20.02 35.38 0 
35.38 41.6 24.03 22.38 43.62 47.51 67.97 20.02 35.38 0 
Dimension>19
Bandera>13
Fitness Greedy Costo>198.84
Solucion Greedy Costo>8 3 2 0 1 5 10 4 0 9 7 0 6 0 0 0 0 0 0 
Linea Vacia>
Dimension>19
Bandera>13
Fitness Greedy Costo>198.84
Solucion Greedy Costo>8 3 2 0 1 5 10 4 0 9 7 0 6 0 0 0 0 0 0 
Linea Vacia>
Dimension>19
Bandera>13
Fitness Greedy Costo>198.84
Solucion Greedy Costo>8 3 2 0 1 5 10 4 0 9 7 0 6 0 0 0 0 0 0 
Linea Vacia>
Matriz de Costos>
0 13.95 11.28 9.53 31.63 14.92 38.69 34.36 0 29.77 
10.61 0 21.98 20.5 16.57 6.47 29.74 46.19 10.61 35.65 
6.56 16.34 0 7.42 35 17.49 42.34 32.52 6.56 27.04 
8.3 18.02 0.59 0 36.55 19.16 44.23 25.87 8.3 20.75 
Dimension>19
Bandera>13
Matriz de Costos>
0 13.95 11.28 9.53 31.63 14.92 38.69 34.36 0 29.77 
10.61 0 21.98 20.5 16.57 6.47 29.74 46.19 10.61 35.65 
6.56 16.34 0 7.42 35 17.49 42.34 32.52 6.56 27.04 
8.3 18.02 0.59 0 36.55 19.16 44.23 25.87 8.3 20.75 
Matriz de Costos>
0 13.95 11.28 9.53 31.63 14.92 38.69 34.36 0 29.77 
10.61 0 21.98 20.5 16.57 6.47 29.74 46.19 10.61 35.65 
6.56 16.34 0 7.42 35 17.49 42.34 32.52 6.56 27.04 
8.3 18.02 0.59 0 36.55 19.16 44.23 25.87 8.3 20.75 
22.15 16.56 30.06 30.28 0 22.07 21.86 56.68 22.15 33.21 
Fitness Greedy Costo>198.84
Solucion Greedy Costo>8 3 2 0 1 5 10 4 0 9 7 0 6 0 0 0 0 0 0 
Linea Vacia>
22.15 16.56 30.06 30.28 0 22.07 21.86 56.68 22.15 33.21 
9.38 7.84 19.73 18.04 21.98 0 29.23 43.97 9.38 38.25 
34.11 27.62 45.05 43.15 17.53 21.83 0 71.55 34.11 55.17 
32.59 43.06 21.77 20.11 63.91 44.85 72.19 0 32.59 22.13 
22.15 16.56 30.06 30.28 0 22.07 21.86 56.68 22.15 33.21 
9.38 7.84 19.73 18.04 21.98 0 29.23 43.97 9.38 38.25 
34.11 27.62 45.05 43.15 17.53 21.83 0 71.55 34.11 55.17 
32.59 43.06 21.77 20.11 63.91 44.85 72.19 0 32.59 22.13 
0 13.95 11.28 9.53 31.63 14.92 38.69 34.36 0 29.77 
35.38 41.6 24.03 22.38 43.62 47.51 67.97 20.02 35.38 0 
9.38 7.84 19.73 18.04 21.98 0 29.23 43.97 9.38 38.25 
34.11 27.62 45.05 43.15 17.53 21.83 0 71.55 34.11 55.17 
32.59 43.06 21.77 20.11 63.91 44.85 72.19 0 32.59 22.13 
0 13.95 11.28 9.53 31.63 14.92 38.69 34.36 0 29.77 
0 13.95 11.28 9.53 31.63 14.92 38.69 34.36 0 29.77 
35.38 41.6 24.03 22.38 43.62 47.51 67.97 20.02 35.38 0 
35.38 41.6 24.03 22.38 43.62 47.51 67.97 20.02 35.38 0 
Matriz de Costos>
0 13.95 11.28 9.53 31.63 14.92 38.69 34.36 0 29.77 
10.61 0 21.98 20.5 16.57 6.47 29.74 46.19 10.61 35.65 
6.56 16.34 0 7.42 35 17.49 42.34 32.52 6.56 27.04 
8.3 18.02 0.59 0 36.55 19.16 44.23 25.87 8.3 20.75 
22.15 16.56 30.06 30.28 0 22.07 21.86 56.68 22.15 33.21 
9.38 7.84 19.73 18.04 21.98 0 29.23 43.97 9.38 38.25 
34.11 27.62 45.05 43.15 17.53 21.83 0 71.55 34.11 55.17 
32.59 43.06 21.77 20.11 63.91 44.85 72.19 0 32.59 22.13 
0 13.95 11.28 9.53 31.63 14.92 38.69 34.36 0 29.77 
35.38 41.6 24.03 22.38 43.62 47.51 67.97 20.02 35.38 0 
Dimension>19
Dimension>19
Bandera>13
Fitness Greedy Costo>198.84
Solucion Greedy Costo>8 3 2 0 1 5 10 4 0 9 7 0 6 0 0 0 0 0 0 
Linea Vacia>
Dimension>19
Bandera>13
Fitness Greedy Costo>198.84
Solucion Greedy Costo>8 3 2 0 1 5 10 4 0 9 7 0 6 0 0 0 0 0 0 
Linea Vacia>
Bandera>13
Fitness Greedy Costo>198.84
Solucion Greedy Costo>8 3 2 0 1 5 10 4 0 9 7 0 6 0 0 0 0 0 0 
Linea Vacia>
Matriz de Costos>
0 13.95 11.28 9.53 31.63 14.92 38.69 34.36 0 29.77 
10.61 0 21.98 20.5 16.57 6.47 29.74 46.19 10.61 35.65 
6.56 16.34 0 7.42 35 17.49 42.34 32.52 6.56 27.04 
8.3 18.02 0.59 0 36.55 19.16 44.23 25.87 8.3 20.75 
22.15 16.56 30.06 30.28 0 22.07 21.86 56.68 22.15 33.21 
9.38 7.84 19.73 18.04 21.98 0 29.23 43.97 9.38 38.25 
Matriz de Costos>
0 13.95 11.28 9.53 31.63 14.92 38.69 34.36 0 29.77 
10.61 0 21.98 20.5 16.57 6.47 29.74 46.19 10.61 35.65 
6.56 16.34 0 7.42 35 17.49 42.34 32.52 6.56 27.04 
8.3 18.02 0.59 0 36.55 19.16 44.23 25.87 8.3 20.75 
34.11 27.62 45.05 43.15 17.53 21.83 0 71.55 34.11 55.17 
32.59 43.06 21.77 20.11 63.91 44.85 72.19 0 32.59 22.13 
0 13.95 11.28 9.53 31.63 14.92 38.69 34.36 0 29.77 
35.38 41.6 24.03 22.38 43.62 47.51 67.97 20.02 35.38 0 
Matriz de Costos>
0 13.95 11.28 9.53 31.63 14.92 38.69 34.36 0 29.77 
10.61 0 21.98 20.5 16.57 6.47 29.74 46.19 10.61 35.65 
6.56 16.34 0 7.42 35 17.49 42.34 32.52 6.56 27.04 
22.15 16.56 30.06 30.28 0 22.07 21.86 56.68 22.15 33.21 
9.38 7.84 19.73 18.04 21.98 0 29.23 43.97 9.38 38.25 
34.11 27.62 45.05 43.15 17.53 21.83 0 71.55 34.11 55.17 
32.59 43.06 21.77 20.11 63.91 44.85 72.19 0 32.59 22.13 
0 13.95 11.28 9.53 31.63 14.92 38.69 34.36 0 29.77 
35.38 41.6 24.03 22.38 43.62 47.51 67.97 20.02 35.38 0 
8.3 18.02 0.59 0 36.55 19.16 44.23 25.87 8.3 20.75 
22.15 16.56 30.06 30.28 0 22.07 21.86 56.68 22.15 33.21 
9.38 7.84 19.73 18.04 21.98 0 29.23 43.97 9.38 38.25 
34.11 27.62 45.05 43.15 17.53 21.83 0 71.55 34.11 55.17 
32.59 43.06 21.77 20.11 63.91 44.85 72.19 0 32.59 22.13 
0 13.95 11.28 9.53 31.63 14.92 38.69 34.36 0 29.77 
35.38 41.6 24.03 22.38 43.62 47.51 67.97 20.02 35.38 0 
Dimension>19
Bandera>13
Fitness Greedy Costo>198.84
Solucion Greedy Costo>8 3 2 0 1 5 10 4 0 9 7 0 6 0 0 0 0 0 0 
Linea Vacia>
Dimension>19
Dimension>19
Bandera>13
Fitness Greedy Costo>198.84
Matriz de Costos>
0 13.95 11.28 9.53 31.63 14.92 38.69 34.36 0 29.77 
10.61 0 21.98 20.5 16.57 6.47 29.74 46.19 10.61 35.65 
6.56 16.34 0 7.42 35 17.49 42.34 32.52 6.56 27.04 
8.3 18.02 0.59 0 36.55 19.16 44.23 25.87 8.3 20.75 
22.15 16.56 30.06 30.28 0 22.07 21.86 56.68 22.15 33.21 
Bandera>13
Fitness Greedy Costo>198.84
Solucion Greedy Costo>8 3 2 0 1 5 10 4 0 9 7 0 6 0 0 0 0 0 0 
Linea Vacia>
Solucion Greedy Costo>8 3 2 0 1 5 10 4 0 9 7 0 6 0 0 0 0 0 0 
Linea Vacia>
Matriz de Costos>
0 13.95 11.28 9.53 31.63 14.92 38.69 34.36 0 29.77 
Dimension>19
9.38 7.84 19.73 18.04 21.98 0 29.23 43.97 9.38 38.25 
34.11 27.62 45.05 43.15 17.53 21.83 0 71.55 34.11 55.17 
32.59 43.06 21.77 20.11 63.91 44.85 72.19 0 32.59 22.13 
0 13.95 11.28 9.53 31.63 14.92 38.69 34.36 0 29.77 
10.61 0 21.98 20.5 16.57 6.47 29.74 46.19 10.61 35.65 
6.56 16.34 0 7.42 35 17.49 42.34 32.52 6.56 27.04 
8.3 18.02 0.59 0 36.55 19.16 44.23 25.87 8.3 20.75 
35.38 41.6 24.03 22.38 43.62 47.51 67.97 20.02 35.38 0 
Matriz de Costos>
0 13.95 11.28 9.53 31.63 14.92 38.69 34.36 0 29.77 
10.61 0 21.98 20.5 16.57 6.47 29.74 46.19 10.61 35.65 
6.56 16.34 0 7.42 35 17.49 42.34 32.52 6.56 27.04 
8.3 18.02 0.59 0 36.55 19.16 44.23 25.87 8.3 20.75 
22.15 16.56 30.06 30.28 0 22.07 21.86 56.68 22.15 33.21 
9.38 7.84 19.73 18.04 21.98 0 29.23 43.97 9.38 38.25 
22.15 16.56 30.06 30.28 0 22.07 21.86 56.68 22.15 33.21 
9.38 7.84 19.73 18.04 21.98 0 29.23 43.97 9.38 38.25 
34.11 27.62 45.05 43.15 17.53 21.83 0 71.55 34.11 55.17 
32.59 43.06 21.77 20.11 63.91 44.85 72.19 0 32.59 22.13 
0 13.95 11.28 9.53 31.63 14.92 38.69 34.36 0 29.77 
35.38 41.6 24.03 22.38 43.62 47.51 67.97 20.02 35.38 0 
Bandera>13
Fitness Greedy Costo>198.84
Solucion Greedy Costo>8 3 2 0 1 5 10 4 0 9 7 0 6 0 0 0 0 0 0 
Linea Vacia>
34.11 27.62 45.05 43.15 17.53 21.83 0 71.55 34.11 55.17 
32.59 43.06 21.77 20.11 63.91 44.85 72.19 0 32.59 22.13 
0 13.95 11.28 9.53 31.63 14.92 38.69 34.36 0 29.77 
35.38 41.6 24.03 22.38 43.62 47.51 67.97 20.02 35.38 0 
Dimension>19
Bandera>13
Fitness Greedy Costo>198.84
Solucion Greedy Costo>8 3 2 0 1 5 10 4 0 9 7 0 6 0 0 0 0 0 0 
Linea Vacia>
Matriz de Costos>
Matriz de Costos>
0 13.95 11.28 9.53 31.63 14.92 38.69 34.36 0 29.77 
10.61 0 21.98 20.5 16.57 6.47 29.74 46.19 10.61 35.65 
6.56 16.34 0 7.42 35 17.49 42.34 32.52 6.56 27.04 
8.3 18.02 0.59 0 36.55 19.16 44.23 25.87 8.3 20.75 
22.15 16.56 30.06 30.28 0 22.07 21.86 56.68 22.15 33.21 
0 13.95 11.28 9.53 31.63 14.92 38.69 34.36 0 29.77 
10.61 0 21.98 20.5 16.57 6.47 29.74 46.19 10.61 35.65 
Dimension>19
Bandera>13
Fitness Greedy Costo>198.84
Solucion Greedy Costo>8 3 2 0 1 5 10 4 0 9 7 0 6 0 0 0 0 0 0 
Linea Vacia>
Dimension>19
Bandera>13
Fitness Greedy Costo>198.84
Solucion Greedy Costo>8 3 2 0 1 5 10 4 0 9 7 0 6 0 0 0 0 0 0 
Linea Vacia>
9.38 7.84 19.73 18.04 21.98 0 29.23 43.97 9.38 38.25 
34.11 27.62 45.05 43.15 17.53 21.83 0 71.55 34.11 55.17 
32.59 43.06 21.77 20.11 63.91 44.85 72.19 0 32.59 22.13 
0 13.95 11.28 9.53 31.63 14.92 38.69 34.36 0 29.77 
35.38 41.6 24.03 22.38 43.62 47.51 67.97 20.02 35.38 0 
6.56 16.34 0 7.42 35 17.49 42.34 32.52 6.56 27.04 
8.3 18.02 0.59 0 36.55 19.16 44.23 25.87 8.3 20.75 
22.15 16.56 30.06 30.28 0 22.07 21.86 56.68 22.15 33.21 
9.38 7.84 19.73 18.04 21.98 0 29.23 43.97 9.38 38.25 
Matriz de Costos>
0 13.95 11.28 9.53 31.63 14.92 38.69 34.36 0 29.77 
10.61 0 21.98 20.5 16.57 6.47 29.74 46.19 10.61 35.65 
Matriz de Costos>
0 13.95 11.28 9.53 31.63 14.92 38.69 34.36 0 29.77 
10.61 0 21.98 20.5 16.57 6.47 29.74 46.19 10.61 35.65 
6.56 16.34 0 7.42 35 17.49 42.34 32.52 6.56 27.04 
8.3 18.02 0.59 0 36.55 19.16 44.23 25.87 8.3 20.75 
34.11 27.62 45.05 43.15 17.53 21.83 0 71.55 34.11 55.17 
32.59 43.06 21.77 20.11 63.91 44.85 72.19 0 32.59 22.13 
Dimension>19
Bandera>13
Fitness Greedy Costo>198.84
6.56 16.34 0 7.42 35 17.49 42.34 32.52 6.56 27.04 
8.3 18.02 0.59 0 36.55 19.16 44.23 25.87 8.3 20.75 
22.15 16.56 30.06 30.28 0 22.07 21.86 56.68 22.15 33.21 
9.38 7.84 19.73 18.04 21.98 0 29.23 43.97 9.38 38.25 
34.11 27.62 45.05 43.15 17.53 21.83 0 71.55 34.11 55.17 
22.15 16.56 30.06 30.28 0 22.07 21.86 56.68 22.15 33.21 
9.38 7.84 19.73 18.04 21.98 0 29.23 43.97 9.38 38.25 
34.11 27.62 45.05 43.15 17.53 21.83 0 71.55 34.11 55.17 
32.59 43.06 21.77 20.11 63.91 44.85 72.19 0 32.59 22.13 
0 13.95 11.28 9.53 31.63 14.92 38.69 34.36 0 29.77 
35.38 41.6 24.03 22.38 43.62 47.51 67.97 20.02 35.38 0 
0 13.95 11.28 9.53 31.63 14.92 38.69 34.36 0 29.77 
35.38 41.6 24.03 22.38 43.62 47.51 67.97 20.02 35.38 0 
Solucion Greedy Costo>8 3 2 0 1 5 10 4 0 9 7 0 6 0 0 0 0 0 0 
Linea Vacia>
32.59 43.06 21.77 20.11 63.91 44.85 72.19 0 32.59 22.13 
0 13.95 11.28 9.53 31.63 14.92 38.69 34.36 0 29.77 
35.38 41.6 24.03 22.38 43.62 47.51 67.97 20.02 35.38 0 
Matriz de Costos>
0 13.95 11.28 9.53 31.63 14.92 38.69 34.36 0 29.77 
10.61 0 21.98 20.5 16.57 6.47 29.74 46.19 10.61 35.65 
6.56 16.34 0 7.42 35 17.49 42.34 32.52 6.56 27.04 
8.3 18.02 0.59 0 36.55 19.16 44.23 25.87 8.3 20.75 
22.15 16.56 30.06 30.28 0 22.07 21.86 56.68 22.15 33.21 
9.38 7.84 19.73 18.04 21.98 0 29.23 43.97 9.38 38.25 
34.11 27.62 45.05 43.15 17.53 21.83 0 71.55 34.11 55.17 
Dimension>19
Bandera>13
Fitness Greedy Costo>198.84
Solucion Greedy Costo>8 3 2 0 1 5 10 4 0 9 7 0 6 0 0 0 0 0 0 
Linea Vacia>
Dimension>19
Bandera>13
Fitness Greedy Costo>198.84
Solucion Greedy Costo>8 3 2 0 1 5 10 4 0 9 7 0 6 0 0 0 0 0 0 
Linea Vacia>
32.59 43.06 21.77 20.11 63.91 44.85 72.19 0 32.59 22.13 
0 13.95 11.28 9.53 31.63 14.92 38.69 34.36 0 29.77 
35.38 41.6 24.03 22.38 43.62 47.51 67.97 20.02 35.38 0 
Matriz de Costos>
0 13.95 11.28 9.53 31.63 14.92 38.69 34.36 0 29.77 
10.61 0 21.98 20.5 16.57 6.47 29.74 46.19 10.61 35.65 
Matriz de Costos>
0 13.95 11.28 9.53 31.63 14.92 38.69 34.36 0 29.77 
10.61 0 21.98 20.5 16.57 6.47 29.74 46.19 10.61 35.65 
6.56 16.34 0 7.42 35 17.49 42.34 32.52 6.56 27.04 
8.3 18.02 0.59 0 36.55 19.16 44.23 25.87 8.3 20.75 
22.15 16.56 30.06 30.28 0 22.07 21.86 56.68 22.15 33.21 
9.38 7.84 19.73 18.04 21.98 0 29.23 43.97 9.38 38.25 
34.11 27.62 45.05 43.15 17.53 21.83 0 71.55 34.11 55.17 
32.59 43.06 21.77 20.11 63.91 44.85 72.19 0 32.59 22.13 
0 13.95 11.28 9.53 31.63 14.92 38.69 34.36 0 29.77 
6.56 16.34 0 7.42 35 17.49 42.34 32.52 6.56 27.04 
8.3 18.02 0.59 0 36.55 19.16 44.23 25.87 8.3 20.75 
22.15 16.56 30.06 30.28 0 22.07 21.86 56.68 22.15 33.21 
9.38 7.84 19.73 18.04 21.98 0 29.23 43.97 9.38 38.25 
35.38 41.6 24.03 22.38 43.62 47.51 67.97 20.02 35.38 0 
34.11 27.62 45.05 43.15 17.53 21.83 0 71.55 34.11 55.17 
32.59 43.06 21.77 20.11 63.91 44.85 72.19 0 32.59 22.13 
0 13.95 11.28 9.53 31.63 14.92 38.69 34.36 0 29.77 
35.38 41.6 24.03 22.38 43.62 47.51 67.97 20.02 35.38 0 
GEN 0 263.050000
TIEMPO 0 263.050000
GEN 0 271.620000
GEN 0 279.840000
TIEMPO 0 279.840000
TIEMPO 0 271.620000
GREEDY 0 0.003240
GREEDY 5 0.003371
GREEDY 10 0.003852
GREEDY 0 0.002055
GREEDY 0 0.002349
GREEDY 5 0.004381
GEN 0 266.670000
TIEMPO 0 249.820000
GEN 0 244.400000
TIEMPO 0 244.210000
GEN 0 282.120000
TIEMPO 0 235.240000
GEN 0 255.040000
TIEMPO 0 255.040000
GEN 0 290.810000
TIEMPO 0 280.770000
GREEDY 0 0.000779
GREEDY 0 0.001677
GREEDY 5 0.003264
GEN 0 259.140000
TIEMPO 0 259.140000
GREEDY 0 0.004608
GREEDY 5 0.004702
GREEDY 10 0.005170
GEN 0 265.930000
TIEMPO 0 265.930000
GREEDY 0 0.000681
GREEDY 5 0.000913
GREEDY 0 0.002141
GREEDY 10 0.008471
GREEDY 0 0.009135
GREEDY 5 0.009202
GEN 0 276.360000
GEN 0 273.850000
GEN 0 262.390000
GEN 0 268.390000
GREEDY 5 0.017098
GEN 0 273.970000
TIEMPO 0 273.970000
TIEMPO 0 259.330000
TIEMPO 0 262.390000
GEN 0 256.590000
GEN 0 247.310000
TIEMPO 0 268.390000
GEN 0 229.780000
TIEMPO 0 201.130000
TIEMPO 0 247.310000
TIEMPO 0 227.790000
TIEMPO 0 229.780000
GREEDY 10 0.010044
GEN 0 272.070000
TIEMPO 0 263.520000
GREEDY 0 0.001000
GREEDY 0 0.001113
GREEDY 0 0.001339
GREEDY 0 0.002417
GREEDY 5 0.002492
GREEDY 10 0.002660
GREEDY 5 0.002800
GEN 0 256.990000
GEN 0 279.850000
TIEMPO 0 239.810000
TIEMPO 0 263.440000
GEN 0 269.500000
TIEMPO 0 251.730000
GREEDY 0 0.003459
GREEDY 5 0.003540
GREEDY 0 0.000978
GREEDY 5 0.003894
GREEDY 10 0.021056
GEN 0 246.880000
TIEMPO 0 238.550000
GREEDY 10 0.021517
GREEDY 5 0.001787
GREEDY 5 0.004342
GREEDY 0 0.001373
GREEDY 5 0.001449
GREEDY 10 0.005880
GREEDY 10 0.005998
GREEDY 0 0.003143
GREEDY 10 0.002147
GREEDY 5 0.003322
GREEDY 0 0.006302
GREEDY 15 0.006731
GREEDY 10 0.004793
GREEDY 0 0.007757
GREEDY 5 0.007958
GREEDY 10 0.008097
GREEDY 0 0.005281
GREEDY 5 0.005726
GREEDY 10 0.005967
GREEDY 15 0.006259
GREEDY 0 0.009812
GEN 0 248.590000
TIEMPO 0 248.590000
GREEDY 0 0.022204
GREEDY 0 0.011291
GREEDY 5 0.021069
GREEDY 5 0.011938
GREEDY 0 0.001261
GREEDY 5 0.001316
GREEDY 10 0.014111
GREEDY 15 0.033432
GREEDY 5 0.014464
GREEDY 10 0.024299
GREEDY 5 0.020896
GREEDY 15 0.025700
GREEDY 10 0.006160
GREEDY 10 0.021629
GREEDY 15 0.021120
GREEDY 10 0.028170
GREEDY 5 0.045811
GREEDY 10 0.035323
GREEDY 5 0.036376
GREEDY 10 0.047389
GREEDY 15 0.038593
GREEDY 10 0.046967
GREEDY 15 0.040645
GREEDY 15 0.066964
GREEDY 15 0.062128
GEN 2500 174.390000
GREEDY 15 0.105635
GEN 2500 184.090000
GEN 2500 169.270000
GEN 2500 177.770000
GREEDY 15 0.162247
GEN 2500 164.460000
GEN 2500 169.760000
GEN 2500 169.760000
GEN 5000 174.390000
GREEDY 10 0.209825
GEN 2500 175.670000
GREEDY 15 0.216640
GEN 2500 164.460000
GEN 2500 164.460000
GEN 2500 164.460000
GEN 2500 169.270000
GEN 2500 180.510000
GREEDY 10 0.240864
GEN 2500 174.390000
GEN 2500 169.760000
GEN 2500 164.460000
GEN 2500 169.270000
GEN 2500 174.390000
GEN 2500 164.460000
GEN 2500 164.460000
GEN 5000 184.090000
GEN 2500 164.460000
GEN 2500 164.460000
GEN 2500 164.460000
GEN 2500 164.460000
GEN 7500 174.390000
GREEDY 15 0.272791
GEN 5000 173.750000
GEN 5000 164.460000
GEN 5000 169.760000
GEN 5000 169.760000
GEN 5000 169.270000
GEN 5000 164.460000
GEN 5000 169.270000
GEN 5000 164.460000
GEN 5000 164.460000
GEN 5000 164.460000
GEN 5000 169.760000
GEN 5000 164.460000
GEN 7500 184.090000
GEN 5000 174.390000
GEN 5000 174.390000
GEN 5000 169.270000
GEN 5000 164.460000
GEN 5000 164.460000
GEN 10000 174.390000
TIEMPO 0.397640 174.390000
GEN 5000 164.460000
GEN 5000 164.460000
GEN 7500 173.750000
GEN 7500 169.760000
GEN 5000 164.460000
GEN 7500 169.270000
GEN 5000 164.460000
GEN 7500 169.760000
GEN 5000 164.460000
GEN 7500 169.270000
GEN 7500 164.460000
GEN 7500 169.760000
GEN 7500 164.460000
GEN 7500 164.460000
GEN 7500 164.460000
GEN 7500 164.460000
GEN 7500 169.270000
GEN 7500 174.390000
GEN 10000 184.090000
TIEMPO 0.487328 184.090000
GEN 7500 169.270000
GEN 7500 164.460000
GEN 7500 164.460000
GEN 7500 164.460000
GEN 7500 164.460000
GEN 7500 164.460000
GEN 10000 169.760000
TIEMPO 0.524219 169.760000
GEN 10000 169.270000
TIEMPO 0.530645 169.270000
GEN 10000 173.750000
TIEMPO 0.526893 173.750000
GEN 10000 169.270000
TIEMPO 0.542036 169.270000
GEN 10000 164.460000
TIEMPO 0.559582 164.460000
GEN 10000 169.760000
TIEMPO 0.555727 169.760000
GEN 10000 169.760000
TIEMPO 0.560781 169.760000
GEN 10000 164.460000
TIEMPO 0.589347 164.460000
GEN 7500 164.460000
GEN 7500 164.460000
GEN 10000 164.460000
TIEMPO 0.588187 164.460000
GEN 10000 169.270000
TIEMPO 0.595867 169.270000
GEN 7500 164.460000
GEN 10000 164.460000
TIEMPO 0.605624 164.460000
GEN 10000 169.270000
TIEMPO 0.611764 169.270000
GEN 10000 169.270000
TIEMPO 0.620309 169.270000
GEN 10000 164.460000
TIEMPO 0.617450 164.460000
GEN 10000 164.460000
TIEMPO 0.621651 164.460000
GEN 10000 164.460000
TIEMPO 0.634614 164.460000
GEN 10000 164.460000
TIEMPO 0.631032 164.460000
GEN 10000 164.460000
TIEMPO 0.655322 164.460000
GEN 10000 164.460000
TIEMPO 0.641239 164.460000
GEN 10000 164.460000
TIEMPO 0.734257 164.460000
GEN 10000 164.460000
TIEMPO 0.722542 164.460000
GEN 10000 164.460000
TIEMPO 0.735811 164.460000

 Current State ---------------------------------------------
Solution:  3 2 9 7 0 1 4 10 6 0 0 8 5 0 0 0 0 0 0 Fitness: 164.46

 :( ---------------------- THE END --------------- :) 
