Dimension>19
Dimension>19
Bandera>13
Fitness Greedy Costo>198.84
Bandera>13
Fitness Greedy Costo>198.84
Solucion Greedy Costo>8 3 2 0 1 5 10 4 0 9 7 0 6 0 0 0 0 0 0 
Linea Vacia>
Solucion Greedy Costo>8 3 2 0 1 5 10 4 0 9 7 0 6 0 0 0 0 0 0 
Linea Vacia>
Matriz de Costos>
Matriz de Costos>
0 13.95 11.28 9.53 31.63 14.92 38.69 34.36 0 29.77 
10.61 0 21.98 20.5 16.57 6.47 29.74 46.19 10.61 35.65 
6.56 16.34 0 7.42 35 17.49 42.34 32.52 6.56 27.04 
0 13.95 11.28 9.53 31.63 14.92 38.69 34.36 0 29.77 
10.61 0 21.98 20.5 16.57 6.47 29.74 46.19 10.61 35.65 
8.3 18.02 0.59 0 36.55 19.16 44.23 25.87 8.3 20.75 
22.15 16.56 30.06 30.28 0 22.07 21.86 56.68 22.15 33.21 
6.56 16.34 0 7.42 35 17.49 42.34 32.52 6.56 27.04 
8.3 18.02 0.59 0 36.55 19.16 44.23 25.87 8.3 20.75 
9.38 7.84 19.73 18.04 21.98 0 29.23 43.97 9.38 38.25 
34.11 27.62 45.05 43.15 17.53 21.83 0 71.55 34.11 55.17 
32.59 43.06 21.77 20.11 63.91 44.85 72.19 0 32.59 22.13 
22.15 16.56 30.06 30.28 0 22.07 21.86 56.68 22.15 33.21 
9.38 7.84 19.73 18.04 21.98 0 29.23 43.97 9.38 38.25 
0 13.95 11.28 9.53 31.63 14.92 38.69 34.36 0 29.77 
35.38 41.6 24.03 22.38 43.62 47.51 67.97 20.02 35.38 0 
34.11 27.62 45.05 43.15 17.53 21.83 0 71.55 34.11 55.17 
32.59 43.06 21.77 20.11 63.91 44.85 72.19 0 32.59 22.13 
0 13.95 11.28 9.53 31.63 14.92 38.69 34.36 0 29.77 
35.38 41.6 24.03 22.38 43.62 47.51 67.97 20.02 35.38 0 
Dimension>19
Dimension>19
Bandera>13
Fitness Greedy Costo>198.84
Dimension>19
Solucion Greedy Costo>8 3 2 0 1 5 10 4 0 9 7 0 6 0 0 0 0 0 0 
Linea Vacia>
Bandera>13
Fitness Greedy Costo>198.84
Solucion Greedy Costo>8 3 2 0 1 5 10 4 0 9 7 0 6 0 0 0 0 0 0 
Linea Vacia>
Dimension>19
Bandera>13
Fitness Greedy Costo>198.84
Bandera>13
Fitness Greedy Costo>198.84
Solucion Greedy Costo>8 3 2 0 1 5 10 4 0 9 7 0 6 0 0 0 0 0 0 
Linea Vacia>
Dimension>19
Matriz de Costos>
0 13.95 11.28 9.53 31.63 14.92 38.69 34.36 0 29.77 
Solucion Greedy Costo>8 3 2 0 1 5 10 4 0 9 7 0 6 0 0 0 0 0 0 
Linea Vacia>
Bandera>13
Fitness Greedy Costo>198.84
10.61 0 21.98 20.5 16.57 6.47 29.74 46.19 10.61 35.65 
6.56 16.34 0 7.42 35 17.49 42.34 32.52 6.56 27.04 
Matriz de Costos>
0 13.95 11.28 9.53 31.63 14.92 38.69 34.36 0 29.77 
10.61 0 21.98 20.5 16.57 6.47 29.74 46.19 10.61 35.65 
Matriz de Costos>
0 13.95 11.28 9.53 31.63 14.92 38.69 34.36 0 29.77 
10.61 0 21.98 20.5 16.57 6.47 29.74 46.19 10.61 35.65 
6.56 16.34 0 7.42 35 17.49 42.34 32.52 6.56 27.04 
Solucion Greedy Costo>8 3 2 0 1 5 10 4 0 9 7 0 6 0 0 0 0 0 0 
Linea Vacia>
Dimension>19
8.3 18.02 0.59 0 36.55 19.16 44.23 25.87 8.3 20.75 
22.15 16.56 30.06 30.28 0 22.07 21.86 56.68 22.15 33.21 
9.38 7.84 19.73 18.04 21.98 0 29.23 43.97 9.38 38.25 
34.11 27.62 45.05 43.15 17.53 21.83 0 71.55 34.11 55.17 
6.56 16.34 0 7.42 35 17.49 42.34 32.52 6.56 27.04 
8.3 18.02 0.59 0 36.55 19.16 44.23 25.87 8.3 20.75 
22.15 16.56 30.06 30.28 0 22.07 21.86 56.68 22.15 33.21 
9.38 7.84 19.73 18.04 21.98 0 29.23 43.97 9.38 38.25 
34.11 27.62 45.05 43.15 17.53 21.83 0 71.55 34.11 55.17 
32.59 43.06 21.77 20.11 63.91 44.85 72.19 0 32.59 22.13 
8.3 18.02 0.59 0 36.55 19.16 44.23 25.87 8.3 20.75 
22.15 16.56 30.06 30.28 0 22.07 21.86 56.68 22.15 33.21 
9.38 7.84 19.73 18.04 21.98 0 29.23 43.97 9.38 38.25 
Dimension>19
Bandera>13
Fitness Greedy Costo>198.84
Matriz de Costos>
0 13.95 11.28 9.53 31.63 14.92 38.69 34.36 0 29.77 
10.61 0 21.98 20.5 16.57 6.47 29.74 46.19 10.61 35.65 
6.56 16.34 0 7.42 35 17.49 42.34 32.52 6.56 27.04 
8.3 18.02 0.59 0 36.55 19.16 44.23 25.87 8.3 20.75 
Bandera>13
Fitness Greedy Costo>198.84
32.59 43.06 21.77 20.11 63.91 44.85 72.19 0 32.59 22.13 
0 13.95 11.28 9.53 31.63 14.92 38.69 34.36 0 29.77 
35.38 41.6 24.03 22.38 43.62 47.51 67.97 20.02 35.38 0 
0 13.95 11.28 9.53 31.63 14.92 38.69 34.36 0 29.77 
35.38 41.6 24.03 22.38 43.62 47.51 67.97 20.02 35.38 0 
34.11 27.62 45.05 43.15 17.53 21.83 0 71.55 34.11 55.17 
32.59 43.06 21.77 20.11 63.91 44.85 72.19 0 32.59 22.13 
0 13.95 11.28 9.53 31.63 14.92 38.69 34.36 0 29.77 
Solucion Greedy Costo>8 3 2 0 1 5 10 4 0 9 7 0 6 0 0 0 0 0 0 
Linea Vacia>
22.15 16.56 30.06 30.28 0 22.07 21.86 56.68 22.15 33.21 
9.38 7.84 19.73 18.04 21.98 0 29.23 43.97 9.38 38.25 
34.11 27.62 45.05 43.15 17.53 21.83 0 71.55 34.11 55.17 
32.59 43.06 21.77 20.11 63.91 44.85 72.19 0 32.59 22.13 
Matriz de Costos>
0 13.95 11.28 9.53 31.63 14.92 38.69 34.36 0 29.77 
10.61 0 21.98 20.5 16.57 6.47 29.74 46.19 10.61 35.65 
6.56 16.34 0 7.42 35 17.49 42.34 32.52 6.56 27.04 
8.3 18.02 0.59 0 36.55 19.16 44.23 25.87 8.3 20.75 
22.15 16.56 30.06 30.28 0 22.07 21.86 56.68 22.15 33.21 
Dimension>19
Solucion Greedy Costo>8 3 2 0 1 5 10 4 0 9 7 0 6 0 0 0 0 0 0 
Linea Vacia>
35.38 41.6 24.03 22.38 43.62 47.51 67.97 20.02 35.38 0 
0 13.95 11.28 9.53 31.63 14.92 38.69 34.36 0 29.77 
35.38 41.6 24.03 22.38 43.62 47.51 67.97 20.02 35.38 0 
9.38 7.84 19.73 18.04 21.98 0 29.23 43.97 9.38 38.25 
34.11 27.62 45.05 43.15 17.53 21.83 0 71.55 34.11 55.17 
32.59 43.06 21.77 20.11 63.91 44.85 72.19 0 32.59 22.13 
Matriz de Costos>
0 13.95 11.28 9.53 31.63 14.92 38.69 34.36 0 29.77 
10.61 0 21.98 20.5 16.57 6.47 29.74 46.19 10.61 35.65 
0 13.95 11.28 9.53 31.63 14.92 38.69 34.36 0 29.77 
Bandera>13
Fitness Greedy Costo>198.84
Matriz de Costos>
0 13.95 11.28 9.53 31.63 14.92 38.69 34.36 0 29.77 
6.56 16.34 0 7.42 35 17.49 42.34 32.52 6.56 27.04 
8.3 18.02 0.59 0 36.55 19.16 44.23 25.87 8.3 20.75 
35.38 41.6 24.03 22.38 43.62 47.51 67.97 20.02 35.38 0 
10.61 0 21.98 20.5 16.57 6.47 29.74 46.19 10.61 35.65 
22.15 16.56 30.06 30.28 0 22.07 21.86 56.68 22.15 33.21 
9.38 7.84 19.73 18.04 21.98 0 29.23 43.97 9.38 38.25 
Solucion Greedy Costo>8 3 2 0 1 5 10 4 0 9 7 0 6 0 0 0 0 0 0 
Linea Vacia>
6.56 16.34 0 7.42 35 17.49 42.34 32.52 6.56 27.04 
8.3 18.02 0.59 0 36.55 19.16 44.23 25.87 8.3 20.75 
34.11 27.62 45.05 43.15 17.53 21.83 0 71.55 34.11 55.17 
32.59 43.06 21.77 20.11 63.91 44.85 72.19 0 32.59 22.13 
0 13.95 11.28 9.53 31.63 14.92 38.69 34.36 0 29.77 
22.15 16.56 30.06 30.28 0 22.07 21.86 56.68 22.15 33.21 
9.38 7.84 19.73 18.04 21.98 0 29.23 43.97 9.38 38.25 
35.38 41.6 24.03 22.38 43.62 47.51 67.97 20.02 35.38 0 
34.11 27.62 45.05 43.15 17.53 21.83 0 71.55 34.11 55.17 
32.59 43.06 21.77 20.11 63.91 44.85 72.19 0 32.59 22.13 
0 13.95 11.28 9.53 31.63 14.92 38.69 34.36 0 29.77 
Dimension>19
Matriz de Costos>
0 13.95 11.28 9.53 31.63 14.92 38.69 34.36 0 29.77 
35.38 41.6 24.03 22.38 43.62 47.51 67.97 20.02 35.38 0 
Bandera>13
Fitness Greedy Costo>198.84
Solucion Greedy Costo>8 3 2 0 1 5 10 4 0 9 7 0 6 0 0 0 0 0 0 
Linea Vacia>
10.61 0 21.98 20.5 16.57 6.47 29.74 46.19 10.61 35.65 
6.56 16.34 0 7.42 35 17.49 42.34 32.52 6.56 27.04 
8.3 18.02 0.59 0 36.55 19.16 44.23 25.87 8.3 20.75 
22.15 16.56 30.06 30.28 0 22.07 21.86 56.68 22.15 33.21 
Matriz de Costos>
0 13.95 11.28 9.53 31.63 14.92 38.69 34.36 0 29.77 
10.61 0 21.98 20.5 16.57 6.47 29.74 46.19 10.61 35.65 
6.56 16.34 0 7.42 35 17.49 42.34 32.52 6.56 27.04 
8.3 18.02 0.59 0 36.55 19.16 44.23 25.87 8.3 20.75 
22.15 16.56 30.06 30.28 0 22.07 21.86 56.68 22.15 33.21 
9.38 7.84 19.73 18.04 21.98 0 29.23 43.97 9.38 38.25 
34.11 27.62 45.05 43.15 17.53 21.83 0 71.55 34.11 55.17 
32.59 43.06 21.77 20.11 63.91 44.85 72.19 0 32.59 22.13 
0 13.95 11.28 9.53 31.63 14.92 38.69 34.36 0 29.77 
9.38 7.84 19.73 18.04 21.98 0 29.23 43.97 9.38 38.25 
34.11 27.62 45.05 43.15 17.53 21.83 0 71.55 34.11 55.17 
32.59 43.06 21.77 20.11 63.91 44.85 72.19 0 32.59 22.13 
0 13.95 11.28 9.53 31.63 14.92 38.69 34.36 0 29.77 
35.38 41.6 24.03 22.38 43.62 47.51 67.97 20.02 35.38 0 
35.38 41.6 24.03 22.38 43.62 47.51 67.97 20.02 35.38 0 
Dimension>19
Bandera>13
Fitness Greedy Costo>198.84
Solucion Greedy Costo>8 3 2 0 1 5 10 4 0 9 7 0 6 0 0 0 0 0 0 
Linea Vacia>
Dimension>19
Bandera>13
Fitness Greedy Costo>198.84
Solucion Greedy Costo>8 3 2 0 1 5 10 4 0 9 7 0 6 0 0 0 0 0 0 
Linea Vacia>
Matriz de Costos>
0 13.95 11.28 9.53 31.63 14.92 38.69 34.36 0 29.77 
10.61 0 21.98 20.5 16.57 6.47 29.74 46.19 10.61 35.65 
Matriz de Costos>
0 13.95 11.28 9.53 31.63 14.92 38.69 34.36 0 29.77 
10.61 0 21.98 20.5 16.57 6.47 29.74 46.19 10.61 35.65 
6.56 16.34 0 7.42 35 17.49 42.34 32.52 6.56 27.04 
8.3 18.02 0.59 0 36.55 19.16 44.23 25.87 8.3 20.75 
22.15 16.56 30.06 30.28 0 22.07 21.86 56.68 22.15 33.21 
9.38 7.84 19.73 18.04 21.98 0 29.23 43.97 9.38 38.25 
34.11 27.62 45.05 43.15 17.53 21.83 0 71.55 34.11 55.17 
32.59 43.06 21.77 20.11 63.91 44.85 72.19 0 32.59 22.13 
0 13.95 11.28 9.53 31.63 14.92 38.69 34.36 0 29.77 
35.38 41.6 24.03 22.38 43.62 47.51 67.97 20.02 35.38 0 
6.56 16.34 0 7.42 35 17.49 42.34 32.52 6.56 27.04 
8.3 18.02 0.59 0 36.55 19.16 44.23 25.87 8.3 20.75 
22.15 16.56 30.06 30.28 0 22.07 21.86 56.68 22.15 33.21 
9.38 7.84 19.73 18.04 21.98 0 29.23 43.97 9.38 38.25 
34.11 27.62 45.05 43.15 17.53 21.83 0 71.55 34.11 55.17 
32.59 43.06 21.77 20.11 63.91 44.85 72.19 0 32.59 22.13 
0 13.95 11.28 9.53 31.63 14.92 38.69 34.36 0 29.77 
35.38 41.6 24.03 22.38 43.62 47.51 67.97 20.02 35.38 0 
Dimension>19
Bandera>13
Fitness Greedy Costo>198.84
Solucion Greedy Costo>8 3 2 0 1 5 10 4 0 9 7 0 6 0 0 0 0 0 0 
Linea Vacia>
Matriz de Costos>
0 13.95 11.28 9.53 31.63 14.92 38.69 34.36 0 29.77 
10.61 0 21.98 20.5 16.57 6.47 29.74 46.19 10.61 35.65 
6.56 16.34 0 7.42 35 17.49 42.34 32.52 6.56 27.04 
8.3 18.02 0.59 0 36.55 19.16 44.23 25.87 8.3 20.75 
22.15 16.56 30.06 30.28 0 22.07 21.86 56.68 22.15 33.21 
9.38 7.84 19.73 18.04 21.98 0 29.23 43.97 9.38 38.25 
34.11 27.62 45.05 43.15 17.53 21.83 0 71.55 34.11 55.17 
32.59 43.06 21.77 20.11 63.91 44.85 72.19 0 32.59 22.13 
0 13.95 11.28 9.53 31.63 14.92 38.69 34.36 0 29.77 
35.38 41.6 24.03 22.38 43.62 47.51 67.97 20.02 35.38 0 
Dimension>19
Bandera>13
Fitness Greedy Costo>198.84
Solucion Greedy Costo>8 3 2 0 1 5 10 4 0 9 7 0 6 0 0 0 0 0 0 
Linea Vacia>
Matriz de Costos>
0 13.95 11.28 9.53 31.63 14.92 38.69 34.36 0 29.77 
10.61 0 21.98 20.5 16.57 6.47 29.74 46.19 10.61 35.65 
6.56 16.34 0 7.42 35 17.49 42.34 32.52 6.56 27.04 
8.3 18.02 0.59 0 36.55 19.16 44.23 25.87 8.3 20.75 
22.15 16.56 30.06 30.28 0 22.07 21.86 56.68 22.15 33.21 
9.38 7.84 19.73 18.04 21.98 0 29.23 43.97 9.38 38.25 
34.11 27.62 45.05 43.15 17.53 21.83 0 71.55 34.11 55.17 
32.59 43.06 21.77 20.11 63.91 44.85 72.19 0 32.59 22.13 
0 13.95 11.28 9.53 31.63 14.92 38.69 34.36 0 29.77 
35.38 41.6 24.03 22.38 43.62 47.51 67.97 20.02 35.38 0 
Dimension>19
Bandera>13
Fitness Greedy Costo>198.84
Solucion Greedy Costo>8 3 2 0 1 5 10 4 0 9 7 0 6 0 0 0 0 0 0 
Linea Vacia>
Matriz de Costos>
0 13.95 11.28 9.53 31.63 14.92 38.69 34.36 0 29.77 
10.61 0 21.98 20.5 16.57 6.47 29.74 46.19 10.61 35.65 
6.56 16.34 0 7.42 35 17.49 42.34 32.52 6.56 27.04 
8.3 18.02 0.59 0 36.55 19.16 44.23 25.87 8.3 20.75 
22.15 16.56 30.06 30.28 0 22.07 21.86 56.68 22.15 33.21 
9.38 7.84 19.73 18.04 21.98 0 29.23 43.97 9.38 38.25 
34.11 27.62 45.05 43.15 17.53 21.83 0 71.55 34.11 55.17 
32.59 43.06 21.77 20.11 63.91 44.85 72.19 0 32.59 22.13 
0 13.95 11.28 9.53 31.63 14.92 38.69 34.36 0 29.77 
35.38 41.6 24.03 22.38 43.62 47.51 67.97 20.02 35.38 0 
Dimension>19
Bandera>13
Fitness Greedy Costo>198.84
Solucion Greedy Costo>8 3 2 0 1 5 10 4 0 9 7 0 6 0 0 0 0 0 0 
Linea Vacia>
Matriz de Costos>
0 13.95 11.28 9.53 31.63 14.92 38.69 34.36 0 29.77 
10.61 0 21.98 20.5 16.57 6.47 29.74 46.19 10.61 35.65 
6.56 16.34 0 7.42 35 17.49 42.34 32.52 6.56 27.04 
8.3 18.02 0.59 0 36.55 19.16 44.23 25.87 8.3 20.75 
22.15 16.56 30.06 30.28 0 22.07 21.86 56.68 22.15 33.21 
9.38 7.84 19.73 18.04 21.98 0 29.23 43.97 9.38 38.25 
34.11 27.62 45.05 43.15 17.53 21.83 0 71.55 34.11 55.17 
32.59 43.06 21.77 20.11 63.91 44.85 72.19 0 32.59 22.13 
0 13.95 11.28 9.53 31.63 14.92 38.69 34.36 0 29.77 
35.38 41.6 24.03 22.38 43.62 47.51 67.97 20.02 35.38 0 
Dimension>19
Dimension>19
Bandera>13
Fitness Greedy Costo>198.84
Dimension>19
Solucion Greedy Costo>8 3 2 0 1 5 10 4 0 9 7 0 6 0 0 0 0 0 0 
Linea Vacia>
Bandera>13
Fitness Greedy Costo>198.84
Bandera>13
Fitness Greedy Costo>198.84
Solucion Greedy Costo>8 3 2 0 1 5 10 4 0 9 7 0 6 0 0 0 0 0 0 
Linea Vacia>
Solucion Greedy Costo>8 3 2 0 1 5 10 4 0 9 7 0 6 0 0 0 0 0 0 
Linea Vacia>
Matriz de Costos>
Matriz de Costos>
Matriz de Costos>
0 13.95 11.28 9.53 31.63 14.92 38.69 34.36 0 29.77 
10.61 0 21.98 20.5 16.57 6.47 29.74 46.19 10.61 35.65 
0 13.95 11.28 9.53 31.63 14.92 38.69 34.36 0 29.77 
10.61 0 21.98 20.5 16.57 6.47 29.74 46.19 10.61 35.65 
6.56 16.34 0 7.42 35 17.49 42.34 32.52 6.56 27.04 
0 13.95 11.28 9.53 31.63 14.92 38.69 34.36 0 29.77 
10.61 0 21.98 20.5 16.57 6.47 29.74 46.19 10.61 35.65 
6.56 16.34 0 7.42 35 17.49 42.34 32.52 6.56 27.04 
8.3 18.02 0.59 0 36.55 19.16 44.23 25.87 8.3 20.75 
8.3 18.02 0.59 0 36.55 19.16 44.23 25.87 8.3 20.75 
22.15 16.56 30.06 30.28 0 22.07 21.86 56.68 22.15 33.21 
6.56 16.34 0 7.42 35 17.49 42.34 32.52 6.56 27.04 
22.15 16.56 30.06 30.28 0 22.07 21.86 56.68 22.15 33.21 
9.38 7.84 19.73 18.04 21.98 0 29.23 43.97 9.38 38.25 
34.11 27.62 45.05 43.15 17.53 21.83 0 71.55 34.11 55.17 
9.38 7.84 19.73 18.04 21.98 0 29.23 43.97 9.38 38.25 
34.11 27.62 45.05 43.15 17.53 21.83 0 71.55 34.11 55.17 
8.3 18.02 0.59 0 36.55 19.16 44.23 25.87 8.3 20.75 
22.15 16.56 30.06 30.28 0 22.07 21.86 56.68 22.15 33.21 
32.59 43.06 21.77 20.11 63.91 44.85 72.19 0 32.59 22.13 
0 13.95 11.28 9.53 31.63 14.92 38.69 34.36 0 29.77 
35.38 41.6 24.03 22.38 43.62 47.51 67.97 20.02 35.38 0 
32.59 43.06 21.77 20.11 63.91 44.85 72.19 0 32.59 22.13 
0 13.95 11.28 9.53 31.63 14.92 38.69 34.36 0 29.77 
9.38 7.84 19.73 18.04 21.98 0 29.23 43.97 9.38 38.25 
34.11 27.62 45.05 43.15 17.53 21.83 0 71.55 34.11 55.17 
35.38 41.6 24.03 22.38 43.62 47.51 67.97 20.02 35.38 0 
32.59 43.06 21.77 20.11 63.91 44.85 72.19 0 32.59 22.13 
0 13.95 11.28 9.53 31.63 14.92 38.69 34.36 0 29.77 
35.38 41.6 24.03 22.38 43.62 47.51 67.97 20.02 35.38 0 
Dimension>19
Dimension>19
Dimension>19
Bandera>13
Fitness Greedy Costo>198.84
Solucion Greedy Costo>8 3 2 0 1 5 10 4 0 9 7 0 6 0 0 0 0 0 0 
Linea Vacia>
Bandera>13
Fitness Greedy Costo>198.84
Solucion Greedy Costo>8 3 2 0 1 5 10 4 0 9 7 0 6 0 0 0 0 0 0 
Linea Vacia>
Bandera>13
Fitness Greedy Costo>198.84
Solucion Greedy Costo>8 3 2 0 1 5 10 4 0 9 7 0 6 0 0 0 0 0 0 
Linea Vacia>
Dimension>19
Dimension>19
Matriz de Costos>
0 13.95 11.28 9.53 31.63 14.92 38.69 34.36 0 29.77 
Matriz de Costos>
0 13.95 11.28 9.53 31.63 14.92 38.69 34.36 0 29.77 
10.61 0 21.98 20.5 16.57 6.47 29.74 46.19 10.61 35.65 
Matriz de Costos>
0 13.95 11.28 9.53 31.63 14.92 38.69 34.36 0 29.77 
10.61 0 21.98 20.5 16.57 6.47 29.74 46.19 10.61 35.65 
Bandera>13
Fitness Greedy Costo>198.84
Solucion Greedy Costo>8 3 2 0 1 5 10 4 0 9 7 0 6 0 0 0 0 0 0 
Bandera>13
Fitness Greedy Costo>198.84
Solucion Greedy Costo>8 3 2 0 1 5 10 4 0 9 7 0 6 0 0 0 0 0 0 
Linea Vacia>
6.56 16.34 0 7.42 35 17.49 42.34 32.52 6.56 27.04 
8.3 18.02 0.59 0 36.55 19.16 44.23 25.87 8.3 20.75 
22.15 16.56 30.06 30.28 0 22.07 21.86 56.68 22.15 33.21 
9.38 7.84 19.73 18.04 21.98 0 29.23 43.97 9.38 38.25 
10.61 0 21.98 20.5 16.57 6.47 29.74 46.19 10.61 35.65 
6.56 16.34 0 7.42 35 17.49 42.34 32.52 6.56 27.04 
8.3 18.02 0.59 0 36.55 19.16 44.23 25.87 8.3 20.75 
22.15 16.56 30.06 30.28 0 22.07 21.86 56.68 22.15 33.21 
9.38 7.84 19.73 18.04 21.98 0 29.23 43.97 9.38 38.25 
34.11 27.62 45.05 43.15 17.53 21.83 0 71.55 34.11 55.17 
6.56 16.34 0 7.42 35 17.49 42.34 32.52 6.56 27.04 
8.3 18.02 0.59 0 36.55 19.16 44.23 25.87 8.3 20.75 
22.15 16.56 30.06 30.28 0 22.07 21.86 56.68 22.15 33.21 
9.38 7.84 19.73 18.04 21.98 0 29.23 43.97 9.38 38.25 
Linea Vacia>
34.11 27.62 45.05 43.15 17.53 21.83 0 71.55 34.11 55.17 
32.59 43.06 21.77 20.11 63.91 44.85 72.19 0 32.59 22.13 
0 13.95 11.28 9.53 31.63 14.92 38.69 34.36 0 29.77 
32.59 43.06 21.77 20.11 63.91 44.85 72.19 0 32.59 22.13 
0 13.95 11.28 9.53 31.63 14.92 38.69 34.36 0 29.77 
35.38 41.6 24.03 22.38 43.62 47.51 67.97 20.02 35.38 0 
34.11 27.62 45.05 43.15 17.53 21.83 0 71.55 34.11 55.17 
32.59 43.06 21.77 20.11 63.91 44.85 72.19 0 32.59 22.13 
0 13.95 11.28 9.53 31.63 14.92 38.69 34.36 0 29.77 
Matriz de Costos>
35.38 41.6 24.03 22.38 43.62 47.51 67.97 20.02 35.38 0 
Matriz de Costos>
0 13.95 11.28 9.53 31.63 14.92 38.69 34.36 0 29.77 
10.61 0 21.98 20.5 16.57 6.47 29.74 46.19 10.61 35.65 
35.38 41.6 24.03 22.38 43.62 47.51 67.97 20.02 35.38 0 
0 13.95 11.28 9.53 31.63 14.92 38.69 34.36 0 29.77 
10.61 0 21.98 20.5 16.57 6.47 29.74 46.19 10.61 35.65 
6.56 16.34 0 7.42 35 17.49 42.34 32.52 6.56 27.04 
8.3 18.02 0.59 0 36.55 19.16 44.23 25.87 8.3 20.75 
6.56 16.34 0 7.42 35 17.49 42.34 32.52 6.56 27.04 
8.3 18.02 0.59 0 36.55 19.16 44.23 25.87 8.3 20.75 
22.15 16.56 30.06 30.28 0 22.07 21.86 56.68 22.15 33.21 
9.38 7.84 19.73 18.04 21.98 0 29.23 43.97 9.38 38.25 
22.15 16.56 30.06 30.28 0 22.07 21.86 56.68 22.15 33.21 
9.38 7.84 19.73 18.04 21.98 0 29.23 43.97 9.38 38.25 
34.11 27.62 45.05 43.15 17.53 21.83 0 71.55 34.11 55.17 
32.59 43.06 21.77 20.11 63.91 44.85 72.19 0 32.59 22.13 
0 13.95 11.28 9.53 31.63 14.92 38.69 34.36 0 29.77 
34.11 27.62 45.05 43.15 17.53 21.83 0 71.55 34.11 55.17 
32.59 43.06 21.77 20.11 63.91 44.85 72.19 0 32.59 22.13 
35.38 41.6 24.03 22.38 43.62 47.51 67.97 20.02 35.38 0 
0 13.95 11.28 9.53 31.63 14.92 38.69 34.36 0 29.77 
35.38 41.6 24.03 22.38 43.62 47.51 67.97 20.02 35.38 0 
GEN 0 275.580000
GEN 0 234.470000
GEN 0 263.050000
TIEMPO 0 274.570000
TIEMPO 0 234.470000
TIEMPO 0 263.050000
GREEDY 0 0.002542
GREEDY 0 0.002630
GREEDY 5 0.002691
GREEDY 5 0.002824
GREEDY 10 0.003267
GREEDY 0 0.004049
GEN 0 253.100000
GEN 0 269.010000
TIEMPO 0 253.100000
TIEMPO 0 269.010000
GEN 0 282.120000
TIEMPO 0 235.240000
GREEDY 0 0.001684
GREEDY 10 0.006858
GEN 0 282.530000
TIEMPO 0 275.150000
GREEDY 0 0.003922
GREEDY 5 0.003997
GREEDY 0 0.002297
GREEDY 5 0.002351
GREEDY 10 0.002696
GEN 0 287.090000
GREEDY 0 0.004055
TIEMPO 0 287.090000
GREEDY 5 0.004118
GREEDY 0 0.000937
GREEDY 5 0.001006
GEN 0 262.390000
TIEMPO 0 262.390000
GREEDY 10 0.002796
GREEDY 10 0.008183
GREEDY 0 0.001249
GEN 0 276.360000
GREEDY 5 0.002951
GEN 0 248.590000
TIEMPO 0 259.330000
TIEMPO 0 248.590000
GEN 0 272.560000
TIEMPO 0 269.590000
GREEDY 0 0.001285
GREEDY 5 0.001349
GREEDY 10 0.005619
GEN 0 250.290000
TIEMPO 0 250.290000
GREEDY 0 0.003477
GREEDY 5 0.003552
GREEDY 0 0.004736
GREEDY 0 0.019845
GREEDY 5 0.019904
GEN 0 259.140000
TIEMPO 0 259.140000
GEN 0 244.400000
TIEMPO 0 244.210000
GREEDY 15 0.020601
GEN 0 287.090000
TIEMPO 0 287.090000
GREEDY 0 0.001773
GREEDY 0 0.001086
GREEDY 5 0.001151
GREEDY 10 0.023268
GREEDY 5 0.008688
GREEDY 10 0.002958
GEN 0 268.720000
TIEMPO 0 265.520000
GEN 0 276.360000
TIEMPO 0 259.330000
GREEDY 0 0.001418
GREEDY 5 0.001887
GREEDY 10 0.001951
GREEDY 10 0.011548
GREEDY 0 0.003455
GREEDY 5 0.003527
GEN 0 258.840000
TIEMPO 0 246.590000
GREEDY 0 0.000801
GREEDY 5 0.000843
GREEDY 5 0.026461
GREEDY 10 0.025351
GREEDY 10 0.003064
GEN 0 273.850000
TIEMPO 0 201.130000
GEN 0 272.070000
TIEMPO 0 263.520000
GREEDY 0 0.001159
GREEDY 0 0.001607
GREEDY 15 0.027852
GEN 0 256.590000
GEN 0 247.310000
GEN 0 256.590000
TIEMPO 0 227.790000
TIEMPO 0 247.310000
TIEMPO 0 227.790000
GREEDY 0 0.000733
GREEDY 0 0.000762
GREEDY 5 0.003792
GREEDY 5 0.005044
GREEDY 5 0.003236
GREEDY 5 0.003328
GREEDY 10 0.024222
GREEDY 10 0.025799
GREEDY 0 0.006551
GREEDY 5 0.006614
GREEDY 10 0.006677
GREEDY 15 0.026721
GREEDY 5 0.029345
GREEDY 10 0.025757
GREEDY 15 0.026660
GREEDY 0 0.033002
GREEDY 5 0.033067
GREEDY 10 0.033943
GREEDY 15 0.049584
GREEDY 5 0.056423
GREEDY 10 0.052888
GREEDY 10 0.050391
GREEDY 10 0.053974
GREEDY 10 0.054780
GREEDY 15 0.075760
GREEDY 10 0.101232
GREEDY 15 0.096750
GEN 2500 169.270000
GEN 2500 177.770000
GEN 2500 164.460000
GREEDY 10 0.129769
GREEDY 15 0.146839
GREEDY 15 0.139761
GEN 2500 169.760000
GEN 2500 164.460000
GEN 2500 175.670000
GEN 2500 164.460000
GEN 2500 169.270000
GEN 2500 176.050000
GEN 2500 164.460000
GEN 2500 164.460000
GEN 2500 180.510000
GEN 2500 169.270000
GREEDY 10 0.204115
GEN 2500 164.460000
GEN 2500 169.760000
GEN 2500 164.460000
GEN 2500 173.040000
GEN 2500 176.050000
GEN 5000 169.270000
GREEDY 15 0.213114
GREEDY 15 0.237780
GEN 5000 173.750000
GEN 2500 164.460000
GEN 2500 174.390000
GEN 2500 169.760000
GEN 5000 169.760000
GEN 5000 164.460000
GEN 5000 164.460000
GEN 5000 169.270000
GEN 5000 164.460000
GEN 5000 169.270000
GEN 5000 164.460000
GEN 5000 164.460000
GEN 5000 174.390000
GEN 2500 164.460000
GREEDY 15 0.336437
GEN 2500 166.750000
GEN 2500 175.670000
GEN 5000 164.460000
GEN 5000 164.460000
GEN 7500 173.750000
GEN 5000 173.040000
GEN 7500 169.270000
GEN 5000 169.270000
GEN 5000 164.460000
GEN 7500 169.760000
GEN 7500 164.460000
GEN 7500 164.460000
GEN 5000 169.760000
GEN 5000 174.390000
GEN 7500 169.270000
GEN 7500 169.270000
GEN 7500 164.460000
GEN 7500 164.460000
GEN 7500 169.270000
GEN 7500 164.460000
GEN 10000 173.750000
TIEMPO 0.422982 173.750000
GREEDY 15 0.441593
GEN 7500 164.460000
GEN 7500 164.460000
GEN 7500 173.040000
GEN 10000 169.760000
TIEMPO 0.470405 169.760000
GEN 7500 164.460000
GEN 7500 169.270000
GEN 10000 164.460000
TIEMPO 0.479886 164.460000
GEN 10000 164.460000
TIEMPO 0.462851 164.460000
GREEDY 15 0.499863
GEN 10000 169.270000
TIEMPO 0.502715 169.270000
GEN 10000 169.270000
TIEMPO 0.509136 169.270000
GEN 10000 164.460000
TIEMPO 0.509988 164.460000
GEN 10000 164.460000
TIEMPO 0.497585 164.460000
GEN 5000 164.460000
GEN 7500 174.390000
GEN 10000 164.460000
TIEMPO 0.529652 164.460000
GEN 5000 164.460000
GEN 10000 164.460000
TIEMPO 0.570254 164.460000
GEN 7500 169.760000
GEN 5000 164.460000
GEN 10000 164.460000
TIEMPO 0.557832 164.460000
GEN 5000 164.460000
GEN 10000 169.270000
TIEMPO 0.586727 169.270000
GEN 10000 173.040000
TIEMPO 0.610099 173.040000
GEN 10000 164.460000
TIEMPO 0.596258 164.460000
GEN 10000 164.460000
TIEMPO 0.596675 164.460000
GEN 5000 164.460000
GEN 10000 169.270000
TIEMPO 0.600262 169.270000
GREEDY 15 0.597932
GEN 10000 164.460000
TIEMPO 0.635238 164.460000
GEN 5000 169.760000
GEN 10000 169.760000
TIEMPO 0.711012 169.760000
GEN 7500 164.460000
GEN 7500 164.460000
GEN 7500 164.460000
GEN 7500 164.460000
GEN 7500 164.460000
GEN 10000 164.460000
TIEMPO 0.954958 164.460000
TIEMPO 1 164.460000
TIEMPO 1 164.460000
TIEMPO 1 164.460000
GEN 10000 164.460000
TIEMPO 1.012668 164.460000
TIEMPO 1 164.460000
TIEMPO 1 169.760000
GEN 7500 169.760000
GEN 10000 164.460000
TIEMPO 1.103624 164.460000
GEN 10000 164.460000
TIEMPO 1.092995 164.460000
GEN 10000 169.760000
TIEMPO 1.317939 169.760000
GEN 10000 164.460000
TIEMPO 1.346431 164.460000

 Current State ---------------------------------------------
Solution:  3 2 9 7 0 1 4 10 6 0 0 0 0 0 0 0 0 8 5 Fitness: 164.46

 :( ---------------------- THE END --------------- :) 
