Dimension>19
Bandera>13
Fitness Greedy Costo>198.84
Solucion Greedy Costo>8 3 2 0 1 5 10 4 0 9 7 0 6 0 0 0 0 0 0 
Linea Vacia>
Matriz de Costos>
0 13.95 11.28 9.53 31.63 14.92 38.69 34.36 0 29.77 
10.61 0 21.98 20.5 16.57 6.47 29.74 46.19 10.61 35.65 
6.56 16.34 0 7.42 35 17.49 42.34 32.52 6.56 27.04 
8.3 18.02 0.59 0 36.55 19.16 44.23 25.87 8.3 20.75 
22.15 16.56 30.06 30.28 0 22.07 21.86 56.68 22.15 33.21 
9.38 7.84 19.73 18.04 21.98 0 29.23 43.97 9.38 38.25 
34.11 27.62 45.05 43.15 17.53 21.83 0 71.55 34.11 55.17 
32.59 43.06 21.77 20.11 63.91 44.85 72.19 0 32.59 22.13 
0 13.95 11.28 9.53 31.63 14.92 38.69 34.36 0 29.77 
35.38 41.6 24.03 22.38 43.62 47.51 67.97 20.02 35.38 0 
Dimension>19
Bandera>13
Fitness Greedy Costo>198.84
Solucion Greedy Costo>8 3 2 0 1 5 10 4 0 9 7 0 6 0 0 0 0 0 0 
Linea Vacia>
Matriz de Costos>
0 13.95 11.28 9.53 31.63 14.92 38.69 34.36 0 29.77 
10.61 0 21.98 20.5 16.57 6.47 29.74 46.19 10.61 35.65 
6.56 16.34 0 7.42 35 17.49 42.34 32.52 6.56 27.04 
8.3 18.02 0.59 0 36.55 19.16 44.23 25.87 8.3 20.75 
22.15 16.56 30.06 30.28 0 22.07 21.86 56.68 22.15 33.21 
9.38 7.84 19.73 18.04 21.98 0 29.23 43.97 9.38 38.25 
34.11 27.62 45.05 43.15 17.53 21.83 0 71.55 34.11 55.17 
32.59 43.06 21.77 20.11 63.91 44.85 72.19 0 32.59 22.13 
0 13.95 11.28 9.53 31.63 14.92 38.69 34.36 0 29.77 
35.38 41.6 24.03 22.38 43.62 47.51 67.97 20.02 35.38 0 
Dimension>19
Bandera>13
Fitness Greedy Costo>198.84
Solucion Greedy Costo>8 3 2 0 1 5 10 4 0 9 7 0 6 0 0 0 0 0 0 
Linea Vacia>
Matriz de Costos>
0 13.95 11.28 9.53 31.63 14.92 38.69 34.36 0 29.77 
10.61 0 21.98 20.5 16.57 6.47 29.74 46.19 10.61 35.65 
6.56 16.34 0 7.42 35 17.49 42.34 32.52 6.56 27.04 
8.3 18.02 0.59 0 36.55 19.16 44.23 25.87 8.3 20.75 
22.15 16.56 30.06 30.28 0 22.07 21.86 56.68 22.15 33.21 
9.38 7.84 19.73 18.04 21.98 0 29.23 43.97 9.38 38.25 
34.11 27.62 45.05 43.15 17.53 21.83 0 71.55 34.11 55.17 
32.59 43.06 21.77 20.11 63.91 44.85 72.19 0 32.59 22.13 
0 13.95 11.28 9.53 31.63 14.92 38.69 34.36 0 29.77 
35.38 41.6 24.03 22.38 43.62 47.51 67.97 20.02 35.38 0 
Dimension>19
Bandera>13
Fitness Greedy Costo>198.84
Solucion Greedy Costo>8 3 2 0 1 5 10 4 0 9 7 0 6 0 0 0 0 0 0 
Linea Vacia>
Matriz de Costos>
0 13.95 11.28 9.53 31.63 14.92 38.69 34.36 0 29.77 
10.61 0 21.98 20.5 16.57 6.47 29.74 46.19 10.61 35.65 
6.56 16.34 0 7.42 35 17.49 42.34 32.52 6.56 27.04 
8.3 18.02 0.59 0 36.55 19.16 44.23 25.87 8.3 20.75 
22.15 16.56 30.06 30.28 0 22.07 21.86 56.68 22.15 33.21 
9.38 7.84 19.73 18.04 21.98 0 29.23 43.97 9.38 38.25 
34.11 27.62 45.05 43.15 17.53 21.83 0 71.55 34.11 55.17 
32.59 43.06 21.77 20.11 63.91 44.85 72.19 0 32.59 22.13 
0 13.95 11.28 9.53 31.63 14.92 38.69 34.36 0 29.77 
35.38 41.6 24.03 22.38 43.62 47.51 67.97 20.02 35.38 0 
Dimension>19
Bandera>13
Fitness Greedy Costo>198.84
Solucion Greedy Costo>8 3 2 0 1 5 10 4 0 9 7 0 6 0 0 0 0 0 0 
Linea Vacia>
Matriz de Costos>
0 13.95 11.28 9.53 31.63 14.92 38.69 34.36 0 29.77 
10.61 0 21.98 20.5 16.57 6.47 29.74 46.19 10.61 35.65 
6.56 16.34 0 7.42 35 17.49 42.34 32.52 6.56 27.04 
8.3 18.02 0.59 0 36.55 19.16 44.23 25.87 8.3 20.75 
22.15 16.56 30.06 30.28 0 22.07 21.86 56.68 22.15 33.21 
9.38 7.84 19.73 18.04 21.98 0 29.23 43.97 9.38 38.25 
34.11 27.62 45.05 43.15 17.53 21.83 0 71.55 34.11 55.17 
32.59 43.06 21.77 20.11 63.91 44.85 72.19 0 32.59 22.13 
0 13.95 11.28 9.53 31.63 14.92 38.69 34.36 0 29.77 
35.38 41.6 24.03 22.38 43.62 47.51 67.97 20.02 35.38 0 
Dimension>19
Bandera>13
Fitness Greedy Costo>198.84
Solucion Greedy Costo>8 3 2 0 1 5 10 4 0 9 7 0 6 0 0 0 0 0 0 
Linea Vacia>
Matriz de Costos>
0 13.95 11.28 9.53 31.63 14.92 38.69 34.36 0 29.77 
10.61 0 21.98 20.5 16.57 6.47 29.74 46.19 10.61 35.65 
6.56 16.34 0 7.42 35 17.49 42.34 32.52 6.56 27.04 
8.3 18.02 0.59 0 36.55 19.16 44.23 25.87 8.3 20.75 
22.15 16.56 30.06 30.28 0 22.07 21.86 56.68 22.15 33.21 
9.38 7.84 19.73 18.04 21.98 0 29.23 43.97 9.38 38.25 
34.11 27.62 45.05 43.15 17.53 21.83 0 71.55 34.11 55.17 
32.59 43.06 21.77 20.11 63.91 44.85 72.19 0 32.59 22.13 
0 13.95 11.28 9.53 31.63 14.92 38.69 34.36 0 29.77 
35.38 41.6 24.03 22.38 43.62 47.51 67.97 20.02 35.38 0 
Dimension>19
Bandera>13
Fitness Greedy Costo>198.84
Solucion Greedy Costo>8 3 2 0 1 5 10 4 0 9 7 0 6 0 0 0 0 0 0 
Linea Vacia>
Matriz de Costos>
0 13.95 11.28 9.53 31.63 14.92 38.69 34.36 0 29.77 
10.61 0 21.98 20.5 16.57 6.47 29.74 46.19 10.61 35.65 
6.56 16.34 0 7.42 35 17.49 42.34 32.52 6.56 27.04 
8.3 18.02 0.59 0 36.55 19.16 44.23 25.87 8.3 20.75 
22.15 16.56 30.06 30.28 0 22.07 21.86 56.68 22.15 33.21 
9.38 7.84 19.73 18.04 21.98 0 29.23 43.97 9.38 38.25 
34.11 27.62 45.05 43.15 17.53 21.83 0 71.55 34.11 55.17 
32.59 43.06 21.77 20.11 63.91 44.85 72.19 0 32.59 22.13 
0 13.95 11.28 9.53 31.63 14.92 38.69 34.36 0 29.77 
35.38 41.6 24.03 22.38 43.62 47.51 67.97 20.02 35.38 0 
Dimension>19
Bandera>13
Fitness Greedy Costo>198.84
Solucion Greedy Costo>8 3 2 0 1 5 10 4 0 9 7 0 6 0 0 0 0 0 0 
Linea Vacia>
Matriz de Costos>
0 13.95 11.28 9.53 31.63 14.92 38.69 34.36 0 29.77 
10.61 0 21.98 20.5 16.57 6.47 29.74 46.19 10.61 35.65 
6.56 16.34 0 7.42 35 17.49 42.34 32.52 6.56 27.04 
8.3 18.02 0.59 0 36.55 19.16 44.23 25.87 8.3 20.75 
22.15 16.56 30.06 30.28 0 22.07 21.86 56.68 22.15 33.21 
9.38 7.84 19.73 18.04 21.98 0 29.23 43.97 9.38 38.25 
34.11 27.62 45.05 43.15 17.53 21.83 0 71.55 34.11 55.17 
32.59 43.06 21.77 20.11 63.91 44.85 72.19 0 32.59 22.13 
0 13.95 11.28 9.53 31.63 14.92 38.69 34.36 0 29.77 
35.38 41.6 24.03 22.38 43.62 47.51 67.97 20.02 35.38 0 
Dimension>19
Bandera>13
Fitness Greedy Costo>198.84
Solucion Greedy Costo>8 3 2 0 1 5 10 4 0 9 7 0 6 0 0 0 0 0 0 
Linea Vacia>
Matriz de Costos>
0 13.95 11.28 9.53 31.63 14.92 38.69 34.36 0 29.77 
10.61 0 21.98 20.5 16.57 6.47 29.74 46.19 10.61 35.65 
6.56 16.34 0 7.42 35 17.49 42.34 32.52 6.56 27.04 
8.3 18.02 0.59 0 36.55 19.16 44.23 25.87 8.3 20.75 
22.15 16.56 30.06 30.28 0 22.07 21.86 56.68 22.15 33.21 
9.38 7.84 19.73 18.04 21.98 0 29.23 43.97 9.38 38.25 
34.11 27.62 45.05 43.15 17.53 21.83 0 71.55 34.11 55.17 
32.59 43.06 21.77 20.11 63.91 44.85 72.19 0 32.59 22.13 
0 13.95 11.28 9.53 31.63 14.92 38.69 34.36 0 29.77 
35.38 41.6 24.03 22.38 43.62 47.51 67.97 20.02 35.38 0 
Dimension>19
Bandera>13
Fitness Greedy Costo>198.84
Solucion Greedy Costo>8 3 2 0 1 5 10 4 0 9 7 0 6 0 0 0 0 0 0 
Linea Vacia>
Matriz de Costos>
0 13.95 11.28 9.53 31.63 14.92 38.69 34.36 0 29.77 
10.61 0 21.98 20.5 16.57 6.47 29.74 46.19 10.61 35.65 
6.56 16.34 0 7.42 35 17.49 42.34 32.52 6.56 27.04 
8.3 18.02 0.59 0 36.55 19.16 44.23 25.87 8.3 20.75 
22.15 16.56 30.06 30.28 0 22.07 21.86 56.68 22.15 33.21 
9.38 7.84 19.73 18.04 21.98 0 29.23 43.97 9.38 38.25 
34.11 27.62 45.05 43.15 17.53 21.83 0 71.55 34.11 55.17 
32.59 43.06 21.77 20.11 63.91 44.85 72.19 0 32.59 22.13 
0 13.95 11.28 9.53 31.63 14.92 38.69 34.36 0 29.77 
35.38 41.6 24.03 22.38 43.62 47.51 67.97 20.02 35.38 0 
Dimension>19
Bandera>13
Fitness Greedy Costo>198.84
Solucion Greedy Costo>8 3 2 0 1 5 10 4 0 9 7 0 6 0 0 0 0 0 0 
Linea Vacia>
Matriz de Costos>
0 13.95 11.28 9.53 31.63 14.92 38.69 34.36 0 29.77 
10.61 0 21.98 20.5 16.57 6.47 29.74 46.19 10.61 35.65 
6.56 16.34 0 7.42 35 17.49 42.34 32.52 6.56 27.04 
8.3 18.02 0.59 0 36.55 19.16 44.23 25.87 8.3 20.75 
22.15 16.56 30.06 30.28 0 22.07 21.86 56.68 22.15 33.21 
9.38 7.84 19.73 18.04 21.98 0 29.23 43.97 9.38 38.25 
34.11 27.62 45.05 43.15 17.53 21.83 0 71.55 34.11 55.17 
32.59 43.06 21.77 20.11 63.91 44.85 72.19 0 32.59 22.13 
0 13.95 11.28 9.53 31.63 14.92 38.69 34.36 0 29.77 
35.38 41.6 24.03 22.38 43.62 47.51 67.97 20.02 35.38 0 
Dimension>19
Bandera>13
Fitness Greedy Costo>198.84
Solucion Greedy Costo>8 3 2 0 1 5 10 4 0 9 7 0 6 0 0 0 0 0 0 
Linea Vacia>
Matriz de Costos>
0 13.95 11.28 9.53 31.63 14.92 38.69 34.36 0 29.77 
10.61 0 21.98 20.5 16.57 6.47 29.74 46.19 10.61 35.65 
6.56 16.34 0 7.42 35 17.49 42.34 32.52 6.56 27.04 
8.3 18.02 0.59 0 36.55 19.16 44.23 25.87 8.3 20.75 
22.15 16.56 30.06 30.28 0 22.07 21.86 56.68 22.15 33.21 
9.38 7.84 19.73 18.04 21.98 0 29.23 43.97 9.38 38.25 
34.11 27.62 45.05 43.15 17.53 21.83 0 71.55 34.11 55.17 
32.59 43.06 21.77 20.11 63.91 44.85 72.19 0 32.59 22.13 
0 13.95 11.28 9.53 31.63 14.92 38.69 34.36 0 29.77 
35.38 41.6 24.03 22.38 43.62 47.51 67.97 20.02 35.38 0 
Dimension>19
Bandera>13
Fitness Greedy Costo>198.84
Solucion Greedy Costo>8 3 2 0 1 5 10 4 0 9 7 0 6 0 0 0 0 0 0 
Linea Vacia>
Matriz de Costos>
0 13.95 11.28 9.53 31.63 14.92 38.69 34.36 0 29.77 
10.61 0 21.98 20.5 16.57 6.47 29.74 46.19 10.61 35.65 
6.56 16.34 0 7.42 35 17.49 42.34 32.52 6.56 27.04 
8.3 18.02 0.59 0 36.55 19.16 44.23 25.87 8.3 20.75 
22.15 16.56 30.06 30.28 0 22.07 21.86 56.68 22.15 33.21 
9.38 7.84 19.73 18.04 21.98 0 29.23 43.97 9.38 38.25 
34.11 27.62 45.05 43.15 17.53 21.83 0 71.55 34.11 55.17 
32.59 43.06 21.77 20.11 63.91 44.85 72.19 0 32.59 22.13 
0 13.95 11.28 9.53 31.63 14.92 38.69 34.36 0 29.77 
35.38 41.6 24.03 22.38 43.62 47.51 67.97 20.02 35.38 0 
Dimension>19
Bandera>13
Fitness Greedy Costo>198.84
Solucion Greedy Costo>8 3 2 0 1 5 10 4 0 9 7 0 6 0 0 0 0 0 0 
Linea Vacia>
Matriz de Costos>
0 13.95 11.28 9.53 31.63 14.92 38.69 34.36 0 29.77 
10.61 0 21.98 20.5 16.57 6.47 29.74 46.19 10.61 35.65 
6.56 16.34 0 7.42 35 17.49 42.34 32.52 6.56 27.04 
8.3 18.02 0.59 0 36.55 19.16 44.23 25.87 8.3 20.75 
22.15 16.56 30.06 30.28 0 22.07 21.86 56.68 22.15 33.21 
9.38 7.84 19.73 18.04 21.98 0 29.23 43.97 9.38 38.25 
34.11 27.62 45.05 43.15 17.53 21.83 0 71.55 34.11 55.17 
32.59 43.06 21.77 20.11 63.91 44.85 72.19 0 32.59 22.13 
0 13.95 11.28 9.53 31.63 14.92 38.69 34.36 0 29.77 
35.38 41.6 24.03 22.38 43.62 47.51 67.97 20.02 35.38 0 
Dimension>19
Bandera>13
Fitness Greedy Costo>198.84
Solucion Greedy Costo>8 3 2 0 1 5 10 4 0 9 7 0 6 0 0 0 0 0 0 
Linea Vacia>
Matriz de Costos>
0 13.95 11.28 9.53 31.63 14.92 38.69 34.36 0 29.77 
10.61 0 21.98 20.5 16.57 6.47 29.74 46.19 10.61 35.65 
6.56 16.34 0 7.42 35 17.49 42.34 32.52 6.56 27.04 
8.3 18.02 0.59 0 36.55 19.16 44.23 25.87 8.3 20.75 
22.15 16.56 30.06 30.28 0 22.07 21.86 56.68 22.15 33.21 
9.38 7.84 19.73 18.04 21.98 0 29.23 43.97 9.38 38.25 
34.11 27.62 45.05 43.15 17.53 21.83 0 71.55 34.11 55.17 
32.59 43.06 21.77 20.11 63.91 44.85 72.19 0 32.59 22.13 
0 13.95 11.28 9.53 31.63 14.92 38.69 34.36 0 29.77 
Dimension>19
Bandera>13
Fitness Greedy Costo>198.84
Solucion Greedy Costo>8 3 2 0 1 5 10 4 0 9 7 0 6 0 0 0 0 0 0 
Linea Vacia>
Matriz de Costos>
0 13.95 11.28 9.53 31.63 14.92 38.69 34.36 0 29.77 
10.61 0 21.98 20.5 16.57 6.47 29.74 46.19 10.61 35.65 
6.56 16.34 0 7.42 35 17.49 42.34 32.52 6.56 27.04 
8.3 18.02 0.59 0 36.55 19.16 44.23 25.87 8.3 20.75 
22.15 16.56 30.06 30.28 0 22.07 21.86 56.68 22.15 33.21 
9.38 7.84 19.73 18.04 21.98 0 29.23 43.97 9.38 38.25 
Dimension>19
Bandera>13
Fitness Greedy Costo>198.84
Solucion Greedy Costo>8 3 2 0 1 5 10 4 0 9 7 0 6 0 0 0 0 0 0 
Linea Vacia>
Matriz de Costos>
0 13.95 11.28 9.53 31.63 14.92 38.69 34.36 0 29.77 
10.61 0 21.98 20.5 16.57 6.47 29.74 46.19 10.61 35.65 
6.56 16.34 0 7.42 35 17.49 42.34 32.52 6.56 27.04 
35.38 41.6 24.03 22.38 43.62 47.51 67.97 20.02 35.38 0 
34.11 27.62 45.05 43.15 17.53 21.83 0 71.55 34.11 55.17 
32.59 43.06 21.77 20.11 63.91 44.85 72.19 0 32.59 22.13 
0 13.95 11.28 9.53 31.63 14.92 38.69 34.36 0 29.77 
35.38 41.6 24.03 22.38 43.62 47.51 67.97 20.02 35.38 0 
8.3 18.02 0.59 0 36.55 19.16 44.23 25.87 8.3 20.75 
22.15 16.56 30.06 30.28 0 22.07 21.86 56.68 22.15 33.21 
9.38 7.84 19.73 18.04 21.98 0 29.23 43.97 9.38 38.25 
34.11 27.62 45.05 43.15 17.53 21.83 0 71.55 34.11 55.17 
32.59 43.06 21.77 20.11 63.91 44.85 72.19 0 32.59 22.13 
0 13.95 11.28 9.53 31.63 14.92 38.69 34.36 0 29.77 
35.38 41.6 24.03 22.38 43.62 47.51 67.97 20.02 35.38 0 
Dimension>19
Bandera>13
Fitness Greedy Costo>198.84
Solucion Greedy Costo>8 3 2 0 1 5 10 4 0 9 7 0 6 0 0 0 0 0 0 
Linea Vacia>
Matriz de Costos>
0 13.95 11.28 9.53 31.63 14.92 38.69 34.36 0 29.77 
10.61 0 21.98 20.5 16.57 6.47 29.74 46.19 10.61 35.65 
6.56 16.34 0 7.42 35 17.49 42.34 32.52 6.56 27.04 
8.3 18.02 0.59 0 36.55 19.16 44.23 25.87 8.3 20.75 
22.15 16.56 30.06 30.28 0 22.07 21.86 56.68 22.15 33.21 
9.38 7.84 19.73 18.04 21.98 0 29.23 43.97 9.38 38.25 
34.11 27.62 45.05 43.15 17.53 21.83 0 71.55 34.11 55.17 
32.59 43.06 21.77 20.11 63.91 44.85 72.19 0 32.59 22.13 
0 13.95 11.28 9.53 31.63 14.92 38.69 34.36 0 29.77 
35.38 41.6 24.03 22.38 43.62 47.51 67.97 20.02 35.38 0 
Dimension>19
Bandera>13
Fitness Greedy Costo>198.84
Solucion Greedy Costo>8 3 2 0 1 5 10 4 0 9 7 0 6 0 0 0 0 0 0 
Linea Vacia>
Matriz de Costos>
0 13.95 11.28 9.53 31.63 14.92 38.69 34.36 0 29.77 
10.61 0 21.98 20.5 16.57 6.47 29.74 46.19 10.61 35.65 
6.56 16.34 0 7.42 35 17.49 42.34 32.52 6.56 27.04 
8.3 18.02 0.59 0 36.55 19.16 44.23 25.87 8.3 20.75 
22.15 16.56 30.06 30.28 0 22.07 21.86 56.68 22.15 33.21 
9.38 7.84 19.73 18.04 21.98 0 29.23 43.97 9.38 38.25 
34.11 27.62 45.05 43.15 17.53 21.83 0 71.55 34.11 55.17 
32.59 43.06 21.77 20.11 63.91 44.85 72.19 0 32.59 22.13 
0 13.95 11.28 9.53 31.63 14.92 38.69 34.36 0 29.77 
35.38 41.6 24.03 22.38 43.62 47.51 67.97 20.02 35.38 0 
Dimension>19
Bandera>13
Fitness Greedy Costo>198.84
Solucion Greedy Costo>8 3 2 0 1 5 10 4 0 9 7 0 6 0 0 0 0 0 0 
Linea Vacia>
Matriz de Costos>
0 13.95 11.28 9.53 31.63 14.92 38.69 34.36 0 29.77 
10.61 0 21.98 20.5 16.57 6.47 29.74 46.19 10.61 35.65 
6.56 16.34 0 7.42 35 17.49 42.34 32.52 6.56 27.04 
8.3 18.02 0.59 0 36.55 19.16 44.23 25.87 8.3 20.75 
22.15 16.56 30.06 30.28 0 22.07 21.86 56.68 22.15 33.21 
9.38 7.84 19.73 18.04 21.98 0 29.23 43.97 9.38 38.25 
34.11 27.62 45.05 43.15 17.53 21.83 0 71.55 34.11 55.17 
32.59 43.06 21.77 20.11 63.91 44.85 72.19 0 32.59 22.13 
0 13.95 11.28 9.53 31.63 14.92 38.69 34.36 0 29.77 
35.38 41.6 24.03 22.38 43.62 47.51 67.97 20.02 35.38 0 
Dimension>19
Bandera>13
Fitness Greedy Costo>198.84
Solucion Greedy Costo>8 3 2 0 1 5 10 4 0 9 7 0 6 0 0 0 0 0 0 
Linea Vacia>
Matriz de Costos>
0 13.95 11.28 9.53 31.63 14.92 38.69 34.36 0 29.77 
10.61 0 21.98 20.5 16.57 6.47 29.74 46.19 10.61 35.65 
6.56 16.34 0 7.42 35 17.49 42.34 32.52 6.56 27.04 
8.3 18.02 0.59 0 36.55 19.16 44.23 25.87 8.3 20.75 
22.15 16.56 30.06 30.28 0 22.07 21.86 56.68 22.15 33.21 
9.38 7.84 19.73 18.04 21.98 0 29.23 43.97 9.38 38.25 
34.11 27.62 45.05 43.15 17.53 21.83 0 71.55 34.11 55.17 
32.59 43.06 21.77 20.11 63.91 44.85 72.19 0 32.59 22.13 
0 13.95 11.28 9.53 31.63 14.92 38.69 34.36 0 29.77 
35.38 41.6 24.03 22.38 43.62 47.51 67.97 20.02 35.38 0 
Dimension>19
Bandera>13
Fitness Greedy Costo>198.84
Solucion Greedy Costo>8 3 2 0 1 5 10 4 0 9 7 0 6 0 0 0 0 0 0 
Linea Vacia>
Matriz de Costos>
0 13.95 11.28 9.53 31.63 14.92 38.69 34.36 0 29.77 
10.61 0 21.98 20.5 16.57 6.47 29.74 46.19 10.61 35.65 
6.56 16.34 0 7.42 35 17.49 42.34 32.52 6.56 27.04 
8.3 18.02 0.59 0 36.55 19.16 44.23 25.87 8.3 20.75 
22.15 16.56 30.06 30.28 0 22.07 21.86 56.68 22.15 33.21 
9.38 7.84 19.73 18.04 21.98 0 29.23 43.97 9.38 38.25 
34.11 27.62 45.05 43.15 17.53 21.83 0 71.55 34.11 55.17 
32.59 43.06 21.77 20.11 63.91 44.85 72.19 0 32.59 22.13 
0 13.95 11.28 9.53 31.63 14.92 38.69 34.36 0 29.77 
35.38 41.6 24.03 22.38 43.62 47.51 67.97 20.02 35.38 0 
Dimension>19
Bandera>13
Fitness Greedy Costo>198.84
Solucion Greedy Costo>8 3 2 0 1 5 10 4 0 9 7 0 6 0 0 0 0 0 0 
Linea Vacia>
Matriz de Costos>
0 13.95 11.28 9.53 31.63 14.92 38.69 34.36 0 29.77 
10.61 0 21.98 20.5 16.57 6.47 29.74 46.19 10.61 35.65 
6.56 16.34 0 7.42 35 17.49 42.34 32.52 6.56 27.04 
8.3 18.02 0.59 0 36.55 19.16 44.23 25.87 8.3 20.75 
22.15 16.56 30.06 30.28 0 22.07 21.86 56.68 22.15 33.21 
9.38 7.84 19.73 18.04 21.98 0 29.23 43.97 9.38 38.25 
34.11 27.62 45.05 43.15 17.53 21.83 0 71.55 34.11 55.17 
32.59 43.06 21.77 20.11 63.91 44.85 72.19 0 32.59 22.13 
0 13.95 11.28 9.53 31.63 14.92 38.69 34.36 0 29.77 
35.38 41.6 24.03 22.38 43.62 47.51 67.97 20.02 35.38 0 
Dimension>19
Bandera>13
Fitness Greedy Costo>198.84
Solucion Greedy Costo>8 3 2 0 1 5 10 4 0 9 7 0 6 0 0 0 0 0 0 
Linea Vacia>
Matriz de Costos>
0 13.95 11.28 9.53 31.63 14.92 38.69 34.36 0 29.77 
10.61 0 21.98 20.5 16.57 6.47 29.74 46.19 10.61 35.65 
6.56 16.34 0 7.42 35 17.49 42.34 32.52 6.56 27.04 
8.3 18.02 0.59 0 36.55 19.16 44.23 25.87 8.3 20.75 
22.15 16.56 30.06 30.28 0 22.07 21.86 56.68 22.15 33.21 
9.38 7.84 19.73 18.04 21.98 0 29.23 43.97 9.38 38.25 
34.11 27.62 45.05 43.15 17.53 21.83 0 71.55 34.11 55.17 
32.59 43.06 21.77 20.11 63.91 44.85 72.19 0 32.59 22.13 
0 13.95 11.28 9.53 31.63 14.92 38.69 34.36 0 29.77 
35.38 41.6 24.03 22.38 43.62 47.51 67.97 20.02 35.38 0 
Dimension>19
Bandera>13
Fitness Greedy Costo>198.84
Solucion Greedy Costo>8 3 2 0 1 5 10 4 0 9 7 0 6 0 0 0 0 0 0 
Linea Vacia>
Matriz de Costos>
0 13.95 11.28 9.53 31.63 14.92 38.69 34.36 0 29.77 
10.61 0 21.98 20.5 16.57 6.47 29.74 46.19 10.61 35.65 
6.56 16.34 0 7.42 35 17.49 42.34 32.52 6.56 27.04 
8.3 18.02 0.59 0 36.55 19.16 44.23 25.87 8.3 20.75 
22.15 16.56 30.06 30.28 0 22.07 21.86 56.68 22.15 33.21 
9.38 7.84 19.73 18.04 21.98 0 29.23 43.97 9.38 38.25 
34.11 27.62 45.05 43.15 17.53 21.83 0 71.55 34.11 55.17 
32.59 43.06 21.77 20.11 63.91 44.85 72.19 0 32.59 22.13 
0 13.95 11.28 9.53 31.63 14.92 38.69 34.36 0 29.77 
35.38 41.6 24.03 22.38 43.62 47.51 67.97 20.02 35.38 0 
GEN 0 256.710000
GEN 0 240.460000
TIEMPO 0 256.710000
TIEMPO 0 240.460000
GREEDY 0 0.002243
GEN 0 256.990000
TIEMPO 0 239.810000
GREEDY 0 0.004333
GREEDY 5 0.004443
GEN 0 261.920000
TIEMPO 0 250.680000
GEN 0 269.300000
TIEMPO 0 269.300000
GEN 0 248.770000
TIEMPO 0 239.320000
GREEDY 0 0.000805
GREEDY 0 0.002199
GREEDY 5 0.002252
GREEDY 5 0.001773
GREEDY 0 0.001900
GREEDY 5 0.002900
GREEDY 10 0.002957
GREEDY 10 0.004232
GREEDY 15 0.004725
GEN 0 279.850000
TIEMPO 0 263.440000
GEN 0 290.810000
GEN 0 270.050000
TIEMPO 0 280.770000
TIEMPO 0 270.050000
GEN 0 284.360000
TIEMPO 0 274.410000
GREEDY 0 0.000852
GREEDY 0 0.000853
GREEDY 0 0.001203
GREEDY 5 0.001274
GREEDY 0 0.002760
GREEDY 5 0.002906
GREEDY 5 0.002874
GREEDY 5 0.003158
GREEDY 10 0.005044
GREEDY 0 0.014882
GREEDY 5 0.017927
GEN 0 262.850000
TIEMPO 0 262.850000
GREEDY 5 0.015655
GEN 0 251.730000
TIEMPO 0 247.620000
GREEDY 0 0.001552
GREEDY 10 0.019602
GREEDY 0 0.001390
GREEDY 5 0.001444
GREEDY 10 0.018579
GREEDY 15 0.020010
GREEDY 15 0.017053
GEN 0 252.610000
TIEMPO 0 252.610000
GEN 0 293.440000
TIEMPO 0 268.050000
GEN 0 258.010000
TIEMPO 0 258.010000
GEN 0 263.990000
GEN 0 251.680000
GREEDY 0 0.001106
TIEMPO 0 260.310000
TIEMPO 0 251.680000
GREEDY 0 0.002519
GREEDY 5 0.002613
GREEDY 0 0.002680
GEN 0 250.780000
TIEMPO 0 250.780000
GREEDY 0 0.003435
GREEDY 10 0.004529
GREEDY 5 0.003556
GREEDY 0 0.000423
GREEDY 10 0.003617
GREEDY 5 0.000470
GREEDY 5 0.004877
GREEDY 10 0.004932
GREEDY 10 0.000971
GEN 0 241.530000
GEN 0 290.910000
TIEMPO 0 241.530000
TIEMPO 0 245.260000
GREEDY 0 0.000392
GREEDY 10 0.031881
GREEDY 5 0.001196
GREEDY 5 0.006816
GREEDY 0 0.003155
GREEDY 5 0.003852
GEN 0 270.400000
GEN 0 235.690000
GEN 0 288.600000
TIEMPO 0 270.400000
TIEMPO 0 231.970000
TIEMPO 0 235.690000
GREEDY 0 0.000321
GREEDY 5 0.000997
GREEDY 0 0.000997
GREEDY 10 0.001063
GREEDY 5 0.002347
GREEDY 0 0.002553
GREEDY 10 0.003043
GREEDY 5 0.003393
GEN 0 263.010000
TIEMPO 0 261.530000
GREEDY 10 0.022533
GREEDY 10 0.005534
GREEDY 5 0.027408
GREEDY 0 0.005883
GREEDY 0 0.029607
GREEDY 10 0.043616
GREEDY 10 0.045509
GREEDY 15 0.024690
GREEDY 10 0.050201
GREEDY 15 0.047380
GREEDY 15 0.130400
GEN 2500 164.460000
GREEDY 10 0.128280
GREEDY 5 0.138798
GREEDY 10 0.136534
GEN 2500 169.270000
GEN 2500 164.460000
GREEDY 10 0.157513
GREEDY 5 0.189165
GREEDY 10 0.193871
GEN 5000 164.460000
GREEDY 10 0.225121
GREEDY 15 0.251310
GEN 5000 169.270000
GEN 5000 164.460000
GEN 2500 164.460000
GEN 2500 164.460000
GEN 7500 164.460000
GEN 2500 174.390000
GEN 2500 174.390000
GEN 2500 169.760000
GEN 2500 180.510000
GEN 2500 164.460000
GEN 2500 173.040000
GEN 2500 169.760000
GEN 2500 169.760000
GEN 7500 169.270000
GEN 2500 169.260000
GEN 7500 164.460000
GREEDY 15 0.383942
GEN 2500 175.700000
GEN 2500 174.390000
GEN 2500 169.270000
GEN 10000 164.460000
TIEMPO 0.426273 164.460000
GREEDY 15 0.426505
GEN 10000 169.270000
TIEMPO 0.489244 169.270000
GEN 10000 164.460000
TIEMPO 0.489241 164.460000
GEN 2500 180.190000
GEN 2500 164.460000
GEN 2500 164.460000
GEN 2500 164.460000
GEN 2500 169.270000
GEN 2500 169.270000
GEN 2500 173.040000
GEN 5000 169.760000
GREEDY 10 0.581888
GEN 5000 164.460000
GEN 5000 169.270000
GEN 5000 180.510000
GEN 5000 174.390000
GEN 5000 164.460000
GEN 7500 169.760000
GEN 5000 169.760000
GEN 5000 164.460000
GEN 5000 173.040000
GEN 5000 164.460000
GEN 5000 169.760000
GEN 5000 174.390000
GEN 5000 169.760000
GEN 5000 169.270000
GEN 10000 169.760000
TIEMPO 0.840057 169.760000
GEN 5000 175.670000
GEN 5000 164.460000
GEN 5000 164.460000
GEN 5000 164.460000
GEN 7500 180.510000
GEN 5000 173.040000
GEN 7500 169.270000
GEN 5000 169.270000
GEN 5000 169.270000
GREEDY 15 0.948588
TIEMPO 1 164.460000
TIEMPO 1 164.460000
TIEMPO 1 180.510000
TIEMPO 1 164.460000
TIEMPO 1 169.760000
TIEMPO 1 169.270000
TIEMPO 1 164.460000
TIEMPO 1 164.460000
TIEMPO 1 169.270000
TIEMPO 1 174.390000
TIEMPO 1 175.670000
TIEMPO 1 164.460000
TIEMPO 1 173.040000
TIEMPO 1 169.760000
TIEMPO 1 169.270000
TIEMPO 1 164.460000
TIEMPO 1 169.270000
TIEMPO 1 164.460000
TIEMPO 1 169.270000
TIEMPO 1 169.760000
GEN 7500 164.460000
GEN 7500 174.390000
GEN 7500 164.460000
GEN 7500 164.460000
GEN 7500 164.460000
GEN 7500 169.760000
GEN 7500 169.270000
GEN 7500 169.760000
GEN 7500 164.460000
GEN 7500 169.760000
GEN 10000 169.270000
TIEMPO 1.134400 169.270000
GEN 10000 180.510000
TIEMPO 1.156941 180.510000
GEN 7500 164.460000
GEN 7500 173.040000
GEN 7500 169.270000
GEN 7500 164.460000
GEN 7500 175.670000
GEN 7500 164.460000
GEN 7500 169.270000
GEN 7500 169.270000
GEN 10000 174.390000
TIEMPO 1.189769 174.390000
GEN 10000 164.460000
TIEMPO 1.217110 164.460000
GEN 10000 169.760000
TIEMPO 1.210501 169.760000
GEN 10000 169.760000
TIEMPO 1.193753 169.760000
GEN 10000 164.460000
TIEMPO 1.226245 164.460000
GEN 10000 169.270000
TIEMPO 1.220859 169.270000
GEN 10000 164.460000
TIEMPO 1.221143 164.460000
GEN 10000 164.460000
TIEMPO 1.259654 164.460000
GEN 10000 173.040000
TIEMPO 1.244958 173.040000
GEN 10000 169.760000
TIEMPO 1.244252 169.760000
GEN 10000 169.270000
TIEMPO 1.234854 169.270000
GEN 10000 164.460000
TIEMPO 1.276824 164.460000
GEN 10000 164.460000
TIEMPO 1.279199 164.460000
GEN 10000 175.670000
TIEMPO 1.279470 175.670000
GEN 10000 164.460000
TIEMPO 1.300118 164.460000
GEN 10000 169.270000
TIEMPO 1.295075 169.270000
GEN 10000 169.270000
TIEMPO 1.311626 169.270000
GEN 10000 164.460000
TIEMPO 1.324860 164.460000

 Current State ---------------------------------------------
Solution:  1 4 10 6 0 8 5 0 3 2 9 7 0 0 0 0 0 0 0 Fitness: 164.46

 :( ---------------------- THE END --------------- :) 
