Dimension>45
Bandera>13
Fitness Greedy Costo>429.11
Solucion Greedy Costo>4 14 10 15 0 5 0 3 18 22 6 0 17 16 12 11 0 2 7 20 21 0 19 8 13 1 0 9 23 0 0 0 0 0 0 0 0 0 0 0 0 0 0 0 0 
Linea Vacia>
Matriz de Costos>
0 29.77 22.82 6.62 4.7 5.85 28.91 49.16 31.49 32.57 11.87 23.27 34.21 29.55 5.09 10.64 38.06 22.66 8.67 25.79 63.11 66.85 12.71 
35.38 0 33.83 33.69 38.85 36.86 15.46 62.48 38.78 10.31 26.26 33.35 47.99 36.69 30.04 28.87 59.3 55.39 25.78 64.51 79.99 71.84 30.71 
19.81 31.08 0 26.44 25.67 12.34 20.5 29.47 51.48 30.34 14.84 4.89 15.27 49.21 11.14 22.88 18.3 21.2 25.3 41.09 39.55 47.51 24.82 
5.28 27.68 26.62 0 3 9.64 28.27 53.94 24.5 31.93 9.42 27.07 38 22.52 10.95 7.11 43.22 26.56 5.54 24.47 67.76 71.37 9.22 
2.37 28.46 23.02 6.06 0 5.01 28.16 49.09 30.2 31.84 11.03 22.62 33.89 28.24 4.22 9.35 37.74 22.25 7.37 25.29 63.11 66.84 11.43 
3.95 30.8 15.04 8.9 9.24 0 32.9 42.66 32.51 36.51 13.92 15.51 28.5 30.57 10.5 11.65 32.46 16.64 9.69 25.52 56.92 60.81 13.71 
28.83 13.32 21.6 28.64 33.89 31.11 0 42.16 32.77 7.19 15.79 18.5 30.42 30.84 21.21 20.04 39.58 48.14 20.56 56.15 63.27 56.52 21.98 
46.28 54.55 22.3 53.27 53.07 38.04 35.29 0 74.44 46.55 41.19 21 14.67 72.32 38.17 50.44 25.98 34.96 51.28 70.61 11.95 17.08 52.31 
31.3 30.36 53.7 24.15 27.77 32.78 32.61 80.1 0 36.27 33.52 51.24 64.68 2.88 33.84 24.88 69.24 50.67 21.53 31.96 91.55 91.21 26.75 
35.4 3.44 31.63 33.72 38.87 36.89 14 55.58 38.88 0 28.05 28.66 41.21 36.72 30.05 29.09 52.12 55.5 25.8 64.62 75.92 67.69 30.92 
10.2 24.6 17.32 7.53 13.26 11.99 14.99 47.66 32.72 25.06 0 16.79 32.72 30.78 3.02 3.89 36.05 28.75 5.4 35.94 59.9 65.41 5.22 
21.52 31.76 3.86 28.42 26.88 14.47 15.23 28.32 52.47 25.29 16.07 0 11.06 50.21 12.46 24.06 21.06 26.46 26.73 43.25 42.15 44.22 25.99 
30.35 41.02 7.7 36.69 36.45 23.82 24.67 19.27 61.52 34.61 26.95 5.08 0 59.33 27.97 34.8 8.88 19.6 35.76 54.63 30.09 35.53 36.57 
22.51 21.48 40.36 15.13 18.84 24 23.85 68.91 21.05 27.61 24.82 40.63 54.8 0 25.1 15.85 59.39 40.34 12.36 39.4 82.26 82.13 17.82 
5.18 28.17 13.23 13.34 10.94 8.69 18.25 45.42 36.18 28.18 4.84 13.64 30.93 34.26 0 8.4 34.27 25.67 11.28 32.14 55.75 68.61 10.49 
11.11 25.19 25.63 9.11 14.81 12.57 19.06 55.43 30.06 25.64 6.8 25.12 39.3 28.12 9.56 0 43.5 29.3 2.14 37.31 67.9 74.46 1.31 
35.14 55 18.6 41.75 41.46 29.09 36.48 26.91 66.95 47.15 37.05 17.9 12.23 64.79 33.69 42.19 0 19.53 42.56 54.38 23.51 33.61 44.14 
19.16 48.68 24.03 25.82 25.56 12.72 45.33 36.24 50.44 49.79 28.52 28.37 22.91 48.17 24.12 28.36 20.73 0 26.55 41.29 39.9 51.09 30.24 
7.02 25.31 25.61 5.33 10.78 8.51 22.02 53.3 29.24 25.77 9.27 26.06 37.12 27.28 10.67 1.49 42.48 25.55 0 33.72 66.2 70.84 2.83 
25.95 54.35 41.41 24.44 22.03 24.61 56.57 71.53 27.18 60.92 38.69 41.97 56.07 39.56 31.91 38.62 57.85 41.86 34.79 0 80.67 87.78 40.39 
44.48 58.22 24.77 51.83 51.55 37.26 38.68 1.55 77.84 50.31 44.98 23.47 17.32 75.74 41.31 54.13 23.73 32.8 52.61 69.77 0 14.77 55.97 
63.3 69.22 41.52 70.14 71.76 56.39 54.05 14.09 93.96 65.09 68.85 40.17 34 92 64.16 71.47 30.25 52.44 70.86 88.44 13.72 0 73.13 
9.11 26.25 27.54 7.09 12.84 10.59 20.11 55.44 31.15 26.71 8.12 26.34 39.15 29.21 10.86 1.98 44.7 27.48 0.83 35.57 69.23 72.83 0 
Dimension>45
Bandera>13
Fitness Greedy Costo>429.11
Solucion Greedy Costo>4 14 10 15 0 5 0 3 18 22 6 0 17 16 12 11 0 2 7 20 21 0 19 8 13 1 0 9 23 0 0 0 0 0 0 0 0 0 0 0 0 0 0 0 0 
Linea Vacia>
Matriz de Costos>
0 29.77 22.82 6.62 4.7 5.85 28.91 49.16 31.49 32.57 11.87 23.27 34.21 29.55 5.09 10.64 38.06 22.66 8.67 25.79 63.11 66.85 12.71 
35.38 0 33.83 33.69 38.85 36.86 15.46 62.48 38.78 10.31 26.26 33.35 47.99 36.69 30.04 28.87 59.3 55.39 25.78 64.51 79.99 71.84 30.71 
19.81 31.08 0 26.44 25.67 12.34 20.5 29.47 51.48 30.34 14.84 4.89 15.27 49.21 11.14 22.88 18.3 21.2 25.3 41.09 39.55 47.51 24.82 
5.28 27.68 26.62 0 3 9.64 28.27 53.94 24.5 31.93 9.42 27.07 38 22.52 10.95 7.11 43.22 26.56 5.54 24.47 67.76 71.37 9.22 
2.37 28.46 23.02 6.06 0 5.01 28.16 49.09 30.2 31.84 11.03 22.62 33.89 28.24 4.22 9.35 37.74 22.25 7.37 25.29 63.11 66.84 11.43 
3.95 30.8 15.04 8.9 9.24 0 32.9 42.66 32.51 36.51 13.92 15.51 28.5 30.57 10.5 11.65 32.46 16.64 9.69 25.52 56.92 60.81 13.71 
28.83 13.32 21.6 28.64 33.89 31.11 0 42.16 32.77 7.19 15.79 18.5 30.42 30.84 21.21 20.04 39.58 48.14 20.56 56.15 63.27 56.52 21.98 
46.28 54.55 22.3 53.27 53.07 38.04 35.29 0 74.44 46.55 41.19 21 14.67 72.32 38.17 50.44 25.98 34.96 51.28 70.61 11.95 17.08 52.31 
31.3 30.36 53.7 24.15 27.77 32.78 32.61 80.1 0 36.27 33.52 51.24 64.68 2.88 33.84 24.88 69.24 50.67 21.53 31.96 91.55 91.21 26.75 
35.4 3.44 31.63 33.72 38.87 36.89 14 55.58 38.88 0 28.05 28.66 41.21 36.72 30.05 29.09 52.12 55.5 25.8 64.62 75.92 67.69 30.92 
10.2 24.6 17.32 7.53 13.26 11.99 14.99 47.66 32.72 25.06 0 16.79 32.72 30.78 3.02 3.89 36.05 28.75 5.4 35.94 59.9 65.41 5.22 
21.52 31.76 3.86 28.42 26.88 14.47 15.23 28.32 52.47 25.29 16.07 0 11.06 50.21 12.46 24.06 21.06 26.46 26.73 43.25 42.15 44.22 25.99 
30.35 41.02 7.7 36.69 36.45 23.82 24.67 19.27 61.52 34.61 26.95 5.08 0 59.33 27.97 34.8 8.88 19.6 35.76 54.63 30.09 35.53 36.57 
22.51 21.48 40.36 15.13 18.84 24 23.85 68.91 21.05 27.61 24.82 40.63 54.8 0 25.1 15.85 59.39 40.34 12.36 39.4 82.26 82.13 17.82 
5.18 28.17 13.23 13.34 10.94 8.69 18.25 45.42 36.18 28.18 4.84 13.64 30.93 34.26 0 8.4 34.27 25.67 11.28 32.14 55.75 68.61 10.49 
11.11 25.19 25.63 9.11 14.81 12.57 19.06 55.43 30.06 25.64 6.8 25.12 39.3 28.12 9.56 0 43.5 29.3 2.14 37.31 67.9 74.46 1.31 
35.14 55 18.6 41.75 41.46 29.09 36.48 26.91 66.95 47.15 37.05 17.9 12.23 64.79 33.69 42.19 0 19.53 42.56 54.38 23.51 33.61 44.14 
19.16 48.68 24.03 25.82 25.56 12.72 45.33 36.24 50.44 49.79 28.52 28.37 22.91 48.17 24.12 28.36 20.73 0 26.55 41.29 39.9 51.09 30.24 
7.02 25.31 25.61 5.33 10.78 8.51 22.02 53.3 29.24 25.77 9.27 26.06 37.12 27.28 10.67 1.49 42.48 25.55 0 33.72 66.2 70.84 2.83 
25.95 54.35 41.41 24.44 22.03 24.61 56.57 71.53 27.18 60.92 38.69 41.97 56.07 39.56 31.91 38.62 57.85 41.86 34.79 0 80.67 87.78 40.39 
44.48 58.22 24.77 51.83 51.55 37.26 38.68 1.55 77.84 50.31 44.98 23.47 17.32 75.74 41.31 54.13 23.73 32.8 52.61 69.77 0 14.77 55.97 
63.3 69.22 41.52 70.14 71.76 56.39 54.05 14.09 93.96 65.09 68.85 40.17 34 92 64.16 71.47 30.25 52.44 70.86 88.44 13.72 0 73.13 
9.11 26.25 27.54 7.09 12.84 10.59 20.11 55.44 31.15 26.71 8.12 26.34 39.15 29.21 10.86 1.98 44.7 27.48 0.83 35.57 69.23 72.83 0 
Dimension>45
Bandera>13
Fitness Greedy Costo>429.11
Solucion Greedy Costo>4 14 10 15 0 5 0 3 18 22 6 0 17 16 12 11 0 2 7 20 21 0 19 8 13 1 0 9 23 0 0 0 0 0 0 0 0 0 0 0 0 0 0 0 0 
Linea Vacia>
Dimension>45
Bandera>13
Fitness Greedy Costo>429.11
Solucion Greedy Costo>4 14 10 15 0 5 0 3 18 22 6 0 17 16 12 11 0 2 7 20 21 0 19 8 13 1 0 9 23 0 0 0 0 0 0 0 0 0 0 0 0 0 0 0 0 
Linea Vacia>
Matriz de Costos>
0 29.77 22.82 6.62 4.7 5.85 28.91 49.16 31.49 32.57 11.87 23.27 34.21 29.55 5.09 10.64 38.06 22.66 8.67 25.79 63.11 66.85 12.71 
35.38 0 33.83 33.69 38.85 36.86 15.46 62.48 38.78 10.31 26.26 33.35 47.99 36.69 30.04 28.87 59.3 55.39 25.78 64.51 79.99 71.84 30.71 
19.81 31.08 0 26.44 25.67 12.34 20.5 29.47 51.48 30.34 14.84 4.89 15.27 49.21 11.14 22.88 18.3 21.2 25.3 41.09 39.55 47.51 24.82 
5.28 27.68 26.62 0 3 9.64 28.27 53.94 24.5 31.93 9.42 27.07 38 22.52 10.95 7.11 43.22 26.56 5.54 24.47 67.76 71.37 9.22 
2.37 28.46 23.02 6.06 0 5.01 28.16 49.09 30.2 31.84 11.03 22.62 33.89 28.24 4.22 9.35 37.74 22.25 7.37 25.29 63.11 66.84 11.43 
3.95 30.8 15.04 8.9 9.24 0 32.9 42.66 32.51 36.51 13.92 15.51 28.5 30.57 10.5 11.65 32.46 16.64 9.69 25.52 56.92 60.81 13.71 
28.83 13.32 21.6 28.64 33.89 31.11 0 42.16 32.77 7.19 15.79 18.5 30.42 30.84 21.21 20.04 39.58 48.14 20.56 56.15 63.27 56.52 21.98 
46.28 54.55 22.3 53.27 53.07 38.04 35.29 0 74.44 46.55 41.19 21 14.67 72.32 38.17 50.44 25.98 34.96 51.28 70.61 11.95 17.08 52.31 
31.3 30.36 53.7 24.15 27.77 32.78 32.61 80.1 0 36.27 33.52 51.24 64.68 2.88 33.84 24.88 69.24 50.67 21.53 31.96 91.55 91.21 26.75 
Matriz de Costos>
35.4 3.44 31.63 33.72 38.87 36.89 14 55.58 38.88 0 28.05 28.66 41.21 36.72 30.05 29.09 52.12 55.5 25.8 64.62 75.92 67.69 30.92 
0 29.77 22.82 6.62 4.7 5.85 28.91 49.16 31.49 32.57 11.87 23.27 34.21 29.55 5.09 10.64 38.06 22.66 8.67 25.79 63.11 66.85 12.71 
10.2 24.6 17.32 7.53 13.26 11.99 14.99 47.66 32.72 25.06 0 16.79 32.72 30.78 3.02 3.89 36.05 28.75 5.4 35.94 59.9 65.41 5.22 
35.38 0 33.83 33.69 38.85 36.86 15.46 62.48 38.78 10.31 26.26 33.35 47.99 36.69 30.04 28.87 59.3 55.39 25.78 64.51 79.99 71.84 30.71 
19.81 31.08 0 26.44 25.67 12.34 20.5 29.47 51.48 30.34 14.84 4.89 15.27 49.21 11.14 22.88 18.3 21.2 25.3 41.09 39.55 47.51 24.82 
21.52 31.76 3.86 28.42 26.88 14.47 15.23 28.32 52.47 25.29 16.07 0 11.06 50.21 12.46 24.06 21.06 26.46 26.73 43.25 42.15 44.22 25.99 
30.35 41.02 7.7 36.69 36.45 23.82 24.67 19.27 61.52 34.61 26.95 5.08 0 59.33 27.97 34.8 8.88 19.6 35.76 54.63 30.09 35.53 36.57 
5.28 27.68 26.62 0 3 9.64 28.27 53.94 24.5 31.93 9.42 27.07 38 22.52 10.95 7.11 43.22 26.56 5.54 24.47 67.76 71.37 9.22 
22.51 21.48 40.36 15.13 18.84 24 23.85 68.91 21.05 27.61 24.82 40.63 54.8 0 25.1 15.85 59.39 40.34 12.36 39.4 82.26 82.13 17.82 
2.37 28.46 23.02 6.06 0 5.01 28.16 49.09 30.2 31.84 11.03 22.62 33.89 28.24 4.22 9.35 37.74 22.25 7.37 25.29 63.11 66.84 11.43 
5.18 28.17 13.23 13.34 10.94 8.69 18.25 45.42 36.18 28.18 4.84 13.64 30.93 34.26 0 8.4 34.27 25.67 11.28 32.14 55.75 68.61 10.49 
11.11 25.19 25.63 9.11 14.81 12.57 19.06 55.43 30.06 25.64 6.8 25.12 39.3 28.12 9.56 0 43.5 29.3 2.14 37.31 67.9 74.46 1.31 
3.95 30.8 15.04 8.9 9.24 0 32.9 42.66 32.51 36.51 13.92 15.51 28.5 30.57 10.5 11.65 32.46 16.64 9.69 25.52 56.92 60.81 13.71 
28.83 13.32 21.6 28.64 33.89 31.11 0 42.16 32.77 7.19 15.79 18.5 30.42 30.84 21.21 20.04 39.58 48.14 20.56 56.15 63.27 56.52 21.98 
35.14 55 18.6 41.75 41.46 29.09 36.48 26.91 66.95 47.15 37.05 17.9 12.23 64.79 33.69 42.19 0 19.53 42.56 54.38 23.51 33.61 44.14 
19.16 48.68 24.03 25.82 25.56 12.72 45.33 36.24 50.44 49.79 28.52 28.37 22.91 48.17 24.12 28.36 20.73 0 26.55 41.29 39.9 51.09 30.24 
46.28 54.55 22.3 53.27 53.07 38.04 35.29 0 74.44 46.55 41.19 21 14.67 72.32 38.17 50.44 25.98 34.96 51.28 70.61 11.95 17.08 52.31 
31.3 30.36 53.7 24.15 27.77 32.78 32.61 80.1 0 36.27 33.52 51.24 64.68 2.88 33.84 24.88 69.24 50.67 21.53 31.96 91.55 91.21 26.75 
7.02 25.31 25.61 5.33 10.78 8.51 22.02 53.3 29.24 25.77 9.27 26.06 37.12 27.28 10.67 1.49 42.48 25.55 0 33.72 66.2 70.84 2.83 
35.4 3.44 31.63 33.72 38.87 36.89 14 55.58 38.88 0 28.05 28.66 41.21 36.72 30.05 29.09 52.12 55.5 25.8 64.62 75.92 67.69 30.92 
25.95 54.35 41.41 24.44 22.03 24.61 56.57 71.53 27.18 60.92 38.69 41.97 56.07 39.56 31.91 38.62 57.85 41.86 34.79 0 80.67 87.78 40.39 
10.2 24.6 17.32 7.53 13.26 11.99 14.99 47.66 32.72 25.06 0 16.79 32.72 30.78 3.02 3.89 36.05 28.75 5.4 35.94 59.9 65.41 5.22 
44.48 58.22 24.77 51.83 51.55 37.26 38.68 1.55 77.84 50.31 44.98 23.47 17.32 75.74 41.31 54.13 23.73 32.8 52.61 69.77 0 14.77 55.97 
63.3 69.22 41.52 70.14 71.76 56.39 54.05 14.09 93.96 65.09 68.85 40.17 34 92 64.16 71.47 30.25 52.44 70.86 88.44 13.72 0 73.13 
21.52 31.76 3.86 28.42 26.88 14.47 15.23 28.32 52.47 25.29 16.07 0 11.06 50.21 12.46 24.06 21.06 26.46 26.73 43.25 42.15 44.22 25.99 
30.35 41.02 7.7 36.69 36.45 23.82 24.67 19.27 61.52 34.61 26.95 5.08 0 59.33 27.97 34.8 8.88 19.6 35.76 54.63 30.09 35.53 36.57 
9.11 26.25 27.54 7.09 12.84 10.59 20.11 55.44 31.15 26.71 8.12 26.34 39.15 29.21 10.86 1.98 44.7 27.48 0.83 35.57 69.23 72.83 0 
22.51 21.48 40.36 15.13 18.84 24 23.85 68.91 21.05 27.61 24.82 40.63 54.8 0 25.1 15.85 59.39 40.34 12.36 39.4 82.26 82.13 17.82 
5.18 28.17 13.23 13.34 10.94 8.69 18.25 45.42 36.18 28.18 4.84 13.64 30.93 34.26 0 8.4 34.27 25.67 11.28 32.14 55.75 68.61 10.49 
11.11 25.19 25.63 9.11 14.81 12.57 19.06 55.43 30.06 25.64 6.8 25.12 39.3 28.12 9.56 0 43.5 29.3 2.14 37.31 67.9 74.46 1.31 
35.14 55 18.6 41.75 41.46 29.09 36.48 26.91 66.95 47.15 37.05 17.9 12.23 64.79 33.69 42.19 0 19.53 42.56 54.38 23.51 33.61 44.14 
19.16 48.68 24.03 25.82 25.56 12.72 45.33 36.24 50.44 49.79 28.52 28.37 22.91 48.17 24.12 28.36 20.73 0 26.55 41.29 39.9 51.09 30.24 
7.02 25.31 25.61 5.33 10.78 8.51 22.02 53.3 29.24 25.77 9.27 26.06 37.12 27.28 10.67 1.49 42.48 25.55 0 33.72 66.2 70.84 2.83 
25.95 54.35 41.41 24.44 22.03 24.61 56.57 71.53 27.18 60.92 38.69 41.97 56.07 39.56 31.91 38.62 57.85 41.86 34.79 0 80.67 87.78 40.39 
44.48 58.22 24.77 51.83 51.55 37.26 38.68 1.55 77.84 50.31 44.98 23.47 17.32 75.74 41.31 54.13 23.73 32.8 52.61 69.77 0 14.77 55.97 
63.3 69.22 41.52 70.14 71.76 56.39 54.05 14.09 93.96 65.09 68.85 40.17 34 92 64.16 71.47 30.25 52.44 70.86 88.44 13.72 0 73.13 
9.11 26.25 27.54 7.09 12.84 10.59 20.11 55.44 31.15 26.71 8.12 26.34 39.15 29.21 10.86 1.98 44.7 27.48 0.83 35.57 69.23 72.83 0 
Dimension>45
Bandera>13
Fitness Greedy Costo>429.11
Solucion Greedy Costo>4 14 10 15 0 5 0 3 18 22 6 0 17 16 12 11 0 2 7 20 21 0 19 8 13 1 0 9 23 0 0 0 0 0 0 0 0 0 0 0 0 0 0 0 0 
Linea Vacia>
Matriz de Costos>
0 29.77 22.82 6.62 4.7 5.85 28.91 49.16 31.49 32.57 11.87 23.27 34.21 29.55 5.09 10.64 38.06 22.66 8.67 25.79 63.11 66.85 12.71 
35.38 0 33.83 33.69 38.85 36.86 15.46 62.48 38.78 10.31 26.26 33.35 47.99 36.69 30.04 28.87 59.3 55.39 25.78 64.51 79.99 71.84 30.71 
19.81 31.08 0 26.44 25.67 12.34 20.5 29.47 51.48 30.34 14.84 4.89 15.27 49.21 11.14 22.88 18.3 21.2 25.3 41.09 39.55 47.51 24.82 
5.28 27.68 26.62 0 3 9.64 28.27 53.94 24.5 31.93 9.42 27.07 38 22.52 10.95 7.11 43.22 26.56 5.54 24.47 67.76 71.37 9.22 
2.37 28.46 23.02 6.06 0 5.01 28.16 49.09 30.2 31.84 11.03 22.62 33.89 28.24 4.22 9.35 37.74 22.25 7.37 25.29 63.11 66.84 11.43 
3.95 30.8 15.04 8.9 9.24 0 32.9 42.66 32.51 36.51 13.92 15.51 28.5 30.57 10.5 11.65 32.46 16.64 9.69 25.52 56.92 60.81 13.71 
28.83 13.32 21.6 28.64 33.89 31.11 0 42.16 32.77 7.19 15.79 18.5 30.42 30.84 21.21 20.04 39.58 48.14 20.56 56.15 63.27 56.52 21.98 
46.28 54.55 22.3 53.27 53.07 38.04 35.29 0 74.44 46.55 41.19 21 14.67 72.32 38.17 50.44 25.98 34.96 51.28 70.61 11.95 17.08 52.31 
31.3 30.36 53.7 24.15 27.77 32.78 32.61 80.1 0 36.27 33.52 51.24 64.68 2.88 33.84 24.88 69.24 50.67 21.53 31.96 91.55 91.21 26.75 
35.4 3.44 31.63 33.72 38.87 36.89 14 55.58 38.88 0 28.05 28.66 41.21 36.72 30.05 29.09 52.12 55.5 25.8 64.62 75.92 67.69 30.92 
10.2 24.6 17.32 7.53 13.26 11.99 14.99 47.66 32.72 25.06 0 16.79 32.72 30.78 3.02 3.89 36.05 28.75 5.4 35.94 59.9 65.41 5.22 
21.52 31.76 3.86 28.42 26.88 14.47 15.23 28.32 52.47 25.29 16.07 0 11.06 50.21 12.46 24.06 21.06 26.46 26.73 43.25 42.15 44.22 25.99 
30.35 41.02 7.7 36.69 36.45 23.82 24.67 19.27 61.52 34.61 26.95 5.08 0 59.33 27.97 34.8 8.88 19.6 35.76 54.63 30.09 35.53 36.57 
22.51 21.48 40.36 15.13 18.84 24 23.85 68.91 21.05 27.61 24.82 40.63 54.8 0 25.1 15.85 59.39 40.34 12.36 39.4 82.26 82.13 17.82 
5.18 28.17 13.23 13.34 10.94 8.69 18.25 45.42 36.18 28.18 4.84 13.64 30.93 34.26 0 8.4 34.27 25.67 11.28 32.14 55.75 68.61 10.49 
11.11 25.19 25.63 9.11 14.81 12.57 19.06 55.43 30.06 25.64 6.8 25.12 39.3 28.12 9.56 0 43.5 29.3 2.14 37.31 67.9 74.46 1.31 
35.14 55 18.6 41.75 41.46 29.09 36.48 26.91 66.95 47.15 37.05 17.9 12.23 64.79 33.69 42.19 0 19.53 42.56 54.38 23.51 33.61 44.14 
19.16 48.68 24.03 25.82 25.56 12.72 45.33 36.24 50.44 49.79 28.52 28.37 22.91 48.17 24.12 28.36 20.73 0 26.55 41.29 39.9 51.09 30.24 
7.02 25.31 25.61 5.33 10.78 8.51 22.02 53.3 29.24 25.77 9.27 26.06 37.12 27.28 10.67 1.49 42.48 25.55 0 33.72 66.2 70.84 2.83 
25.95 54.35 41.41 24.44 22.03 24.61 56.57 71.53 27.18 60.92 38.69 41.97 56.07 39.56 31.91 38.62 57.85 41.86 34.79 0 80.67 87.78 40.39 
44.48 58.22 24.77 51.83 51.55 37.26 38.68 1.55 77.84 50.31 44.98 23.47 17.32 75.74 41.31 54.13 23.73 32.8 52.61 69.77 0 14.77 55.97 
63.3 69.22 41.52 70.14 71.76 56.39 54.05 14.09 93.96 65.09 68.85 40.17 34 92 64.16 71.47 30.25 52.44 70.86 88.44 13.72 0 73.13 
9.11 26.25 27.54 7.09 12.84 10.59 20.11 55.44 31.15 26.71 8.12 26.34 39.15 29.21 10.86 1.98 44.7 27.48 0.83 35.57 69.23 72.83 0 
Dimension>45
Bandera>13
Fitness Greedy Costo>429.11
Solucion Greedy Costo>4 14 10 15 0 5 0 3 18 22 6 0 17 16 12 11 0 2 7 20 21 0 19 8 13 1 0 9 23 0 0 0 0 0 0 0 0 0 0 0 0 0 0 0 0 
Linea Vacia>
Matriz de Costos>
0 29.77 22.82 6.62 4.7 5.85 28.91 49.16 31.49 32.57 11.87 23.27 34.21 29.55 5.09 10.64 38.06 22.66 8.67 25.79 63.11 66.85 12.71 
35.38 0 33.83 33.69 38.85 36.86 15.46 62.48 38.78 10.31 26.26 33.35 47.99 36.69 30.04 28.87 59.3 55.39 25.78 64.51 79.99 71.84 30.71 
19.81 31.08 0 26.44 25.67 12.34 20.5 29.47 51.48 30.34 14.84 4.89 15.27 49.21 11.14 22.88 18.3 21.2 25.3 41.09 39.55 47.51 24.82 
5.28 27.68 26.62 0 3 9.64 28.27 53.94 24.5 31.93 9.42 27.07 38 22.52 10.95 7.11 43.22 26.56 5.54 24.47 67.76 71.37 9.22 
2.37 28.46 23.02 6.06 0 5.01 28.16 49.09 30.2 31.84 11.03 22.62 33.89 28.24 4.22 9.35 37.74 22.25 7.37 25.29 63.11 66.84 11.43 
3.95 30.8 15.04 8.9 9.24 0 32.9 42.66 32.51 36.51 13.92 15.51 28.5 30.57 10.5 11.65 32.46 16.64 9.69 25.52 56.92 60.81 13.71 
28.83 13.32 21.6 28.64 33.89 31.11 0 42.16 32.77 7.19 15.79 18.5 30.42 30.84 21.21 20.04 39.58 48.14 20.56 56.15 63.27 56.52 21.98 
46.28 54.55 22.3 53.27 53.07 38.04 35.29 0 74.44 46.55 41.19 21 14.67 72.32 38.17 50.44 25.98 34.96 51.28 70.61 11.95 17.08 52.31 
31.3 30.36 53.7 24.15 27.77 32.78 32.61 80.1 0 36.27 33.52 51.24 64.68 2.88 33.84 24.88 69.24 50.67 21.53 31.96 91.55 91.21 26.75 
35.4 3.44 31.63 33.72 38.87 36.89 14 55.58 38.88 0 28.05 28.66 41.21 36.72 30.05 29.09 52.12 55.5 25.8 64.62 75.92 67.69 30.92 
10.2 24.6 17.32 7.53 13.26 11.99 14.99 47.66 32.72 25.06 0 16.79 32.72 30.78 3.02 3.89 36.05 28.75 5.4 35.94 59.9 65.41 5.22 
21.52 31.76 3.86 28.42 26.88 14.47 15.23 28.32 52.47 25.29 16.07 0 11.06 50.21 12.46 24.06 21.06 26.46 26.73 43.25 42.15 44.22 25.99 
30.35 41.02 7.7 36.69 36.45 23.82 24.67 19.27 61.52 34.61 26.95 5.08 0 59.33 27.97 34.8 8.88 19.6 35.76 54.63 30.09 35.53 36.57 
22.51 21.48 40.36 15.13 18.84 24 23.85 68.91 21.05 27.61 24.82 40.63 54.8 0 25.1 15.85 59.39 40.34 12.36 39.4 82.26 82.13 17.82 
5.18 28.17 13.23 13.34 10.94 8.69 18.25 45.42 36.18 28.18 4.84 13.64 30.93 34.26 0 8.4 34.27 25.67 11.28 32.14 55.75 68.61 10.49 
11.11 25.19 25.63 9.11 14.81 12.57 19.06 55.43 30.06 25.64 6.8 25.12 39.3 28.12 9.56 0 43.5 29.3 2.14 37.31 67.9 74.46 1.31 
35.14 55 18.6 41.75 41.46 29.09 36.48 26.91 66.95 47.15 37.05 17.9 12.23 64.79 33.69 42.19 0 19.53 42.56 54.38 23.51 33.61 44.14 
19.16 48.68 24.03 25.82 25.56 12.72 45.33 36.24 50.44 49.79 28.52 28.37 22.91 48.17 24.12 28.36 20.73 0 26.55 41.29 39.9 51.09 30.24 
7.02 25.31 25.61 5.33 10.78 8.51 22.02 53.3 29.24 25.77 9.27 26.06 37.12 27.28 10.67 1.49 42.48 25.55 0 33.72 66.2 70.84 2.83 
25.95 54.35 41.41 24.44 22.03 24.61 56.57 71.53 27.18 60.92 38.69 41.97 56.07 39.56 31.91 38.62 57.85 41.86 34.79 0 80.67 87.78 40.39 
44.48 58.22 24.77 51.83 51.55 37.26 38.68 1.55 77.84 50.31 44.98 23.47 17.32 75.74 41.31 54.13 23.73 32.8 52.61 69.77 0 14.77 55.97 
63.3 69.22 41.52 70.14 71.76 56.39 54.05 14.09 93.96 65.09 68.85 40.17 34 92 64.16 71.47 30.25 52.44 70.86 88.44 13.72 0 73.13 
9.11 26.25 27.54 7.09 12.84 10.59 20.11 55.44 31.15 26.71 8.12 26.34 39.15 29.21 10.86 1.98 44.7 27.48 0.83 35.57 69.23 72.83 0 
Dimension>45
Bandera>13
Fitness Greedy Costo>429.11
Solucion Greedy Costo>4 14 10 15 0 5 0 3 18 22 6 0 17 16 12 11 0 2 7 20 21 0 19 8 13 1 0 9 23 0 0 0 0 0 0 0 0 0 0 0 0 0 0 0 0 
Linea Vacia>
Matriz de Costos>
0 29.77 22.82 6.62 4.7 5.85 28.91 49.16 31.49 32.57 11.87 23.27 34.21 29.55 5.09 10.64 38.06 22.66 8.67 25.79 63.11 66.85 12.71 
35.38 0 33.83 33.69 38.85 36.86 15.46 62.48 38.78 10.31 26.26 33.35 47.99 36.69 30.04 28.87 59.3 55.39 25.78 64.51 79.99 71.84 30.71 
19.81 31.08 0 26.44 25.67 12.34 20.5 29.47 51.48 30.34 14.84 4.89 15.27 49.21 11.14 22.88 18.3 21.2 25.3 41.09 39.55 47.51 24.82 
5.28 27.68 26.62 0 3 9.64 28.27 53.94 24.5 31.93 9.42 27.07 38 22.52 10.95 7.11 43.22 26.56 5.54 24.47 67.76 71.37 9.22 
2.37 28.46 23.02 6.06 0 5.01 28.16 49.09 30.2 31.84 11.03 22.62 33.89 28.24 4.22 9.35 37.74 22.25 7.37 25.29 63.11 66.84 11.43 
3.95 30.8 15.04 8.9 9.24 0 32.9 42.66 32.51 36.51 13.92 15.51 28.5 30.57 10.5 11.65 32.46 16.64 9.69 25.52 56.92 60.81 13.71 
28.83 13.32 21.6 28.64 33.89 31.11 0 42.16 32.77 7.19 15.79 18.5 30.42 30.84 21.21 20.04 39.58 48.14 20.56 56.15 63.27 56.52 21.98 
46.28 54.55 22.3 53.27 53.07 38.04 35.29 0 74.44 46.55 41.19 21 14.67 72.32 38.17 50.44 25.98 34.96 51.28 70.61 11.95 17.08 52.31 
31.3 30.36 53.7 24.15 27.77 32.78 32.61 80.1 0 36.27 33.52 51.24 64.68 2.88 33.84 24.88 69.24 50.67 21.53 31.96 91.55 91.21 26.75 
35.4 3.44 31.63 33.72 38.87 36.89 14 55.58 38.88 0 28.05 28.66 41.21 36.72 30.05 29.09 52.12 55.5 25.8 64.62 75.92 67.69 30.92 
10.2 24.6 17.32 7.53 13.26 11.99 14.99 47.66 32.72 25.06 0 16.79 32.72 30.78 3.02 3.89 36.05 28.75 5.4 35.94 59.9 65.41 5.22 
21.52 31.76 3.86 28.42 26.88 14.47 15.23 28.32 52.47 25.29 16.07 0 11.06 50.21 12.46 24.06 21.06 26.46 26.73 43.25 42.15 44.22 25.99 
30.35 41.02 7.7 36.69 36.45 23.82 24.67 19.27 61.52 34.61 26.95 5.08 0 59.33 27.97 34.8 8.88 19.6 35.76 54.63 30.09 35.53 36.57 
22.51 21.48 40.36 15.13 18.84 24 23.85 68.91 21.05 27.61 24.82 40.63 54.8 0 25.1 15.85 59.39 40.34 12.36 39.4 82.26 82.13 17.82 
5.18 28.17 13.23 13.34 10.94 8.69 18.25 45.42 36.18 28.18 4.84 13.64 30.93 34.26 0 8.4 34.27 25.67 11.28 32.14 55.75 68.61 10.49 
11.11 25.19 25.63 9.11 14.81 12.57 19.06 55.43 30.06 25.64 6.8 25.12 39.3 28.12 9.56 0 43.5 29.3 2.14 37.31 67.9 74.46 1.31 
35.14 55 18.6 41.75 41.46 29.09 36.48 26.91 66.95 47.15 37.05 17.9 12.23 64.79 33.69 42.19 0 19.53 42.56 54.38 23.51 33.61 44.14 
19.16 48.68 24.03 25.82 25.56 12.72 45.33 36.24 50.44 49.79 28.52 28.37 22.91 48.17 24.12 28.36 20.73 0 26.55 41.29 39.9 51.09 30.24 
7.02 25.31 25.61 5.33 10.78 8.51 22.02 53.3 29.24 25.77 9.27 26.06 37.12 27.28 10.67 1.49 42.48 25.55 0 33.72 66.2 70.84 2.83 
25.95 54.35 41.41 24.44 22.03 24.61 56.57 71.53 27.18 60.92 38.69 41.97 56.07 39.56 31.91 38.62 57.85 41.86 34.79 0 80.67 87.78 40.39 
44.48 58.22 24.77 51.83 51.55 37.26 38.68 1.55 77.84 50.31 44.98 23.47 17.32 75.74 41.31 54.13 23.73 32.8 52.61 69.77 0 14.77 55.97 
63.3 69.22 41.52 70.14 71.76 56.39 54.05 14.09 93.96 65.09 68.85 40.17 34 92 64.16 71.47 30.25 52.44 70.86 88.44 13.72 0 73.13 
9.11 26.25 27.54 7.09 12.84 10.59 20.11 55.44 31.15 26.71 8.12 26.34 39.15 29.21 10.86 1.98 44.7 27.48 0.83 35.57 69.23 72.83 0 
Dimension>45
Bandera>13
Fitness Greedy Costo>429.11
Solucion Greedy Costo>4 14 10 15 0 5 0 3 18 22 6 0 17 16 12 11 0 2 7 20 21 0 19 8 13 1 0 9 23 0 0 0 0 0 0 0 0 0 0 0 0 0 0 0 0 
Linea Vacia>
Matriz de Costos>
0 29.77 22.82 6.62 4.7 5.85 28.91 49.16 31.49 32.57 11.87 23.27 34.21 29.55 5.09 10.64 38.06 22.66 8.67 25.79 63.11 66.85 12.71 
35.38 0 33.83 33.69 38.85 36.86 15.46 62.48 38.78 10.31 26.26 33.35 47.99 36.69 30.04 28.87 59.3 55.39 25.78 64.51 79.99 71.84 30.71 
19.81 31.08 0 26.44 25.67 12.34 20.5 29.47 51.48 30.34 14.84 4.89 15.27 49.21 11.14 22.88 18.3 21.2 25.3 41.09 39.55 47.51 24.82 
5.28 27.68 26.62 0 3 9.64 28.27 53.94 24.5 31.93 9.42 27.07 38 22.52 10.95 7.11 43.22 26.56 5.54 24.47 67.76 71.37 9.22 
2.37 28.46 23.02 6.06 0 5.01 28.16 49.09 30.2 31.84 11.03 22.62 33.89 28.24 4.22 9.35 37.74 22.25 7.37 25.29 63.11 66.84 11.43 
3.95 30.8 15.04 8.9 9.24 0 32.9 42.66 32.51 36.51 13.92 15.51 28.5 30.57 10.5 11.65 32.46 16.64 9.69 25.52 56.92 60.81 13.71 
28.83 13.32 21.6 28.64 33.89 31.11 0 42.16 32.77 7.19 15.79 18.5 30.42 30.84 21.21 20.04 39.58 48.14 20.56 56.15 63.27 56.52 21.98 
46.28 54.55 22.3 53.27 53.07 38.04 35.29 0 74.44 46.55 41.19 21 14.67 72.32 38.17 50.44 25.98 34.96 51.28 70.61 11.95 17.08 52.31 
31.3 30.36 53.7 24.15 27.77 32.78 32.61 80.1 0 36.27 33.52 51.24 64.68 2.88 33.84 24.88 69.24 50.67 21.53 31.96 91.55 91.21 26.75 
35.4 3.44 31.63 33.72 38.87 36.89 14 55.58 38.88 0 28.05 28.66 41.21 36.72 30.05 29.09 52.12 55.5 25.8 64.62 75.92 67.69 30.92 
10.2 24.6 17.32 7.53 13.26 11.99 14.99 47.66 32.72 25.06 0 16.79 32.72 30.78 3.02 3.89 36.05 28.75 5.4 35.94 59.9 65.41 5.22 
21.52 31.76 3.86 28.42 26.88 14.47 15.23 28.32 52.47 25.29 16.07 0 11.06 50.21 12.46 24.06 21.06 26.46 26.73 43.25 42.15 44.22 25.99 
30.35 41.02 7.7 36.69 36.45 23.82 24.67 19.27 61.52 34.61 26.95 5.08 0 59.33 27.97 34.8 8.88 19.6 35.76 54.63 30.09 35.53 36.57 
22.51 21.48 40.36 15.13 18.84 24 23.85 68.91 21.05 27.61 24.82 40.63 54.8 0 25.1 15.85 59.39 40.34 12.36 39.4 82.26 82.13 17.82 
5.18 28.17 13.23 13.34 10.94 8.69 18.25 45.42 36.18 28.18 4.84 13.64 30.93 34.26 0 8.4 34.27 25.67 11.28 32.14 55.75 68.61 10.49 
11.11 25.19 25.63 9.11 14.81 12.57 19.06 55.43 30.06 25.64 6.8 25.12 39.3 28.12 9.56 0 43.5 29.3 2.14 37.31 67.9 74.46 1.31 
35.14 55 18.6 41.75 41.46 29.09 36.48 26.91 66.95 47.15 37.05 17.9 12.23 64.79 33.69 42.19 0 19.53 42.56 54.38 23.51 33.61 44.14 
19.16 48.68 24.03 25.82 25.56 12.72 45.33 36.24 50.44 49.79 28.52 28.37 22.91 48.17 24.12 28.36 20.73 0 26.55 41.29 39.9 51.09 30.24 
7.02 25.31 25.61 5.33 10.78 8.51 22.02 53.3 29.24 25.77 9.27 26.06 37.12 27.28 10.67 1.49 42.48 25.55 0 33.72 66.2 70.84 2.83 
25.95 54.35 41.41 24.44 22.03 24.61 56.57 71.53 27.18 60.92 38.69 41.97 56.07 39.56 31.91 38.62 57.85 41.86 34.79 0 80.67 87.78 40.39 
44.48 58.22 24.77 51.83 51.55 37.26 38.68 1.55 77.84 50.31 44.98 23.47 17.32 75.74 41.31 54.13 23.73 32.8 52.61 69.77 0 14.77 55.97 
63.3 69.22 41.52 70.14 71.76 56.39 54.05 14.09 93.96 65.09 68.85 40.17 34 92 64.16 71.47 30.25 52.44 70.86 88.44 13.72 0 73.13 
9.11 26.25 27.54 7.09 12.84 10.59 20.11 55.44 31.15 26.71 8.12 26.34 39.15 29.21 10.86 1.98 44.7 27.48 0.83 35.57 69.23 72.83 0 
Dimension>45
Bandera>13
Fitness Greedy Costo>429.11
Solucion Greedy Costo>4 14 10 15 0 5 0 3 18 22 6 0 17 16 12 11 0 2 7 20 21 0 19 8 13 1 0 9 23 0 0 0 0 0 0 0 0 0 0 0 0 0 0 0 0 
Linea Vacia>
Matriz de Costos>
0 29.77 22.82 6.62 4.7 5.85 28.91 49.16 31.49 32.57 11.87 23.27 34.21 29.55 5.09 10.64 38.06 22.66 8.67 25.79 63.11 66.85 12.71 
35.38 0 33.83 33.69 38.85 36.86 15.46 62.48 38.78 10.31 26.26 33.35 47.99 36.69 30.04 28.87 59.3 55.39 25.78 64.51 79.99 71.84 30.71 
19.81 31.08 0 26.44 25.67 12.34 20.5 29.47 51.48 30.34 14.84 4.89 15.27 49.21 11.14 22.88 18.3 21.2 25.3 41.09 39.55 47.51 24.82 
5.28 27.68 26.62 0 3 9.64 28.27 53.94 24.5 31.93 9.42 27.07 38 22.52 10.95 7.11 43.22 26.56 5.54 24.47 67.76 71.37 9.22 
2.37 28.46 23.02 6.06 0 5.01 28.16 49.09 30.2 31.84 11.03 22.62 33.89 28.24 4.22 9.35 37.74 22.25 7.37 25.29 63.11 66.84 11.43 
3.95 30.8 15.04 8.9 9.24 0 32.9 42.66 32.51 36.51 13.92 15.51 28.5 30.57 10.5 11.65 32.46 16.64 9.69 25.52 56.92 60.81 13.71 
28.83 13.32 21.6 28.64 33.89 31.11 0 42.16 32.77 7.19 15.79 18.5 30.42 30.84 21.21 20.04 39.58 48.14 20.56 56.15 63.27 56.52 21.98 
46.28 54.55 22.3 53.27 53.07 38.04 35.29 0 74.44 46.55 41.19 21 14.67 72.32 38.17 50.44 25.98 34.96 51.28 70.61 11.95 17.08 52.31 
31.3 30.36 53.7 24.15 27.77 32.78 32.61 80.1 0 36.27 33.52 51.24 64.68 2.88 33.84 24.88 69.24 50.67 21.53 31.96 91.55 91.21 26.75 
35.4 3.44 31.63 33.72 38.87 36.89 14 55.58 38.88 0 28.05 28.66 41.21 36.72 30.05 29.09 52.12 55.5 25.8 64.62 75.92 67.69 30.92 
10.2 24.6 17.32 7.53 13.26 11.99 14.99 47.66 32.72 25.06 0 16.79 32.72 30.78 3.02 3.89 36.05 28.75 5.4 35.94 59.9 65.41 5.22 
21.52 31.76 3.86 28.42 26.88 14.47 15.23 28.32 52.47 25.29 16.07 0 11.06 50.21 12.46 24.06 21.06 26.46 26.73 43.25 42.15 44.22 25.99 
30.35 41.02 7.7 36.69 36.45 23.82 24.67 19.27 61.52 34.61 26.95 5.08 0 59.33 27.97 34.8 8.88 19.6 35.76 54.63 30.09 35.53 36.57 
22.51 21.48 40.36 15.13 18.84 24 23.85 68.91 21.05 27.61 24.82 40.63 54.8 0 25.1 15.85 59.39 40.34 12.36 39.4 82.26 82.13 17.82 
5.18 28.17 13.23 13.34 10.94 8.69 18.25 45.42 36.18 28.18 4.84 13.64 30.93 34.26 0 8.4 34.27 25.67 11.28 32.14 55.75 68.61 10.49 
11.11 25.19 25.63 9.11 14.81 12.57 19.06 55.43 30.06 25.64 6.8 25.12 39.3 28.12 9.56 0 43.5 29.3 2.14 37.31 67.9 74.46 1.31 
35.14 55 18.6 41.75 41.46 29.09 36.48 26.91 66.95 47.15 37.05 17.9 12.23 64.79 33.69 42.19 0 19.53 42.56 54.38 23.51 33.61 44.14 
19.16 48.68 24.03 25.82 25.56 12.72 45.33 36.24 50.44 49.79 28.52 28.37 22.91 48.17 24.12 28.36 20.73 0 26.55 41.29 39.9 51.09 30.24 
7.02 25.31 25.61 5.33 10.78 8.51 22.02 53.3 29.24 25.77 9.27 26.06 37.12 27.28 10.67 1.49 42.48 25.55 0 33.72 66.2 70.84 2.83 
25.95 54.35 41.41 24.44 22.03 24.61 56.57 71.53 27.18 60.92 38.69 41.97 56.07 39.56 31.91 38.62 57.85 41.86 34.79 0 80.67 87.78 40.39 
44.48 58.22 24.77 51.83 51.55 37.26 38.68 1.55 77.84 50.31 44.98 23.47 17.32 75.74 41.31 54.13 23.73 32.8 52.61 69.77 0 14.77 55.97 
63.3 69.22 41.52 70.14 71.76 56.39 54.05 14.09 93.96 65.09 68.85 40.17 34 92 64.16 71.47 30.25 52.44 70.86 88.44 13.72 0 73.13 
9.11 26.25 27.54 7.09 12.84 10.59 20.11 55.44 31.15 26.71 8.12 26.34 39.15 29.21 10.86 1.98 44.7 27.48 0.83 35.57 69.23 72.83 0 
Dimension>45
Bandera>13
Fitness Greedy Costo>429.11
Solucion Greedy Costo>4 14 10 15 0 5 0 3 18 22 6 0 17 16 12 11 0 2 7 20 21 0 19 8 13 1 0 9 23 0 0 0 0 0 0 0 0 0 0 0 0 0 0 0 0 
Linea Vacia>
Dimension>45
Bandera>13
Fitness Greedy Costo>429.11
Solucion Greedy Costo>4 14 10 15 0 5 0 3 18 22 6 0 17 16 12 11 0 2 7 20 21 0 19 8 13 1 0 9 23 0 0 0 0 0 0 0 0 0 0 0 0 0 0 0 0 
Linea Vacia>
Dimension>45
Dimension>45
Bandera>13
Fitness Greedy Costo>429.11
Solucion Greedy Costo>4 14 10 15 0 5 0 3 18 22 6 0 17 16 12 11 0 2 7 20 21 0 19 8 13 1 0 9 23 0 0 0 0 0 0 0 0 0 0 0 0 0 0 0 0 
Linea Vacia>
Matriz de Costos>
Bandera>13
Fitness Greedy Costo>429.11
Dimension>45
0 29.77 22.82 6.62 4.7 5.85 28.91 49.16 31.49 32.57 11.87 23.27 34.21 29.55 5.09 10.64 38.06 22.66 8.67 25.79 63.11 66.85 12.71 
Bandera>13
Fitness Greedy Costo>429.11
Dimension>45
35.38 0 33.83 33.69 38.85 36.86 15.46 62.48 38.78 10.31 26.26 33.35 47.99 36.69 30.04 28.87 59.3 55.39 25.78 64.51 79.99 71.84 30.71 
Solucion Greedy Costo>4 14 10 15 0 5 0 3 18 22 6 0 17 16 12 11 0 2 7 20 21 0 19 8 13 1 0 9 23 0 0 0 0 0 0 0 0 0 0 0 0 0 0 0 0 
Linea Vacia>
Dimension>45
Solucion Greedy Costo>4 14 10 15 0 5 0 3 18 22 6 0 17 16 12 11 0 2 7 20 21 0 19 8 13 1 0 9 23 0 0 0 0 0 0 0 0 0 0 0 0 0 0 0 0 
Linea Vacia>
Bandera>13
Fitness Greedy Costo>429.11
Dimension>45
19.81 31.08 0 26.44 25.67 12.34 20.5 29.47 51.48 30.34 14.84 4.89 15.27 49.21 11.14 22.88 18.3 21.2 25.3 41.09 39.55 47.51 24.82 
5.28 27.68 26.62 0 3 9.64 28.27 53.94 24.5 31.93 9.42 27.07 38 22.52 10.95 7.11 43.22 26.56 5.54 24.47 67.76 71.37 9.22 
Bandera>13
Fitness Greedy Costo>429.11
Solucion Greedy Costo>4 14 10 15 0 5 0 3 18 22 6 0 17 16 12 11 0 2 7 20 21 0 19 8 13 1 0 9 23 0 0 0 0 0 0 0 0 0 0 0 0 0 0 0 0 
Linea Vacia>
Solucion Greedy Costo>4 14 10 15 0 5 0 3 18 22 6 0 17 16 12 11 0 2 7 20 21 0 19 8 13 1 0 9 23 0 0 0 0 0 0 0 0 0 0 0 0 0 0 0 0 
Linea Vacia>
Bandera>13
Fitness Greedy Costo>429.11
Solucion Greedy Costo>4 14 10 15 0 5 0 3 18 22 6 0 17 16 12 11 0 2 7 20 21 0 19 8 13 1 0 9 23 0 0 0 0 0 0 0 0 0 0 0 0 0 0 0 0 
Dimension>45
Bandera>13
Fitness Greedy Costo>429.11
Dimension>45
2.37 28.46 23.02 6.06 0 5.01 28.16 49.09 30.2 31.84 11.03 22.62 33.89 28.24 4.22 9.35 37.74 22.25 7.37 25.29 63.11 66.84 11.43 
3.95 30.8 15.04 8.9 9.24 0 32.9 42.66 32.51 36.51 13.92 15.51 28.5 30.57 10.5 11.65 32.46 16.64 9.69 25.52 56.92 60.81 13.71 
Linea Vacia>
Dimension>45
28.83 13.32 21.6 28.64 33.89 31.11 0 42.16 32.77 7.19 15.79 18.5 30.42 30.84 21.21 20.04 39.58 48.14 20.56 56.15 63.27 56.52 21.98 
Dimension>45
Solucion Greedy Costo>4 14 10 15 0 5 0 3 18 22 6 0 17 16 12 11 0 2 7 20 21 0 19 8 13 1 0 9 23 0 0 0 0 0 0 0 0 0 0 0 0 0 0 0 0 
Linea Vacia>
Bandera>13
Fitness Greedy Costo>429.11
Matriz de Costos>
Matriz de Costos>
0 29.77 22.82 6.62 4.7 5.85 28.91 49.16 31.49 32.57 11.87 23.27 34.21 29.55 5.09 10.64 38.06 22.66 8.67 25.79 63.11 66.85 12.71 
Bandera>13
Fitness Greedy Costo>429.11
46.28 54.55 22.3 53.27 53.07 38.04 35.29 0 74.44 46.55 41.19 21 14.67 72.32 38.17 50.44 25.98 34.96 51.28 70.61 11.95 17.08 52.31 
31.3 30.36 53.7 24.15 27.77 32.78 32.61 80.1 0 36.27 33.52 51.24 64.68 2.88 33.84 24.88 69.24 50.67 21.53 31.96 91.55 91.21 26.75 
35.38 0 33.83 33.69 38.85 36.86 15.46 62.48 38.78 10.31 26.26 33.35 47.99 36.69 30.04 28.87 59.3 55.39 25.78 64.51 79.99 71.84 30.71 
Bandera>13
Fitness Greedy Costo>429.11
Solucion Greedy Costo>4 14 10 15 0 5 0 3 18 22 6 0 17 16 12 11 0 2 7 20 21 0 19 8 13 1 0 9 23 0 0 0 0 0 0 0 0 0 0 0 0 0 0 0 0 
Linea Vacia>
Dimension>45
0 29.77 22.82 6.62 4.7 5.85 28.91 49.16 31.49 32.57 11.87 23.27 34.21 29.55 5.09 10.64 38.06 22.66 8.67 25.79 63.11 66.85 12.71 
35.38 0 33.83 33.69 38.85 36.86 15.46 62.48 38.78 10.31 26.26 33.35 47.99 36.69 30.04 28.87 59.3 55.39 25.78 64.51 79.99 71.84 30.71 
19.81 31.08 0 26.44 25.67 12.34 20.5 29.47 51.48 30.34 14.84 4.89 15.27 49.21 11.14 22.88 18.3 21.2 25.3 41.09 39.55 47.51 24.82 
5.28 27.68 26.62 0 3 9.64 28.27 53.94 24.5 31.93 9.42 27.07 38 22.52 10.95 7.11 43.22 26.56 5.54 24.47 67.76 71.37 9.22 
Solucion Greedy Costo>4 14 10 15 0 5 0 3 18 22 6 0 17 16 12 11 0 2 7 20 21 0 19 8 13 1 0 9 23 0 0 0 0 0 0 0 0 0 0 0 0 0 0 0 0 
Linea Vacia>
35.4 3.44 31.63 33.72 38.87 36.89 14 55.58 38.88 0 28.05 28.66 41.21 36.72 30.05 29.09 52.12 55.5 25.8 64.62 75.92 67.69 30.92 
10.2 24.6 17.32 7.53 13.26 11.99 14.99 47.66 32.72 25.06 0 16.79 32.72 30.78 3.02 3.89 36.05 28.75 5.4 35.94 59.9 65.41 5.22 
Solucion Greedy Costo>4 14 10 15 0 5 0 3 18 22 6 0 17 16 12 11 0 2 7 20 21 0 19 8 13 1 0 9 23 0 0 0 0 0 0 0 0 0 0 0 0 0 0 0 0 
Linea Vacia>
Dimension>45
2.37 28.46 23.02 6.06 0 5.01 28.16 49.09 30.2 31.84 11.03 22.62 33.89 28.24 4.22 9.35 37.74 22.25 7.37 25.29 63.11 66.84 11.43 
21.52 31.76 3.86 28.42 26.88 14.47 15.23 28.32 52.47 25.29 16.07 0 11.06 50.21 12.46 24.06 21.06 26.46 26.73 43.25 42.15 44.22 25.99 
Matriz de Costos>
Bandera>13
Fitness Greedy Costo>429.11
19.81 31.08 0 26.44 25.67 12.34 20.5 29.47 51.48 30.34 14.84 4.89 15.27 49.21 11.14 22.88 18.3 21.2 25.3 41.09 39.55 47.51 24.82 
5.28 27.68 26.62 0 3 9.64 28.27 53.94 24.5 31.93 9.42 27.07 38 22.52 10.95 7.11 43.22 26.56 5.54 24.47 67.76 71.37 9.22 
3.95 30.8 15.04 8.9 9.24 0 32.9 42.66 32.51 36.51 13.92 15.51 28.5 30.57 10.5 11.65 32.46 16.64 9.69 25.52 56.92 60.81 13.71 
28.83 13.32 21.6 28.64 33.89 31.11 0 42.16 32.77 7.19 15.79 18.5 30.42 30.84 21.21 20.04 39.58 48.14 20.56 56.15 63.27 56.52 21.98 
30.35 41.02 7.7 36.69 36.45 23.82 24.67 19.27 61.52 34.61 26.95 5.08 0 59.33 27.97 34.8 8.88 19.6 35.76 54.63 30.09 35.53 36.57 
Matriz de Costos>
0 29.77 22.82 6.62 4.7 5.85 28.91 49.16 31.49 32.57 11.87 23.27 34.21 29.55 5.09 10.64 38.06 22.66 8.67 25.79 63.11 66.85 12.71 
35.38 0 33.83 33.69 38.85 36.86 15.46 62.48 38.78 10.31 26.26 33.35 47.99 36.69 30.04 28.87 59.3 55.39 25.78 64.51 79.99 71.84 30.71 
Solucion Greedy Costo>4 14 10 15 0 5 0 3 18 22 6 0 17 16 12 11 0 2 7 20 21 0 19 8 13 1 0 9 23 0 0 0 0 0 0 0 0 0 0 0 0 0 0 0 0 
Linea Vacia>
Dimension>45
Bandera>13
Fitness Greedy Costo>429.11
2.37 28.46 23.02 6.06 0 5.01 28.16 49.09 30.2 31.84 11.03 22.62 33.89 28.24 4.22 9.35 37.74 22.25 7.37 25.29 63.11 66.84 11.43 
46.28 54.55 22.3 53.27 53.07 38.04 35.29 0 74.44 46.55 41.19 21 14.67 72.32 38.17 50.44 25.98 34.96 51.28 70.61 11.95 17.08 52.31 
31.3 30.36 53.7 24.15 27.77 32.78 32.61 80.1 0 36.27 33.52 51.24 64.68 2.88 33.84 24.88 69.24 50.67 21.53 31.96 91.55 91.21 26.75 
22.51 21.48 40.36 15.13 18.84 24 23.85 68.91 21.05 27.61 24.82 40.63 54.8 0 25.1 15.85 59.39 40.34 12.36 39.4 82.26 82.13 17.82 
5.18 28.17 13.23 13.34 10.94 8.69 18.25 45.42 36.18 28.18 4.84 13.64 30.93 34.26 0 8.4 34.27 25.67 11.28 32.14 55.75 68.61 10.49 
0 29.77 22.82 6.62 4.7 5.85 28.91 49.16 31.49 32.57 11.87 23.27 34.21 29.55 5.09 10.64 38.06 22.66 8.67 25.79 63.11 66.85 12.71 
35.38 0 33.83 33.69 38.85 36.86 15.46 62.48 38.78 10.31 26.26 33.35 47.99 36.69 30.04 28.87 59.3 55.39 25.78 64.51 79.99 71.84 30.71 
Solucion Greedy Costo>4 14 10 15 0 5 0 3 18 22 6 0 17 16 12 11 0 2 7 20 21 0 19 8 13 1 0 9 23 0 0 0 0 0 0 0 0 0 0 0 0 0 0 0 0 
Linea Vacia>
3.95 30.8 15.04 8.9 9.24 0 32.9 42.66 32.51 36.51 13.92 15.51 28.5 30.57 10.5 11.65 32.46 16.64 9.69 25.52 56.92 60.81 13.71 
35.4 3.44 31.63 33.72 38.87 36.89 14 55.58 38.88 0 28.05 28.66 41.21 36.72 30.05 29.09 52.12 55.5 25.8 64.62 75.92 67.69 30.92 
19.81 31.08 0 26.44 25.67 12.34 20.5 29.47 51.48 30.34 14.84 4.89 15.27 49.21 11.14 22.88 18.3 21.2 25.3 41.09 39.55 47.51 24.82 
5.28 27.68 26.62 0 3 9.64 28.27 53.94 24.5 31.93 9.42 27.07 38 22.52 10.95 7.11 43.22 26.56 5.54 24.47 67.76 71.37 9.22 
2.37 28.46 23.02 6.06 0 5.01 28.16 49.09 30.2 31.84 11.03 22.62 33.89 28.24 4.22 9.35 37.74 22.25 7.37 25.29 63.11 66.84 11.43 
Matriz de Costos>
0 29.77 22.82 6.62 4.7 5.85 28.91 49.16 31.49 32.57 11.87 23.27 34.21 29.55 5.09 10.64 38.06 22.66 8.67 25.79 63.11 66.85 12.71 
Matriz de Costos>
0 29.77 22.82 6.62 4.7 5.85 28.91 49.16 31.49 32.57 11.87 23.27 34.21 29.55 5.09 10.64 38.06 22.66 8.67 25.79 63.11 66.85 12.71 
35.38 0 33.83 33.69 38.85 36.86 15.46 62.48 38.78 10.31 26.26 33.35 47.99 36.69 30.04 28.87 59.3 55.39 25.78 64.51 79.99 71.84 30.71 
Bandera>13
Fitness Greedy Costo>429.11
28.83 13.32 21.6 28.64 33.89 31.11 0 42.16 32.77 7.19 15.79 18.5 30.42 30.84 21.21 20.04 39.58 48.14 20.56 56.15 63.27 56.52 21.98 
10.2 24.6 17.32 7.53 13.26 11.99 14.99 47.66 32.72 25.06 0 16.79 32.72 30.78 3.02 3.89 36.05 28.75 5.4 35.94 59.9 65.41 5.22 
21.52 31.76 3.86 28.42 26.88 14.47 15.23 28.32 52.47 25.29 16.07 0 11.06 50.21 12.46 24.06 21.06 26.46 26.73 43.25 42.15 44.22 25.99 
11.11 25.19 25.63 9.11 14.81 12.57 19.06 55.43 30.06 25.64 6.8 25.12 39.3 28.12 9.56 0 43.5 29.3 2.14 37.31 67.9 74.46 1.31 
35.14 55 18.6 41.75 41.46 29.09 36.48 26.91 66.95 47.15 37.05 17.9 12.23 64.79 33.69 42.19 0 19.53 42.56 54.38 23.51 33.61 44.14 
19.81 31.08 0 26.44 25.67 12.34 20.5 29.47 51.48 30.34 14.84 4.89 15.27 49.21 11.14 22.88 18.3 21.2 25.3 41.09 39.55 47.51 24.82 
5.28 27.68 26.62 0 3 9.64 28.27 53.94 24.5 31.93 9.42 27.07 38 22.52 10.95 7.11 43.22 26.56 5.54 24.47 67.76 71.37 9.22 
3.95 30.8 15.04 8.9 9.24 0 32.9 42.66 32.51 36.51 13.92 15.51 28.5 30.57 10.5 11.65 32.46 16.64 9.69 25.52 56.92 60.81 13.71 
28.83 13.32 21.6 28.64 33.89 31.11 0 42.16 32.77 7.19 15.79 18.5 30.42 30.84 21.21 20.04 39.58 48.14 20.56 56.15 63.27 56.52 21.98 
35.38 0 33.83 33.69 38.85 36.86 15.46 62.48 38.78 10.31 26.26 33.35 47.99 36.69 30.04 28.87 59.3 55.39 25.78 64.51 79.99 71.84 30.71 
Matriz de Costos>
0 29.77 22.82 6.62 4.7 5.85 28.91 49.16 31.49 32.57 11.87 23.27 34.21 29.55 5.09 10.64 38.06 22.66 8.67 25.79 63.11 66.85 12.71 
35.38 0 33.83 33.69 38.85 36.86 15.46 62.48 38.78 10.31 26.26 33.35 47.99 36.69 30.04 28.87 59.3 55.39 25.78 64.51 79.99 71.84 30.71 
Matriz de Costos>
0 29.77 22.82 6.62 4.7 5.85 28.91 49.16 31.49 32.57 11.87 23.27 34.21 29.55 5.09 10.64 38.06 22.66 8.67 25.79 63.11 66.85 12.71 
Solucion Greedy Costo>4 14 10 15 0 5 0 3 18 22 6 0 17 16 12 11 0 2 7 20 21 0 19 8 13 1 0 9 23 0 0 0 0 0 0 0 0 0 0 0 0 0 0 0 0 
Linea Vacia>
46.28 54.55 22.3 53.27 53.07 38.04 35.29 0 74.44 46.55 41.19 21 14.67 72.32 38.17 50.44 25.98 34.96 51.28 70.61 11.95 17.08 52.31 
31.3 30.36 53.7 24.15 27.77 32.78 32.61 80.1 0 36.27 33.52 51.24 64.68 2.88 33.84 24.88 69.24 50.67 21.53 31.96 91.55 91.21 26.75 
30.35 41.02 7.7 36.69 36.45 23.82 24.67 19.27 61.52 34.61 26.95 5.08 0 59.33 27.97 34.8 8.88 19.6 35.76 54.63 30.09 35.53 36.57 
22.51 21.48 40.36 15.13 18.84 24 23.85 68.91 21.05 27.61 24.82 40.63 54.8 0 25.1 15.85 59.39 40.34 12.36 39.4 82.26 82.13 17.82 
Dimension>45
19.16 48.68 24.03 25.82 25.56 12.72 45.33 36.24 50.44 49.79 28.52 28.37 22.91 48.17 24.12 28.36 20.73 0 26.55 41.29 39.9 51.09 30.24 
7.02 25.31 25.61 5.33 10.78 8.51 22.02 53.3 29.24 25.77 9.27 26.06 37.12 27.28 10.67 1.49 42.48 25.55 0 33.72 66.2 70.84 2.83 
25.95 54.35 41.41 24.44 22.03 24.61 56.57 71.53 27.18 60.92 38.69 41.97 56.07 39.56 31.91 38.62 57.85 41.86 34.79 0 80.67 87.78 40.39 
2.37 28.46 23.02 6.06 0 5.01 28.16 49.09 30.2 31.84 11.03 22.62 33.89 28.24 4.22 9.35 37.74 22.25 7.37 25.29 63.11 66.84 11.43 
3.95 30.8 15.04 8.9 9.24 0 32.9 42.66 32.51 36.51 13.92 15.51 28.5 30.57 10.5 11.65 32.46 16.64 9.69 25.52 56.92 60.81 13.71 
28.83 13.32 21.6 28.64 33.89 31.11 0 42.16 32.77 7.19 15.79 18.5 30.42 30.84 21.21 20.04 39.58 48.14 20.56 56.15 63.27 56.52 21.98 
46.28 54.55 22.3 53.27 53.07 38.04 35.29 0 74.44 46.55 41.19 21 14.67 72.32 38.17 50.44 25.98 34.96 51.28 70.61 11.95 17.08 52.31 
31.3 30.36 53.7 24.15 27.77 32.78 32.61 80.1 0 36.27 33.52 51.24 64.68 2.88 33.84 24.88 69.24 50.67 21.53 31.96 91.55 91.21 26.75 
19.81 31.08 0 26.44 25.67 12.34 20.5 29.47 51.48 30.34 14.84 4.89 15.27 49.21 11.14 22.88 18.3 21.2 25.3 41.09 39.55 47.51 24.82 
5.28 27.68 26.62 0 3 9.64 28.27 53.94 24.5 31.93 9.42 27.07 38 22.52 10.95 7.11 43.22 26.56 5.54 24.47 67.76 71.37 9.22 
2.37 28.46 23.02 6.06 0 5.01 28.16 49.09 30.2 31.84 11.03 22.62 33.89 28.24 4.22 9.35 37.74 22.25 7.37 25.29 63.11 66.84 11.43 
19.81 31.08 0 26.44 25.67 12.34 20.5 29.47 51.48 30.34 14.84 4.89 15.27 49.21 11.14 22.88 18.3 21.2 25.3 41.09 39.55 47.51 24.82 
5.28 27.68 26.62 0 3 9.64 28.27 53.94 24.5 31.93 9.42 27.07 38 22.52 10.95 7.11 43.22 26.56 5.54 24.47 67.76 71.37 9.22 
2.37 28.46 23.02 6.06 0 5.01 28.16 49.09 30.2 31.84 11.03 22.62 33.89 28.24 4.22 9.35 37.74 22.25 7.37 25.29 63.11 66.84 11.43 
3.95 30.8 15.04 8.9 9.24 0 32.9 42.66 32.51 36.51 13.92 15.51 28.5 30.57 10.5 11.65 32.46 16.64 9.69 25.52 56.92 60.81 13.71 
35.4 3.44 31.63 33.72 38.87 36.89 14 55.58 38.88 0 28.05 28.66 41.21 36.72 30.05 29.09 52.12 55.5 25.8 64.62 75.92 67.69 30.92 
10.2 24.6 17.32 7.53 13.26 11.99 14.99 47.66 32.72 25.06 0 16.79 32.72 30.78 3.02 3.89 36.05 28.75 5.4 35.94 59.9 65.41 5.22 
5.18 28.17 13.23 13.34 10.94 8.69 18.25 45.42 36.18 28.18 4.84 13.64 30.93 34.26 0 8.4 34.27 25.67 11.28 32.14 55.75 68.61 10.49 
11.11 25.19 25.63 9.11 14.81 12.57 19.06 55.43 30.06 25.64 6.8 25.12 39.3 28.12 9.56 0 43.5 29.3 2.14 37.31 67.9 74.46 1.31 
Bandera>13
Fitness Greedy Costo>429.11
44.48 58.22 24.77 51.83 51.55 37.26 38.68 1.55 77.84 50.31 44.98 23.47 17.32 75.74 41.31 54.13 23.73 32.8 52.61 69.77 0 14.77 55.97 
63.3 69.22 41.52 70.14 71.76 56.39 54.05 14.09 93.96 65.09 68.85 40.17 34 92 64.16 71.47 30.25 52.44 70.86 88.44 13.72 0 73.13 
35.4 3.44 31.63 33.72 38.87 36.89 14 55.58 38.88 0 28.05 28.66 41.21 36.72 30.05 29.09 52.12 55.5 25.8 64.62 75.92 67.69 30.92 
10.2 24.6 17.32 7.53 13.26 11.99 14.99 47.66 32.72 25.06 0 16.79 32.72 30.78 3.02 3.89 36.05 28.75 5.4 35.94 59.9 65.41 5.22 
19.81 31.08 0 26.44 25.67 12.34 20.5 29.47 51.48 30.34 14.84 4.89 15.27 49.21 11.14 22.88 18.3 21.2 25.3 41.09 39.55 47.51 24.82 
5.28 27.68 26.62 0 3 9.64 28.27 53.94 24.5 31.93 9.42 27.07 38 22.52 10.95 7.11 43.22 26.56 5.54 24.47 67.76 71.37 9.22 
2.37 28.46 23.02 6.06 0 5.01 28.16 49.09 30.2 31.84 11.03 22.62 33.89 28.24 4.22 9.35 37.74 22.25 7.37 25.29 63.11 66.84 11.43 
3.95 30.8 15.04 8.9 9.24 0 32.9 42.66 32.51 36.51 13.92 15.51 28.5 30.57 10.5 11.65 32.46 16.64 9.69 25.52 56.92 60.81 13.71 
35.38 0 33.83 33.69 38.85 36.86 15.46 62.48 38.78 10.31 26.26 33.35 47.99 36.69 30.04 28.87 59.3 55.39 25.78 64.51 79.99 71.84 30.71 
19.81 31.08 0 26.44 25.67 12.34 20.5 29.47 51.48 30.34 14.84 4.89 15.27 49.21 11.14 22.88 18.3 21.2 25.3 41.09 39.55 47.51 24.82 
5.28 27.68 26.62 0 3 9.64 28.27 53.94 24.5 31.93 9.42 27.07 38 22.52 10.95 7.11 43.22 26.56 5.54 24.47 67.76 71.37 9.22 
2.37 28.46 23.02 6.06 0 5.01 28.16 49.09 30.2 31.84 11.03 22.62 33.89 28.24 4.22 9.35 37.74 22.25 7.37 25.29 63.11 66.84 11.43 
Matriz de Costos>
21.52 31.76 3.86 28.42 26.88 14.47 15.23 28.32 52.47 25.29 16.07 0 11.06 50.21 12.46 24.06 21.06 26.46 26.73 43.25 42.15 44.22 25.99 
30.35 41.02 7.7 36.69 36.45 23.82 24.67 19.27 61.52 34.61 26.95 5.08 0 59.33 27.97 34.8 8.88 19.6 35.76 54.63 30.09 35.53 36.57 
35.14 55 18.6 41.75 41.46 29.09 36.48 26.91 66.95 47.15 37.05 17.9 12.23 64.79 33.69 42.19 0 19.53 42.56 54.38 23.51 33.61 44.14 
19.16 48.68 24.03 25.82 25.56 12.72 45.33 36.24 50.44 49.79 28.52 28.37 22.91 48.17 24.12 28.36 20.73 0 26.55 41.29 39.9 51.09 30.24 
Matriz de Costos>
Solucion Greedy Costo>4 14 10 15 0 5 0 3 18 22 6 0 17 16 12 11 0 2 7 20 21 0 19 8 13 1 0 9 23 0 0 0 0 0 0 0 0 0 0 0 0 0 0 0 0 
Linea Vacia>
46.28 54.55 22.3 53.27 53.07 38.04 35.29 0 74.44 46.55 41.19 21 14.67 72.32 38.17 50.44 25.98 34.96 51.28 70.61 11.95 17.08 52.31 
31.3 30.36 53.7 24.15 27.77 32.78 32.61 80.1 0 36.27 33.52 51.24 64.68 2.88 33.84 24.88 69.24 50.67 21.53 31.96 91.55 91.21 26.75 
35.4 3.44 31.63 33.72 38.87 36.89 14 55.58 38.88 0 28.05 28.66 41.21 36.72 30.05 29.09 52.12 55.5 25.8 64.62 75.92 67.69 30.92 
21.52 31.76 3.86 28.42 26.88 14.47 15.23 28.32 52.47 25.29 16.07 0 11.06 50.21 12.46 24.06 21.06 26.46 26.73 43.25 42.15 44.22 25.99 
30.35 41.02 7.7 36.69 36.45 23.82 24.67 19.27 61.52 34.61 26.95 5.08 0 59.33 27.97 34.8 8.88 19.6 35.76 54.63 30.09 35.53 36.57 
3.95 30.8 15.04 8.9 9.24 0 32.9 42.66 32.51 36.51 13.92 15.51 28.5 30.57 10.5 11.65 32.46 16.64 9.69 25.52 56.92 60.81 13.71 
28.83 13.32 21.6 28.64 33.89 31.11 0 42.16 32.77 7.19 15.79 18.5 30.42 30.84 21.21 20.04 39.58 48.14 20.56 56.15 63.27 56.52 21.98 
28.83 13.32 21.6 28.64 33.89 31.11 0 42.16 32.77 7.19 15.79 18.5 30.42 30.84 21.21 20.04 39.58 48.14 20.56 56.15 63.27 56.52 21.98 
46.28 54.55 22.3 53.27 53.07 38.04 35.29 0 74.44 46.55 41.19 21 14.67 72.32 38.17 50.44 25.98 34.96 51.28 70.61 11.95 17.08 52.31 
31.3 30.36 53.7 24.15 27.77 32.78 32.61 80.1 0 36.27 33.52 51.24 64.68 2.88 33.84 24.88 69.24 50.67 21.53 31.96 91.55 91.21 26.75 
3.95 30.8 15.04 8.9 9.24 0 32.9 42.66 32.51 36.51 13.92 15.51 28.5 30.57 10.5 11.65 32.46 16.64 9.69 25.52 56.92 60.81 13.71 
28.83 13.32 21.6 28.64 33.89 31.11 0 42.16 32.77 7.19 15.79 18.5 30.42 30.84 21.21 20.04 39.58 48.14 20.56 56.15 63.27 56.52 21.98 
0 29.77 22.82 6.62 4.7 5.85 28.91 49.16 31.49 32.57 11.87 23.27 34.21 29.55 5.09 10.64 38.06 22.66 8.67 25.79 63.11 66.85 12.71 
35.38 0 33.83 33.69 38.85 36.86 15.46 62.48 38.78 10.31 26.26 33.35 47.99 36.69 30.04 28.87 59.3 55.39 25.78 64.51 79.99 71.84 30.71 
22.51 21.48 40.36 15.13 18.84 24 23.85 68.91 21.05 27.61 24.82 40.63 54.8 0 25.1 15.85 59.39 40.34 12.36 39.4 82.26 82.13 17.82 
5.18 28.17 13.23 13.34 10.94 8.69 18.25 45.42 36.18 28.18 4.84 13.64 30.93 34.26 0 8.4 34.27 25.67 11.28 32.14 55.75 68.61 10.49 
7.02 25.31 25.61 5.33 10.78 8.51 22.02 53.3 29.24 25.77 9.27 26.06 37.12 27.28 10.67 1.49 42.48 25.55 0 33.72 66.2 70.84 2.83 
25.95 54.35 41.41 24.44 22.03 24.61 56.57 71.53 27.18 60.92 38.69 41.97 56.07 39.56 31.91 38.62 57.85 41.86 34.79 0 80.67 87.78 40.39 
0 29.77 22.82 6.62 4.7 5.85 28.91 49.16 31.49 32.57 11.87 23.27 34.21 29.55 5.09 10.64 38.06 22.66 8.67 25.79 63.11 66.85 12.71 
35.38 0 33.83 33.69 38.85 36.86 15.46 62.48 38.78 10.31 26.26 33.35 47.99 36.69 30.04 28.87 59.3 55.39 25.78 64.51 79.99 71.84 30.71 
9.11 26.25 27.54 7.09 12.84 10.59 20.11 55.44 31.15 26.71 8.12 26.34 39.15 29.21 10.86 1.98 44.7 27.48 0.83 35.57 69.23 72.83 0 
10.2 24.6 17.32 7.53 13.26 11.99 14.99 47.66 32.72 25.06 0 16.79 32.72 30.78 3.02 3.89 36.05 28.75 5.4 35.94 59.9 65.41 5.22 
Matriz de Costos>
0 29.77 22.82 6.62 4.7 5.85 28.91 49.16 31.49 32.57 11.87 23.27 34.21 29.55 5.09 10.64 38.06 22.66 8.67 25.79 63.11 66.85 12.71 
35.38 0 33.83 33.69 38.85 36.86 15.46 62.48 38.78 10.31 26.26 33.35 47.99 36.69 30.04 28.87 59.3 55.39 25.78 64.51 79.99 71.84 30.71 
22.51 21.48 40.36 15.13 18.84 24 23.85 68.91 21.05 27.61 24.82 40.63 54.8 0 25.1 15.85 59.39 40.34 12.36 39.4 82.26 82.13 17.82 
5.18 28.17 13.23 13.34 10.94 8.69 18.25 45.42 36.18 28.18 4.84 13.64 30.93 34.26 0 8.4 34.27 25.67 11.28 32.14 55.75 68.61 10.49 
11.11 25.19 25.63 9.11 14.81 12.57 19.06 55.43 30.06 25.64 6.8 25.12 39.3 28.12 9.56 0 43.5 29.3 2.14 37.31 67.9 74.46 1.31 
46.28 54.55 22.3 53.27 53.07 38.04 35.29 0 74.44 46.55 41.19 21 14.67 72.32 38.17 50.44 25.98 34.96 51.28 70.61 11.95 17.08 52.31 
31.3 30.36 53.7 24.15 27.77 32.78 32.61 80.1 0 36.27 33.52 51.24 64.68 2.88 33.84 24.88 69.24 50.67 21.53 31.96 91.55 91.21 26.75 
35.4 3.44 31.63 33.72 38.87 36.89 14 55.58 38.88 0 28.05 28.66 41.21 36.72 30.05 29.09 52.12 55.5 25.8 64.62 75.92 67.69 30.92 
10.2 24.6 17.32 7.53 13.26 11.99 14.99 47.66 32.72 25.06 0 16.79 32.72 30.78 3.02 3.89 36.05 28.75 5.4 35.94 59.9 65.41 5.22 
28.83 13.32 21.6 28.64 33.89 31.11 0 42.16 32.77 7.19 15.79 18.5 30.42 30.84 21.21 20.04 39.58 48.14 20.56 56.15 63.27 56.52 21.98 
46.28 54.55 22.3 53.27 53.07 38.04 35.29 0 74.44 46.55 41.19 21 14.67 72.32 38.17 50.44 25.98 34.96 51.28 70.61 11.95 17.08 52.31 
31.3 30.36 53.7 24.15 27.77 32.78 32.61 80.1 0 36.27 33.52 51.24 64.68 2.88 33.84 24.88 69.24 50.67 21.53 31.96 91.55 91.21 26.75 
35.4 3.44 31.63 33.72 38.87 36.89 14 55.58 38.88 0 28.05 28.66 41.21 36.72 30.05 29.09 52.12 55.5 25.8 64.62 75.92 67.69 30.92 
46.28 54.55 22.3 53.27 53.07 38.04 35.29 0 74.44 46.55 41.19 21 14.67 72.32 38.17 50.44 25.98 34.96 51.28 70.61 11.95 17.08 52.31 
31.3 30.36 53.7 24.15 27.77 32.78 32.61 80.1 0 36.27 33.52 51.24 64.68 2.88 33.84 24.88 69.24 50.67 21.53 31.96 91.55 91.21 26.75 
19.81 31.08 0 26.44 25.67 12.34 20.5 29.47 51.48 30.34 14.84 4.89 15.27 49.21 11.14 22.88 18.3 21.2 25.3 41.09 39.55 47.51 24.82 
5.28 27.68 26.62 0 3 9.64 28.27 53.94 24.5 31.93 9.42 27.07 38 22.52 10.95 7.11 43.22 26.56 5.54 24.47 67.76 71.37 9.22 
11.11 25.19 25.63 9.11 14.81 12.57 19.06 55.43 30.06 25.64 6.8 25.12 39.3 28.12 9.56 0 43.5 29.3 2.14 37.31 67.9 74.46 1.31 
44.48 58.22 24.77 51.83 51.55 37.26 38.68 1.55 77.84 50.31 44.98 23.47 17.32 75.74 41.31 54.13 23.73 32.8 52.61 69.77 0 14.77 55.97 
63.3 69.22 41.52 70.14 71.76 56.39 54.05 14.09 93.96 65.09 68.85 40.17 34 92 64.16 71.47 30.25 52.44 70.86 88.44 13.72 0 73.13 
9.11 26.25 27.54 7.09 12.84 10.59 20.11 55.44 31.15 26.71 8.12 26.34 39.15 29.21 10.86 1.98 44.7 27.48 0.83 35.57 69.23 72.83 0 
19.81 31.08 0 26.44 25.67 12.34 20.5 29.47 51.48 30.34 14.84 4.89 15.27 49.21 11.14 22.88 18.3 21.2 25.3 41.09 39.55 47.51 24.82 
5.28 27.68 26.62 0 3 9.64 28.27 53.94 24.5 31.93 9.42 27.07 38 22.52 10.95 7.11 43.22 26.56 5.54 24.47 67.76 71.37 9.22 
21.52 31.76 3.86 28.42 26.88 14.47 15.23 28.32 52.47 25.29 16.07 0 11.06 50.21 12.46 24.06 21.06 26.46 26.73 43.25 42.15 44.22 25.99 
30.35 41.02 7.7 36.69 36.45 23.82 24.67 19.27 61.52 34.61 26.95 5.08 0 59.33 27.97 34.8 8.88 19.6 35.76 54.63 30.09 35.53 36.57 
19.81 31.08 0 26.44 25.67 12.34 20.5 29.47 51.48 30.34 14.84 4.89 15.27 49.21 11.14 22.88 18.3 21.2 25.3 41.09 39.55 47.51 24.82 
35.14 55 18.6 41.75 41.46 29.09 36.48 26.91 66.95 47.15 37.05 17.9 12.23 64.79 33.69 42.19 0 19.53 42.56 54.38 23.51 33.61 44.14 
19.16 48.68 24.03 25.82 25.56 12.72 45.33 36.24 50.44 49.79 28.52 28.37 22.91 48.17 24.12 28.36 20.73 0 26.55 41.29 39.9 51.09 30.24 
35.4 3.44 31.63 33.72 38.87 36.89 14 55.58 38.88 0 28.05 28.66 41.21 36.72 30.05 29.09 52.12 55.5 25.8 64.62 75.92 67.69 30.92 
21.52 31.76 3.86 28.42 26.88 14.47 15.23 28.32 52.47 25.29 16.07 0 11.06 50.21 12.46 24.06 21.06 26.46 26.73 43.25 42.15 44.22 25.99 
30.35 41.02 7.7 36.69 36.45 23.82 24.67 19.27 61.52 34.61 26.95 5.08 0 59.33 27.97 34.8 8.88 19.6 35.76 54.63 30.09 35.53 36.57 
35.4 3.44 31.63 33.72 38.87 36.89 14 55.58 38.88 0 28.05 28.66 41.21 36.72 30.05 29.09 52.12 55.5 25.8 64.62 75.92 67.69 30.92 
10.2 24.6 17.32 7.53 13.26 11.99 14.99 47.66 32.72 25.06 0 16.79 32.72 30.78 3.02 3.89 36.05 28.75 5.4 35.94 59.9 65.41 5.22 
Matriz de Costos>
35.14 55 18.6 41.75 41.46 29.09 36.48 26.91 66.95 47.15 37.05 17.9 12.23 64.79 33.69 42.19 0 19.53 42.56 54.38 23.51 33.61 44.14 
19.16 48.68 24.03 25.82 25.56 12.72 45.33 36.24 50.44 49.79 28.52 28.37 22.91 48.17 24.12 28.36 20.73 0 26.55 41.29 39.9 51.09 30.24 
2.37 28.46 23.02 6.06 0 5.01 28.16 49.09 30.2 31.84 11.03 22.62 33.89 28.24 4.22 9.35 37.74 22.25 7.37 25.29 63.11 66.84 11.43 
22.51 21.48 40.36 15.13 18.84 24 23.85 68.91 21.05 27.61 24.82 40.63 54.8 0 25.1 15.85 59.39 40.34 12.36 39.4 82.26 82.13 17.82 
5.18 28.17 13.23 13.34 10.94 8.69 18.25 45.42 36.18 28.18 4.84 13.64 30.93 34.26 0 8.4 34.27 25.67 11.28 32.14 55.75 68.61 10.49 
5.28 27.68 26.62 0 3 9.64 28.27 53.94 24.5 31.93 9.42 27.07 38 22.52 10.95 7.11 43.22 26.56 5.54 24.47 67.76 71.37 9.22 
2.37 28.46 23.02 6.06 0 5.01 28.16 49.09 30.2 31.84 11.03 22.62 33.89 28.24 4.22 9.35 37.74 22.25 7.37 25.29 63.11 66.84 11.43 
7.02 25.31 25.61 5.33 10.78 8.51 22.02 53.3 29.24 25.77 9.27 26.06 37.12 27.28 10.67 1.49 42.48 25.55 0 33.72 66.2 70.84 2.83 
25.95 54.35 41.41 24.44 22.03 24.61 56.57 71.53 27.18 60.92 38.69 41.97 56.07 39.56 31.91 38.62 57.85 41.86 34.79 0 80.67 87.78 40.39 
10.2 24.6 17.32 7.53 13.26 11.99 14.99 47.66 32.72 25.06 0 16.79 32.72 30.78 3.02 3.89 36.05 28.75 5.4 35.94 59.9 65.41 5.22 
21.52 31.76 3.86 28.42 26.88 14.47 15.23 28.32 52.47 25.29 16.07 0 11.06 50.21 12.46 24.06 21.06 26.46 26.73 43.25 42.15 44.22 25.99 
22.51 21.48 40.36 15.13 18.84 24 23.85 68.91 21.05 27.61 24.82 40.63 54.8 0 25.1 15.85 59.39 40.34 12.36 39.4 82.26 82.13 17.82 
5.18 28.17 13.23 13.34 10.94 8.69 18.25 45.42 36.18 28.18 4.84 13.64 30.93 34.26 0 8.4 34.27 25.67 11.28 32.14 55.75 68.61 10.49 
10.2 24.6 17.32 7.53 13.26 11.99 14.99 47.66 32.72 25.06 0 16.79 32.72 30.78 3.02 3.89 36.05 28.75 5.4 35.94 59.9 65.41 5.22 
21.52 31.76 3.86 28.42 26.88 14.47 15.23 28.32 52.47 25.29 16.07 0 11.06 50.21 12.46 24.06 21.06 26.46 26.73 43.25 42.15 44.22 25.99 
30.35 41.02 7.7 36.69 36.45 23.82 24.67 19.27 61.52 34.61 26.95 5.08 0 59.33 27.97 34.8 8.88 19.6 35.76 54.63 30.09 35.53 36.57 
2.37 28.46 23.02 6.06 0 5.01 28.16 49.09 30.2 31.84 11.03 22.62 33.89 28.24 4.22 9.35 37.74 22.25 7.37 25.29 63.11 66.84 11.43 
3.95 30.8 15.04 8.9 9.24 0 32.9 42.66 32.51 36.51 13.92 15.51 28.5 30.57 10.5 11.65 32.46 16.64 9.69 25.52 56.92 60.81 13.71 
28.83 13.32 21.6 28.64 33.89 31.11 0 42.16 32.77 7.19 15.79 18.5 30.42 30.84 21.21 20.04 39.58 48.14 20.56 56.15 63.27 56.52 21.98 
0 29.77 22.82 6.62 4.7 5.85 28.91 49.16 31.49 32.57 11.87 23.27 34.21 29.55 5.09 10.64 38.06 22.66 8.67 25.79 63.11 66.85 12.71 
Matriz de Costos>
7.02 25.31 25.61 5.33 10.78 8.51 22.02 53.3 29.24 25.77 9.27 26.06 37.12 27.28 10.67 1.49 42.48 25.55 0 33.72 66.2 70.84 2.83 
25.95 54.35 41.41 24.44 22.03 24.61 56.57 71.53 27.18 60.92 38.69 41.97 56.07 39.56 31.91 38.62 57.85 41.86 34.79 0 80.67 87.78 40.39 
3.95 30.8 15.04 8.9 9.24 0 32.9 42.66 32.51 36.51 13.92 15.51 28.5 30.57 10.5 11.65 32.46 16.64 9.69 25.52 56.92 60.81 13.71 
28.83 13.32 21.6 28.64 33.89 31.11 0 42.16 32.77 7.19 15.79 18.5 30.42 30.84 21.21 20.04 39.58 48.14 20.56 56.15 63.27 56.52 21.98 
11.11 25.19 25.63 9.11 14.81 12.57 19.06 55.43 30.06 25.64 6.8 25.12 39.3 28.12 9.56 0 43.5 29.3 2.14 37.31 67.9 74.46 1.31 
3.95 30.8 15.04 8.9 9.24 0 32.9 42.66 32.51 36.51 13.92 15.51 28.5 30.57 10.5 11.65 32.46 16.64 9.69 25.52 56.92 60.81 13.71 
44.48 58.22 24.77 51.83 51.55 37.26 38.68 1.55 77.84 50.31 44.98 23.47 17.32 75.74 41.31 54.13 23.73 32.8 52.61 69.77 0 14.77 55.97 
63.3 69.22 41.52 70.14 71.76 56.39 54.05 14.09 93.96 65.09 68.85 40.17 34 92 64.16 71.47 30.25 52.44 70.86 88.44 13.72 0 73.13 
9.11 26.25 27.54 7.09 12.84 10.59 20.11 55.44 31.15 26.71 8.12 26.34 39.15 29.21 10.86 1.98 44.7 27.48 0.83 35.57 69.23 72.83 0 
30.35 41.02 7.7 36.69 36.45 23.82 24.67 19.27 61.52 34.61 26.95 5.08 0 59.33 27.97 34.8 8.88 19.6 35.76 54.63 30.09 35.53 36.57 
22.51 21.48 40.36 15.13 18.84 24 23.85 68.91 21.05 27.61 24.82 40.63 54.8 0 25.1 15.85 59.39 40.34 12.36 39.4 82.26 82.13 17.82 
22.51 21.48 40.36 15.13 18.84 24 23.85 68.91 21.05 27.61 24.82 40.63 54.8 0 25.1 15.85 59.39 40.34 12.36 39.4 82.26 82.13 17.82 
5.18 28.17 13.23 13.34 10.94 8.69 18.25 45.42 36.18 28.18 4.84 13.64 30.93 34.26 0 8.4 34.27 25.67 11.28 32.14 55.75 68.61 10.49 
21.52 31.76 3.86 28.42 26.88 14.47 15.23 28.32 52.47 25.29 16.07 0 11.06 50.21 12.46 24.06 21.06 26.46 26.73 43.25 42.15 44.22 25.99 
30.35 41.02 7.7 36.69 36.45 23.82 24.67 19.27 61.52 34.61 26.95 5.08 0 59.33 27.97 34.8 8.88 19.6 35.76 54.63 30.09 35.53 36.57 
22.51 21.48 40.36 15.13 18.84 24 23.85 68.91 21.05 27.61 24.82 40.63 54.8 0 25.1 15.85 59.39 40.34 12.36 39.4 82.26 82.13 17.82 
5.18 28.17 13.23 13.34 10.94 8.69 18.25 45.42 36.18 28.18 4.84 13.64 30.93 34.26 0 8.4 34.27 25.67 11.28 32.14 55.75 68.61 10.49 
35.38 0 33.83 33.69 38.85 36.86 15.46 62.48 38.78 10.31 26.26 33.35 47.99 36.69 30.04 28.87 59.3 55.39 25.78 64.51 79.99 71.84 30.71 
Matriz de Costos>
0 29.77 22.82 6.62 4.7 5.85 28.91 49.16 31.49 32.57 11.87 23.27 34.21 29.55 5.09 10.64 38.06 22.66 8.67 25.79 63.11 66.85 12.71 
35.38 0 33.83 33.69 38.85 36.86 15.46 62.48 38.78 10.31 26.26 33.35 47.99 36.69 30.04 28.87 59.3 55.39 25.78 64.51 79.99 71.84 30.71 
44.48 58.22 24.77 51.83 51.55 37.26 38.68 1.55 77.84 50.31 44.98 23.47 17.32 75.74 41.31 54.13 23.73 32.8 52.61 69.77 0 14.77 55.97 
46.28 54.55 22.3 53.27 53.07 38.04 35.29 0 74.44 46.55 41.19 21 14.67 72.32 38.17 50.44 25.98 34.96 51.28 70.61 11.95 17.08 52.31 
35.14 55 18.6 41.75 41.46 29.09 36.48 26.91 66.95 47.15 37.05 17.9 12.23 64.79 33.69 42.19 0 19.53 42.56 54.38 23.51 33.61 44.14 
19.16 48.68 24.03 25.82 25.56 12.72 45.33 36.24 50.44 49.79 28.52 28.37 22.91 48.17 24.12 28.36 20.73 0 26.55 41.29 39.9 51.09 30.24 
28.83 13.32 21.6 28.64 33.89 31.11 0 42.16 32.77 7.19 15.79 18.5 30.42 30.84 21.21 20.04 39.58 48.14 20.56 56.15 63.27 56.52 21.98 
46.28 54.55 22.3 53.27 53.07 38.04 35.29 0 74.44 46.55 41.19 21 14.67 72.32 38.17 50.44 25.98 34.96 51.28 70.61 11.95 17.08 52.31 
11.11 25.19 25.63 9.11 14.81 12.57 19.06 55.43 30.06 25.64 6.8 25.12 39.3 28.12 9.56 0 43.5 29.3 2.14 37.31 67.9 74.46 1.31 
35.14 55 18.6 41.75 41.46 29.09 36.48 26.91 66.95 47.15 37.05 17.9 12.23 64.79 33.69 42.19 0 19.53 42.56 54.38 23.51 33.61 44.14 
19.16 48.68 24.03 25.82 25.56 12.72 45.33 36.24 50.44 49.79 28.52 28.37 22.91 48.17 24.12 28.36 20.73 0 26.55 41.29 39.9 51.09 30.24 
46.28 54.55 22.3 53.27 53.07 38.04 35.29 0 74.44 46.55 41.19 21 14.67 72.32 38.17 50.44 25.98 34.96 51.28 70.61 11.95 17.08 52.31 
31.3 30.36 53.7 24.15 27.77 32.78 32.61 80.1 0 36.27 33.52 51.24 64.68 2.88 33.84 24.88 69.24 50.67 21.53 31.96 91.55 91.21 26.75 
35.4 3.44 31.63 33.72 38.87 36.89 14 55.58 38.88 0 28.05 28.66 41.21 36.72 30.05 29.09 52.12 55.5 25.8 64.62 75.92 67.69 30.92 
19.81 31.08 0 26.44 25.67 12.34 20.5 29.47 51.48 30.34 14.84 4.89 15.27 49.21 11.14 22.88 18.3 21.2 25.3 41.09 39.55 47.51 24.82 
5.28 27.68 26.62 0 3 9.64 28.27 53.94 24.5 31.93 9.42 27.07 38 22.52 10.95 7.11 43.22 26.56 5.54 24.47 67.76 71.37 9.22 
0 29.77 22.82 6.62 4.7 5.85 28.91 49.16 31.49 32.57 11.87 23.27 34.21 29.55 5.09 10.64 38.06 22.66 8.67 25.79 63.11 66.85 12.71 
35.38 0 33.83 33.69 38.85 36.86 15.46 62.48 38.78 10.31 26.26 33.35 47.99 36.69 30.04 28.87 59.3 55.39 25.78 64.51 79.99 71.84 30.71 
63.3 69.22 41.52 70.14 71.76 56.39 54.05 14.09 93.96 65.09 68.85 40.17 34 92 64.16 71.47 30.25 52.44 70.86 88.44 13.72 0 73.13 
9.11 26.25 27.54 7.09 12.84 10.59 20.11 55.44 31.15 26.71 8.12 26.34 39.15 29.21 10.86 1.98 44.7 27.48 0.83 35.57 69.23 72.83 0 
31.3 30.36 53.7 24.15 27.77 32.78 32.61 80.1 0 36.27 33.52 51.24 64.68 2.88 33.84 24.88 69.24 50.67 21.53 31.96 91.55 91.21 26.75 
35.4 3.44 31.63 33.72 38.87 36.89 14 55.58 38.88 0 28.05 28.66 41.21 36.72 30.05 29.09 52.12 55.5 25.8 64.62 75.92 67.69 30.92 
7.02 25.31 25.61 5.33 10.78 8.51 22.02 53.3 29.24 25.77 9.27 26.06 37.12 27.28 10.67 1.49 42.48 25.55 0 33.72 66.2 70.84 2.83 
25.95 54.35 41.41 24.44 22.03 24.61 56.57 71.53 27.18 60.92 38.69 41.97 56.07 39.56 31.91 38.62 57.85 41.86 34.79 0 80.67 87.78 40.39 
31.3 30.36 53.7 24.15 27.77 32.78 32.61 80.1 0 36.27 33.52 51.24 64.68 2.88 33.84 24.88 69.24 50.67 21.53 31.96 91.55 91.21 26.75 
35.4 3.44 31.63 33.72 38.87 36.89 14 55.58 38.88 0 28.05 28.66 41.21 36.72 30.05 29.09 52.12 55.5 25.8 64.62 75.92 67.69 30.92 
5.18 28.17 13.23 13.34 10.94 8.69 18.25 45.42 36.18 28.18 4.84 13.64 30.93 34.26 0 8.4 34.27 25.67 11.28 32.14 55.75 68.61 10.49 
11.11 25.19 25.63 9.11 14.81 12.57 19.06 55.43 30.06 25.64 6.8 25.12 39.3 28.12 9.56 0 43.5 29.3 2.14 37.31 67.9 74.46 1.31 
35.14 55 18.6 41.75 41.46 29.09 36.48 26.91 66.95 47.15 37.05 17.9 12.23 64.79 33.69 42.19 0 19.53 42.56 54.38 23.51 33.61 44.14 
7.02 25.31 25.61 5.33 10.78 8.51 22.02 53.3 29.24 25.77 9.27 26.06 37.12 27.28 10.67 1.49 42.48 25.55 0 33.72 66.2 70.84 2.83 
25.95 54.35 41.41 24.44 22.03 24.61 56.57 71.53 27.18 60.92 38.69 41.97 56.07 39.56 31.91 38.62 57.85 41.86 34.79 0 80.67 87.78 40.39 
11.11 25.19 25.63 9.11 14.81 12.57 19.06 55.43 30.06 25.64 6.8 25.12 39.3 28.12 9.56 0 43.5 29.3 2.14 37.31 67.9 74.46 1.31 
35.14 55 18.6 41.75 41.46 29.09 36.48 26.91 66.95 47.15 37.05 17.9 12.23 64.79 33.69 42.19 0 19.53 42.56 54.38 23.51 33.61 44.14 
19.16 48.68 24.03 25.82 25.56 12.72 45.33 36.24 50.44 49.79 28.52 28.37 22.91 48.17 24.12 28.36 20.73 0 26.55 41.29 39.9 51.09 30.24 
7.02 25.31 25.61 5.33 10.78 8.51 22.02 53.3 29.24 25.77 9.27 26.06 37.12 27.28 10.67 1.49 42.48 25.55 0 33.72 66.2 70.84 2.83 
11.11 25.19 25.63 9.11 14.81 12.57 19.06 55.43 30.06 25.64 6.8 25.12 39.3 28.12 9.56 0 43.5 29.3 2.14 37.31 67.9 74.46 1.31 
35.14 55 18.6 41.75 41.46 29.09 36.48 26.91 66.95 47.15 37.05 17.9 12.23 64.79 33.69 42.19 0 19.53 42.56 54.38 23.51 33.61 44.14 
19.16 48.68 24.03 25.82 25.56 12.72 45.33 36.24 50.44 49.79 28.52 28.37 22.91 48.17 24.12 28.36 20.73 0 26.55 41.29 39.9 51.09 30.24 
2.37 28.46 23.02 6.06 0 5.01 28.16 49.09 30.2 31.84 11.03 22.62 33.89 28.24 4.22 9.35 37.74 22.25 7.37 25.29 63.11 66.84 11.43 
19.81 31.08 0 26.44 25.67 12.34 20.5 29.47 51.48 30.34 14.84 4.89 15.27 49.21 11.14 22.88 18.3 21.2 25.3 41.09 39.55 47.51 24.82 
5.28 27.68 26.62 0 3 9.64 28.27 53.94 24.5 31.93 9.42 27.07 38 22.52 10.95 7.11 43.22 26.56 5.54 24.47 67.76 71.37 9.22 
19.81 31.08 0 26.44 25.67 12.34 20.5 29.47 51.48 30.34 14.84 4.89 15.27 49.21 11.14 22.88 18.3 21.2 25.3 41.09 39.55 47.51 24.82 
5.28 27.68 26.62 0 3 9.64 28.27 53.94 24.5 31.93 9.42 27.07 38 22.52 10.95 7.11 43.22 26.56 5.54 24.47 67.76 71.37 9.22 
2.37 28.46 23.02 6.06 0 5.01 28.16 49.09 30.2 31.84 11.03 22.62 33.89 28.24 4.22 9.35 37.74 22.25 7.37 25.29 63.11 66.84 11.43 
10.2 24.6 17.32 7.53 13.26 11.99 14.99 47.66 32.72 25.06 0 16.79 32.72 30.78 3.02 3.89 36.05 28.75 5.4 35.94 59.9 65.41 5.22 
21.52 31.76 3.86 28.42 26.88 14.47 15.23 28.32 52.47 25.29 16.07 0 11.06 50.21 12.46 24.06 21.06 26.46 26.73 43.25 42.15 44.22 25.99 
Matriz de Costos>
44.48 58.22 24.77 51.83 51.55 37.26 38.68 1.55 77.84 50.31 44.98 23.47 17.32 75.74 41.31 54.13 23.73 32.8 52.61 69.77 0 14.77 55.97 
63.3 69.22 41.52 70.14 71.76 56.39 54.05 14.09 93.96 65.09 68.85 40.17 34 92 64.16 71.47 30.25 52.44 70.86 88.44 13.72 0 73.13 
10.2 24.6 17.32 7.53 13.26 11.99 14.99 47.66 32.72 25.06 0 16.79 32.72 30.78 3.02 3.89 36.05 28.75 5.4 35.94 59.9 65.41 5.22 
21.52 31.76 3.86 28.42 26.88 14.47 15.23 28.32 52.47 25.29 16.07 0 11.06 50.21 12.46 24.06 21.06 26.46 26.73 43.25 42.15 44.22 25.99 
44.48 58.22 24.77 51.83 51.55 37.26 38.68 1.55 77.84 50.31 44.98 23.47 17.32 75.74 41.31 54.13 23.73 32.8 52.61 69.77 0 14.77 55.97 
63.3 69.22 41.52 70.14 71.76 56.39 54.05 14.09 93.96 65.09 68.85 40.17 34 92 64.16 71.47 30.25 52.44 70.86 88.44 13.72 0 73.13 
7.02 25.31 25.61 5.33 10.78 8.51 22.02 53.3 29.24 25.77 9.27 26.06 37.12 27.28 10.67 1.49 42.48 25.55 0 33.72 66.2 70.84 2.83 
25.95 54.35 41.41 24.44 22.03 24.61 56.57 71.53 27.18 60.92 38.69 41.97 56.07 39.56 31.91 38.62 57.85 41.86 34.79 0 80.67 87.78 40.39 
44.48 58.22 24.77 51.83 51.55 37.26 38.68 1.55 77.84 50.31 44.98 23.47 17.32 75.74 41.31 54.13 23.73 32.8 52.61 69.77 0 14.77 55.97 
10.2 24.6 17.32 7.53 13.26 11.99 14.99 47.66 32.72 25.06 0 16.79 32.72 30.78 3.02 3.89 36.05 28.75 5.4 35.94 59.9 65.41 5.22 
21.52 31.76 3.86 28.42 26.88 14.47 15.23 28.32 52.47 25.29 16.07 0 11.06 50.21 12.46 24.06 21.06 26.46 26.73 43.25 42.15 44.22 25.99 
30.35 41.02 7.7 36.69 36.45 23.82 24.67 19.27 61.52 34.61 26.95 5.08 0 59.33 27.97 34.8 8.88 19.6 35.76 54.63 30.09 35.53 36.57 
22.51 21.48 40.36 15.13 18.84 24 23.85 68.91 21.05 27.61 24.82 40.63 54.8 0 25.1 15.85 59.39 40.34 12.36 39.4 82.26 82.13 17.82 
3.95 30.8 15.04 8.9 9.24 0 32.9 42.66 32.51 36.51 13.92 15.51 28.5 30.57 10.5 11.65 32.46 16.64 9.69 25.52 56.92 60.81 13.71 
28.83 13.32 21.6 28.64 33.89 31.11 0 42.16 32.77 7.19 15.79 18.5 30.42 30.84 21.21 20.04 39.58 48.14 20.56 56.15 63.27 56.52 21.98 
2.37 28.46 23.02 6.06 0 5.01 28.16 49.09 30.2 31.84 11.03 22.62 33.89 28.24 4.22 9.35 37.74 22.25 7.37 25.29 63.11 66.84 11.43 
3.95 30.8 15.04 8.9 9.24 0 32.9 42.66 32.51 36.51 13.92 15.51 28.5 30.57 10.5 11.65 32.46 16.64 9.69 25.52 56.92 60.81 13.71 
3.95 30.8 15.04 8.9 9.24 0 32.9 42.66 32.51 36.51 13.92 15.51 28.5 30.57 10.5 11.65 32.46 16.64 9.69 25.52 56.92 60.81 13.71 
28.83 13.32 21.6 28.64 33.89 31.11 0 42.16 32.77 7.19 15.79 18.5 30.42 30.84 21.21 20.04 39.58 48.14 20.56 56.15 63.27 56.52 21.98 
30.35 41.02 7.7 36.69 36.45 23.82 24.67 19.27 61.52 34.61 26.95 5.08 0 59.33 27.97 34.8 8.88 19.6 35.76 54.63 30.09 35.53 36.57 
22.51 21.48 40.36 15.13 18.84 24 23.85 68.91 21.05 27.61 24.82 40.63 54.8 0 25.1 15.85 59.39 40.34 12.36 39.4 82.26 82.13 17.82 
5.18 28.17 13.23 13.34 10.94 8.69 18.25 45.42 36.18 28.18 4.84 13.64 30.93 34.26 0 8.4 34.27 25.67 11.28 32.14 55.75 68.61 10.49 
0 29.77 22.82 6.62 4.7 5.85 28.91 49.16 31.49 32.57 11.87 23.27 34.21 29.55 5.09 10.64 38.06 22.66 8.67 25.79 63.11 66.85 12.71 
35.38 0 33.83 33.69 38.85 36.86 15.46 62.48 38.78 10.31 26.26 33.35 47.99 36.69 30.04 28.87 59.3 55.39 25.78 64.51 79.99 71.84 30.71 
9.11 26.25 27.54 7.09 12.84 10.59 20.11 55.44 31.15 26.71 8.12 26.34 39.15 29.21 10.86 1.98 44.7 27.48 0.83 35.57 69.23 72.83 0 
30.35 41.02 7.7 36.69 36.45 23.82 24.67 19.27 61.52 34.61 26.95 5.08 0 59.33 27.97 34.8 8.88 19.6 35.76 54.63 30.09 35.53 36.57 
22.51 21.48 40.36 15.13 18.84 24 23.85 68.91 21.05 27.61 24.82 40.63 54.8 0 25.1 15.85 59.39 40.34 12.36 39.4 82.26 82.13 17.82 
19.16 48.68 24.03 25.82 25.56 12.72 45.33 36.24 50.44 49.79 28.52 28.37 22.91 48.17 24.12 28.36 20.73 0 26.55 41.29 39.9 51.09 30.24 
7.02 25.31 25.61 5.33 10.78 8.51 22.02 53.3 29.24 25.77 9.27 26.06 37.12 27.28 10.67 1.49 42.48 25.55 0 33.72 66.2 70.84 2.83 
25.95 54.35 41.41 24.44 22.03 24.61 56.57 71.53 27.18 60.92 38.69 41.97 56.07 39.56 31.91 38.62 57.85 41.86 34.79 0 80.67 87.78 40.39 
44.48 58.22 24.77 51.83 51.55 37.26 38.68 1.55 77.84 50.31 44.98 23.47 17.32 75.74 41.31 54.13 23.73 32.8 52.61 69.77 0 14.77 55.97 
9.11 26.25 27.54 7.09 12.84 10.59 20.11 55.44 31.15 26.71 8.12 26.34 39.15 29.21 10.86 1.98 44.7 27.48 0.83 35.57 69.23 72.83 0 
25.95 54.35 41.41 24.44 22.03 24.61 56.57 71.53 27.18 60.92 38.69 41.97 56.07 39.56 31.91 38.62 57.85 41.86 34.79 0 80.67 87.78 40.39 
44.48 58.22 24.77 51.83 51.55 37.26 38.68 1.55 77.84 50.31 44.98 23.47 17.32 75.74 41.31 54.13 23.73 32.8 52.61 69.77 0 14.77 55.97 
63.3 69.22 41.52 70.14 71.76 56.39 54.05 14.09 93.96 65.09 68.85 40.17 34 92 64.16 71.47 30.25 52.44 70.86 88.44 13.72 0 73.13 
9.11 26.25 27.54 7.09 12.84 10.59 20.11 55.44 31.15 26.71 8.12 26.34 39.15 29.21 10.86 1.98 44.7 27.48 0.83 35.57 69.23 72.83 0 
5.18 28.17 13.23 13.34 10.94 8.69 18.25 45.42 36.18 28.18 4.84 13.64 30.93 34.26 0 8.4 34.27 25.67 11.28 32.14 55.75 68.61 10.49 
11.11 25.19 25.63 9.11 14.81 12.57 19.06 55.43 30.06 25.64 6.8 25.12 39.3 28.12 9.56 0 43.5 29.3 2.14 37.31 67.9 74.46 1.31 
35.14 55 18.6 41.75 41.46 29.09 36.48 26.91 66.95 47.15 37.05 17.9 12.23 64.79 33.69 42.19 0 19.53 42.56 54.38 23.51 33.61 44.14 
46.28 54.55 22.3 53.27 53.07 38.04 35.29 0 74.44 46.55 41.19 21 14.67 72.32 38.17 50.44 25.98 34.96 51.28 70.61 11.95 17.08 52.31 
31.3 30.36 53.7 24.15 27.77 32.78 32.61 80.1 0 36.27 33.52 51.24 64.68 2.88 33.84 24.88 69.24 50.67 21.53 31.96 91.55 91.21 26.75 
28.83 13.32 21.6 28.64 33.89 31.11 0 42.16 32.77 7.19 15.79 18.5 30.42 30.84 21.21 20.04 39.58 48.14 20.56 56.15 63.27 56.52 21.98 
46.28 54.55 22.3 53.27 53.07 38.04 35.29 0 74.44 46.55 41.19 21 14.67 72.32 38.17 50.44 25.98 34.96 51.28 70.61 11.95 17.08 52.31 
46.28 54.55 22.3 53.27 53.07 38.04 35.29 0 74.44 46.55 41.19 21 14.67 72.32 38.17 50.44 25.98 34.96 51.28 70.61 11.95 17.08 52.31 
31.3 30.36 53.7 24.15 27.77 32.78 32.61 80.1 0 36.27 33.52 51.24 64.68 2.88 33.84 24.88 69.24 50.67 21.53 31.96 91.55 91.21 26.75 
11.11 25.19 25.63 9.11 14.81 12.57 19.06 55.43 30.06 25.64 6.8 25.12 39.3 28.12 9.56 0 43.5 29.3 2.14 37.31 67.9 74.46 1.31 
35.14 55 18.6 41.75 41.46 29.09 36.48 26.91 66.95 47.15 37.05 17.9 12.23 64.79 33.69 42.19 0 19.53 42.56 54.38 23.51 33.61 44.14 
19.16 48.68 24.03 25.82 25.56 12.72 45.33 36.24 50.44 49.79 28.52 28.37 22.91 48.17 24.12 28.36 20.73 0 26.55 41.29 39.9 51.09 30.24 
19.81 31.08 0 26.44 25.67 12.34 20.5 29.47 51.48 30.34 14.84 4.89 15.27 49.21 11.14 22.88 18.3 21.2 25.3 41.09 39.55 47.51 24.82 
5.28 27.68 26.62 0 3 9.64 28.27 53.94 24.5 31.93 9.42 27.07 38 22.52 10.95 7.11 43.22 26.56 5.54 24.47 67.76 71.37 9.22 
2.37 28.46 23.02 6.06 0 5.01 28.16 49.09 30.2 31.84 11.03 22.62 33.89 28.24 4.22 9.35 37.74 22.25 7.37 25.29 63.11 66.84 11.43 
5.18 28.17 13.23 13.34 10.94 8.69 18.25 45.42 36.18 28.18 4.84 13.64 30.93 34.26 0 8.4 34.27 25.67 11.28 32.14 55.75 68.61 10.49 
11.11 25.19 25.63 9.11 14.81 12.57 19.06 55.43 30.06 25.64 6.8 25.12 39.3 28.12 9.56 0 43.5 29.3 2.14 37.31 67.9 74.46 1.31 
35.14 55 18.6 41.75 41.46 29.09 36.48 26.91 66.95 47.15 37.05 17.9 12.23 64.79 33.69 42.19 0 19.53 42.56 54.38 23.51 33.61 44.14 
63.3 69.22 41.52 70.14 71.76 56.39 54.05 14.09 93.96 65.09 68.85 40.17 34 92 64.16 71.47 30.25 52.44 70.86 88.44 13.72 0 73.13 
9.11 26.25 27.54 7.09 12.84 10.59 20.11 55.44 31.15 26.71 8.12 26.34 39.15 29.21 10.86 1.98 44.7 27.48 0.83 35.57 69.23 72.83 0 
63.3 69.22 41.52 70.14 71.76 56.39 54.05 14.09 93.96 65.09 68.85 40.17 34 92 64.16 71.47 30.25 52.44 70.86 88.44 13.72 0 73.13 
9.11 26.25 27.54 7.09 12.84 10.59 20.11 55.44 31.15 26.71 8.12 26.34 39.15 29.21 10.86 1.98 44.7 27.48 0.83 35.57 69.23 72.83 0 
35.4 3.44 31.63 33.72 38.87 36.89 14 55.58 38.88 0 28.05 28.66 41.21 36.72 30.05 29.09 52.12 55.5 25.8 64.62 75.92 67.69 30.92 
10.2 24.6 17.32 7.53 13.26 11.99 14.99 47.66 32.72 25.06 0 16.79 32.72 30.78 3.02 3.89 36.05 28.75 5.4 35.94 59.9 65.41 5.22 
31.3 30.36 53.7 24.15 27.77 32.78 32.61 80.1 0 36.27 33.52 51.24 64.68 2.88 33.84 24.88 69.24 50.67 21.53 31.96 91.55 91.21 26.75 
35.4 3.44 31.63 33.72 38.87 36.89 14 55.58 38.88 0 28.05 28.66 41.21 36.72 30.05 29.09 52.12 55.5 25.8 64.62 75.92 67.69 30.92 
35.4 3.44 31.63 33.72 38.87 36.89 14 55.58 38.88 0 28.05 28.66 41.21 36.72 30.05 29.09 52.12 55.5 25.8 64.62 75.92 67.69 30.92 
10.2 24.6 17.32 7.53 13.26 11.99 14.99 47.66 32.72 25.06 0 16.79 32.72 30.78 3.02 3.89 36.05 28.75 5.4 35.94 59.9 65.41 5.22 
7.02 25.31 25.61 5.33 10.78 8.51 22.02 53.3 29.24 25.77 9.27 26.06 37.12 27.28 10.67 1.49 42.48 25.55 0 33.72 66.2 70.84 2.83 
25.95 54.35 41.41 24.44 22.03 24.61 56.57 71.53 27.18 60.92 38.69 41.97 56.07 39.56 31.91 38.62 57.85 41.86 34.79 0 80.67 87.78 40.39 
19.16 48.68 24.03 25.82 25.56 12.72 45.33 36.24 50.44 49.79 28.52 28.37 22.91 48.17 24.12 28.36 20.73 0 26.55 41.29 39.9 51.09 30.24 
7.02 25.31 25.61 5.33 10.78 8.51 22.02 53.3 29.24 25.77 9.27 26.06 37.12 27.28 10.67 1.49 42.48 25.55 0 33.72 66.2 70.84 2.83 
19.16 48.68 24.03 25.82 25.56 12.72 45.33 36.24 50.44 49.79 28.52 28.37 22.91 48.17 24.12 28.36 20.73 0 26.55 41.29 39.9 51.09 30.24 
7.02 25.31 25.61 5.33 10.78 8.51 22.02 53.3 29.24 25.77 9.27 26.06 37.12 27.28 10.67 1.49 42.48 25.55 0 33.72 66.2 70.84 2.83 
25.95 54.35 41.41 24.44 22.03 24.61 56.57 71.53 27.18 60.92 38.69 41.97 56.07 39.56 31.91 38.62 57.85 41.86 34.79 0 80.67 87.78 40.39 
44.48 58.22 24.77 51.83 51.55 37.26 38.68 1.55 77.84 50.31 44.98 23.47 17.32 75.74 41.31 54.13 23.73 32.8 52.61 69.77 0 14.77 55.97 
21.52 31.76 3.86 28.42 26.88 14.47 15.23 28.32 52.47 25.29 16.07 0 11.06 50.21 12.46 24.06 21.06 26.46 26.73 43.25 42.15 44.22 25.99 
30.35 41.02 7.7 36.69 36.45 23.82 24.67 19.27 61.52 34.61 26.95 5.08 0 59.33 27.97 34.8 8.88 19.6 35.76 54.63 30.09 35.53 36.57 
21.52 31.76 3.86 28.42 26.88 14.47 15.23 28.32 52.47 25.29 16.07 0 11.06 50.21 12.46 24.06 21.06 26.46 26.73 43.25 42.15 44.22 25.99 
30.35 41.02 7.7 36.69 36.45 23.82 24.67 19.27 61.52 34.61 26.95 5.08 0 59.33 27.97 34.8 8.88 19.6 35.76 54.63 30.09 35.53 36.57 
3.95 30.8 15.04 8.9 9.24 0 32.9 42.66 32.51 36.51 13.92 15.51 28.5 30.57 10.5 11.65 32.46 16.64 9.69 25.52 56.92 60.81 13.71 
28.83 13.32 21.6 28.64 33.89 31.11 0 42.16 32.77 7.19 15.79 18.5 30.42 30.84 21.21 20.04 39.58 48.14 20.56 56.15 63.27 56.52 21.98 
46.28 54.55 22.3 53.27 53.07 38.04 35.29 0 74.44 46.55 41.19 21 14.67 72.32 38.17 50.44 25.98 34.96 51.28 70.61 11.95 17.08 52.31 
25.95 54.35 41.41 24.44 22.03 24.61 56.57 71.53 27.18 60.92 38.69 41.97 56.07 39.56 31.91 38.62 57.85 41.86 34.79 0 80.67 87.78 40.39 
44.48 58.22 24.77 51.83 51.55 37.26 38.68 1.55 77.84 50.31 44.98 23.47 17.32 75.74 41.31 54.13 23.73 32.8 52.61 69.77 0 14.77 55.97 
63.3 69.22 41.52 70.14 71.76 56.39 54.05 14.09 93.96 65.09 68.85 40.17 34 92 64.16 71.47 30.25 52.44 70.86 88.44 13.72 0 73.13 
63.3 69.22 41.52 70.14 71.76 56.39 54.05 14.09 93.96 65.09 68.85 40.17 34 92 64.16 71.47 30.25 52.44 70.86 88.44 13.72 0 73.13 
9.11 26.25 27.54 7.09 12.84 10.59 20.11 55.44 31.15 26.71 8.12 26.34 39.15 29.21 10.86 1.98 44.7 27.48 0.83 35.57 69.23 72.83 0 
22.51 21.48 40.36 15.13 18.84 24 23.85 68.91 21.05 27.61 24.82 40.63 54.8 0 25.1 15.85 59.39 40.34 12.36 39.4 82.26 82.13 17.82 
5.18 28.17 13.23 13.34 10.94 8.69 18.25 45.42 36.18 28.18 4.84 13.64 30.93 34.26 0 8.4 34.27 25.67 11.28 32.14 55.75 68.61 10.49 
11.11 25.19 25.63 9.11 14.81 12.57 19.06 55.43 30.06 25.64 6.8 25.12 39.3 28.12 9.56 0 43.5 29.3 2.14 37.31 67.9 74.46 1.31 
10.2 24.6 17.32 7.53 13.26 11.99 14.99 47.66 32.72 25.06 0 16.79 32.72 30.78 3.02 3.89 36.05 28.75 5.4 35.94 59.9 65.41 5.22 
21.52 31.76 3.86 28.42 26.88 14.47 15.23 28.32 52.47 25.29 16.07 0 11.06 50.21 12.46 24.06 21.06 26.46 26.73 43.25 42.15 44.22 25.99 
30.35 41.02 7.7 36.69 36.45 23.82 24.67 19.27 61.52 34.61 26.95 5.08 0 59.33 27.97 34.8 8.88 19.6 35.76 54.63 30.09 35.53 36.57 
22.51 21.48 40.36 15.13 18.84 24 23.85 68.91 21.05 27.61 24.82 40.63 54.8 0 25.1 15.85 59.39 40.34 12.36 39.4 82.26 82.13 17.82 
22.51 21.48 40.36 15.13 18.84 24 23.85 68.91 21.05 27.61 24.82 40.63 54.8 0 25.1 15.85 59.39 40.34 12.36 39.4 82.26 82.13 17.82 
5.18 28.17 13.23 13.34 10.94 8.69 18.25 45.42 36.18 28.18 4.84 13.64 30.93 34.26 0 8.4 34.27 25.67 11.28 32.14 55.75 68.61 10.49 
11.11 25.19 25.63 9.11 14.81 12.57 19.06 55.43 30.06 25.64 6.8 25.12 39.3 28.12 9.56 0 43.5 29.3 2.14 37.31 67.9 74.46 1.31 
44.48 58.22 24.77 51.83 51.55 37.26 38.68 1.55 77.84 50.31 44.98 23.47 17.32 75.74 41.31 54.13 23.73 32.8 52.61 69.77 0 14.77 55.97 
63.3 69.22 41.52 70.14 71.76 56.39 54.05 14.09 93.96 65.09 68.85 40.17 34 92 64.16 71.47 30.25 52.44 70.86 88.44 13.72 0 73.13 
9.11 26.25 27.54 7.09 12.84 10.59 20.11 55.44 31.15 26.71 8.12 26.34 39.15 29.21 10.86 1.98 44.7 27.48 0.83 35.57 69.23 72.83 0 
31.3 30.36 53.7 24.15 27.77 32.78 32.61 80.1 0 36.27 33.52 51.24 64.68 2.88 33.84 24.88 69.24 50.67 21.53 31.96 91.55 91.21 26.75 
35.4 3.44 31.63 33.72 38.87 36.89 14 55.58 38.88 0 28.05 28.66 41.21 36.72 30.05 29.09 52.12 55.5 25.8 64.62 75.92 67.69 30.92 
10.2 24.6 17.32 7.53 13.26 11.99 14.99 47.66 32.72 25.06 0 16.79 32.72 30.78 3.02 3.89 36.05 28.75 5.4 35.94 59.9 65.41 5.22 
35.14 55 18.6 41.75 41.46 29.09 36.48 26.91 66.95 47.15 37.05 17.9 12.23 64.79 33.69 42.19 0 19.53 42.56 54.38 23.51 33.61 44.14 
19.16 48.68 24.03 25.82 25.56 12.72 45.33 36.24 50.44 49.79 28.52 28.37 22.91 48.17 24.12 28.36 20.73 0 26.55 41.29 39.9 51.09 30.24 
7.02 25.31 25.61 5.33 10.78 8.51 22.02 53.3 29.24 25.77 9.27 26.06 37.12 27.28 10.67 1.49 42.48 25.55 0 33.72 66.2 70.84 2.83 
5.18 28.17 13.23 13.34 10.94 8.69 18.25 45.42 36.18 28.18 4.84 13.64 30.93 34.26 0 8.4 34.27 25.67 11.28 32.14 55.75 68.61 10.49 
11.11 25.19 25.63 9.11 14.81 12.57 19.06 55.43 30.06 25.64 6.8 25.12 39.3 28.12 9.56 0 43.5 29.3 2.14 37.31 67.9 74.46 1.31 
35.14 55 18.6 41.75 41.46 29.09 36.48 26.91 66.95 47.15 37.05 17.9 12.23 64.79 33.69 42.19 0 19.53 42.56 54.38 23.51 33.61 44.14 
19.16 48.68 24.03 25.82 25.56 12.72 45.33 36.24 50.44 49.79 28.52 28.37 22.91 48.17 24.12 28.36 20.73 0 26.55 41.29 39.9 51.09 30.24 
9.11 26.25 27.54 7.09 12.84 10.59 20.11 55.44 31.15 26.71 8.12 26.34 39.15 29.21 10.86 1.98 44.7 27.48 0.83 35.57 69.23 72.83 0 
35.14 55 18.6 41.75 41.46 29.09 36.48 26.91 66.95 47.15 37.05 17.9 12.23 64.79 33.69 42.19 0 19.53 42.56 54.38 23.51 33.61 44.14 
19.16 48.68 24.03 25.82 25.56 12.72 45.33 36.24 50.44 49.79 28.52 28.37 22.91 48.17 24.12 28.36 20.73 0 26.55 41.29 39.9 51.09 30.24 
7.02 25.31 25.61 5.33 10.78 8.51 22.02 53.3 29.24 25.77 9.27 26.06 37.12 27.28 10.67 1.49 42.48 25.55 0 33.72 66.2 70.84 2.83 
25.95 54.35 41.41 24.44 22.03 24.61 56.57 71.53 27.18 60.92 38.69 41.97 56.07 39.56 31.91 38.62 57.85 41.86 34.79 0 80.67 87.78 40.39 
44.48 58.22 24.77 51.83 51.55 37.26 38.68 1.55 77.84 50.31 44.98 23.47 17.32 75.74 41.31 54.13 23.73 32.8 52.61 69.77 0 14.77 55.97 
21.52 31.76 3.86 28.42 26.88 14.47 15.23 28.32 52.47 25.29 16.07 0 11.06 50.21 12.46 24.06 21.06 26.46 26.73 43.25 42.15 44.22 25.99 
30.35 41.02 7.7 36.69 36.45 23.82 24.67 19.27 61.52 34.61 26.95 5.08 0 59.33 27.97 34.8 8.88 19.6 35.76 54.63 30.09 35.53 36.57 
22.51 21.48 40.36 15.13 18.84 24 23.85 68.91 21.05 27.61 24.82 40.63 54.8 0 25.1 15.85 59.39 40.34 12.36 39.4 82.26 82.13 17.82 
5.18 28.17 13.23 13.34 10.94 8.69 18.25 45.42 36.18 28.18 4.84 13.64 30.93 34.26 0 8.4 34.27 25.67 11.28 32.14 55.75 68.61 10.49 
11.11 25.19 25.63 9.11 14.81 12.57 19.06 55.43 30.06 25.64 6.8 25.12 39.3 28.12 9.56 0 43.5 29.3 2.14 37.31 67.9 74.46 1.31 
25.95 54.35 41.41 24.44 22.03 24.61 56.57 71.53 27.18 60.92 38.69 41.97 56.07 39.56 31.91 38.62 57.85 41.86 34.79 0 80.67 87.78 40.39 
44.48 58.22 24.77 51.83 51.55 37.26 38.68 1.55 77.84 50.31 44.98 23.47 17.32 75.74 41.31 54.13 23.73 32.8 52.61 69.77 0 14.77 55.97 
63.3 69.22 41.52 70.14 71.76 56.39 54.05 14.09 93.96 65.09 68.85 40.17 34 92 64.16 71.47 30.25 52.44 70.86 88.44 13.72 0 73.13 
9.11 26.25 27.54 7.09 12.84 10.59 20.11 55.44 31.15 26.71 8.12 26.34 39.15 29.21 10.86 1.98 44.7 27.48 0.83 35.57 69.23 72.83 0 
7.02 25.31 25.61 5.33 10.78 8.51 22.02 53.3 29.24 25.77 9.27 26.06 37.12 27.28 10.67 1.49 42.48 25.55 0 33.72 66.2 70.84 2.83 
25.95 54.35 41.41 24.44 22.03 24.61 56.57 71.53 27.18 60.92 38.69 41.97 56.07 39.56 31.91 38.62 57.85 41.86 34.79 0 80.67 87.78 40.39 
44.48 58.22 24.77 51.83 51.55 37.26 38.68 1.55 77.84 50.31 44.98 23.47 17.32 75.74 41.31 54.13 23.73 32.8 52.61 69.77 0 14.77 55.97 
63.3 69.22 41.52 70.14 71.76 56.39 54.05 14.09 93.96 65.09 68.85 40.17 34 92 64.16 71.47 30.25 52.44 70.86 88.44 13.72 0 73.13 
9.11 26.25 27.54 7.09 12.84 10.59 20.11 55.44 31.15 26.71 8.12 26.34 39.15 29.21 10.86 1.98 44.7 27.48 0.83 35.57 69.23 72.83 0 
63.3 69.22 41.52 70.14 71.76 56.39 54.05 14.09 93.96 65.09 68.85 40.17 34 92 64.16 71.47 30.25 52.44 70.86 88.44 13.72 0 73.13 
9.11 26.25 27.54 7.09 12.84 10.59 20.11 55.44 31.15 26.71 8.12 26.34 39.15 29.21 10.86 1.98 44.7 27.48 0.83 35.57 69.23 72.83 0 
35.14 55 18.6 41.75 41.46 29.09 36.48 26.91 66.95 47.15 37.05 17.9 12.23 64.79 33.69 42.19 0 19.53 42.56 54.38 23.51 33.61 44.14 
19.16 48.68 24.03 25.82 25.56 12.72 45.33 36.24 50.44 49.79 28.52 28.37 22.91 48.17 24.12 28.36 20.73 0 26.55 41.29 39.9 51.09 30.24 
7.02 25.31 25.61 5.33 10.78 8.51 22.02 53.3 29.24 25.77 9.27 26.06 37.12 27.28 10.67 1.49 42.48 25.55 0 33.72 66.2 70.84 2.83 
25.95 54.35 41.41 24.44 22.03 24.61 56.57 71.53 27.18 60.92 38.69 41.97 56.07 39.56 31.91 38.62 57.85 41.86 34.79 0 80.67 87.78 40.39 
44.48 58.22 24.77 51.83 51.55 37.26 38.68 1.55 77.84 50.31 44.98 23.47 17.32 75.74 41.31 54.13 23.73 32.8 52.61 69.77 0 14.77 55.97 
63.3 69.22 41.52 70.14 71.76 56.39 54.05 14.09 93.96 65.09 68.85 40.17 34 92 64.16 71.47 30.25 52.44 70.86 88.44 13.72 0 73.13 
9.11 26.25 27.54 7.09 12.84 10.59 20.11 55.44 31.15 26.71 8.12 26.34 39.15 29.21 10.86 1.98 44.7 27.48 0.83 35.57 69.23 72.83 0 
GEN 0 749.320000
GEN 0 750.520000
GEN 0 767.740000
GEN 0 778.620000
GEN 0 750.650000
GEN 0 741.580000
TIEMPO 0 767.740000
GEN 0 733.500000
GEN 0 728.260000
GEN 0 763.120000
GEN 0 685.580000
GEN 0 755.400000
GEN 0 729.910000
GEN 0 750.210000
GEN 0 791.980000
TIEMPO 0 767.970000
GEN 0 750.800000
TIEMPO 0 742.600000
TIEMPO 0 778.620000
TIEMPO 0 690.450000
TIEMPO 0 728.260000
TIEMPO 0 685.580000
TIEMPO 0 755.400000
TIEMPO 0 750.210000
TIEMPO 0 750.800000
TIEMPO 0 731.730000
TIEMPO 0 733.500000
TIEMPO 0 763.120000
TIEMPO 0 729.910000
TIEMPO 0 735.310000
GEN 0 747.700000
TIEMPO 0 747.700000
GEN 0 740.060000
GEN 0 784.910000
GEN 0 713.260000
TIEMPO 0 735.450000
TIEMPO 0 750.430000
TIEMPO 0 713.260000
GEN 0 772.180000
GEN 0 767.570000
TIEMPO 0 758.940000
TIEMPO 0 667.670000
GEN 0 751.770000
GEN 0 737.040000
TIEMPO 0 751.770000
TIEMPO 0 735.960000
GEN 0 816.650000
TIEMPO 0 797.470000
GREEDY 0 0.049664
GREEDY 0 0.067158
GREEDY 0 0.065461
GREEDY 0 0.086722
GREEDY 0 0.086934
GREEDY 5 0.076776
GREEDY 0 0.085647
GREEDY 0 0.086771
GREEDY 5 0.086980
GREEDY 0 0.121644
GREEDY 0 0.123100
GREEDY 0 0.123308
GREEDY 0 0.109330
GREEDY 0 0.130643
GREEDY 0 0.139116
GREEDY 0 0.145777
GREEDY 5 0.138172
GREEDY 0 0.163258
GREEDY 5 0.169473
GREEDY 5 0.172876
GREEDY 5 0.157468
GREEDY 5 0.184774
GREEDY 5 0.185006
GREEDY 5 0.189754
GREEDY 5 0.203240
GREEDY 0 0.197314
GREEDY 5 0.216544
GREEDY 5 0.219265
GREEDY 0 0.230865
GREEDY 5 0.240482
GEN 2500 398.470000
GREEDY 0 0.251973
GREEDY 0 0.257517
GEN 2500 405.510000
GEN 2500 428.440000
GREEDY 5 0.261975
GREEDY 10 0.260395
GREEDY 0 0.266546
GEN 2500 400.360000
GEN 2500 424.790000
GEN 2500 422.300000
GEN 2500 383.030000
GEN 2500 405.780000
GEN 2500 422.590000
GEN 2500 399.240000
GREEDY 5 0.306167
GEN 2500 389.490000
GREEDY 0 0.306828
GREEDY 0 0.308491
GREEDY 5 0.309300
GREEDY 5 0.310464
GREEDY 5 0.318568
GEN 2500 389.500000
GREEDY 10 0.315257
GREEDY 0 0.340055
GREEDY 0 0.334834
GEN 2500 400.140000
GEN 2500 384.010000
GEN 2500 393.670000
GEN 2500 399.720000
GREEDY 10 0.376487
GEN 2500 417.640000
GREEDY 10 0.375765
GEN 2500 390.000000
GEN 2500 402.520000
GEN 2500 399.440000
GEN 2500 422.980000
GEN 2500 391.310000
GEN 2500 414.520000
GEN 2500 418.050000
GREEDY 10 0.432126
GREEDY 5 0.439465
GEN 5000 392.730000
GREEDY 10 0.483985
GEN 5000 395.250000
GEN 5000 396.140000
GREEDY 5 0.543888
GEN 5000 392.210000
GEN 5000 375.910000
GREEDY 5 0.556825
GREEDY 10 0.541750
GEN 5000 400.110000
GEN 5000 407.580000
GEN 5000 383.030000
GEN 5000 388.240000
GREEDY 10 0.573914
GEN 5000 374.670000
GEN 5000 389.490000
GEN 5000 396.510000
GEN 5000 372.710000
GEN 5000 390.990000
GEN 5000 371.800000
GEN 5000 384.010000
GEN 5000 399.720000
GEN 5000 410.560000
GEN 5000 388.690000
GEN 5000 421.290000
GEN 5000 398.190000
GEN 5000 390.010000
GEN 5000 398.480000
GEN 7500 380.710000
GEN 5000 414.460000
GREEDY 5 0.789215
GEN 7500 396.140000
GEN 7500 395.250000
GEN 7500 387.760000
GEN 7500 396.480000
GEN 7500 375.910000
GEN 7500 406.270000
GEN 7500 396.360000
GEN 7500 374.670000
GEN 7500 390.990000
GEN 7500 383.030000
GEN 7500 382.990000
GEN 7500 389.490000
GREEDY 5 0.863939
GEN 7500 372.710000
GEN 7500 365.360000
GEN 7500 384.010000
GEN 7500 404.520000
GEN 7500 399.720000
GEN 7500 388.690000
GEN 7500 421.290000
GEN 7500 390.010000
GEN 7500 398.190000
GEN 7500 398.480000
GEN 7500 398.270000
GEN 10000 380.710000
TIEMPO 0.990486 380.710000
TIEMPO 1 390.070000
TIEMPO 1 398.270000
TIEMPO 1 396.140000
TIEMPO 1 390.010000
TIEMPO 1 394.050000
TIEMPO 1 388.690000
TIEMPO 1 390.990000
TIEMPO 1 375.910000
TIEMPO 1 382.990000
TIEMPO 1 406.270000
TIEMPO 1 389.490000
TIEMPO 1 374.670000
TIEMPO 1 398.480000
TIEMPO 1 399.720000
TIEMPO 1 391.060000
TIEMPO 1 398.190000
TIEMPO 1 421.290000
TIEMPO 1 396.520000
TIEMPO 1 387.730000
TIEMPO 1 383.030000
TIEMPO 1 384.010000
TIEMPO 1 372.710000
TIEMPO 1 365.360000
GREEDY 10 1.025321
GEN 10000 394.050000
TIEMPO 1.038759 394.050000
GREEDY 15 1.032352
GEN 10000 396.140000
TIEMPO 1.059938 396.140000
GEN 10000 388.660000
TIEMPO 1.067063 388.660000
GEN 10000 375.750000
TIEMPO 1.079048 375.750000
GEN 10000 375.910000
TIEMPO 1.089614 375.910000
GEN 10000 406.270000
TIEMPO 1.094525 406.270000
GEN 10000 390.990000
TIEMPO 1.102758 390.990000
GEN 10000 391.060000
TIEMPO 1.104492 391.060000
GEN 10000 374.670000
TIEMPO 1.108421 374.670000
GEN 10000 389.490000
TIEMPO 1.113807 389.490000
GEN 10000 382.990000
TIEMPO 1.119306 382.990000
GEN 10000 383.030000
TIEMPO 1.110039 383.030000
GEN 10000 372.710000
TIEMPO 1.143840 372.710000
GEN 10000 358.290000
TIEMPO 1.145352 358.290000
GEN 10000 384.010000
TIEMPO 1.153552 384.010000
GEN 10000 396.520000
TIEMPO 1.181629 396.520000
GEN 10000 399.720000
TIEMPO 1.192150 399.720000
GEN 10000 388.690000
TIEMPO 1.200534 388.690000
GEN 10000 398.270000
TIEMPO 1.201066 398.270000
GEN 10000 421.290000
TIEMPO 1.196703 421.290000
GEN 10000 390.010000
TIEMPO 1.215929 390.010000
GEN 10000 398.480000
TIEMPO 1.220519 398.480000
GEN 10000 398.190000
TIEMPO 1.215099 398.190000

 Current State ---------------------------------------------
Solution:  17 20 7 21 0 10 6 9 1 0 4 14 11 23 0 5 2 12 16 0 3 15 22 18 0 19 8 13 0 0 0 0 0 0 0 0 0 0 0 0 0 0 0 0 0 Fitness: 358.29

 :( ---------------------- THE END --------------- :) 
