Dimension>35
Bandera>13
Fitness Greedy Costo>323
Solucion Greedy Costo>2 9 12 11 0 6 10 3 0 7 13 14 5 0 8 18 17 15 0 4 16 0 1 0 0 0 0 0 0 0 0 0 0 0 0 
Linea Vacia>
Matriz de Costos>
0 50.13 1.81 10.62 46.09 15.01 8.3 11.76 21.42 3.48 14.02 5 4.76 27.53 27.53 53.47 60.88 40.38 
48.35 0 46.35 59.85 87.9 34.01 53.91 34.28 38.86 45.25 61.69 44.88 43.63 27.5 27.5 44.45 55.98 33.6 
1.89 46.62 0 10.66 46.19 11.51 8.34 8.2 18.02 1.69 13.53 3.27 3.04 24.24 24.24 49.98 57.5 36.97 
11.98 57.27 11.03 0 42.71 24.36 11.58 18.48 30.49 12.33 8.65 13.46 17.66 33.56 33.56 64.09 71.28 51.42 
42.11 88.23 42.3 41.61 0 53.06 37.86 57.16 53.15 44.92 32.37 39.01 49.51 76.51 76.51 40.32 33.48 52.2 
13.96 34.85 11.93 22.78 58.18 0 19.32 13.29 4.68 10.84 25.49 10.64 15.03 16.54 16.54 37.21 43.38 25.96 
6.3 55.38 6.47 10.78 39.36 16.56 0 18.14 22.93 8.13 7.69 4.39 12.34 34.62 34.62 53.38 58.02 42.02 
15.03 39.46 11.46 24.27 62.08 18.56 22.32 0 23.81 9.5 29.1 14.59 8 13.51 13.51 57.46 63.32 44.44 
16.22 35.34 14.21 24.96 58.09 0.9 21.54 15.57 0 13.14 27.66 12.94 17.29 18.78 18.78 35.4 43.33 24.05 
3.53 45.43 1.66 13.47 47.43 10.93 9.11 6.97 17.46 0 15.99 3.2 2.36 23.09 23.09 49.31 56.85 36.44 
10.63 60.43 10.8 4.02 34.65 20.57 4.09 21.54 26.83 12.14 0 9.43 16.31 38.54 38.54 60.65 67.97 47.73 
4.17 48.83 3.58 11.81 43.35 10.44 5.26 12.06 16.98 3.65 14.81 0 5.37 29.17 29.17 48.84 56.39 36.01 
3.65 43.65 1.8 13 48.65 11.98 10.16 5.36 18.48 1.57 17.03 3.28 0 21.58 21.58 50.56 58.07 37.42 
23.76 30.69 20.34 31.81 69.49 9.91 30.4 6.94 15.37 18.46 36.42 22.14 16.98 0 0 48.82 54.83 35.9 
23.76 30.69 20.34 31.81 69.49 9.91 30.4 6.94 15.37 18.46 36.42 22.14 16.98 0 0 48.82 54.83 35.9 
50.77 45.05 48.79 62.35 43.47 32.12 51.9 50.5 32.57 47.69 55.57 47.31 52.28 42.3 42.3 0 13.95 11.28 
57.01 57.23 55.08 68.33 33.27 35.68 56.14 57.09 36.09 54.02 59.84 53.64 58.5 48.06 48.06 10.61 0 21.98 
46.81 43.15 44.8 59.55 47.28 27.02 45.99 46.8 27.5 43.69 49.65 43.31 48.3 38.09 38.09 6.56 16.34 0 
Dimension>35
Bandera>13
Fitness Greedy Costo>323
Solucion Greedy Costo>2 9 12 11 0 6 10 3 0 7 13 14 5 0 8 18 17 15 0 4 16 0 1 0 0 0 0 0 0 0 0 0 0 0 0 
Linea Vacia>
Dimension>35
Bandera>13
Fitness Greedy Costo>323
Solucion Greedy Costo>2 9 12 11 0 6 10 3 0 7 13 14 5 0 8 18 17 15 0 4 16 0 1 0 0 0 0 0 0 0 0 0 0 0 0 
Linea Vacia>
Matriz de Costos>
0 50.13 1.81 10.62 46.09 15.01 8.3 11.76 21.42 3.48 14.02 5 4.76 27.53 27.53 53.47 60.88 40.38 
Dimension>35
Bandera>13
Fitness Greedy Costo>323
Solucion Greedy Costo>2 9 12 11 0 6 10 3 0 7 13 14 5 0 8 18 17 15 0 4 16 0 1 0 0 0 0 0 0 0 0 0 0 0 0 
Linea Vacia>
Matriz de Costos>
0 50.13 1.81 10.62 46.09 15.01 8.3 11.76 21.42 3.48 14.02 5 4.76 27.53 27.53 53.47 60.88 40.38 
48.35 0 46.35 59.85 87.9 34.01 53.91 34.28 38.86 45.25 61.69 44.88 43.63 27.5 27.5 44.45 55.98 33.6 
1.89 46.62 0 10.66 46.19 11.51 8.34 8.2 18.02 1.69 13.53 3.27 3.04 24.24 24.24 49.98 57.5 36.97 
11.98 57.27 11.03 0 42.71 24.36 11.58 18.48 30.49 12.33 8.65 13.46 17.66 33.56 33.56 64.09 71.28 51.42 
42.11 88.23 42.3 41.61 0 53.06 37.86 57.16 53.15 44.92 32.37 39.01 49.51 76.51 76.51 40.32 33.48 52.2 
13.96 34.85 11.93 22.78 58.18 0 19.32 13.29 4.68 10.84 25.49 10.64 15.03 16.54 16.54 37.21 43.38 25.96 
6.3 55.38 6.47 10.78 39.36 16.56 0 18.14 22.93 8.13 7.69 4.39 12.34 34.62 34.62 53.38 58.02 42.02 
15.03 39.46 11.46 24.27 62.08 18.56 22.32 0 23.81 9.5 29.1 14.59 8 13.51 13.51 57.46 63.32 44.44 
16.22 35.34 14.21 24.96 58.09 0.9 21.54 15.57 0 13.14 27.66 12.94 17.29 18.78 18.78 35.4 43.33 24.05 
3.53 45.43 1.66 13.47 47.43 10.93 9.11 6.97 17.46 0 15.99 3.2 2.36 23.09 23.09 49.31 56.85 36.44 
10.63 60.43 10.8 4.02 34.65 20.57 4.09 21.54 26.83 12.14 0 9.43 16.31 38.54 38.54 60.65 67.97 47.73 
4.17 48.83 3.58 11.81 43.35 10.44 5.26 12.06 16.98 3.65 14.81 0 5.37 29.17 29.17 48.84 56.39 36.01 
3.65 43.65 1.8 13 48.65 11.98 10.16 5.36 18.48 1.57 17.03 3.28 0 21.58 21.58 50.56 58.07 37.42 
23.76 30.69 20.34 31.81 69.49 9.91 30.4 6.94 15.37 18.46 36.42 22.14 16.98 0 0 48.82 54.83 35.9 
23.76 30.69 20.34 31.81 69.49 9.91 30.4 6.94 15.37 18.46 36.42 22.14 16.98 0 0 48.82 54.83 35.9 
Dimension>35
Bandera>13
Fitness Greedy Costo>323
Solucion Greedy Costo>2 9 12 11 0 6 10 3 0 7 13 14 5 0 8 18 17 15 0 4 16 0 1 0 0 0 0 0 0 0 0 0 0 0 0 
Linea Vacia>
Matriz de Costos>
0 50.13 1.81 10.62 46.09 15.01 8.3 11.76 21.42 3.48 14.02 5 4.76 27.53 27.53 53.47 60.88 40.38 
48.35 0 46.35 59.85 87.9 34.01 53.91 34.28 38.86 45.25 61.69 44.88 43.63 27.5 27.5 44.45 55.98 33.6 
1.89 46.62 0 10.66 46.19 11.51 8.34 8.2 18.02 1.69 13.53 3.27 3.04 24.24 24.24 49.98 57.5 36.97 
11.98 57.27 11.03 0 42.71 24.36 11.58 18.48 30.49 12.33 8.65 13.46 17.66 33.56 33.56 64.09 71.28 51.42 
42.11 88.23 42.3 41.61 0 53.06 37.86 57.16 53.15 44.92 32.37 39.01 49.51 76.51 76.51 40.32 33.48 52.2 
13.96 34.85 11.93 22.78 58.18 0 19.32 13.29 4.68 10.84 25.49 10.64 15.03 16.54 16.54 37.21 43.38 25.96 
6.3 55.38 6.47 10.78 39.36 16.56 0 18.14 22.93 8.13 7.69 4.39 12.34 34.62 34.62 53.38 58.02 42.02 
15.03 39.46 11.46 24.27 62.08 18.56 22.32 0 23.81 9.5 29.1 14.59 8 13.51 13.51 57.46 63.32 44.44 
16.22 35.34 14.21 24.96 58.09 0.9 21.54 15.57 0 13.14 27.66 12.94 17.29 18.78 18.78 35.4 43.33 24.05 
3.53 45.43 1.66 13.47 47.43 10.93 9.11 6.97 17.46 0 15.99 3.2 2.36 23.09 23.09 49.31 56.85 36.44 
10.63 60.43 10.8 4.02 34.65 20.57 4.09 21.54 26.83 12.14 0 9.43 16.31 38.54 38.54 60.65 67.97 47.73 
4.17 48.83 3.58 11.81 43.35 10.44 5.26 12.06 16.98 3.65 14.81 0 5.37 29.17 29.17 48.84 56.39 36.01 
3.65 43.65 1.8 13 48.65 11.98 10.16 5.36 18.48 1.57 17.03 3.28 0 21.58 21.58 50.56 58.07 37.42 
23.76 30.69 20.34 31.81 69.49 9.91 30.4 6.94 15.37 18.46 36.42 22.14 16.98 0 0 48.82 54.83 35.9 
23.76 30.69 20.34 31.81 69.49 9.91 30.4 6.94 15.37 18.46 36.42 22.14 16.98 0 0 48.82 54.83 35.9 
50.77 45.05 48.79 62.35 43.47 32.12 51.9 50.5 32.57 47.69 55.57 47.31 52.28 42.3 42.3 0 13.95 11.28 
57.01 57.23 55.08 68.33 33.27 35.68 56.14 57.09 36.09 54.02 59.84 53.64 58.5 48.06 48.06 10.61 0 21.98 
46.81 43.15 44.8 59.55 47.28 27.02 45.99 46.8 27.5 43.69 49.65 43.31 48.3 38.09 38.09 6.56 16.34 0 
Dimension>35
Bandera>13
Fitness Greedy Costo>323
Solucion Greedy Costo>2 9 12 11 0 6 10 3 0 7 13 14 5 0 8 18 17 15 0 4 16 0 1 0 0 0 0 0 0 0 0 0 0 0 0 
Linea Vacia>
Matriz de Costos>
0 50.13 1.81 10.62 46.09 15.01 8.3 11.76 21.42 3.48 14.02 5 4.76 27.53 27.53 53.47 60.88 40.38 
48.35 0 46.35 59.85 87.9 34.01 53.91 34.28 38.86 45.25 61.69 44.88 43.63 27.5 27.5 44.45 55.98 33.6 
1.89 46.62 0 10.66 46.19 11.51 8.34 8.2 18.02 1.69 13.53 3.27 3.04 24.24 24.24 49.98 57.5 36.97 
11.98 57.27 11.03 0 42.71 24.36 11.58 18.48 30.49 12.33 8.65 13.46 17.66 33.56 33.56 64.09 71.28 51.42 
42.11 88.23 42.3 41.61 0 53.06 37.86 57.16 53.15 44.92 32.37 39.01 49.51 76.51 76.51 40.32 33.48 52.2 
13.96 34.85 11.93 22.78 58.18 0 19.32 13.29 4.68 10.84 25.49 10.64 15.03 16.54 16.54 37.21 43.38 25.96 
6.3 55.38 6.47 10.78 39.36 16.56 0 18.14 22.93 8.13 7.69 4.39 12.34 34.62 34.62 53.38 58.02 42.02 
15.03 39.46 11.46 24.27 62.08 18.56 22.32 0 23.81 9.5 29.1 14.59 8 13.51 13.51 57.46 63.32 44.44 
16.22 35.34 14.21 24.96 58.09 0.9 21.54 15.57 0 13.14 27.66 12.94 17.29 18.78 18.78 35.4 43.33 24.05 
3.53 45.43 1.66 13.47 47.43 10.93 9.11 6.97 17.46 0 15.99 3.2 2.36 23.09 23.09 49.31 56.85 36.44 
10.63 60.43 10.8 4.02 34.65 20.57 4.09 21.54 26.83 12.14 0 9.43 16.31 38.54 38.54 60.65 67.97 47.73 
4.17 48.83 3.58 11.81 43.35 10.44 5.26 12.06 16.98 3.65 14.81 0 5.37 29.17 29.17 48.84 56.39 36.01 
3.65 43.65 1.8 13 48.65 11.98 10.16 5.36 18.48 1.57 17.03 3.28 0 21.58 21.58 50.56 58.07 37.42 
23.76 30.69 20.34 31.81 69.49 9.91 30.4 6.94 15.37 18.46 36.42 22.14 16.98 0 0 48.82 54.83 35.9 
23.76 30.69 20.34 31.81 69.49 9.91 30.4 6.94 15.37 18.46 36.42 22.14 16.98 0 0 48.82 54.83 35.9 
50.77 45.05 48.79 62.35 43.47 32.12 51.9 50.5 32.57 47.69 55.57 47.31 52.28 42.3 42.3 0 13.95 11.28 
57.01 57.23 55.08 68.33 33.27 35.68 56.14 57.09 36.09 54.02 59.84 53.64 58.5 48.06 48.06 10.61 0 21.98 
46.81 43.15 44.8 59.55 47.28 27.02 45.99 46.8 27.5 43.69 49.65 43.31 48.3 38.09 38.09 6.56 16.34 0 
Dimension>35
Bandera>13
Fitness Greedy Costo>323
Solucion Greedy Costo>2 9 12 11 0 6 10 3 0 7 13 14 5 0 8 18 17 15 0 4 16 0 1 0 0 0 0 0 0 0 0 0 0 0 0 
Linea Vacia>
Matriz de Costos>
0 50.13 1.81 10.62 46.09 15.01 8.3 11.76 21.42 3.48 14.02 5 4.76 27.53 27.53 53.47 60.88 40.38 
48.35 0 46.35 59.85 87.9 34.01 53.91 34.28 38.86 45.25 61.69 44.88 43.63 27.5 27.5 44.45 55.98 33.6 
1.89 46.62 0 10.66 46.19 11.51 8.34 8.2 18.02 1.69 13.53 3.27 3.04 24.24 24.24 49.98 57.5 36.97 
11.98 57.27 11.03 0 42.71 24.36 11.58 18.48 30.49 12.33 8.65 13.46 17.66 33.56 33.56 64.09 71.28 51.42 
42.11 88.23 42.3 41.61 0 53.06 37.86 57.16 53.15 44.92 32.37 39.01 49.51 76.51 76.51 40.32 33.48 52.2 
13.96 34.85 11.93 22.78 58.18 0 19.32 13.29 4.68 10.84 25.49 10.64 15.03 16.54 16.54 37.21 43.38 25.96 
6.3 55.38 6.47 10.78 39.36 16.56 0 18.14 22.93 8.13 7.69 4.39 12.34 34.62 34.62 53.38 58.02 42.02 
15.03 39.46 11.46 24.27 62.08 18.56 22.32 0 23.81 9.5 29.1 14.59 8 13.51 13.51 57.46 63.32 44.44 
16.22 35.34 14.21 24.96 58.09 0.9 21.54 15.57 0 13.14 27.66 12.94 17.29 18.78 18.78 35.4 43.33 24.05 
3.53 45.43 1.66 13.47 47.43 10.93 9.11 6.97 17.46 0 15.99 3.2 2.36 23.09 23.09 49.31 56.85 36.44 
10.63 60.43 10.8 4.02 34.65 20.57 4.09 21.54 26.83 12.14 0 9.43 16.31 38.54 38.54 60.65 67.97 47.73 
4.17 48.83 3.58 11.81 43.35 10.44 5.26 12.06 16.98 3.65 14.81 0 5.37 29.17 29.17 48.84 56.39 36.01 
3.65 43.65 1.8 13 48.65 11.98 10.16 5.36 18.48 1.57 17.03 3.28 0 21.58 21.58 50.56 58.07 37.42 
23.76 30.69 20.34 31.81 69.49 9.91 30.4 6.94 15.37 18.46 36.42 22.14 16.98 0 0 48.82 54.83 35.9 
23.76 30.69 20.34 31.81 69.49 9.91 30.4 6.94 15.37 18.46 36.42 22.14 16.98 0 0 48.82 54.83 35.9 
50.77 45.05 48.79 62.35 43.47 32.12 51.9 50.5 32.57 47.69 55.57 47.31 52.28 42.3 42.3 0 13.95 11.28 
Dimension>35
Bandera>13
Fitness Greedy Costo>323
Solucion Greedy Costo>2 9 12 11 0 6 10 3 0 7 13 14 5 0 8 18 17 15 0 4 16 0 1 0 0 0 0 0 0 0 0 0 0 0 0 
Linea Vacia>
Matriz de Costos>
0 50.13 1.81 10.62 46.09 15.01 8.3 11.76 21.42 3.48 14.02 5 4.76 27.53 27.53 53.47 60.88 40.38 
48.35 0 46.35 59.85 87.9 34.01 53.91 34.28 38.86 45.25 61.69 44.88 43.63 27.5 27.5 44.45 55.98 33.6 
1.89 46.62 0 10.66 46.19 11.51 8.34 8.2 18.02 1.69 13.53 3.27 3.04 24.24 24.24 49.98 57.5 36.97 
11.98 57.27 11.03 0 42.71 24.36 11.58 18.48 30.49 12.33 8.65 13.46 17.66 33.56 33.56 64.09 71.28 51.42 
42.11 88.23 42.3 41.61 0 53.06 37.86 57.16 53.15 44.92 32.37 39.01 49.51 76.51 76.51 40.32 33.48 52.2 
13.96 34.85 11.93 22.78 58.18 0 19.32 13.29 4.68 10.84 25.49 10.64 15.03 16.54 16.54 37.21 43.38 25.96 
6.3 55.38 6.47 10.78 39.36 16.56 0 18.14 22.93 8.13 7.69 4.39 12.34 34.62 34.62 53.38 58.02 42.02 
15.03 39.46 11.46 24.27 62.08 18.56 22.32 0 23.81 9.5 29.1 14.59 8 13.51 13.51 57.46 63.32 44.44 
16.22 35.34 14.21 24.96 58.09 0.9 21.54 15.57 0 13.14 27.66 12.94 17.29 18.78 18.78 35.4 43.33 24.05 
Matriz de Costos>
0 50.13 1.81 10.62 46.09 15.01 8.3 11.76 21.42 3.48 14.02 5 4.76 27.53 27.53 53.47 60.88 40.38 
48.35 0 46.35 59.85 87.9 34.01 53.91 34.28 38.86 45.25 61.69 44.88 43.63 27.5 27.5 44.45 55.98 33.6 
1.89 46.62 0 10.66 46.19 11.51 8.34 8.2 18.02 1.69 13.53 3.27 3.04 24.24 24.24 49.98 57.5 36.97 
11.98 57.27 11.03 0 42.71 24.36 11.58 18.48 30.49 12.33 8.65 13.46 17.66 33.56 33.56 64.09 71.28 51.42 
42.11 88.23 42.3 41.61 0 53.06 37.86 57.16 53.15 44.92 32.37 39.01 49.51 76.51 76.51 40.32 33.48 52.2 
13.96 34.85 11.93 22.78 58.18 0 19.32 13.29 4.68 10.84 25.49 10.64 15.03 16.54 16.54 37.21 43.38 25.96 
48.35 0 46.35 59.85 87.9 34.01 53.91 34.28 38.86 45.25 61.69 44.88 43.63 27.5 27.5 44.45 55.98 33.6 
1.89 46.62 0 10.66 46.19 11.51 8.34 8.2 18.02 1.69 13.53 3.27 3.04 24.24 24.24 49.98 57.5 36.97 
11.98 57.27 11.03 0 42.71 24.36 11.58 18.48 30.49 12.33 8.65 13.46 17.66 33.56 33.56 64.09 71.28 51.42 
42.11 88.23 42.3 41.61 0 53.06 37.86 57.16 53.15 44.92 32.37 39.01 49.51 76.51 76.51 40.32 33.48 52.2 
13.96 34.85 11.93 22.78 58.18 0 19.32 13.29 4.68 10.84 25.49 10.64 15.03 16.54 16.54 37.21 43.38 25.96 
6.3 55.38 6.47 10.78 39.36 16.56 0 18.14 22.93 8.13 7.69 4.39 12.34 34.62 34.62 53.38 58.02 42.02 
15.03 39.46 11.46 24.27 62.08 18.56 22.32 0 23.81 9.5 29.1 14.59 8 13.51 13.51 57.46 63.32 44.44 
50.77 45.05 48.79 62.35 43.47 32.12 51.9 50.5 32.57 47.69 55.57 47.31 52.28 42.3 42.3 0 13.95 11.28 
57.01 57.23 55.08 68.33 33.27 35.68 56.14 57.09 36.09 54.02 59.84 53.64 58.5 48.06 48.06 10.61 0 21.98 
46.81 43.15 44.8 59.55 47.28 27.02 45.99 46.8 27.5 43.69 49.65 43.31 48.3 38.09 38.09 6.56 16.34 0 
57.01 57.23 55.08 68.33 33.27 35.68 56.14 57.09 36.09 54.02 59.84 53.64 58.5 48.06 48.06 10.61 0 21.98 
46.81 43.15 44.8 59.55 47.28 27.02 45.99 46.8 27.5 43.69 49.65 43.31 48.3 38.09 38.09 6.56 16.34 0 
3.53 45.43 1.66 13.47 47.43 10.93 9.11 6.97 17.46 0 15.99 3.2 2.36 23.09 23.09 49.31 56.85 36.44 
10.63 60.43 10.8 4.02 34.65 20.57 4.09 21.54 26.83 12.14 0 9.43 16.31 38.54 38.54 60.65 67.97 47.73 
4.17 48.83 3.58 11.81 43.35 10.44 5.26 12.06 16.98 3.65 14.81 0 5.37 29.17 29.17 48.84 56.39 36.01 
3.65 43.65 1.8 13 48.65 11.98 10.16 5.36 18.48 1.57 17.03 3.28 0 21.58 21.58 50.56 58.07 37.42 
23.76 30.69 20.34 31.81 69.49 9.91 30.4 6.94 15.37 18.46 36.42 22.14 16.98 0 0 48.82 54.83 35.9 
23.76 30.69 20.34 31.81 69.49 9.91 30.4 6.94 15.37 18.46 36.42 22.14 16.98 0 0 48.82 54.83 35.9 
50.77 45.05 48.79 62.35 43.47 32.12 51.9 50.5 32.57 47.69 55.57 47.31 52.28 42.3 42.3 0 13.95 11.28 
6.3 55.38 6.47 10.78 39.36 16.56 0 18.14 22.93 8.13 7.69 4.39 12.34 34.62 34.62 53.38 58.02 42.02 
15.03 39.46 11.46 24.27 62.08 18.56 22.32 0 23.81 9.5 29.1 14.59 8 13.51 13.51 57.46 63.32 44.44 
16.22 35.34 14.21 24.96 58.09 0.9 21.54 15.57 0 13.14 27.66 12.94 17.29 18.78 18.78 35.4 43.33 24.05 
3.53 45.43 1.66 13.47 47.43 10.93 9.11 6.97 17.46 0 15.99 3.2 2.36 23.09 23.09 49.31 56.85 36.44 
10.63 60.43 10.8 4.02 34.65 20.57 4.09 21.54 26.83 12.14 0 9.43 16.31 38.54 38.54 60.65 67.97 47.73 
4.17 48.83 3.58 11.81 43.35 10.44 5.26 12.06 16.98 3.65 14.81 0 5.37 29.17 29.17 48.84 56.39 36.01 
16.22 35.34 14.21 24.96 58.09 0.9 21.54 15.57 0 13.14 27.66 12.94 17.29 18.78 18.78 35.4 43.33 24.05 
3.53 45.43 1.66 13.47 47.43 10.93 9.11 6.97 17.46 0 15.99 3.2 2.36 23.09 23.09 49.31 56.85 36.44 
10.63 60.43 10.8 4.02 34.65 20.57 4.09 21.54 26.83 12.14 0 9.43 16.31 38.54 38.54 60.65 67.97 47.73 
4.17 48.83 3.58 11.81 43.35 10.44 5.26 12.06 16.98 3.65 14.81 0 5.37 29.17 29.17 48.84 56.39 36.01 
3.65 43.65 1.8 13 48.65 11.98 10.16 5.36 18.48 1.57 17.03 3.28 0 21.58 21.58 50.56 58.07 37.42 
23.76 30.69 20.34 31.81 69.49 9.91 30.4 6.94 15.37 18.46 36.42 22.14 16.98 0 0 48.82 54.83 35.9 
23.76 30.69 20.34 31.81 69.49 9.91 30.4 6.94 15.37 18.46 36.42 22.14 16.98 0 0 48.82 54.83 35.9 
57.01 57.23 55.08 68.33 33.27 35.68 56.14 57.09 36.09 54.02 59.84 53.64 58.5 48.06 48.06 10.61 0 21.98 
46.81 43.15 44.8 59.55 47.28 27.02 45.99 46.8 27.5 43.69 49.65 43.31 48.3 38.09 38.09 6.56 16.34 0 
Dimension>35
Bandera>13
Fitness Greedy Costo>323
Solucion Greedy Costo>2 9 12 11 0 6 10 3 0 7 13 14 5 0 8 18 17 15 0 4 16 0 1 0 0 0 0 0 0 0 0 0 0 0 0 
Linea Vacia>
Matriz de Costos>
3.65 43.65 1.8 13 48.65 11.98 10.16 5.36 18.48 1.57 17.03 3.28 0 21.58 21.58 50.56 58.07 37.42 
23.76 30.69 20.34 31.81 69.49 9.91 30.4 6.94 15.37 18.46 36.42 22.14 16.98 0 0 48.82 54.83 35.9 
23.76 30.69 20.34 31.81 69.49 9.91 30.4 6.94 15.37 18.46 36.42 22.14 16.98 0 0 48.82 54.83 35.9 
50.77 45.05 48.79 62.35 43.47 32.12 51.9 50.5 32.57 47.69 55.57 47.31 52.28 42.3 42.3 0 13.95 11.28 
57.01 57.23 55.08 68.33 33.27 35.68 56.14 57.09 36.09 54.02 59.84 53.64 58.5 48.06 48.06 10.61 0 21.98 
46.81 43.15 44.8 59.55 47.28 27.02 45.99 46.8 27.5 43.69 49.65 43.31 48.3 38.09 38.09 6.56 16.34 0 
50.77 45.05 48.79 62.35 43.47 32.12 51.9 50.5 32.57 47.69 55.57 47.31 52.28 42.3 42.3 0 13.95 11.28 
57.01 57.23 55.08 68.33 33.27 35.68 56.14 57.09 36.09 54.02 59.84 53.64 58.5 48.06 48.06 10.61 0 21.98 
46.81 43.15 44.8 59.55 47.28 27.02 45.99 46.8 27.5 43.69 49.65 43.31 48.3 38.09 38.09 6.56 16.34 0 
0 50.13 1.81 10.62 46.09 15.01 8.3 11.76 21.42 3.48 14.02 5 4.76 27.53 27.53 53.47 60.88 40.38 
48.35 0 46.35 59.85 87.9 34.01 53.91 34.28 38.86 45.25 61.69 44.88 43.63 27.5 27.5 44.45 55.98 33.6 
1.89 46.62 0 10.66 46.19 11.51 8.34 8.2 18.02 1.69 13.53 3.27 3.04 24.24 24.24 49.98 57.5 36.97 
11.98 57.27 11.03 0 42.71 24.36 11.58 18.48 30.49 12.33 8.65 13.46 17.66 33.56 33.56 64.09 71.28 51.42 
42.11 88.23 42.3 41.61 0 53.06 37.86 57.16 53.15 44.92 32.37 39.01 49.51 76.51 76.51 40.32 33.48 52.2 
13.96 34.85 11.93 22.78 58.18 0 19.32 13.29 4.68 10.84 25.49 10.64 15.03 16.54 16.54 37.21 43.38 25.96 
6.3 55.38 6.47 10.78 39.36 16.56 0 18.14 22.93 8.13 7.69 4.39 12.34 34.62 34.62 53.38 58.02 42.02 
15.03 39.46 11.46 24.27 62.08 18.56 22.32 0 23.81 9.5 29.1 14.59 8 13.51 13.51 57.46 63.32 44.44 
16.22 35.34 14.21 24.96 58.09 0.9 21.54 15.57 0 13.14 27.66 12.94 17.29 18.78 18.78 35.4 43.33 24.05 
3.53 45.43 1.66 13.47 47.43 10.93 9.11 6.97 17.46 0 15.99 3.2 2.36 23.09 23.09 49.31 56.85 36.44 
10.63 60.43 10.8 4.02 34.65 20.57 4.09 21.54 26.83 12.14 0 9.43 16.31 38.54 38.54 60.65 67.97 47.73 
Dimension>35
Bandera>13
Fitness Greedy Costo>323
Solucion Greedy Costo>2 9 12 11 0 6 10 3 0 7 13 14 5 0 8 18 17 15 0 4 16 0 1 0 0 0 0 0 0 0 0 0 0 0 0 
Linea Vacia>
Matriz de Costos>
4.17 48.83 3.58 11.81 43.35 10.44 5.26 12.06 16.98 3.65 14.81 0 5.37 29.17 29.17 48.84 56.39 36.01 
3.65 43.65 1.8 13 48.65 11.98 10.16 5.36 18.48 1.57 17.03 3.28 0 21.58 21.58 50.56 58.07 37.42 
23.76 30.69 20.34 31.81 69.49 9.91 30.4 6.94 15.37 18.46 36.42 22.14 16.98 0 0 48.82 54.83 35.9 
23.76 30.69 20.34 31.81 69.49 9.91 30.4 6.94 15.37 18.46 36.42 22.14 16.98 0 0 48.82 54.83 35.9 
50.77 45.05 48.79 62.35 43.47 32.12 51.9 50.5 32.57 47.69 55.57 47.31 52.28 42.3 42.3 0 13.95 11.28 
57.01 57.23 55.08 68.33 33.27 35.68 56.14 57.09 36.09 54.02 59.84 53.64 58.5 48.06 48.06 10.61 0 21.98 
46.81 43.15 44.8 59.55 47.28 27.02 45.99 46.8 27.5 43.69 49.65 43.31 48.3 38.09 38.09 6.56 16.34 0 
Dimension>35
Bandera>13
Fitness Greedy Costo>323
Solucion Greedy Costo>2 9 12 11 0 6 10 3 0 7 13 14 5 0 8 18 17 15 0 4 16 0 1 0 0 0 0 0 0 0 0 0 0 0 0 
Linea Vacia>
Matriz de Costos>
0 50.13 1.81 10.62 46.09 15.01 8.3 11.76 21.42 3.48 14.02 5 4.76 27.53 27.53 53.47 60.88 40.38 
0 50.13 1.81 10.62 46.09 15.01 8.3 11.76 21.42 3.48 14.02 5 4.76 27.53 27.53 53.47 60.88 40.38 
48.35 0 46.35 59.85 87.9 34.01 53.91 34.28 38.86 45.25 61.69 44.88 43.63 27.5 27.5 44.45 55.98 33.6 
1.89 46.62 0 10.66 46.19 11.51 8.34 8.2 18.02 1.69 13.53 3.27 3.04 24.24 24.24 49.98 57.5 36.97 
11.98 57.27 11.03 0 42.71 24.36 11.58 18.48 30.49 12.33 8.65 13.46 17.66 33.56 33.56 64.09 71.28 51.42 
42.11 88.23 42.3 41.61 0 53.06 37.86 57.16 53.15 44.92 32.37 39.01 49.51 76.51 76.51 40.32 33.48 52.2 
13.96 34.85 11.93 22.78 58.18 0 19.32 13.29 4.68 10.84 25.49 10.64 15.03 16.54 16.54 37.21 43.38 25.96 
6.3 55.38 6.47 10.78 39.36 16.56 0 18.14 22.93 8.13 7.69 4.39 12.34 34.62 34.62 53.38 58.02 42.02 
Dimension>35
Bandera>13
Fitness Greedy Costo>323
Solucion Greedy Costo>2 9 12 11 0 6 10 3 0 7 13 14 5 0 8 18 17 15 0 4 16 0 1 0 0 0 0 0 0 0 0 0 0 0 0 
Linea Vacia>
48.35 0 46.35 59.85 87.9 34.01 53.91 34.28 38.86 45.25 61.69 44.88 43.63 27.5 27.5 44.45 55.98 33.6 
1.89 46.62 0 10.66 46.19 11.51 8.34 8.2 18.02 1.69 13.53 3.27 3.04 24.24 24.24 49.98 57.5 36.97 
11.98 57.27 11.03 0 42.71 24.36 11.58 18.48 30.49 12.33 8.65 13.46 17.66 33.56 33.56 64.09 71.28 51.42 
42.11 88.23 42.3 41.61 0 53.06 37.86 57.16 53.15 44.92 32.37 39.01 49.51 76.51 76.51 40.32 33.48 52.2 
13.96 34.85 11.93 22.78 58.18 0 19.32 13.29 4.68 10.84 25.49 10.64 15.03 16.54 16.54 37.21 43.38 25.96 
6.3 55.38 6.47 10.78 39.36 16.56 0 18.14 22.93 8.13 7.69 4.39 12.34 34.62 34.62 53.38 58.02 42.02 
15.03 39.46 11.46 24.27 62.08 18.56 22.32 0 23.81 9.5 29.1 14.59 8 13.51 13.51 57.46 63.32 44.44 
15.03 39.46 11.46 24.27 62.08 18.56 22.32 0 23.81 9.5 29.1 14.59 8 13.51 13.51 57.46 63.32 44.44 
16.22 35.34 14.21 24.96 58.09 0.9 21.54 15.57 0 13.14 27.66 12.94 17.29 18.78 18.78 35.4 43.33 24.05 
3.53 45.43 1.66 13.47 47.43 10.93 9.11 6.97 17.46 0 15.99 3.2 2.36 23.09 23.09 49.31 56.85 36.44 
10.63 60.43 10.8 4.02 34.65 20.57 4.09 21.54 26.83 12.14 0 9.43 16.31 38.54 38.54 60.65 67.97 47.73 
4.17 48.83 3.58 11.81 43.35 10.44 5.26 12.06 16.98 3.65 14.81 0 5.37 29.17 29.17 48.84 56.39 36.01 
3.65 43.65 1.8 13 48.65 11.98 10.16 5.36 18.48 1.57 17.03 3.28 0 21.58 21.58 50.56 58.07 37.42 
23.76 30.69 20.34 31.81 69.49 9.91 30.4 6.94 15.37 18.46 36.42 22.14 16.98 0 0 48.82 54.83 35.9 
Matriz de Costos>
0 50.13 1.81 10.62 46.09 15.01 8.3 11.76 21.42 3.48 14.02 5 4.76 27.53 27.53 53.47 60.88 40.38 
48.35 0 46.35 59.85 87.9 34.01 53.91 34.28 38.86 45.25 61.69 44.88 43.63 27.5 27.5 44.45 55.98 33.6 
1.89 46.62 0 10.66 46.19 11.51 8.34 8.2 18.02 1.69 13.53 3.27 3.04 24.24 24.24 49.98 57.5 36.97 
11.98 57.27 11.03 0 42.71 24.36 11.58 18.48 30.49 12.33 8.65 13.46 17.66 33.56 33.56 64.09 71.28 51.42 
42.11 88.23 42.3 41.61 0 53.06 37.86 57.16 53.15 44.92 32.37 39.01 49.51 76.51 76.51 40.32 33.48 52.2 
16.22 35.34 14.21 24.96 58.09 0.9 21.54 15.57 0 13.14 27.66 12.94 17.29 18.78 18.78 35.4 43.33 24.05 
3.53 45.43 1.66 13.47 47.43 10.93 9.11 6.97 17.46 0 15.99 3.2 2.36 23.09 23.09 49.31 56.85 36.44 
10.63 60.43 10.8 4.02 34.65 20.57 4.09 21.54 26.83 12.14 0 9.43 16.31 38.54 38.54 60.65 67.97 47.73 
23.76 30.69 20.34 31.81 69.49 9.91 30.4 6.94 15.37 18.46 36.42 22.14 16.98 0 0 48.82 54.83 35.9 
50.77 45.05 48.79 62.35 43.47 32.12 51.9 50.5 32.57 47.69 55.57 47.31 52.28 42.3 42.3 0 13.95 11.28 
57.01 57.23 55.08 68.33 33.27 35.68 56.14 57.09 36.09 54.02 59.84 53.64 58.5 48.06 48.06 10.61 0 21.98 
4.17 48.83 3.58 11.81 43.35 10.44 5.26 12.06 16.98 3.65 14.81 0 5.37 29.17 29.17 48.84 56.39 36.01 
3.65 43.65 1.8 13 48.65 11.98 10.16 5.36 18.48 1.57 17.03 3.28 0 21.58 21.58 50.56 58.07 37.42 
23.76 30.69 20.34 31.81 69.49 9.91 30.4 6.94 15.37 18.46 36.42 22.14 16.98 0 0 48.82 54.83 35.9 
23.76 30.69 20.34 31.81 69.49 9.91 30.4 6.94 15.37 18.46 36.42 22.14 16.98 0 0 48.82 54.83 35.9 
50.77 45.05 48.79 62.35 43.47 32.12 51.9 50.5 32.57 47.69 55.57 47.31 52.28 42.3 42.3 0 13.95 11.28 
57.01 57.23 55.08 68.33 33.27 35.68 56.14 57.09 36.09 54.02 59.84 53.64 58.5 48.06 48.06 10.61 0 21.98 
46.81 43.15 44.8 59.55 47.28 27.02 45.99 46.8 27.5 43.69 49.65 43.31 48.3 38.09 38.09 6.56 16.34 0 
13.96 34.85 11.93 22.78 58.18 0 19.32 13.29 4.68 10.84 25.49 10.64 15.03 16.54 16.54 37.21 43.38 25.96 
6.3 55.38 6.47 10.78 39.36 16.56 0 18.14 22.93 8.13 7.69 4.39 12.34 34.62 34.62 53.38 58.02 42.02 
15.03 39.46 11.46 24.27 62.08 18.56 22.32 0 23.81 9.5 29.1 14.59 8 13.51 13.51 57.46 63.32 44.44 
16.22 35.34 14.21 24.96 58.09 0.9 21.54 15.57 0 13.14 27.66 12.94 17.29 18.78 18.78 35.4 43.33 24.05 
3.53 45.43 1.66 13.47 47.43 10.93 9.11 6.97 17.46 0 15.99 3.2 2.36 23.09 23.09 49.31 56.85 36.44 
10.63 60.43 10.8 4.02 34.65 20.57 4.09 21.54 26.83 12.14 0 9.43 16.31 38.54 38.54 60.65 67.97 47.73 
4.17 48.83 3.58 11.81 43.35 10.44 5.26 12.06 16.98 3.65 14.81 0 5.37 29.17 29.17 48.84 56.39 36.01 
3.65 43.65 1.8 13 48.65 11.98 10.16 5.36 18.48 1.57 17.03 3.28 0 21.58 21.58 50.56 58.07 37.42 
23.76 30.69 20.34 31.81 69.49 9.91 30.4 6.94 15.37 18.46 36.42 22.14 16.98 0 0 48.82 54.83 35.9 
Dimension>35
Bandera>13
Fitness Greedy Costo>323
Solucion Greedy Costo>2 9 12 11 0 6 10 3 0 7 13 14 5 0 8 18 17 15 0 4 16 0 1 0 0 0 0 0 0 0 0 0 0 0 0 
Linea Vacia>
Dimension>35
Bandera>13
Fitness Greedy Costo>323
Solucion Greedy Costo>2 9 12 11 0 6 10 3 0 7 13 14 5 0 8 18 17 15 0 4 16 0 1 0 0 0 0 0 0 0 0 0 0 0 0 
Linea Vacia>
Dimension>35
Bandera>13
Fitness Greedy Costo>323
Solucion Greedy Costo>2 9 12 11 0 6 10 3 0 7 13 14 5 0 8 18 17 15 0 4 16 0 1 0 0 0 0 0 0 0 0 0 0 0 0 
46.81 43.15 44.8 59.55 47.28 27.02 45.99 46.8 27.5 43.69 49.65 43.31 48.3 38.09 38.09 6.56 16.34 0 
23.76 30.69 20.34 31.81 69.49 9.91 30.4 6.94 15.37 18.46 36.42 22.14 16.98 0 0 48.82 54.83 35.9 
50.77 45.05 48.79 62.35 43.47 32.12 51.9 50.5 32.57 47.69 55.57 47.31 52.28 42.3 42.3 0 13.95 11.28 
57.01 57.23 55.08 68.33 33.27 35.68 56.14 57.09 36.09 54.02 59.84 53.64 58.5 48.06 48.06 10.61 0 21.98 
46.81 43.15 44.8 59.55 47.28 27.02 45.99 46.8 27.5 43.69 49.65 43.31 48.3 38.09 38.09 6.56 16.34 0 
Dimension>35
Bandera>13
Fitness Greedy Costo>323
Solucion Greedy Costo>2 9 12 11 0 6 10 3 0 7 13 14 5 0 8 18 17 15 0 4 16 0 1 0 0 0 0 0 0 0 0 0 0 0 0 
Linea Vacia>
Linea Vacia>
Matriz de Costos>
0 50.13 1.81 10.62 46.09 15.01 8.3 11.76 21.42 3.48 14.02 5 4.76 27.53 27.53 53.47 60.88 40.38 
48.35 0 46.35 59.85 87.9 34.01 53.91 34.28 38.86 45.25 61.69 44.88 43.63 27.5 27.5 44.45 55.98 33.6 
1.89 46.62 0 10.66 46.19 11.51 8.34 8.2 18.02 1.69 13.53 3.27 3.04 24.24 24.24 49.98 57.5 36.97 
11.98 57.27 11.03 0 42.71 24.36 11.58 18.48 30.49 12.33 8.65 13.46 17.66 33.56 33.56 64.09 71.28 51.42 
42.11 88.23 42.3 41.61 0 53.06 37.86 57.16 53.15 44.92 32.37 39.01 49.51 76.51 76.51 40.32 33.48 52.2 
Dimension>35
Bandera>13
Fitness Greedy Costo>323
Solucion Greedy Costo>2 9 12 11 0 6 10 3 0 7 13 14 5 0 8 18 17 15 0 4 16 0 1 0 0 0 0 0 0 0 0 0 0 0 0 
Linea Vacia>
Matriz de Costos>
0 50.13 1.81 10.62 46.09 15.01 8.3 11.76 21.42 3.48 14.02 5 4.76 27.53 27.53 53.47 60.88 40.38 
48.35 0 46.35 59.85 87.9 34.01 53.91 34.28 38.86 45.25 61.69 44.88 43.63 27.5 27.5 44.45 55.98 33.6 
13.96 34.85 11.93 22.78 58.18 0 19.32 13.29 4.68 10.84 25.49 10.64 15.03 16.54 16.54 37.21 43.38 25.96 
6.3 55.38 6.47 10.78 39.36 16.56 0 18.14 22.93 8.13 7.69 4.39 12.34 34.62 34.62 53.38 58.02 42.02 
15.03 39.46 11.46 24.27 62.08 18.56 22.32 0 23.81 9.5 29.1 14.59 8 13.51 13.51 57.46 63.32 44.44 
16.22 35.34 14.21 24.96 58.09 0.9 21.54 15.57 0 13.14 27.66 12.94 17.29 18.78 18.78 35.4 43.33 24.05 
3.53 45.43 1.66 13.47 47.43 10.93 9.11 6.97 17.46 0 15.99 3.2 2.36 23.09 23.09 49.31 56.85 36.44 
Matriz de Costos>
0 50.13 1.81 10.62 46.09 15.01 8.3 11.76 21.42 3.48 14.02 5 4.76 27.53 27.53 53.47 60.88 40.38 
48.35 0 46.35 59.85 87.9 34.01 53.91 34.28 38.86 45.25 61.69 44.88 43.63 27.5 27.5 44.45 55.98 33.6 
Matriz de Costos>
0 50.13 1.81 10.62 46.09 15.01 8.3 11.76 21.42 3.48 14.02 5 4.76 27.53 27.53 53.47 60.88 40.38 
48.35 0 46.35 59.85 87.9 34.01 53.91 34.28 38.86 45.25 61.69 44.88 43.63 27.5 27.5 44.45 55.98 33.6 
1.89 46.62 0 10.66 46.19 11.51 8.34 8.2 18.02 1.69 13.53 3.27 3.04 24.24 24.24 49.98 57.5 36.97 
11.98 57.27 11.03 0 42.71 24.36 11.58 18.48 30.49 12.33 8.65 13.46 17.66 33.56 33.56 64.09 71.28 51.42 
42.11 88.23 42.3 41.61 0 53.06 37.86 57.16 53.15 44.92 32.37 39.01 49.51 76.51 76.51 40.32 33.48 52.2 
10.63 60.43 10.8 4.02 34.65 20.57 4.09 21.54 26.83 12.14 0 9.43 16.31 38.54 38.54 60.65 67.97 47.73 
4.17 48.83 3.58 11.81 43.35 10.44 5.26 12.06 16.98 3.65 14.81 0 5.37 29.17 29.17 48.84 56.39 36.01 
3.65 43.65 1.8 13 48.65 11.98 10.16 5.36 18.48 1.57 17.03 3.28 0 21.58 21.58 50.56 58.07 37.42 
1.89 46.62 0 10.66 46.19 11.51 8.34 8.2 18.02 1.69 13.53 3.27 3.04 24.24 24.24 49.98 57.5 36.97 
11.98 57.27 11.03 0 42.71 24.36 11.58 18.48 30.49 12.33 8.65 13.46 17.66 33.56 33.56 64.09 71.28 51.42 
42.11 88.23 42.3 41.61 0 53.06 37.86 57.16 53.15 44.92 32.37 39.01 49.51 76.51 76.51 40.32 33.48 52.2 
13.96 34.85 11.93 22.78 58.18 0 19.32 13.29 4.68 10.84 25.49 10.64 15.03 16.54 16.54 37.21 43.38 25.96 
1.89 46.62 0 10.66 46.19 11.51 8.34 8.2 18.02 1.69 13.53 3.27 3.04 24.24 24.24 49.98 57.5 36.97 
11.98 57.27 11.03 0 42.71 24.36 11.58 18.48 30.49 12.33 8.65 13.46 17.66 33.56 33.56 64.09 71.28 51.42 
42.11 88.23 42.3 41.61 0 53.06 37.86 57.16 53.15 44.92 32.37 39.01 49.51 76.51 76.51 40.32 33.48 52.2 
Matriz de Costos>
0 50.13 1.81 10.62 46.09 15.01 8.3 11.76 21.42 3.48 14.02 5 4.76 27.53 27.53 53.47 60.88 40.38 
48.35 0 46.35 59.85 87.9 34.01 53.91 34.28 38.86 45.25 61.69 44.88 43.63 27.5 27.5 44.45 55.98 33.6 
1.89 46.62 0 10.66 46.19 11.51 8.34 8.2 18.02 1.69 13.53 3.27 3.04 24.24 24.24 49.98 57.5 36.97 
23.76 30.69 20.34 31.81 69.49 9.91 30.4 6.94 15.37 18.46 36.42 22.14 16.98 0 0 48.82 54.83 35.9 
23.76 30.69 20.34 31.81 69.49 9.91 30.4 6.94 15.37 18.46 36.42 22.14 16.98 0 0 48.82 54.83 35.9 
50.77 45.05 48.79 62.35 43.47 32.12 51.9 50.5 32.57 47.69 55.57 47.31 52.28 42.3 42.3 0 13.95 11.28 
57.01 57.23 55.08 68.33 33.27 35.68 56.14 57.09 36.09 54.02 59.84 53.64 58.5 48.06 48.06 10.61 0 21.98 
6.3 55.38 6.47 10.78 39.36 16.56 0 18.14 22.93 8.13 7.69 4.39 12.34 34.62 34.62 53.38 58.02 42.02 
15.03 39.46 11.46 24.27 62.08 18.56 22.32 0 23.81 9.5 29.1 14.59 8 13.51 13.51 57.46 63.32 44.44 
16.22 35.34 14.21 24.96 58.09 0.9 21.54 15.57 0 13.14 27.66 12.94 17.29 18.78 18.78 35.4 43.33 24.05 
3.53 45.43 1.66 13.47 47.43 10.93 9.11 6.97 17.46 0 15.99 3.2 2.36 23.09 23.09 49.31 56.85 36.44 
10.63 60.43 10.8 4.02 34.65 20.57 4.09 21.54 26.83 12.14 0 9.43 16.31 38.54 38.54 60.65 67.97 47.73 
13.96 34.85 11.93 22.78 58.18 0 19.32 13.29 4.68 10.84 25.49 10.64 15.03 16.54 16.54 37.21 43.38 25.96 
6.3 55.38 6.47 10.78 39.36 16.56 0 18.14 22.93 8.13 7.69 4.39 12.34 34.62 34.62 53.38 58.02 42.02 
15.03 39.46 11.46 24.27 62.08 18.56 22.32 0 23.81 9.5 29.1 14.59 8 13.51 13.51 57.46 63.32 44.44 
13.96 34.85 11.93 22.78 58.18 0 19.32 13.29 4.68 10.84 25.49 10.64 15.03 16.54 16.54 37.21 43.38 25.96 
6.3 55.38 6.47 10.78 39.36 16.56 0 18.14 22.93 8.13 7.69 4.39 12.34 34.62 34.62 53.38 58.02 42.02 
15.03 39.46 11.46 24.27 62.08 18.56 22.32 0 23.81 9.5 29.1 14.59 8 13.51 13.51 57.46 63.32 44.44 
16.22 35.34 14.21 24.96 58.09 0.9 21.54 15.57 0 13.14 27.66 12.94 17.29 18.78 18.78 35.4 43.33 24.05 
3.53 45.43 1.66 13.47 47.43 10.93 9.11 6.97 17.46 0 15.99 3.2 2.36 23.09 23.09 49.31 56.85 36.44 
10.63 60.43 10.8 4.02 34.65 20.57 4.09 21.54 26.83 12.14 0 9.43 16.31 38.54 38.54 60.65 67.97 47.73 
4.17 48.83 3.58 11.81 43.35 10.44 5.26 12.06 16.98 3.65 14.81 0 5.37 29.17 29.17 48.84 56.39 36.01 
4.17 48.83 3.58 11.81 43.35 10.44 5.26 12.06 16.98 3.65 14.81 0 5.37 29.17 29.17 48.84 56.39 36.01 
3.65 43.65 1.8 13 48.65 11.98 10.16 5.36 18.48 1.57 17.03 3.28 0 21.58 21.58 50.56 58.07 37.42 
23.76 30.69 20.34 31.81 69.49 9.91 30.4 6.94 15.37 18.46 36.42 22.14 16.98 0 0 48.82 54.83 35.9 
23.76 30.69 20.34 31.81 69.49 9.91 30.4 6.94 15.37 18.46 36.42 22.14 16.98 0 0 48.82 54.83 35.9 
50.77 45.05 48.79 62.35 43.47 32.12 51.9 50.5 32.57 47.69 55.57 47.31 52.28 42.3 42.3 0 13.95 11.28 
16.22 35.34 14.21 24.96 58.09 0.9 21.54 15.57 0 13.14 27.66 12.94 17.29 18.78 18.78 35.4 43.33 24.05 
3.53 45.43 1.66 13.47 47.43 10.93 9.11 6.97 17.46 0 15.99 3.2 2.36 23.09 23.09 49.31 56.85 36.44 
11.98 57.27 11.03 0 42.71 24.36 11.58 18.48 30.49 12.33 8.65 13.46 17.66 33.56 33.56 64.09 71.28 51.42 
42.11 88.23 42.3 41.61 0 53.06 37.86 57.16 53.15 44.92 32.37 39.01 49.51 76.51 76.51 40.32 33.48 52.2 
13.96 34.85 11.93 22.78 58.18 0 19.32 13.29 4.68 10.84 25.49 10.64 15.03 16.54 16.54 37.21 43.38 25.96 
6.3 55.38 6.47 10.78 39.36 16.56 0 18.14 22.93 8.13 7.69 4.39 12.34 34.62 34.62 53.38 58.02 42.02 
15.03 39.46 11.46 24.27 62.08 18.56 22.32 0 23.81 9.5 29.1 14.59 8 13.51 13.51 57.46 63.32 44.44 
46.81 43.15 44.8 59.55 47.28 27.02 45.99 46.8 27.5 43.69 49.65 43.31 48.3 38.09 38.09 6.56 16.34 0 
57.01 57.23 55.08 68.33 33.27 35.68 56.14 57.09 36.09 54.02 59.84 53.64 58.5 48.06 48.06 10.61 0 21.98 
46.81 43.15 44.8 59.55 47.28 27.02 45.99 46.8 27.5 43.69 49.65 43.31 48.3 38.09 38.09 6.56 16.34 0 
Dimension>35
Bandera>13
Fitness Greedy Costo>323
Solucion Greedy Costo>2 9 12 11 0 6 10 3 0 7 13 14 5 0 8 18 17 15 0 4 16 0 1 0 0 0 0 0 0 0 0 0 0 0 0 
Linea Vacia>
10.63 60.43 10.8 4.02 34.65 20.57 4.09 21.54 26.83 12.14 0 9.43 16.31 38.54 38.54 60.65 67.97 47.73 
4.17 48.83 3.58 11.81 43.35 10.44 5.26 12.06 16.98 3.65 14.81 0 5.37 29.17 29.17 48.84 56.39 36.01 
3.65 43.65 1.8 13 48.65 11.98 10.16 5.36 18.48 1.57 17.03 3.28 0 21.58 21.58 50.56 58.07 37.42 
23.76 30.69 20.34 31.81 69.49 9.91 30.4 6.94 15.37 18.46 36.42 22.14 16.98 0 0 48.82 54.83 35.9 
23.76 30.69 20.34 31.81 69.49 9.91 30.4 6.94 15.37 18.46 36.42 22.14 16.98 0 0 48.82 54.83 35.9 
50.77 45.05 48.79 62.35 43.47 32.12 51.9 50.5 32.57 47.69 55.57 47.31 52.28 42.3 42.3 0 13.95 11.28 
16.22 35.34 14.21 24.96 58.09 0.9 21.54 15.57 0 13.14 27.66 12.94 17.29 18.78 18.78 35.4 43.33 24.05 
3.53 45.43 1.66 13.47 47.43 10.93 9.11 6.97 17.46 0 15.99 3.2 2.36 23.09 23.09 49.31 56.85 36.44 
10.63 60.43 10.8 4.02 34.65 20.57 4.09 21.54 26.83 12.14 0 9.43 16.31 38.54 38.54 60.65 67.97 47.73 
57.01 57.23 55.08 68.33 33.27 35.68 56.14 57.09 36.09 54.02 59.84 53.64 58.5 48.06 48.06 10.61 0 21.98 
46.81 43.15 44.8 59.55 47.28 27.02 45.99 46.8 27.5 43.69 49.65 43.31 48.3 38.09 38.09 6.56 16.34 0 
3.65 43.65 1.8 13 48.65 11.98 10.16 5.36 18.48 1.57 17.03 3.28 0 21.58 21.58 50.56 58.07 37.42 
23.76 30.69 20.34 31.81 69.49 9.91 30.4 6.94 15.37 18.46 36.42 22.14 16.98 0 0 48.82 54.83 35.9 
23.76 30.69 20.34 31.81 69.49 9.91 30.4 6.94 15.37 18.46 36.42 22.14 16.98 0 0 48.82 54.83 35.9 
4.17 48.83 3.58 11.81 43.35 10.44 5.26 12.06 16.98 3.65 14.81 0 5.37 29.17 29.17 48.84 56.39 36.01 
3.65 43.65 1.8 13 48.65 11.98 10.16 5.36 18.48 1.57 17.03 3.28 0 21.58 21.58 50.56 58.07 37.42 
Dimension>35
Bandera>13
Fitness Greedy Costo>323
Dimension>35
Bandera>13
Fitness Greedy Costo>323
Solucion Greedy Costo>2 9 12 11 0 6 10 3 0 7 13 14 5 0 8 18 17 15 0 4 16 0 1 0 0 0 0 0 0 0 0 0 0 0 0 
Linea Vacia>
50.77 45.05 48.79 62.35 43.47 32.12 51.9 50.5 32.57 47.69 55.57 47.31 52.28 42.3 42.3 0 13.95 11.28 
57.01 57.23 55.08 68.33 33.27 35.68 56.14 57.09 36.09 54.02 59.84 53.64 58.5 48.06 48.06 10.61 0 21.98 
23.76 30.69 20.34 31.81 69.49 9.91 30.4 6.94 15.37 18.46 36.42 22.14 16.98 0 0 48.82 54.83 35.9 
23.76 30.69 20.34 31.81 69.49 9.91 30.4 6.94 15.37 18.46 36.42 22.14 16.98 0 0 48.82 54.83 35.9 
Solucion Greedy Costo>2 9 12 11 0 6 10 3 0 7 13 14 5 0 8 18 17 15 0 4 16 0 1 0 0 0 0 0 0 0 0 0 0 0 0 
Linea Vacia>
Matriz de Costos>
0 50.13 1.81 10.62 46.09 15.01 8.3 11.76 21.42 3.48 14.02 5 4.76 27.53 27.53 53.47 60.88 40.38 
48.35 0 46.35 59.85 87.9 34.01 53.91 34.28 38.86 45.25 61.69 44.88 43.63 27.5 27.5 44.45 55.98 33.6 
1.89 46.62 0 10.66 46.19 11.51 8.34 8.2 18.02 1.69 13.53 3.27 3.04 24.24 24.24 49.98 57.5 36.97 
11.98 57.27 11.03 0 42.71 24.36 11.58 18.48 30.49 12.33 8.65 13.46 17.66 33.56 33.56 64.09 71.28 51.42 
42.11 88.23 42.3 41.61 0 53.06 37.86 57.16 53.15 44.92 32.37 39.01 49.51 76.51 76.51 40.32 33.48 52.2 
46.81 43.15 44.8 59.55 47.28 27.02 45.99 46.8 27.5 43.69 49.65 43.31 48.3 38.09 38.09 6.56 16.34 0 
50.77 45.05 48.79 62.35 43.47 32.12 51.9 50.5 32.57 47.69 55.57 47.31 52.28 42.3 42.3 0 13.95 11.28 
57.01 57.23 55.08 68.33 33.27 35.68 56.14 57.09 36.09 54.02 59.84 53.64 58.5 48.06 48.06 10.61 0 21.98 
46.81 43.15 44.8 59.55 47.28 27.02 45.99 46.8 27.5 43.69 49.65 43.31 48.3 38.09 38.09 6.56 16.34 0 
13.96 34.85 11.93 22.78 58.18 0 19.32 13.29 4.68 10.84 25.49 10.64 15.03 16.54 16.54 37.21 43.38 25.96 
6.3 55.38 6.47 10.78 39.36 16.56 0 18.14 22.93 8.13 7.69 4.39 12.34 34.62 34.62 53.38 58.02 42.02 
15.03 39.46 11.46 24.27 62.08 18.56 22.32 0 23.81 9.5 29.1 14.59 8 13.51 13.51 57.46 63.32 44.44 
16.22 35.34 14.21 24.96 58.09 0.9 21.54 15.57 0 13.14 27.66 12.94 17.29 18.78 18.78 35.4 43.33 24.05 
Matriz de Costos>
0 50.13 1.81 10.62 46.09 15.01 8.3 11.76 21.42 3.48 14.02 5 4.76 27.53 27.53 53.47 60.88 40.38 
48.35 0 46.35 59.85 87.9 34.01 53.91 34.28 38.86 45.25 61.69 44.88 43.63 27.5 27.5 44.45 55.98 33.6 
3.53 45.43 1.66 13.47 47.43 10.93 9.11 6.97 17.46 0 15.99 3.2 2.36 23.09 23.09 49.31 56.85 36.44 
10.63 60.43 10.8 4.02 34.65 20.57 4.09 21.54 26.83 12.14 0 9.43 16.31 38.54 38.54 60.65 67.97 47.73 
4.17 48.83 3.58 11.81 43.35 10.44 5.26 12.06 16.98 3.65 14.81 0 5.37 29.17 29.17 48.84 56.39 36.01 
3.65 43.65 1.8 13 48.65 11.98 10.16 5.36 18.48 1.57 17.03 3.28 0 21.58 21.58 50.56 58.07 37.42 
23.76 30.69 20.34 31.81 69.49 9.91 30.4 6.94 15.37 18.46 36.42 22.14 16.98 0 0 48.82 54.83 35.9 
1.89 46.62 0 10.66 46.19 11.51 8.34 8.2 18.02 1.69 13.53 3.27 3.04 24.24 24.24 49.98 57.5 36.97 
11.98 57.27 11.03 0 42.71 24.36 11.58 18.48 30.49 12.33 8.65 13.46 17.66 33.56 33.56 64.09 71.28 51.42 
42.11 88.23 42.3 41.61 0 53.06 37.86 57.16 53.15 44.92 32.37 39.01 49.51 76.51 76.51 40.32 33.48 52.2 
13.96 34.85 11.93 22.78 58.18 0 19.32 13.29 4.68 10.84 25.49 10.64 15.03 16.54 16.54 37.21 43.38 25.96 
6.3 55.38 6.47 10.78 39.36 16.56 0 18.14 22.93 8.13 7.69 4.39 12.34 34.62 34.62 53.38 58.02 42.02 
23.76 30.69 20.34 31.81 69.49 9.91 30.4 6.94 15.37 18.46 36.42 22.14 16.98 0 0 48.82 54.83 35.9 
50.77 45.05 48.79 62.35 43.47 32.12 51.9 50.5 32.57 47.69 55.57 47.31 52.28 42.3 42.3 0 13.95 11.28 
57.01 57.23 55.08 68.33 33.27 35.68 56.14 57.09 36.09 54.02 59.84 53.64 58.5 48.06 48.06 10.61 0 21.98 
Matriz de Costos>
0 50.13 1.81 10.62 46.09 15.01 8.3 11.76 21.42 3.48 14.02 5 4.76 27.53 27.53 53.47 60.88 40.38 
48.35 0 46.35 59.85 87.9 34.01 53.91 34.28 38.86 45.25 61.69 44.88 43.63 27.5 27.5 44.45 55.98 33.6 
1.89 46.62 0 10.66 46.19 11.51 8.34 8.2 18.02 1.69 13.53 3.27 3.04 24.24 24.24 49.98 57.5 36.97 
15.03 39.46 11.46 24.27 62.08 18.56 22.32 0 23.81 9.5 29.1 14.59 8 13.51 13.51 57.46 63.32 44.44 
16.22 35.34 14.21 24.96 58.09 0.9 21.54 15.57 0 13.14 27.66 12.94 17.29 18.78 18.78 35.4 43.33 24.05 
46.81 43.15 44.8 59.55 47.28 27.02 45.99 46.8 27.5 43.69 49.65 43.31 48.3 38.09 38.09 6.56 16.34 0 
11.98 57.27 11.03 0 42.71 24.36 11.58 18.48 30.49 12.33 8.65 13.46 17.66 33.56 33.56 64.09 71.28 51.42 
42.11 88.23 42.3 41.61 0 53.06 37.86 57.16 53.15 44.92 32.37 39.01 49.51 76.51 76.51 40.32 33.48 52.2 
3.53 45.43 1.66 13.47 47.43 10.93 9.11 6.97 17.46 0 15.99 3.2 2.36 23.09 23.09 49.31 56.85 36.44 
10.63 60.43 10.8 4.02 34.65 20.57 4.09 21.54 26.83 12.14 0 9.43 16.31 38.54 38.54 60.65 67.97 47.73 
13.96 34.85 11.93 22.78 58.18 0 19.32 13.29 4.68 10.84 25.49 10.64 15.03 16.54 16.54 37.21 43.38 25.96 
6.3 55.38 6.47 10.78 39.36 16.56 0 18.14 22.93 8.13 7.69 4.39 12.34 34.62 34.62 53.38 58.02 42.02 
4.17 48.83 3.58 11.81 43.35 10.44 5.26 12.06 16.98 3.65 14.81 0 5.37 29.17 29.17 48.84 56.39 36.01 
3.65 43.65 1.8 13 48.65 11.98 10.16 5.36 18.48 1.57 17.03 3.28 0 21.58 21.58 50.56 58.07 37.42 
23.76 30.69 20.34 31.81 69.49 9.91 30.4 6.94 15.37 18.46 36.42 22.14 16.98 0 0 48.82 54.83 35.9 
23.76 30.69 20.34 31.81 69.49 9.91 30.4 6.94 15.37 18.46 36.42 22.14 16.98 0 0 48.82 54.83 35.9 
50.77 45.05 48.79 62.35 43.47 32.12 51.9 50.5 32.57 47.69 55.57 47.31 52.28 42.3 42.3 0 13.95 11.28 
57.01 57.23 55.08 68.33 33.27 35.68 56.14 57.09 36.09 54.02 59.84 53.64 58.5 48.06 48.06 10.61 0 21.98 
46.81 43.15 44.8 59.55 47.28 27.02 45.99 46.8 27.5 43.69 49.65 43.31 48.3 38.09 38.09 6.56 16.34 0 
15.03 39.46 11.46 24.27 62.08 18.56 22.32 0 23.81 9.5 29.1 14.59 8 13.51 13.51 57.46 63.32 44.44 
16.22 35.34 14.21 24.96 58.09 0.9 21.54 15.57 0 13.14 27.66 12.94 17.29 18.78 18.78 35.4 43.33 24.05 
3.53 45.43 1.66 13.47 47.43 10.93 9.11 6.97 17.46 0 15.99 3.2 2.36 23.09 23.09 49.31 56.85 36.44 
10.63 60.43 10.8 4.02 34.65 20.57 4.09 21.54 26.83 12.14 0 9.43 16.31 38.54 38.54 60.65 67.97 47.73 
4.17 48.83 3.58 11.81 43.35 10.44 5.26 12.06 16.98 3.65 14.81 0 5.37 29.17 29.17 48.84 56.39 36.01 
3.65 43.65 1.8 13 48.65 11.98 10.16 5.36 18.48 1.57 17.03 3.28 0 21.58 21.58 50.56 58.07 37.42 
Dimension>35
Bandera>13
Fitness Greedy Costo>323
23.76 30.69 20.34 31.81 69.49 9.91 30.4 6.94 15.37 18.46 36.42 22.14 16.98 0 0 48.82 54.83 35.9 
23.76 30.69 20.34 31.81 69.49 9.91 30.4 6.94 15.37 18.46 36.42 22.14 16.98 0 0 48.82 54.83 35.9 
50.77 45.05 48.79 62.35 43.47 32.12 51.9 50.5 32.57 47.69 55.57 47.31 52.28 42.3 42.3 0 13.95 11.28 
Solucion Greedy Costo>2 9 12 11 0 6 10 3 0 7 13 14 5 0 8 18 17 15 0 4 16 0 1 0 0 0 0 0 0 0 0 0 0 0 0 
Linea Vacia>
57.01 57.23 55.08 68.33 33.27 35.68 56.14 57.09 36.09 54.02 59.84 53.64 58.5 48.06 48.06 10.61 0 21.98 
46.81 43.15 44.8 59.55 47.28 27.02 45.99 46.8 27.5 43.69 49.65 43.31 48.3 38.09 38.09 6.56 16.34 0 
Dimension>35
Bandera>13
Fitness Greedy Costo>323
Solucion Greedy Costo>2 9 12 11 0 6 10 3 0 7 13 14 5 0 8 18 17 15 0 4 16 0 1 0 0 0 0 0 0 0 0 0 0 0 0 
Linea Vacia>
Dimension>35
Bandera>13
Fitness Greedy Costo>323
Solucion Greedy Costo>2 9 12 11 0 6 10 3 0 7 13 14 5 0 8 18 17 15 0 4 16 0 1 0 0 0 0 0 0 0 0 0 0 0 0 
Linea Vacia>
Dimension>35
Bandera>13
Fitness Greedy Costo>323
Matriz de Costos>
0 50.13 1.81 10.62 46.09 15.01 8.3 11.76 21.42 3.48 14.02 5 4.76 27.53 27.53 53.47 60.88 40.38 
48.35 0 46.35 59.85 87.9 34.01 53.91 34.28 38.86 45.25 61.69 44.88 43.63 27.5 27.5 44.45 55.98 33.6 
1.89 46.62 0 10.66 46.19 11.51 8.34 8.2 18.02 1.69 13.53 3.27 3.04 24.24 24.24 49.98 57.5 36.97 
11.98 57.27 11.03 0 42.71 24.36 11.58 18.48 30.49 12.33 8.65 13.46 17.66 33.56 33.56 64.09 71.28 51.42 
42.11 88.23 42.3 41.61 0 53.06 37.86 57.16 53.15 44.92 32.37 39.01 49.51 76.51 76.51 40.32 33.48 52.2 
13.96 34.85 11.93 22.78 58.18 0 19.32 13.29 4.68 10.84 25.49 10.64 15.03 16.54 16.54 37.21 43.38 25.96 
6.3 55.38 6.47 10.78 39.36 16.56 0 18.14 22.93 8.13 7.69 4.39 12.34 34.62 34.62 53.38 58.02 42.02 
Solucion Greedy Costo>2 9 12 11 0 6 10 3 0 7 13 14 5 0 8 18 17 15 0 4 16 0 1 0 0 0 0 0 0 0 0 0 0 0 0 
Linea Vacia>
Matriz de Costos>
0 50.13 1.81 10.62 46.09 15.01 8.3 11.76 21.42 3.48 14.02 5 4.76 27.53 27.53 53.47 60.88 40.38 
48.35 0 46.35 59.85 87.9 34.01 53.91 34.28 38.86 45.25 61.69 44.88 43.63 27.5 27.5 44.45 55.98 33.6 
1.89 46.62 0 10.66 46.19 11.51 8.34 8.2 18.02 1.69 13.53 3.27 3.04 24.24 24.24 49.98 57.5 36.97 
Matriz de Costos>
0 50.13 1.81 10.62 46.09 15.01 8.3 11.76 21.42 3.48 14.02 5 4.76 27.53 27.53 53.47 60.88 40.38 
48.35 0 46.35 59.85 87.9 34.01 53.91 34.28 38.86 45.25 61.69 44.88 43.63 27.5 27.5 44.45 55.98 33.6 
1.89 46.62 0 10.66 46.19 11.51 8.34 8.2 18.02 1.69 13.53 3.27 3.04 24.24 24.24 49.98 57.5 36.97 
11.98 57.27 11.03 0 42.71 24.36 11.58 18.48 30.49 12.33 8.65 13.46 17.66 33.56 33.56 64.09 71.28 51.42 
42.11 88.23 42.3 41.61 0 53.06 37.86 57.16 53.15 44.92 32.37 39.01 49.51 76.51 76.51 40.32 33.48 52.2 
Dimension>35
Bandera>13
Fitness Greedy Costo>323
Solucion Greedy Costo>2 9 12 11 0 6 10 3 0 7 13 14 5 0 8 18 17 15 0 4 16 0 1 0 0 0 0 0 0 0 0 0 0 0 0 
Linea Vacia>
15.03 39.46 11.46 24.27 62.08 18.56 22.32 0 23.81 9.5 29.1 14.59 8 13.51 13.51 57.46 63.32 44.44 
16.22 35.34 14.21 24.96 58.09 0.9 21.54 15.57 0 13.14 27.66 12.94 17.29 18.78 18.78 35.4 43.33 24.05 
3.53 45.43 1.66 13.47 47.43 10.93 9.11 6.97 17.46 0 15.99 3.2 2.36 23.09 23.09 49.31 56.85 36.44 
10.63 60.43 10.8 4.02 34.65 20.57 4.09 21.54 26.83 12.14 0 9.43 16.31 38.54 38.54 60.65 67.97 47.73 
4.17 48.83 3.58 11.81 43.35 10.44 5.26 12.06 16.98 3.65 14.81 0 5.37 29.17 29.17 48.84 56.39 36.01 
11.98 57.27 11.03 0 42.71 24.36 11.58 18.48 30.49 12.33 8.65 13.46 17.66 33.56 33.56 64.09 71.28 51.42 
42.11 88.23 42.3 41.61 0 53.06 37.86 57.16 53.15 44.92 32.37 39.01 49.51 76.51 76.51 40.32 33.48 52.2 
13.96 34.85 11.93 22.78 58.18 0 19.32 13.29 4.68 10.84 25.49 10.64 15.03 16.54 16.54 37.21 43.38 25.96 
6.3 55.38 6.47 10.78 39.36 16.56 0 18.14 22.93 8.13 7.69 4.39 12.34 34.62 34.62 53.38 58.02 42.02 
15.03 39.46 11.46 24.27 62.08 18.56 22.32 0 23.81 9.5 29.1 14.59 8 13.51 13.51 57.46 63.32 44.44 
16.22 35.34 14.21 24.96 58.09 0.9 21.54 15.57 0 13.14 27.66 12.94 17.29 18.78 18.78 35.4 43.33 24.05 
3.53 45.43 1.66 13.47 47.43 10.93 9.11 6.97 17.46 0 15.99 3.2 2.36 23.09 23.09 49.31 56.85 36.44 
13.96 34.85 11.93 22.78 58.18 0 19.32 13.29 4.68 10.84 25.49 10.64 15.03 16.54 16.54 37.21 43.38 25.96 
6.3 55.38 6.47 10.78 39.36 16.56 0 18.14 22.93 8.13 7.69 4.39 12.34 34.62 34.62 53.38 58.02 42.02 
15.03 39.46 11.46 24.27 62.08 18.56 22.32 0 23.81 9.5 29.1 14.59 8 13.51 13.51 57.46 63.32 44.44 
16.22 35.34 14.21 24.96 58.09 0.9 21.54 15.57 0 13.14 27.66 12.94 17.29 18.78 18.78 35.4 43.33 24.05 
3.53 45.43 1.66 13.47 47.43 10.93 9.11 6.97 17.46 0 15.99 3.2 2.36 23.09 23.09 49.31 56.85 36.44 
10.63 60.43 10.8 4.02 34.65 20.57 4.09 21.54 26.83 12.14 0 9.43 16.31 38.54 38.54 60.65 67.97 47.73 
4.17 48.83 3.58 11.81 43.35 10.44 5.26 12.06 16.98 3.65 14.81 0 5.37 29.17 29.17 48.84 56.39 36.01 
3.65 43.65 1.8 13 48.65 11.98 10.16 5.36 18.48 1.57 17.03 3.28 0 21.58 21.58 50.56 58.07 37.42 
23.76 30.69 20.34 31.81 69.49 9.91 30.4 6.94 15.37 18.46 36.42 22.14 16.98 0 0 48.82 54.83 35.9 
23.76 30.69 20.34 31.81 69.49 9.91 30.4 6.94 15.37 18.46 36.42 22.14 16.98 0 0 48.82 54.83 35.9 
50.77 45.05 48.79 62.35 43.47 32.12 51.9 50.5 32.57 47.69 55.57 47.31 52.28 42.3 42.3 0 13.95 11.28 
57.01 57.23 55.08 68.33 33.27 35.68 56.14 57.09 36.09 54.02 59.84 53.64 58.5 48.06 48.06 10.61 0 21.98 
46.81 43.15 44.8 59.55 47.28 27.02 45.99 46.8 27.5 43.69 49.65 43.31 48.3 38.09 38.09 6.56 16.34 0 
Matriz de Costos>
0 50.13 1.81 10.62 46.09 15.01 8.3 11.76 21.42 3.48 14.02 5 4.76 27.53 27.53 53.47 60.88 40.38 
48.35 0 46.35 59.85 87.9 34.01 53.91 34.28 38.86 45.25 61.69 44.88 43.63 27.5 27.5 44.45 55.98 33.6 
1.89 46.62 0 10.66 46.19 11.51 8.34 8.2 18.02 1.69 13.53 3.27 3.04 24.24 24.24 49.98 57.5 36.97 
11.98 57.27 11.03 0 42.71 24.36 11.58 18.48 30.49 12.33 8.65 13.46 17.66 33.56 33.56 64.09 71.28 51.42 
42.11 88.23 42.3 41.61 0 53.06 37.86 57.16 53.15 44.92 32.37 39.01 49.51 76.51 76.51 40.32 33.48 52.2 
13.96 34.85 11.93 22.78 58.18 0 19.32 13.29 4.68 10.84 25.49 10.64 15.03 16.54 16.54 37.21 43.38 25.96 
6.3 55.38 6.47 10.78 39.36 16.56 0 18.14 22.93 8.13 7.69 4.39 12.34 34.62 34.62 53.38 58.02 42.02 
15.03 39.46 11.46 24.27 62.08 18.56 22.32 0 23.81 9.5 29.1 14.59 8 13.51 13.51 57.46 63.32 44.44 
10.63 60.43 10.8 4.02 34.65 20.57 4.09 21.54 26.83 12.14 0 9.43 16.31 38.54 38.54 60.65 67.97 47.73 
4.17 48.83 3.58 11.81 43.35 10.44 5.26 12.06 16.98 3.65 14.81 0 5.37 29.17 29.17 48.84 56.39 36.01 
3.65 43.65 1.8 13 48.65 11.98 10.16 5.36 18.48 1.57 17.03 3.28 0 21.58 21.58 50.56 58.07 37.42 
23.76 30.69 20.34 31.81 69.49 9.91 30.4 6.94 15.37 18.46 36.42 22.14 16.98 0 0 48.82 54.83 35.9 
23.76 30.69 20.34 31.81 69.49 9.91 30.4 6.94 15.37 18.46 36.42 22.14 16.98 0 0 48.82 54.83 35.9 
50.77 45.05 48.79 62.35 43.47 32.12 51.9 50.5 32.57 47.69 55.57 47.31 52.28 42.3 42.3 0 13.95 11.28 
57.01 57.23 55.08 68.33 33.27 35.68 56.14 57.09 36.09 54.02 59.84 53.64 58.5 48.06 48.06 10.61 0 21.98 
46.81 43.15 44.8 59.55 47.28 27.02 45.99 46.8 27.5 43.69 49.65 43.31 48.3 38.09 38.09 6.56 16.34 0 
3.65 43.65 1.8 13 48.65 11.98 10.16 5.36 18.48 1.57 17.03 3.28 0 21.58 21.58 50.56 58.07 37.42 
23.76 30.69 20.34 31.81 69.49 9.91 30.4 6.94 15.37 18.46 36.42 22.14 16.98 0 0 48.82 54.83 35.9 
23.76 30.69 20.34 31.81 69.49 9.91 30.4 6.94 15.37 18.46 36.42 22.14 16.98 0 0 48.82 54.83 35.9 
50.77 45.05 48.79 62.35 43.47 32.12 51.9 50.5 32.57 47.69 55.57 47.31 52.28 42.3 42.3 0 13.95 11.28 
57.01 57.23 55.08 68.33 33.27 35.68 56.14 57.09 36.09 54.02 59.84 53.64 58.5 48.06 48.06 10.61 0 21.98 
46.81 43.15 44.8 59.55 47.28 27.02 45.99 46.8 27.5 43.69 49.65 43.31 48.3 38.09 38.09 6.56 16.34 0 
Matriz de Costos>
0 50.13 1.81 10.62 46.09 15.01 8.3 11.76 21.42 3.48 14.02 5 4.76 27.53 27.53 53.47 60.88 40.38 
48.35 0 46.35 59.85 87.9 34.01 53.91 34.28 38.86 45.25 61.69 44.88 43.63 27.5 27.5 44.45 55.98 33.6 
1.89 46.62 0 10.66 46.19 11.51 8.34 8.2 18.02 1.69 13.53 3.27 3.04 24.24 24.24 49.98 57.5 36.97 
11.98 57.27 11.03 0 42.71 24.36 11.58 18.48 30.49 12.33 8.65 13.46 17.66 33.56 33.56 64.09 71.28 51.42 
42.11 88.23 42.3 41.61 0 53.06 37.86 57.16 53.15 44.92 32.37 39.01 49.51 76.51 76.51 40.32 33.48 52.2 
13.96 34.85 11.93 22.78 58.18 0 19.32 13.29 4.68 10.84 25.49 10.64 15.03 16.54 16.54 37.21 43.38 25.96 
16.22 35.34 14.21 24.96 58.09 0.9 21.54 15.57 0 13.14 27.66 12.94 17.29 18.78 18.78 35.4 43.33 24.05 
3.53 45.43 1.66 13.47 47.43 10.93 9.11 6.97 17.46 0 15.99 3.2 2.36 23.09 23.09 49.31 56.85 36.44 
10.63 60.43 10.8 4.02 34.65 20.57 4.09 21.54 26.83 12.14 0 9.43 16.31 38.54 38.54 60.65 67.97 47.73 
4.17 48.83 3.58 11.81 43.35 10.44 5.26 12.06 16.98 3.65 14.81 0 5.37 29.17 29.17 48.84 56.39 36.01 
3.65 43.65 1.8 13 48.65 11.98 10.16 5.36 18.48 1.57 17.03 3.28 0 21.58 21.58 50.56 58.07 37.42 
23.76 30.69 20.34 31.81 69.49 9.91 30.4 6.94 15.37 18.46 36.42 22.14 16.98 0 0 48.82 54.83 35.9 
23.76 30.69 20.34 31.81 69.49 9.91 30.4 6.94 15.37 18.46 36.42 22.14 16.98 0 0 48.82 54.83 35.9 
50.77 45.05 48.79 62.35 43.47 32.12 51.9 50.5 32.57 47.69 55.57 47.31 52.28 42.3 42.3 0 13.95 11.28 
57.01 57.23 55.08 68.33 33.27 35.68 56.14 57.09 36.09 54.02 59.84 53.64 58.5 48.06 48.06 10.61 0 21.98 
6.3 55.38 6.47 10.78 39.36 16.56 0 18.14 22.93 8.13 7.69 4.39 12.34 34.62 34.62 53.38 58.02 42.02 
15.03 39.46 11.46 24.27 62.08 18.56 22.32 0 23.81 9.5 29.1 14.59 8 13.51 13.51 57.46 63.32 44.44 
16.22 35.34 14.21 24.96 58.09 0.9 21.54 15.57 0 13.14 27.66 12.94 17.29 18.78 18.78 35.4 43.33 24.05 
3.53 45.43 1.66 13.47 47.43 10.93 9.11 6.97 17.46 0 15.99 3.2 2.36 23.09 23.09 49.31 56.85 36.44 
10.63 60.43 10.8 4.02 34.65 20.57 4.09 21.54 26.83 12.14 0 9.43 16.31 38.54 38.54 60.65 67.97 47.73 
4.17 48.83 3.58 11.81 43.35 10.44 5.26 12.06 16.98 3.65 14.81 0 5.37 29.17 29.17 48.84 56.39 36.01 
3.65 43.65 1.8 13 48.65 11.98 10.16 5.36 18.48 1.57 17.03 3.28 0 21.58 21.58 50.56 58.07 37.42 
46.81 43.15 44.8 59.55 47.28 27.02 45.99 46.8 27.5 43.69 49.65 43.31 48.3 38.09 38.09 6.56 16.34 0 
23.76 30.69 20.34 31.81 69.49 9.91 30.4 6.94 15.37 18.46 36.42 22.14 16.98 0 0 48.82 54.83 35.9 
23.76 30.69 20.34 31.81 69.49 9.91 30.4 6.94 15.37 18.46 36.42 22.14 16.98 0 0 48.82 54.83 35.9 
50.77 45.05 48.79 62.35 43.47 32.12 51.9 50.5 32.57 47.69 55.57 47.31 52.28 42.3 42.3 0 13.95 11.28 
57.01 57.23 55.08 68.33 33.27 35.68 56.14 57.09 36.09 54.02 59.84 53.64 58.5 48.06 48.06 10.61 0 21.98 
46.81 43.15 44.8 59.55 47.28 27.02 45.99 46.8 27.5 43.69 49.65 43.31 48.3 38.09 38.09 6.56 16.34 0 
GEN 0 526.640000
GEN 0 509.200000
GEN 0 506.230000
TIEMPO 0 506.230000
TIEMPO 0 502.030000
GEN 0 541.450000
TIEMPO 0 539.370000
GEN 0 535.870000
TIEMPO 0 516.650000
GEN 0 538.290000
GEN 0 474.630000
GEN 0 510.820000
GEN 0 529.890000
TIEMPO 0 538.290000
TIEMPO 0 440.490000
TIEMPO 0 510.820000
TIEMPO 0 526.640000
TIEMPO 0 529.890000
GEN 0 523.640000
GEN 0 570.450000
TIEMPO 0 502.990000
TIEMPO 0 570.450000
GEN 0 541.890000
TIEMPO 0 541.890000
GEN 0 584.510000
TIEMPO 0 553.040000
GEN 0 473.250000
GEN 0 529.570000
TIEMPO 0 473.250000
TIEMPO 0 517.450000
GEN 0 518.080000
GEN 0 469.110000
TIEMPO 0 518.080000
TIEMPO 0 469.110000
GEN 0 489.230000
TIEMPO 0 471.790000
GEN 0 544.570000
GEN 0 501.200000
TIEMPO 0 517.700000
TIEMPO 0 501.200000
GEN 0 538.730000
GEN 0 552.650000
TIEMPO 0 515.580000
TIEMPO 0 552.650000
GREEDY 0 0.021330
GREEDY 5 0.021862
GEN 0 515.340000
TIEMPO 0 483.760000
GEN 0 528.520000
TIEMPO 0 507.710000
GREEDY 0 0.034282
GREEDY 0 0.020545
GREEDY 10 0.046333
GREEDY 0 0.063428
GREEDY 5 0.058787
GREEDY 0 0.063757
GREEDY 5 0.063854
GREEDY 0 0.051964
GREEDY 0 0.054684
GREEDY 15 0.074020
GREEDY 0 0.073740
GREEDY 5 0.076339
GREEDY 0 0.077395
GREEDY 0 0.101568
GREEDY 0 0.092956
GREEDY 0 0.077888
GREEDY 5 0.121418
GREEDY 0 0.133055
GREEDY 5 0.115620
GREEDY 0 0.106727
GREEDY 0 0.130289
GREEDY 0 0.124992
GREEDY 0 0.157082
GREEDY 5 0.159899
GEN 2500 266.780000
GREEDY 0 0.171876
GREEDY 5 0.151443
GREEDY 0 0.197027
GREEDY 5 0.174422
GREEDY 5 0.200314
GREEDY 5 0.204045
GREEDY 5 0.186464
GREEDY 10 0.215455
GEN 2500 306.080000
GREEDY 0 0.218440
GREEDY 10 0.190670
GREEDY 10 0.231172
GREEDY 5 0.234926
GREEDY 5 0.231167
GEN 2500 310.650000
GREEDY 0 0.248775
GREEDY 0 0.253551
GREEDY 5 0.280855
GREEDY 5 0.287524
GREEDY 10 0.299821
GREEDY 10 0.328943
GREEDY 10 0.327109
GEN 5000 266.780000
GREEDY 10 0.322990
GREEDY 5 0.313749
GREEDY 10 0.313850
GREEDY 0 0.330759
GREEDY 10 0.361304
GREEDY 0 0.353417
GEN 5000 301.040000
GREEDY 5 0.382046
GREEDY 15 0.390900
GEN 2500 289.900000
GREEDY 15 0.402053
GEN 2500 288.360000
GREEDY 5 0.392139
GREEDY 15 0.432311
GREEDY 10 0.442375
GREEDY 15 0.414819
GREEDY 5 0.439160
GREEDY 10 0.450452
GREEDY 10 0.441471
GREEDY 15 0.471269
GREEDY 5 0.489773
GREEDY 10 0.466775
GEN 2500 310.670000
GEN 2500 271.530000
GEN 5000 310.650000
GEN 2500 280.640000
GEN 2500 295.500000
GEN 2500 285.260000
GEN 7500 266.780000
GEN 2500 295.130000
GEN 2500 270.150000
GEN 2500 270.260000
GEN 2500 293.960000
GEN 2500 312.440000
GREEDY 5 0.504053
GEN 2500 270.390000
GEN 2500 279.800000
GREEDY 10 0.510044
GEN 2500 289.980000
GEN 2500 281.280000
GREEDY 10 0.518285
GEN 2500 290.490000
GREEDY 5 0.509662
GEN 2500 306.020000
GREEDY 10 0.522974
GEN 2500 287.440000
GEN 2500 297.330000
GREEDY 15 0.545571
GEN 7500 270.420000
GREEDY 15 0.581763
GREEDY 10 0.582898
GREEDY 15 0.590118
GEN 2500 269.280000
GREEDY 15 0.622432
GEN 7500 310.650000
GEN 5000 270.150000
GEN 5000 270.020000
GEN 5000 285.260000
GEN 5000 270.150000
GEN 10000 266.780000
TIEMPO 0.680307 266.780000
GEN 5000 290.970000
GEN 5000 298.990000
GEN 5000 281.650000
GEN 5000 295.500000
GEN 5000 287.490000
GEN 5000 278.010000
GEN 5000 270.260000
GEN 5000 270.150000
GREEDY 15 0.731491
GEN 5000 270.260000
GEN 5000 271.530000
GEN 5000 297.330000
GEN 5000 276.900000
GEN 5000 284.860000
GEN 7500 270.150000
GEN 10000 310.650000
TIEMPO 0.796112 310.650000
GEN 5000 289.900000
GEN 7500 270.020000
GEN 7500 285.260000
GEN 7500 270.150000
GEN 5000 292.270000
GEN 5000 268.940000
GEN 7500 298.960000
GEN 7500 290.970000
GEN 7500 281.650000
GEN 7500 269.160000
GEN 7500 278.010000
GEN 7500 295.500000
GEN 7500 270.150000
GEN 5000 288.900000
GEN 10000 270.150000
TIEMPO 0.967813 270.150000
GEN 10000 270.020000
TIEMPO 0.970488 270.020000
TIEMPO 1 290.970000
TIEMPO 1 276.900000
TIEMPO 1 292.270000
GEN 10000 285.260000
TIEMPO 0.987632 285.260000
TIEMPO 1 289.900000
TIEMPO 1 271.530000
TIEMPO 1 295.500000
TIEMPO 1 270.150000
TIEMPO 1 297.330000
TIEMPO 1 270.260000
TIEMPO 1 270.420000
GEN 10000 270.150000
TIEMPO 1.005543 270.150000
TIEMPO 1 278.010000
TIEMPO 1 284.860000
TIEMPO 1 268.940000
TIEMPO 1 288.900000
TIEMPO 1 281.650000
TIEMPO 1 298.960000
TIEMPO 1 269.160000
TIEMPO 1 270.150000
TIEMPO 1 270.260000
GEN 10000 298.960000
TIEMPO 1.028989 298.960000
GEN 10000 290.970000
TIEMPO 1.064800 290.970000
GEN 10000 281.650000
TIEMPO 1.041992 281.650000
GEN 7500 289.900000
GEN 7500 292.270000
GEN 7500 268.940000
GEN 10000 269.160000
TIEMPO 1.076082 269.160000
GEN 10000 278.010000
TIEMPO 1.093415 278.010000
GEN 10000 270.420000
TIEMPO 1.102051 270.420000
GEN 7500 270.260000
GEN 10000 295.500000
TIEMPO 1.131756 295.500000
GEN 7500 297.330000
GEN 10000 270.150000
TIEMPO 1.127639 270.150000
GEN 7500 270.260000
GEN 7500 276.560000
GEN 7500 278.010000
GEN 10000 289.900000
TIEMPO 1.280944 289.900000
GEN 10000 292.270000
TIEMPO 1.291863 292.270000
GEN 10000 268.940000
TIEMPO 1.270224 268.940000
GEN 7500 288.900000
GEN 10000 270.260000
TIEMPO 1.353024 270.260000
GEN 7500 271.530000
GEN 10000 297.330000
TIEMPO 1.415355 297.330000
GEN 10000 278.010000
TIEMPO 1.435280 278.010000
GEN 10000 270.260000
TIEMPO 1.480361 270.260000
GEN 10000 288.900000
TIEMPO 1.520004 288.900000
GEN 10000 276.560000
TIEMPO 1.549654 276.560000
TIEMPO 2 271.530000
GEN 10000 271.530000
TIEMPO 2.049860 271.530000

 Current State ---------------------------------------------
Solution:  2 11 6 0 12 9 5 8 0 18 17 15 16 0 7 13 14 1 0 3 10 4 0 0 0 0 0 0 0 0 0 0 0 0 0 Fitness: 266.78

 :( ---------------------- THE END --------------- :) 
