Dimension>35
Bandera>13
Fitness Greedy Costo>323
Solucion Greedy Costo>2 9 12 11 0 6 10 3 0 7 13 14 5 0 8 18 17 15 0 4 16 0 1 0 0 0 0 0 0 0 0 0 0 0 0 
Linea Vacia>
Dimension>35
Bandera>13
Fitness Greedy Costo>323
Solucion Greedy Costo>2 9 12 11 0 6 10 3 0 7 13 14 5 0 8 18 17 15 0 4 16 0 1 0 0 0 0 0 0 0 0 0 0 0 0 
Linea Vacia>
Dimension>35
Bandera>13
Fitness Greedy Costo>323
Solucion Greedy Costo>2 9 12 11 0 6 10 3 0 7 13 14 5 0 8 18 17 15 0 4 16 0 1 0 0 0 0 0 0 0 0 0 0 0 0 
Linea Vacia>
Matriz de Costos>
0 50.13 1.81 10.62 46.09 15.01 8.3 11.76 21.42 3.48 14.02 5 4.76 27.53 27.53 53.47 60.88 40.38 
48.35 0 46.35 59.85 87.9 34.01 53.91 34.28 38.86 45.25 61.69 44.88 43.63 27.5 27.5 44.45 55.98 33.6 
1.89 46.62 0 10.66 46.19 11.51 8.34 8.2 18.02 1.69 13.53 3.27 3.04 24.24 24.24 49.98 57.5 36.97 
11.98 57.27 11.03 0 42.71 24.36 11.58 18.48 30.49 12.33 8.65 13.46 17.66 33.56 33.56 64.09 71.28 51.42 
Dimension>35
Bandera>13
Fitness Greedy Costo>323
Solucion Greedy Costo>2 9 12 11 0 6 10 3 0 7 13 14 5 0 8 18 17 15 0 4 16 0 1 0 0 0 0 0 0 0 0 0 0 0 0 
Linea Vacia>
42.11 88.23 42.3 41.61 0 53.06 37.86 57.16 53.15 44.92 32.37 39.01 49.51 76.51 76.51 40.32 33.48 52.2 
Dimension>35
Matriz de Costos>
13.96 34.85 11.93 22.78 58.18 0 19.32 13.29 4.68 10.84 25.49 10.64 15.03 16.54 16.54 37.21 43.38 25.96 
Bandera>13
Fitness Greedy Costo>323
0 50.13 1.81 10.62 46.09 15.01 8.3 11.76 21.42 3.48 14.02 5 4.76 27.53 27.53 53.47 60.88 40.38 
6.3 55.38 6.47 10.78 39.36 16.56 0 18.14 22.93 8.13 7.69 4.39 12.34 34.62 34.62 53.38 58.02 42.02 
15.03 39.46 11.46 24.27 62.08 18.56 22.32 0 23.81 9.5 29.1 14.59 8 13.51 13.51 57.46 63.32 44.44 
Solucion Greedy Costo>2 9 12 11 0 6 10 3 0 7 13 14 5 0 8 18 17 15 0 4 16 0 1 0 0 0 0 0 0 0 0 0 0 0 0 
Linea Vacia>
Matriz de Costos>
0 50.13 1.81 10.62 46.09 15.01 8.3 11.76 21.42 3.48 14.02 5 4.76 27.53 27.53 53.47 60.88 40.38 
48.35 0 46.35 59.85 87.9 34.01 53.91 34.28 38.86 45.25 61.69 44.88 43.63 27.5 27.5 44.45 55.98 33.6 
16.22 35.34 14.21 24.96 58.09 0.9 21.54 15.57 0 13.14 27.66 12.94 17.29 18.78 18.78 35.4 43.33 24.05 
3.53 45.43 1.66 13.47 47.43 10.93 9.11 6.97 17.46 0 15.99 3.2 2.36 23.09 23.09 49.31 56.85 36.44 
48.35 0 46.35 59.85 87.9 34.01 53.91 34.28 38.86 45.25 61.69 44.88 43.63 27.5 27.5 44.45 55.98 33.6 
1.89 46.62 0 10.66 46.19 11.51 8.34 8.2 18.02 1.69 13.53 3.27 3.04 24.24 24.24 49.98 57.5 36.97 
Matriz de Costos>
0 50.13 1.81 10.62 46.09 15.01 8.3 11.76 21.42 3.48 14.02 5 4.76 27.53 27.53 53.47 60.88 40.38 
1.89 46.62 0 10.66 46.19 11.51 8.34 8.2 18.02 1.69 13.53 3.27 3.04 24.24 24.24 49.98 57.5 36.97 
11.98 57.27 11.03 0 42.71 24.36 11.58 18.48 30.49 12.33 8.65 13.46 17.66 33.56 33.56 64.09 71.28 51.42 
10.63 60.43 10.8 4.02 34.65 20.57 4.09 21.54 26.83 12.14 0 9.43 16.31 38.54 38.54 60.65 67.97 47.73 
4.17 48.83 3.58 11.81 43.35 10.44 5.26 12.06 16.98 3.65 14.81 0 5.37 29.17 29.17 48.84 56.39 36.01 
Dimension>35
11.98 57.27 11.03 0 42.71 24.36 11.58 18.48 30.49 12.33 8.65 13.46 17.66 33.56 33.56 64.09 71.28 51.42 
42.11 88.23 42.3 41.61 0 53.06 37.86 57.16 53.15 44.92 32.37 39.01 49.51 76.51 76.51 40.32 33.48 52.2 
48.35 0 46.35 59.85 87.9 34.01 53.91 34.28 38.86 45.25 61.69 44.88 43.63 27.5 27.5 44.45 55.98 33.6 
1.89 46.62 0 10.66 46.19 11.51 8.34 8.2 18.02 1.69 13.53 3.27 3.04 24.24 24.24 49.98 57.5 36.97 
11.98 57.27 11.03 0 42.71 24.36 11.58 18.48 30.49 12.33 8.65 13.46 17.66 33.56 33.56 64.09 71.28 51.42 
13.96 34.85 11.93 22.78 58.18 0 19.32 13.29 4.68 10.84 25.49 10.64 15.03 16.54 16.54 37.21 43.38 25.96 
3.65 43.65 1.8 13 48.65 11.98 10.16 5.36 18.48 1.57 17.03 3.28 0 21.58 21.58 50.56 58.07 37.42 
23.76 30.69 20.34 31.81 69.49 9.91 30.4 6.94 15.37 18.46 36.42 22.14 16.98 0 0 48.82 54.83 35.9 
42.11 88.23 42.3 41.61 0 53.06 37.86 57.16 53.15 44.92 32.37 39.01 49.51 76.51 76.51 40.32 33.48 52.2 
Bandera>13
Fitness Greedy Costo>323
42.11 88.23 42.3 41.61 0 53.06 37.86 57.16 53.15 44.92 32.37 39.01 49.51 76.51 76.51 40.32 33.48 52.2 
13.96 34.85 11.93 22.78 58.18 0 19.32 13.29 4.68 10.84 25.49 10.64 15.03 16.54 16.54 37.21 43.38 25.96 
13.96 34.85 11.93 22.78 58.18 0 19.32 13.29 4.68 10.84 25.49 10.64 15.03 16.54 16.54 37.21 43.38 25.96 
6.3 55.38 6.47 10.78 39.36 16.56 0 18.14 22.93 8.13 7.69 4.39 12.34 34.62 34.62 53.38 58.02 42.02 
15.03 39.46 11.46 24.27 62.08 18.56 22.32 0 23.81 9.5 29.1 14.59 8 13.51 13.51 57.46 63.32 44.44 
23.76 30.69 20.34 31.81 69.49 9.91 30.4 6.94 15.37 18.46 36.42 22.14 16.98 0 0 48.82 54.83 35.9 
50.77 45.05 48.79 62.35 43.47 32.12 51.9 50.5 32.57 47.69 55.57 47.31 52.28 42.3 42.3 0 13.95 11.28 
6.3 55.38 6.47 10.78 39.36 16.56 0 18.14 22.93 8.13 7.69 4.39 12.34 34.62 34.62 53.38 58.02 42.02 
Dimension>35
6.3 55.38 6.47 10.78 39.36 16.56 0 18.14 22.93 8.13 7.69 4.39 12.34 34.62 34.62 53.38 58.02 42.02 
15.03 39.46 11.46 24.27 62.08 18.56 22.32 0 23.81 9.5 29.1 14.59 8 13.51 13.51 57.46 63.32 44.44 
57.01 57.23 55.08 68.33 33.27 35.68 56.14 57.09 36.09 54.02 59.84 53.64 58.5 48.06 48.06 10.61 0 21.98 
Solucion Greedy Costo>2 9 12 11 0 6 10 3 0 7 13 14 5 0 8 18 17 15 0 4 16 0 1 0 0 0 0 0 0 0 0 0 0 0 0 
Linea Vacia>
15.03 39.46 11.46 24.27 62.08 18.56 22.32 0 23.81 9.5 29.1 14.59 8 13.51 13.51 57.46 63.32 44.44 
16.22 35.34 14.21 24.96 58.09 0.9 21.54 15.57 0 13.14 27.66 12.94 17.29 18.78 18.78 35.4 43.33 24.05 
3.53 45.43 1.66 13.47 47.43 10.93 9.11 6.97 17.46 0 15.99 3.2 2.36 23.09 23.09 49.31 56.85 36.44 
16.22 35.34 14.21 24.96 58.09 0.9 21.54 15.57 0 13.14 27.66 12.94 17.29 18.78 18.78 35.4 43.33 24.05 
16.22 35.34 14.21 24.96 58.09 0.9 21.54 15.57 0 13.14 27.66 12.94 17.29 18.78 18.78 35.4 43.33 24.05 
3.53 45.43 1.66 13.47 47.43 10.93 9.11 6.97 17.46 0 15.99 3.2 2.36 23.09 23.09 49.31 56.85 36.44 
46.81 43.15 44.8 59.55 47.28 27.02 45.99 46.8 27.5 43.69 49.65 43.31 48.3 38.09 38.09 6.56 16.34 0 
Matriz de Costos>
Bandera>13
Fitness Greedy Costo>323
Solucion Greedy Costo>2 9 12 11 0 6 10 3 0 7 13 14 5 0 8 18 17 15 0 4 16 0 1 0 0 0 0 0 0 0 0 0 0 0 0 
Linea Vacia>
3.53 45.43 1.66 13.47 47.43 10.93 9.11 6.97 17.46 0 15.99 3.2 2.36 23.09 23.09 49.31 56.85 36.44 
0 50.13 1.81 10.62 46.09 15.01 8.3 11.76 21.42 3.48 14.02 5 4.76 27.53 27.53 53.47 60.88 40.38 
10.63 60.43 10.8 4.02 34.65 20.57 4.09 21.54 26.83 12.14 0 9.43 16.31 38.54 38.54 60.65 67.97 47.73 
4.17 48.83 3.58 11.81 43.35 10.44 5.26 12.06 16.98 3.65 14.81 0 5.37 29.17 29.17 48.84 56.39 36.01 
3.65 43.65 1.8 13 48.65 11.98 10.16 5.36 18.48 1.57 17.03 3.28 0 21.58 21.58 50.56 58.07 37.42 
10.63 60.43 10.8 4.02 34.65 20.57 4.09 21.54 26.83 12.14 0 9.43 16.31 38.54 38.54 60.65 67.97 47.73 
10.63 60.43 10.8 4.02 34.65 20.57 4.09 21.54 26.83 12.14 0 9.43 16.31 38.54 38.54 60.65 67.97 47.73 
48.35 0 46.35 59.85 87.9 34.01 53.91 34.28 38.86 45.25 61.69 44.88 43.63 27.5 27.5 44.45 55.98 33.6 
Dimension>35
4.17 48.83 3.58 11.81 43.35 10.44 5.26 12.06 16.98 3.65 14.81 0 5.37 29.17 29.17 48.84 56.39 36.01 
4.17 48.83 3.58 11.81 43.35 10.44 5.26 12.06 16.98 3.65 14.81 0 5.37 29.17 29.17 48.84 56.39 36.01 
23.76 30.69 20.34 31.81 69.49 9.91 30.4 6.94 15.37 18.46 36.42 22.14 16.98 0 0 48.82 54.83 35.9 
23.76 30.69 20.34 31.81 69.49 9.91 30.4 6.94 15.37 18.46 36.42 22.14 16.98 0 0 48.82 54.83 35.9 
Bandera>13
Fitness Greedy Costo>323
3.65 43.65 1.8 13 48.65 11.98 10.16 5.36 18.48 1.57 17.03 3.28 0 21.58 21.58 50.56 58.07 37.42 
3.65 43.65 1.8 13 48.65 11.98 10.16 5.36 18.48 1.57 17.03 3.28 0 21.58 21.58 50.56 58.07 37.42 
23.76 30.69 20.34 31.81 69.49 9.91 30.4 6.94 15.37 18.46 36.42 22.14 16.98 0 0 48.82 54.83 35.9 
1.89 46.62 0 10.66 46.19 11.51 8.34 8.2 18.02 1.69 13.53 3.27 3.04 24.24 24.24 49.98 57.5 36.97 
11.98 57.27 11.03 0 42.71 24.36 11.58 18.48 30.49 12.33 8.65 13.46 17.66 33.56 33.56 64.09 71.28 51.42 
50.77 45.05 48.79 62.35 43.47 32.12 51.9 50.5 32.57 47.69 55.57 47.31 52.28 42.3 42.3 0 13.95 11.28 
57.01 57.23 55.08 68.33 33.27 35.68 56.14 57.09 36.09 54.02 59.84 53.64 58.5 48.06 48.06 10.61 0 21.98 
Solucion Greedy Costo>2 9 12 11 0 6 10 3 0 7 13 14 5 0 8 18 17 15 0 4 16 0 1 0 0 0 0 0 0 0 0 0 0 0 0 
Linea Vacia>
23.76 30.69 20.34 31.81 69.49 9.91 30.4 6.94 15.37 18.46 36.42 22.14 16.98 0 0 48.82 54.83 35.9 
23.76 30.69 20.34 31.81 69.49 9.91 30.4 6.94 15.37 18.46 36.42 22.14 16.98 0 0 48.82 54.83 35.9 
42.11 88.23 42.3 41.61 0 53.06 37.86 57.16 53.15 44.92 32.37 39.01 49.51 76.51 76.51 40.32 33.48 52.2 
23.76 30.69 20.34 31.81 69.49 9.91 30.4 6.94 15.37 18.46 36.42 22.14 16.98 0 0 48.82 54.83 35.9 
46.81 43.15 44.8 59.55 47.28 27.02 45.99 46.8 27.5 43.69 49.65 43.31 48.3 38.09 38.09 6.56 16.34 0 
50.77 45.05 48.79 62.35 43.47 32.12 51.9 50.5 32.57 47.69 55.57 47.31 52.28 42.3 42.3 0 13.95 11.28 
50.77 45.05 48.79 62.35 43.47 32.12 51.9 50.5 32.57 47.69 55.57 47.31 52.28 42.3 42.3 0 13.95 11.28 
57.01 57.23 55.08 68.33 33.27 35.68 56.14 57.09 36.09 54.02 59.84 53.64 58.5 48.06 48.06 10.61 0 21.98 
13.96 34.85 11.93 22.78 58.18 0 19.32 13.29 4.68 10.84 25.49 10.64 15.03 16.54 16.54 37.21 43.38 25.96 
57.01 57.23 55.08 68.33 33.27 35.68 56.14 57.09 36.09 54.02 59.84 53.64 58.5 48.06 48.06 10.61 0 21.98 
6.3 55.38 6.47 10.78 39.36 16.56 0 18.14 22.93 8.13 7.69 4.39 12.34 34.62 34.62 53.38 58.02 42.02 
46.81 43.15 44.8 59.55 47.28 27.02 45.99 46.8 27.5 43.69 49.65 43.31 48.3 38.09 38.09 6.56 16.34 0 
15.03 39.46 11.46 24.27 62.08 18.56 22.32 0 23.81 9.5 29.1 14.59 8 13.51 13.51 57.46 63.32 44.44 
46.81 43.15 44.8 59.55 47.28 27.02 45.99 46.8 27.5 43.69 49.65 43.31 48.3 38.09 38.09 6.56 16.34 0 
Matriz de Costos>
Matriz de Costos>
0 50.13 1.81 10.62 46.09 15.01 8.3 11.76 21.42 3.48 14.02 5 4.76 27.53 27.53 53.47 60.88 40.38 
16.22 35.34 14.21 24.96 58.09 0.9 21.54 15.57 0 13.14 27.66 12.94 17.29 18.78 18.78 35.4 43.33 24.05 
3.53 45.43 1.66 13.47 47.43 10.93 9.11 6.97 17.46 0 15.99 3.2 2.36 23.09 23.09 49.31 56.85 36.44 
0 50.13 1.81 10.62 46.09 15.01 8.3 11.76 21.42 3.48 14.02 5 4.76 27.53 27.53 53.47 60.88 40.38 
48.35 0 46.35 59.85 87.9 34.01 53.91 34.28 38.86 45.25 61.69 44.88 43.63 27.5 27.5 44.45 55.98 33.6 
48.35 0 46.35 59.85 87.9 34.01 53.91 34.28 38.86 45.25 61.69 44.88 43.63 27.5 27.5 44.45 55.98 33.6 
1.89 46.62 0 10.66 46.19 11.51 8.34 8.2 18.02 1.69 13.53 3.27 3.04 24.24 24.24 49.98 57.5 36.97 
10.63 60.43 10.8 4.02 34.65 20.57 4.09 21.54 26.83 12.14 0 9.43 16.31 38.54 38.54 60.65 67.97 47.73 
4.17 48.83 3.58 11.81 43.35 10.44 5.26 12.06 16.98 3.65 14.81 0 5.37 29.17 29.17 48.84 56.39 36.01 
1.89 46.62 0 10.66 46.19 11.51 8.34 8.2 18.02 1.69 13.53 3.27 3.04 24.24 24.24 49.98 57.5 36.97 
11.98 57.27 11.03 0 42.71 24.36 11.58 18.48 30.49 12.33 8.65 13.46 17.66 33.56 33.56 64.09 71.28 51.42 
Matriz de Costos>
0 50.13 1.81 10.62 46.09 15.01 8.3 11.76 21.42 3.48 14.02 5 4.76 27.53 27.53 53.47 60.88 40.38 
11.98 57.27 11.03 0 42.71 24.36 11.58 18.48 30.49 12.33 8.65 13.46 17.66 33.56 33.56 64.09 71.28 51.42 
3.65 43.65 1.8 13 48.65 11.98 10.16 5.36 18.48 1.57 17.03 3.28 0 21.58 21.58 50.56 58.07 37.42 
23.76 30.69 20.34 31.81 69.49 9.91 30.4 6.94 15.37 18.46 36.42 22.14 16.98 0 0 48.82 54.83 35.9 
42.11 88.23 42.3 41.61 0 53.06 37.86 57.16 53.15 44.92 32.37 39.01 49.51 76.51 76.51 40.32 33.48 52.2 
13.96 34.85 11.93 22.78 58.18 0 19.32 13.29 4.68 10.84 25.49 10.64 15.03 16.54 16.54 37.21 43.38 25.96 
Dimension>35
48.35 0 46.35 59.85 87.9 34.01 53.91 34.28 38.86 45.25 61.69 44.88 43.63 27.5 27.5 44.45 55.98 33.6 
1.89 46.62 0 10.66 46.19 11.51 8.34 8.2 18.02 1.69 13.53 3.27 3.04 24.24 24.24 49.98 57.5 36.97 
11.98 57.27 11.03 0 42.71 24.36 11.58 18.48 30.49 12.33 8.65 13.46 17.66 33.56 33.56 64.09 71.28 51.42 
23.76 30.69 20.34 31.81 69.49 9.91 30.4 6.94 15.37 18.46 36.42 22.14 16.98 0 0 48.82 54.83 35.9 
6.3 55.38 6.47 10.78 39.36 16.56 0 18.14 22.93 8.13 7.69 4.39 12.34 34.62 34.62 53.38 58.02 42.02 
15.03 39.46 11.46 24.27 62.08 18.56 22.32 0 23.81 9.5 29.1 14.59 8 13.51 13.51 57.46 63.32 44.44 
Bandera>13
Fitness Greedy Costo>323
42.11 88.23 42.3 41.61 0 53.06 37.86 57.16 53.15 44.92 32.37 39.01 49.51 76.51 76.51 40.32 33.48 52.2 
13.96 34.85 11.93 22.78 58.18 0 19.32 13.29 4.68 10.84 25.49 10.64 15.03 16.54 16.54 37.21 43.38 25.96 
50.77 45.05 48.79 62.35 43.47 32.12 51.9 50.5 32.57 47.69 55.57 47.31 52.28 42.3 42.3 0 13.95 11.28 
57.01 57.23 55.08 68.33 33.27 35.68 56.14 57.09 36.09 54.02 59.84 53.64 58.5 48.06 48.06 10.61 0 21.98 
42.11 88.23 42.3 41.61 0 53.06 37.86 57.16 53.15 44.92 32.37 39.01 49.51 76.51 76.51 40.32 33.48 52.2 
13.96 34.85 11.93 22.78 58.18 0 19.32 13.29 4.68 10.84 25.49 10.64 15.03 16.54 16.54 37.21 43.38 25.96 
6.3 55.38 6.47 10.78 39.36 16.56 0 18.14 22.93 8.13 7.69 4.39 12.34 34.62 34.62 53.38 58.02 42.02 
6.3 55.38 6.47 10.78 39.36 16.56 0 18.14 22.93 8.13 7.69 4.39 12.34 34.62 34.62 53.38 58.02 42.02 
46.81 43.15 44.8 59.55 47.28 27.02 45.99 46.8 27.5 43.69 49.65 43.31 48.3 38.09 38.09 6.56 16.34 0 
16.22 35.34 14.21 24.96 58.09 0.9 21.54 15.57 0 13.14 27.66 12.94 17.29 18.78 18.78 35.4 43.33 24.05 
3.53 45.43 1.66 13.47 47.43 10.93 9.11 6.97 17.46 0 15.99 3.2 2.36 23.09 23.09 49.31 56.85 36.44 
10.63 60.43 10.8 4.02 34.65 20.57 4.09 21.54 26.83 12.14 0 9.43 16.31 38.54 38.54 60.65 67.97 47.73 
Solucion Greedy Costo>2 9 12 11 0 6 10 3 0 7 13 14 5 0 8 18 17 15 0 4 16 0 1 0 0 0 0 0 0 0 0 0 0 0 0 
Linea Vacia>
15.03 39.46 11.46 24.27 62.08 18.56 22.32 0 23.81 9.5 29.1 14.59 8 13.51 13.51 57.46 63.32 44.44 
16.22 35.34 14.21 24.96 58.09 0.9 21.54 15.57 0 13.14 27.66 12.94 17.29 18.78 18.78 35.4 43.33 24.05 
4.17 48.83 3.58 11.81 43.35 10.44 5.26 12.06 16.98 3.65 14.81 0 5.37 29.17 29.17 48.84 56.39 36.01 
3.65 43.65 1.8 13 48.65 11.98 10.16 5.36 18.48 1.57 17.03 3.28 0 21.58 21.58 50.56 58.07 37.42 
15.03 39.46 11.46 24.27 62.08 18.56 22.32 0 23.81 9.5 29.1 14.59 8 13.51 13.51 57.46 63.32 44.44 
16.22 35.34 14.21 24.96 58.09 0.9 21.54 15.57 0 13.14 27.66 12.94 17.29 18.78 18.78 35.4 43.33 24.05 
3.53 45.43 1.66 13.47 47.43 10.93 9.11 6.97 17.46 0 15.99 3.2 2.36 23.09 23.09 49.31 56.85 36.44 
10.63 60.43 10.8 4.02 34.65 20.57 4.09 21.54 26.83 12.14 0 9.43 16.31 38.54 38.54 60.65 67.97 47.73 
4.17 48.83 3.58 11.81 43.35 10.44 5.26 12.06 16.98 3.65 14.81 0 5.37 29.17 29.17 48.84 56.39 36.01 
23.76 30.69 20.34 31.81 69.49 9.91 30.4 6.94 15.37 18.46 36.42 22.14 16.98 0 0 48.82 54.83 35.9 
23.76 30.69 20.34 31.81 69.49 9.91 30.4 6.94 15.37 18.46 36.42 22.14 16.98 0 0 48.82 54.83 35.9 
50.77 45.05 48.79 62.35 43.47 32.12 51.9 50.5 32.57 47.69 55.57 47.31 52.28 42.3 42.3 0 13.95 11.28 
3.53 45.43 1.66 13.47 47.43 10.93 9.11 6.97 17.46 0 15.99 3.2 2.36 23.09 23.09 49.31 56.85 36.44 
10.63 60.43 10.8 4.02 34.65 20.57 4.09 21.54 26.83 12.14 0 9.43 16.31 38.54 38.54 60.65 67.97 47.73 
4.17 48.83 3.58 11.81 43.35 10.44 5.26 12.06 16.98 3.65 14.81 0 5.37 29.17 29.17 48.84 56.39 36.01 
57.01 57.23 55.08 68.33 33.27 35.68 56.14 57.09 36.09 54.02 59.84 53.64 58.5 48.06 48.06 10.61 0 21.98 
46.81 43.15 44.8 59.55 47.28 27.02 45.99 46.8 27.5 43.69 49.65 43.31 48.3 38.09 38.09 6.56 16.34 0 
Matriz de Costos>
0 50.13 1.81 10.62 46.09 15.01 8.3 11.76 21.42 3.48 14.02 5 4.76 27.53 27.53 53.47 60.88 40.38 
48.35 0 46.35 59.85 87.9 34.01 53.91 34.28 38.86 45.25 61.69 44.88 43.63 27.5 27.5 44.45 55.98 33.6 
3.65 43.65 1.8 13 48.65 11.98 10.16 5.36 18.48 1.57 17.03 3.28 0 21.58 21.58 50.56 58.07 37.42 
23.76 30.69 20.34 31.81 69.49 9.91 30.4 6.94 15.37 18.46 36.42 22.14 16.98 0 0 48.82 54.83 35.9 
23.76 30.69 20.34 31.81 69.49 9.91 30.4 6.94 15.37 18.46 36.42 22.14 16.98 0 0 48.82 54.83 35.9 
50.77 45.05 48.79 62.35 43.47 32.12 51.9 50.5 32.57 47.69 55.57 47.31 52.28 42.3 42.3 0 13.95 11.28 
Dimension>35
Bandera>13
Fitness Greedy Costo>323
1.89 46.62 0 10.66 46.19 11.51 8.34 8.2 18.02 1.69 13.53 3.27 3.04 24.24 24.24 49.98 57.5 36.97 
11.98 57.27 11.03 0 42.71 24.36 11.58 18.48 30.49 12.33 8.65 13.46 17.66 33.56 33.56 64.09 71.28 51.42 
57.01 57.23 55.08 68.33 33.27 35.68 56.14 57.09 36.09 54.02 59.84 53.64 58.5 48.06 48.06 10.61 0 21.98 
46.81 43.15 44.8 59.55 47.28 27.02 45.99 46.8 27.5 43.69 49.65 43.31 48.3 38.09 38.09 6.56 16.34 0 
3.65 43.65 1.8 13 48.65 11.98 10.16 5.36 18.48 1.57 17.03 3.28 0 21.58 21.58 50.56 58.07 37.42 
23.76 30.69 20.34 31.81 69.49 9.91 30.4 6.94 15.37 18.46 36.42 22.14 16.98 0 0 48.82 54.83 35.9 
23.76 30.69 20.34 31.81 69.49 9.91 30.4 6.94 15.37 18.46 36.42 22.14 16.98 0 0 48.82 54.83 35.9 
42.11 88.23 42.3 41.61 0 53.06 37.86 57.16 53.15 44.92 32.37 39.01 49.51 76.51 76.51 40.32 33.48 52.2 
13.96 34.85 11.93 22.78 58.18 0 19.32 13.29 4.68 10.84 25.49 10.64 15.03 16.54 16.54 37.21 43.38 25.96 
Solucion Greedy Costo>2 9 12 11 0 6 10 3 0 7 13 14 5 0 8 18 17 15 0 4 16 0 1 0 0 0 0 0 0 0 0 0 0 0 0 
Linea Vacia>
50.77 45.05 48.79 62.35 43.47 32.12 51.9 50.5 32.57 47.69 55.57 47.31 52.28 42.3 42.3 0 13.95 11.28 
6.3 55.38 6.47 10.78 39.36 16.56 0 18.14 22.93 8.13 7.69 4.39 12.34 34.62 34.62 53.38 58.02 42.02 
15.03 39.46 11.46 24.27 62.08 18.56 22.32 0 23.81 9.5 29.1 14.59 8 13.51 13.51 57.46 63.32 44.44 
57.01 57.23 55.08 68.33 33.27 35.68 56.14 57.09 36.09 54.02 59.84 53.64 58.5 48.06 48.06 10.61 0 21.98 
46.81 43.15 44.8 59.55 47.28 27.02 45.99 46.8 27.5 43.69 49.65 43.31 48.3 38.09 38.09 6.56 16.34 0 
16.22 35.34 14.21 24.96 58.09 0.9 21.54 15.57 0 13.14 27.66 12.94 17.29 18.78 18.78 35.4 43.33 24.05 
3.53 45.43 1.66 13.47 47.43 10.93 9.11 6.97 17.46 0 15.99 3.2 2.36 23.09 23.09 49.31 56.85 36.44 
10.63 60.43 10.8 4.02 34.65 20.57 4.09 21.54 26.83 12.14 0 9.43 16.31 38.54 38.54 60.65 67.97 47.73 
4.17 48.83 3.58 11.81 43.35 10.44 5.26 12.06 16.98 3.65 14.81 0 5.37 29.17 29.17 48.84 56.39 36.01 
Matriz de Costos>
3.65 43.65 1.8 13 48.65 11.98 10.16 5.36 18.48 1.57 17.03 3.28 0 21.58 21.58 50.56 58.07 37.42 
23.76 30.69 20.34 31.81 69.49 9.91 30.4 6.94 15.37 18.46 36.42 22.14 16.98 0 0 48.82 54.83 35.9 
0 50.13 1.81 10.62 46.09 15.01 8.3 11.76 21.42 3.48 14.02 5 4.76 27.53 27.53 53.47 60.88 40.38 
48.35 0 46.35 59.85 87.9 34.01 53.91 34.28 38.86 45.25 61.69 44.88 43.63 27.5 27.5 44.45 55.98 33.6 
1.89 46.62 0 10.66 46.19 11.51 8.34 8.2 18.02 1.69 13.53 3.27 3.04 24.24 24.24 49.98 57.5 36.97 
23.76 30.69 20.34 31.81 69.49 9.91 30.4 6.94 15.37 18.46 36.42 22.14 16.98 0 0 48.82 54.83 35.9 
50.77 45.05 48.79 62.35 43.47 32.12 51.9 50.5 32.57 47.69 55.57 47.31 52.28 42.3 42.3 0 13.95 11.28 
57.01 57.23 55.08 68.33 33.27 35.68 56.14 57.09 36.09 54.02 59.84 53.64 58.5 48.06 48.06 10.61 0 21.98 
46.81 43.15 44.8 59.55 47.28 27.02 45.99 46.8 27.5 43.69 49.65 43.31 48.3 38.09 38.09 6.56 16.34 0 
11.98 57.27 11.03 0 42.71 24.36 11.58 18.48 30.49 12.33 8.65 13.46 17.66 33.56 33.56 64.09 71.28 51.42 
42.11 88.23 42.3 41.61 0 53.06 37.86 57.16 53.15 44.92 32.37 39.01 49.51 76.51 76.51 40.32 33.48 52.2 
13.96 34.85 11.93 22.78 58.18 0 19.32 13.29 4.68 10.84 25.49 10.64 15.03 16.54 16.54 37.21 43.38 25.96 
6.3 55.38 6.47 10.78 39.36 16.56 0 18.14 22.93 8.13 7.69 4.39 12.34 34.62 34.62 53.38 58.02 42.02 
15.03 39.46 11.46 24.27 62.08 18.56 22.32 0 23.81 9.5 29.1 14.59 8 13.51 13.51 57.46 63.32 44.44 
16.22 35.34 14.21 24.96 58.09 0.9 21.54 15.57 0 13.14 27.66 12.94 17.29 18.78 18.78 35.4 43.33 24.05 
3.53 45.43 1.66 13.47 47.43 10.93 9.11 6.97 17.46 0 15.99 3.2 2.36 23.09 23.09 49.31 56.85 36.44 
10.63 60.43 10.8 4.02 34.65 20.57 4.09 21.54 26.83 12.14 0 9.43 16.31 38.54 38.54 60.65 67.97 47.73 
Dimension>35
Bandera>13
Fitness Greedy Costo>323
Solucion Greedy Costo>2 9 12 11 0 6 10 3 0 7 13 14 5 0 8 18 17 15 0 4 16 0 1 0 0 0 0 0 0 0 0 0 0 0 0 
Linea Vacia>
4.17 48.83 3.58 11.81 43.35 10.44 5.26 12.06 16.98 3.65 14.81 0 5.37 29.17 29.17 48.84 56.39 36.01 
3.65 43.65 1.8 13 48.65 11.98 10.16 5.36 18.48 1.57 17.03 3.28 0 21.58 21.58 50.56 58.07 37.42 
Dimension>35
23.76 30.69 20.34 31.81 69.49 9.91 30.4 6.94 15.37 18.46 36.42 22.14 16.98 0 0 48.82 54.83 35.9 
23.76 30.69 20.34 31.81 69.49 9.91 30.4 6.94 15.37 18.46 36.42 22.14 16.98 0 0 48.82 54.83 35.9 
50.77 45.05 48.79 62.35 43.47 32.12 51.9 50.5 32.57 47.69 55.57 47.31 52.28 42.3 42.3 0 13.95 11.28 
Bandera>13
Fitness Greedy Costo>323
Solucion Greedy Costo>2 9 12 11 0 6 10 3 0 7 13 14 5 0 8 18 17 15 0 4 16 0 1 0 0 0 0 0 0 0 0 0 0 0 0 
Linea Vacia>
57.01 57.23 55.08 68.33 33.27 35.68 56.14 57.09 36.09 54.02 59.84 53.64 58.5 48.06 48.06 10.61 0 21.98 
46.81 43.15 44.8 59.55 47.28 27.02 45.99 46.8 27.5 43.69 49.65 43.31 48.3 38.09 38.09 6.56 16.34 0 
Matriz de Costos>
0 50.13 1.81 10.62 46.09 15.01 8.3 11.76 21.42 3.48 14.02 5 4.76 27.53 27.53 53.47 60.88 40.38 
48.35 0 46.35 59.85 87.9 34.01 53.91 34.28 38.86 45.25 61.69 44.88 43.63 27.5 27.5 44.45 55.98 33.6 
1.89 46.62 0 10.66 46.19 11.51 8.34 8.2 18.02 1.69 13.53 3.27 3.04 24.24 24.24 49.98 57.5 36.97 
11.98 57.27 11.03 0 42.71 24.36 11.58 18.48 30.49 12.33 8.65 13.46 17.66 33.56 33.56 64.09 71.28 51.42 
42.11 88.23 42.3 41.61 0 53.06 37.86 57.16 53.15 44.92 32.37 39.01 49.51 76.51 76.51 40.32 33.48 52.2 
13.96 34.85 11.93 22.78 58.18 0 19.32 13.29 4.68 10.84 25.49 10.64 15.03 16.54 16.54 37.21 43.38 25.96 
6.3 55.38 6.47 10.78 39.36 16.56 0 18.14 22.93 8.13 7.69 4.39 12.34 34.62 34.62 53.38 58.02 42.02 
Matriz de Costos>
15.03 39.46 11.46 24.27 62.08 18.56 22.32 0 23.81 9.5 29.1 14.59 8 13.51 13.51 57.46 63.32 44.44 
16.22 35.34 14.21 24.96 58.09 0.9 21.54 15.57 0 13.14 27.66 12.94 17.29 18.78 18.78 35.4 43.33 24.05 
0 50.13 1.81 10.62 46.09 15.01 8.3 11.76 21.42 3.48 14.02 5 4.76 27.53 27.53 53.47 60.88 40.38 
Dimension>35
48.35 0 46.35 59.85 87.9 34.01 53.91 34.28 38.86 45.25 61.69 44.88 43.63 27.5 27.5 44.45 55.98 33.6 
3.53 45.43 1.66 13.47 47.43 10.93 9.11 6.97 17.46 0 15.99 3.2 2.36 23.09 23.09 49.31 56.85 36.44 
10.63 60.43 10.8 4.02 34.65 20.57 4.09 21.54 26.83 12.14 0 9.43 16.31 38.54 38.54 60.65 67.97 47.73 
1.89 46.62 0 10.66 46.19 11.51 8.34 8.2 18.02 1.69 13.53 3.27 3.04 24.24 24.24 49.98 57.5 36.97 
11.98 57.27 11.03 0 42.71 24.36 11.58 18.48 30.49 12.33 8.65 13.46 17.66 33.56 33.56 64.09 71.28 51.42 
4.17 48.83 3.58 11.81 43.35 10.44 5.26 12.06 16.98 3.65 14.81 0 5.37 29.17 29.17 48.84 56.39 36.01 
3.65 43.65 1.8 13 48.65 11.98 10.16 5.36 18.48 1.57 17.03 3.28 0 21.58 21.58 50.56 58.07 37.42 
23.76 30.69 20.34 31.81 69.49 9.91 30.4 6.94 15.37 18.46 36.42 22.14 16.98 0 0 48.82 54.83 35.9 
Dimension>35
Bandera>13
Fitness Greedy Costo>323
Dimension>35
Bandera>13
Fitness Greedy Costo>323
Dimension>35
Bandera>13
Fitness Greedy Costo>323
Solucion Greedy Costo>2 9 12 11 0 6 10 3 0 7 13 14 5 0 8 18 17 15 0 4 16 0 1 0 0 0 0 0 0 0 0 0 0 0 0 
Linea Vacia>
Dimension>35
Bandera>13
Fitness Greedy Costo>323
Solucion Greedy Costo>2 9 12 11 0 6 10 3 0 7 13 14 5 0 8 18 17 15 0 4 16 0 1 0 0 0 0 0 0 0 0 0 0 0 0 
Linea Vacia>
Bandera>13
Fitness Greedy Costo>323
Solucion Greedy Costo>2 9 12 11 0 6 10 3 0 7 13 14 5 0 8 18 17 15 0 4 16 0 1 0 0 0 0 0 0 0 0 0 0 0 0 
Linea Vacia>
42.11 88.23 42.3 41.61 0 53.06 37.86 57.16 53.15 44.92 32.37 39.01 49.51 76.51 76.51 40.32 33.48 52.2 
13.96 34.85 11.93 22.78 58.18 0 19.32 13.29 4.68 10.84 25.49 10.64 15.03 16.54 16.54 37.21 43.38 25.96 
23.76 30.69 20.34 31.81 69.49 9.91 30.4 6.94 15.37 18.46 36.42 22.14 16.98 0 0 48.82 54.83 35.9 
50.77 45.05 48.79 62.35 43.47 32.12 51.9 50.5 32.57 47.69 55.57 47.31 52.28 42.3 42.3 0 13.95 11.28 
Solucion Greedy Costo>2 9 12 11 0 6 10 3 0 7 13 14 5 0 8 18 17 15 0 4 16 0 1 0 0 0 0 0 0 0 0 0 0 0 0 
Linea Vacia>
Solucion Greedy Costo>2 9 12 11 0 6 10 3 0 7 13 14 5 0 8 18 17 15 0 4 16 0 1 0 0 0 0 0 0 0 0 0 0 0 0 
Linea Vacia>
6.3 55.38 6.47 10.78 39.36 16.56 0 18.14 22.93 8.13 7.69 4.39 12.34 34.62 34.62 53.38 58.02 42.02 
57.01 57.23 55.08 68.33 33.27 35.68 56.14 57.09 36.09 54.02 59.84 53.64 58.5 48.06 48.06 10.61 0 21.98 
46.81 43.15 44.8 59.55 47.28 27.02 45.99 46.8 27.5 43.69 49.65 43.31 48.3 38.09 38.09 6.56 16.34 0 
15.03 39.46 11.46 24.27 62.08 18.56 22.32 0 23.81 9.5 29.1 14.59 8 13.51 13.51 57.46 63.32 44.44 
16.22 35.34 14.21 24.96 58.09 0.9 21.54 15.57 0 13.14 27.66 12.94 17.29 18.78 18.78 35.4 43.33 24.05 
3.53 45.43 1.66 13.47 47.43 10.93 9.11 6.97 17.46 0 15.99 3.2 2.36 23.09 23.09 49.31 56.85 36.44 
Matriz de Costos>
0 50.13 1.81 10.62 46.09 15.01 8.3 11.76 21.42 3.48 14.02 5 4.76 27.53 27.53 53.47 60.88 40.38 
10.63 60.43 10.8 4.02 34.65 20.57 4.09 21.54 26.83 12.14 0 9.43 16.31 38.54 38.54 60.65 67.97 47.73 
4.17 48.83 3.58 11.81 43.35 10.44 5.26 12.06 16.98 3.65 14.81 0 5.37 29.17 29.17 48.84 56.39 36.01 
Matriz de Costos>
0 50.13 1.81 10.62 46.09 15.01 8.3 11.76 21.42 3.48 14.02 5 4.76 27.53 27.53 53.47 60.88 40.38 
Matriz de Costos>
0 50.13 1.81 10.62 46.09 15.01 8.3 11.76 21.42 3.48 14.02 5 4.76 27.53 27.53 53.47 60.88 40.38 
Matriz de Costos>
3.65 43.65 1.8 13 48.65 11.98 10.16 5.36 18.48 1.57 17.03 3.28 0 21.58 21.58 50.56 58.07 37.42 
48.35 0 46.35 59.85 87.9 34.01 53.91 34.28 38.86 45.25 61.69 44.88 43.63 27.5 27.5 44.45 55.98 33.6 
Dimension>35
Matriz de Costos>
0 50.13 1.81 10.62 46.09 15.01 8.3 11.76 21.42 3.48 14.02 5 4.76 27.53 27.53 53.47 60.88 40.38 
48.35 0 46.35 59.85 87.9 34.01 53.91 34.28 38.86 45.25 61.69 44.88 43.63 27.5 27.5 44.45 55.98 33.6 
1.89 46.62 0 10.66 46.19 11.51 8.34 8.2 18.02 1.69 13.53 3.27 3.04 24.24 24.24 49.98 57.5 36.97 
11.98 57.27 11.03 0 42.71 24.36 11.58 18.48 30.49 12.33 8.65 13.46 17.66 33.56 33.56 64.09 71.28 51.42 
0 50.13 1.81 10.62 46.09 15.01 8.3 11.76 21.42 3.48 14.02 5 4.76 27.53 27.53 53.47 60.88 40.38 
23.76 30.69 20.34 31.81 69.49 9.91 30.4 6.94 15.37 18.46 36.42 22.14 16.98 0 0 48.82 54.83 35.9 
1.89 46.62 0 10.66 46.19 11.51 8.34 8.2 18.02 1.69 13.53 3.27 3.04 24.24 24.24 49.98 57.5 36.97 
11.98 57.27 11.03 0 42.71 24.36 11.58 18.48 30.49 12.33 8.65 13.46 17.66 33.56 33.56 64.09 71.28 51.42 
48.35 0 46.35 59.85 87.9 34.01 53.91 34.28 38.86 45.25 61.69 44.88 43.63 27.5 27.5 44.45 55.98 33.6 
48.35 0 46.35 59.85 87.9 34.01 53.91 34.28 38.86 45.25 61.69 44.88 43.63 27.5 27.5 44.45 55.98 33.6 
1.89 46.62 0 10.66 46.19 11.51 8.34 8.2 18.02 1.69 13.53 3.27 3.04 24.24 24.24 49.98 57.5 36.97 
11.98 57.27 11.03 0 42.71 24.36 11.58 18.48 30.49 12.33 8.65 13.46 17.66 33.56 33.56 64.09 71.28 51.42 
48.35 0 46.35 59.85 87.9 34.01 53.91 34.28 38.86 45.25 61.69 44.88 43.63 27.5 27.5 44.45 55.98 33.6 
23.76 30.69 20.34 31.81 69.49 9.91 30.4 6.94 15.37 18.46 36.42 22.14 16.98 0 0 48.82 54.83 35.9 
42.11 88.23 42.3 41.61 0 53.06 37.86 57.16 53.15 44.92 32.37 39.01 49.51 76.51 76.51 40.32 33.48 52.2 
13.96 34.85 11.93 22.78 58.18 0 19.32 13.29 4.68 10.84 25.49 10.64 15.03 16.54 16.54 37.21 43.38 25.96 
Bandera>13
Fitness Greedy Costo>323
Solucion Greedy Costo>2 9 12 11 0 6 10 3 0 7 13 14 5 0 8 18 17 15 0 4 16 0 1 0 0 0 0 0 0 0 0 0 0 0 0 
Linea Vacia>
1.89 46.62 0 10.66 46.19 11.51 8.34 8.2 18.02 1.69 13.53 3.27 3.04 24.24 24.24 49.98 57.5 36.97 
11.98 57.27 11.03 0 42.71 24.36 11.58 18.48 30.49 12.33 8.65 13.46 17.66 33.56 33.56 64.09 71.28 51.42 
42.11 88.23 42.3 41.61 0 53.06 37.86 57.16 53.15 44.92 32.37 39.01 49.51 76.51 76.51 40.32 33.48 52.2 
13.96 34.85 11.93 22.78 58.18 0 19.32 13.29 4.68 10.84 25.49 10.64 15.03 16.54 16.54 37.21 43.38 25.96 
6.3 55.38 6.47 10.78 39.36 16.56 0 18.14 22.93 8.13 7.69 4.39 12.34 34.62 34.62 53.38 58.02 42.02 
15.03 39.46 11.46 24.27 62.08 18.56 22.32 0 23.81 9.5 29.1 14.59 8 13.51 13.51 57.46 63.32 44.44 
Dimension>35
1.89 46.62 0 10.66 46.19 11.51 8.34 8.2 18.02 1.69 13.53 3.27 3.04 24.24 24.24 49.98 57.5 36.97 
11.98 57.27 11.03 0 42.71 24.36 11.58 18.48 30.49 12.33 8.65 13.46 17.66 33.56 33.56 64.09 71.28 51.42 
50.77 45.05 48.79 62.35 43.47 32.12 51.9 50.5 32.57 47.69 55.57 47.31 52.28 42.3 42.3 0 13.95 11.28 
57.01 57.23 55.08 68.33 33.27 35.68 56.14 57.09 36.09 54.02 59.84 53.64 58.5 48.06 48.06 10.61 0 21.98 
6.3 55.38 6.47 10.78 39.36 16.56 0 18.14 22.93 8.13 7.69 4.39 12.34 34.62 34.62 53.38 58.02 42.02 
15.03 39.46 11.46 24.27 62.08 18.56 22.32 0 23.81 9.5 29.1 14.59 8 13.51 13.51 57.46 63.32 44.44 
42.11 88.23 42.3 41.61 0 53.06 37.86 57.16 53.15 44.92 32.37 39.01 49.51 76.51 76.51 40.32 33.48 52.2 
13.96 34.85 11.93 22.78 58.18 0 19.32 13.29 4.68 10.84 25.49 10.64 15.03 16.54 16.54 37.21 43.38 25.96 
42.11 88.23 42.3 41.61 0 53.06 37.86 57.16 53.15 44.92 32.37 39.01 49.51 76.51 76.51 40.32 33.48 52.2 
13.96 34.85 11.93 22.78 58.18 0 19.32 13.29 4.68 10.84 25.49 10.64 15.03 16.54 16.54 37.21 43.38 25.96 
6.3 55.38 6.47 10.78 39.36 16.56 0 18.14 22.93 8.13 7.69 4.39 12.34 34.62 34.62 53.38 58.02 42.02 
16.22 35.34 14.21 24.96 58.09 0.9 21.54 15.57 0 13.14 27.66 12.94 17.29 18.78 18.78 35.4 43.33 24.05 
3.53 45.43 1.66 13.47 47.43 10.93 9.11 6.97 17.46 0 15.99 3.2 2.36 23.09 23.09 49.31 56.85 36.44 
10.63 60.43 10.8 4.02 34.65 20.57 4.09 21.54 26.83 12.14 0 9.43 16.31 38.54 38.54 60.65 67.97 47.73 
Bandera>13
Fitness Greedy Costo>323
Solucion Greedy Costo>2 9 12 11 0 6 10 3 0 7 13 14 5 0 8 18 17 15 0 4 16 0 1 0 0 0 0 0 0 0 0 0 0 0 0 
Linea Vacia>
42.11 88.23 42.3 41.61 0 53.06 37.86 57.16 53.15 44.92 32.37 39.01 49.51 76.51 76.51 40.32 33.48 52.2 
13.96 34.85 11.93 22.78 58.18 0 19.32 13.29 4.68 10.84 25.49 10.64 15.03 16.54 16.54 37.21 43.38 25.96 
46.81 43.15 44.8 59.55 47.28 27.02 45.99 46.8 27.5 43.69 49.65 43.31 48.3 38.09 38.09 6.56 16.34 0 
16.22 35.34 14.21 24.96 58.09 0.9 21.54 15.57 0 13.14 27.66 12.94 17.29 18.78 18.78 35.4 43.33 24.05 
3.53 45.43 1.66 13.47 47.43 10.93 9.11 6.97 17.46 0 15.99 3.2 2.36 23.09 23.09 49.31 56.85 36.44 
6.3 55.38 6.47 10.78 39.36 16.56 0 18.14 22.93 8.13 7.69 4.39 12.34 34.62 34.62 53.38 58.02 42.02 
15.03 39.46 11.46 24.27 62.08 18.56 22.32 0 23.81 9.5 29.1 14.59 8 13.51 13.51 57.46 63.32 44.44 
15.03 39.46 11.46 24.27 62.08 18.56 22.32 0 23.81 9.5 29.1 14.59 8 13.51 13.51 57.46 63.32 44.44 
16.22 35.34 14.21 24.96 58.09 0.9 21.54 15.57 0 13.14 27.66 12.94 17.29 18.78 18.78 35.4 43.33 24.05 
3.53 45.43 1.66 13.47 47.43 10.93 9.11 6.97 17.46 0 15.99 3.2 2.36 23.09 23.09 49.31 56.85 36.44 
4.17 48.83 3.58 11.81 43.35 10.44 5.26 12.06 16.98 3.65 14.81 0 5.37 29.17 29.17 48.84 56.39 36.01 
3.65 43.65 1.8 13 48.65 11.98 10.16 5.36 18.48 1.57 17.03 3.28 0 21.58 21.58 50.56 58.07 37.42 
23.76 30.69 20.34 31.81 69.49 9.91 30.4 6.94 15.37 18.46 36.42 22.14 16.98 0 0 48.82 54.83 35.9 
23.76 30.69 20.34 31.81 69.49 9.91 30.4 6.94 15.37 18.46 36.42 22.14 16.98 0 0 48.82 54.83 35.9 
Dimension>35
Bandera>13
Fitness Greedy Costo>323
Solucion Greedy Costo>2 9 12 11 0 6 10 3 0 7 13 14 5 0 8 18 17 15 0 4 16 0 1 0 0 0 0 0 0 0 0 0 0 0 0 
Linea Vacia>
6.3 55.38 6.47 10.78 39.36 16.56 0 18.14 22.93 8.13 7.69 4.39 12.34 34.62 34.62 53.38 58.02 42.02 
15.03 39.46 11.46 24.27 62.08 18.56 22.32 0 23.81 9.5 29.1 14.59 8 13.51 13.51 57.46 63.32 44.44 
10.63 60.43 10.8 4.02 34.65 20.57 4.09 21.54 26.83 12.14 0 9.43 16.31 38.54 38.54 60.65 67.97 47.73 
4.17 48.83 3.58 11.81 43.35 10.44 5.26 12.06 16.98 3.65 14.81 0 5.37 29.17 29.17 48.84 56.39 36.01 
16.22 35.34 14.21 24.96 58.09 0.9 21.54 15.57 0 13.14 27.66 12.94 17.29 18.78 18.78 35.4 43.33 24.05 
3.53 45.43 1.66 13.47 47.43 10.93 9.11 6.97 17.46 0 15.99 3.2 2.36 23.09 23.09 49.31 56.85 36.44 
10.63 60.43 10.8 4.02 34.65 20.57 4.09 21.54 26.83 12.14 0 9.43 16.31 38.54 38.54 60.65 67.97 47.73 
4.17 48.83 3.58 11.81 43.35 10.44 5.26 12.06 16.98 3.65 14.81 0 5.37 29.17 29.17 48.84 56.39 36.01 
3.65 43.65 1.8 13 48.65 11.98 10.16 5.36 18.48 1.57 17.03 3.28 0 21.58 21.58 50.56 58.07 37.42 
23.76 30.69 20.34 31.81 69.49 9.91 30.4 6.94 15.37 18.46 36.42 22.14 16.98 0 0 48.82 54.83 35.9 
16.22 35.34 14.21 24.96 58.09 0.9 21.54 15.57 0 13.14 27.66 12.94 17.29 18.78 18.78 35.4 43.33 24.05 
3.53 45.43 1.66 13.47 47.43 10.93 9.11 6.97 17.46 0 15.99 3.2 2.36 23.09 23.09 49.31 56.85 36.44 
3.65 43.65 1.8 13 48.65 11.98 10.16 5.36 18.48 1.57 17.03 3.28 0 21.58 21.58 50.56 58.07 37.42 
23.76 30.69 20.34 31.81 69.49 9.91 30.4 6.94 15.37 18.46 36.42 22.14 16.98 0 0 48.82 54.83 35.9 
23.76 30.69 20.34 31.81 69.49 9.91 30.4 6.94 15.37 18.46 36.42 22.14 16.98 0 0 48.82 54.83 35.9 
23.76 30.69 20.34 31.81 69.49 9.91 30.4 6.94 15.37 18.46 36.42 22.14 16.98 0 0 48.82 54.83 35.9 
50.77 45.05 48.79 62.35 43.47 32.12 51.9 50.5 32.57 47.69 55.57 47.31 52.28 42.3 42.3 0 13.95 11.28 
57.01 57.23 55.08 68.33 33.27 35.68 56.14 57.09 36.09 54.02 59.84 53.64 58.5 48.06 48.06 10.61 0 21.98 
50.77 45.05 48.79 62.35 43.47 32.12 51.9 50.5 32.57 47.69 55.57 47.31 52.28 42.3 42.3 0 13.95 11.28 
57.01 57.23 55.08 68.33 33.27 35.68 56.14 57.09 36.09 54.02 59.84 53.64 58.5 48.06 48.06 10.61 0 21.98 
46.81 43.15 44.8 59.55 47.28 27.02 45.99 46.8 27.5 43.69 49.65 43.31 48.3 38.09 38.09 6.56 16.34 0 
Matriz de Costos>
0 50.13 1.81 10.62 46.09 15.01 8.3 11.76 21.42 3.48 14.02 5 4.76 27.53 27.53 53.47 60.88 40.38 
48.35 0 46.35 59.85 87.9 34.01 53.91 34.28 38.86 45.25 61.69 44.88 43.63 27.5 27.5 44.45 55.98 33.6 
10.63 60.43 10.8 4.02 34.65 20.57 4.09 21.54 26.83 12.14 0 9.43 16.31 38.54 38.54 60.65 67.97 47.73 
4.17 48.83 3.58 11.81 43.35 10.44 5.26 12.06 16.98 3.65 14.81 0 5.37 29.17 29.17 48.84 56.39 36.01 
50.77 45.05 48.79 62.35 43.47 32.12 51.9 50.5 32.57 47.69 55.57 47.31 52.28 42.3 42.3 0 13.95 11.28 
57.01 57.23 55.08 68.33 33.27 35.68 56.14 57.09 36.09 54.02 59.84 53.64 58.5 48.06 48.06 10.61 0 21.98 
Matriz de Costos>
0 50.13 1.81 10.62 46.09 15.01 8.3 11.76 21.42 3.48 14.02 5 4.76 27.53 27.53 53.47 60.88 40.38 
48.35 0 46.35 59.85 87.9 34.01 53.91 34.28 38.86 45.25 61.69 44.88 43.63 27.5 27.5 44.45 55.98 33.6 
10.63 60.43 10.8 4.02 34.65 20.57 4.09 21.54 26.83 12.14 0 9.43 16.31 38.54 38.54 60.65 67.97 47.73 
4.17 48.83 3.58 11.81 43.35 10.44 5.26 12.06 16.98 3.65 14.81 0 5.37 29.17 29.17 48.84 56.39 36.01 
3.65 43.65 1.8 13 48.65 11.98 10.16 5.36 18.48 1.57 17.03 3.28 0 21.58 21.58 50.56 58.07 37.42 
46.81 43.15 44.8 59.55 47.28 27.02 45.99 46.8 27.5 43.69 49.65 43.31 48.3 38.09 38.09 6.56 16.34 0 
Dimension>35
1.89 46.62 0 10.66 46.19 11.51 8.34 8.2 18.02 1.69 13.53 3.27 3.04 24.24 24.24 49.98 57.5 36.97 
11.98 57.27 11.03 0 42.71 24.36 11.58 18.48 30.49 12.33 8.65 13.46 17.66 33.56 33.56 64.09 71.28 51.42 
42.11 88.23 42.3 41.61 0 53.06 37.86 57.16 53.15 44.92 32.37 39.01 49.51 76.51 76.51 40.32 33.48 52.2 
13.96 34.85 11.93 22.78 58.18 0 19.32 13.29 4.68 10.84 25.49 10.64 15.03 16.54 16.54 37.21 43.38 25.96 
Matriz de Costos>
0 50.13 1.81 10.62 46.09 15.01 8.3 11.76 21.42 3.48 14.02 5 4.76 27.53 27.53 53.47 60.88 40.38 
48.35 0 46.35 59.85 87.9 34.01 53.91 34.28 38.86 45.25 61.69 44.88 43.63 27.5 27.5 44.45 55.98 33.6 
1.89 46.62 0 10.66 46.19 11.51 8.34 8.2 18.02 1.69 13.53 3.27 3.04 24.24 24.24 49.98 57.5 36.97 
3.65 43.65 1.8 13 48.65 11.98 10.16 5.36 18.48 1.57 17.03 3.28 0 21.58 21.58 50.56 58.07 37.42 
23.76 30.69 20.34 31.81 69.49 9.91 30.4 6.94 15.37 18.46 36.42 22.14 16.98 0 0 48.82 54.83 35.9 
46.81 43.15 44.8 59.55 47.28 27.02 45.99 46.8 27.5 43.69 49.65 43.31 48.3 38.09 38.09 6.56 16.34 0 
1.89 46.62 0 10.66 46.19 11.51 8.34 8.2 18.02 1.69 13.53 3.27 3.04 24.24 24.24 49.98 57.5 36.97 
11.98 57.27 11.03 0 42.71 24.36 11.58 18.48 30.49 12.33 8.65 13.46 17.66 33.56 33.56 64.09 71.28 51.42 
23.76 30.69 20.34 31.81 69.49 9.91 30.4 6.94 15.37 18.46 36.42 22.14 16.98 0 0 48.82 54.83 35.9 
23.76 30.69 20.34 31.81 69.49 9.91 30.4 6.94 15.37 18.46 36.42 22.14 16.98 0 0 48.82 54.83 35.9 
50.77 45.05 48.79 62.35 43.47 32.12 51.9 50.5 32.57 47.69 55.57 47.31 52.28 42.3 42.3 0 13.95 11.28 
Bandera>13
Fitness Greedy Costo>323
Solucion Greedy Costo>2 9 12 11 0 6 10 3 0 7 13 14 5 0 8 18 17 15 0 4 16 0 1 0 0 0 0 0 0 0 0 0 0 0 0 
Linea Vacia>
6.3 55.38 6.47 10.78 39.36 16.56 0 18.14 22.93 8.13 7.69 4.39 12.34 34.62 34.62 53.38 58.02 42.02 
15.03 39.46 11.46 24.27 62.08 18.56 22.32 0 23.81 9.5 29.1 14.59 8 13.51 13.51 57.46 63.32 44.44 
16.22 35.34 14.21 24.96 58.09 0.9 21.54 15.57 0 13.14 27.66 12.94 17.29 18.78 18.78 35.4 43.33 24.05 
11.98 57.27 11.03 0 42.71 24.36 11.58 18.48 30.49 12.33 8.65 13.46 17.66 33.56 33.56 64.09 71.28 51.42 
42.11 88.23 42.3 41.61 0 53.06 37.86 57.16 53.15 44.92 32.37 39.01 49.51 76.51 76.51 40.32 33.48 52.2 
13.96 34.85 11.93 22.78 58.18 0 19.32 13.29 4.68 10.84 25.49 10.64 15.03 16.54 16.54 37.21 43.38 25.96 
23.76 30.69 20.34 31.81 69.49 9.91 30.4 6.94 15.37 18.46 36.42 22.14 16.98 0 0 48.82 54.83 35.9 
50.77 45.05 48.79 62.35 43.47 32.12 51.9 50.5 32.57 47.69 55.57 47.31 52.28 42.3 42.3 0 13.95 11.28 
42.11 88.23 42.3 41.61 0 53.06 37.86 57.16 53.15 44.92 32.37 39.01 49.51 76.51 76.51 40.32 33.48 52.2 
13.96 34.85 11.93 22.78 58.18 0 19.32 13.29 4.68 10.84 25.49 10.64 15.03 16.54 16.54 37.21 43.38 25.96 
3.53 45.43 1.66 13.47 47.43 10.93 9.11 6.97 17.46 0 15.99 3.2 2.36 23.09 23.09 49.31 56.85 36.44 
10.63 60.43 10.8 4.02 34.65 20.57 4.09 21.54 26.83 12.14 0 9.43 16.31 38.54 38.54 60.65 67.97 47.73 
4.17 48.83 3.58 11.81 43.35 10.44 5.26 12.06 16.98 3.65 14.81 0 5.37 29.17 29.17 48.84 56.39 36.01 
57.01 57.23 55.08 68.33 33.27 35.68 56.14 57.09 36.09 54.02 59.84 53.64 58.5 48.06 48.06 10.61 0 21.98 
46.81 43.15 44.8 59.55 47.28 27.02 45.99 46.8 27.5 43.69 49.65 43.31 48.3 38.09 38.09 6.56 16.34 0 
3.65 43.65 1.8 13 48.65 11.98 10.16 5.36 18.48 1.57 17.03 3.28 0 21.58 21.58 50.56 58.07 37.42 
23.76 30.69 20.34 31.81 69.49 9.91 30.4 6.94 15.37 18.46 36.42 22.14 16.98 0 0 48.82 54.83 35.9 
6.3 55.38 6.47 10.78 39.36 16.56 0 18.14 22.93 8.13 7.69 4.39 12.34 34.62 34.62 53.38 58.02 42.02 
15.03 39.46 11.46 24.27 62.08 18.56 22.32 0 23.81 9.5 29.1 14.59 8 13.51 13.51 57.46 63.32 44.44 
16.22 35.34 14.21 24.96 58.09 0.9 21.54 15.57 0 13.14 27.66 12.94 17.29 18.78 18.78 35.4 43.33 24.05 
3.53 45.43 1.66 13.47 47.43 10.93 9.11 6.97 17.46 0 15.99 3.2 2.36 23.09 23.09 49.31 56.85 36.44 
57.01 57.23 55.08 68.33 33.27 35.68 56.14 57.09 36.09 54.02 59.84 53.64 58.5 48.06 48.06 10.61 0 21.98 
46.81 43.15 44.8 59.55 47.28 27.02 45.99 46.8 27.5 43.69 49.65 43.31 48.3 38.09 38.09 6.56 16.34 0 
6.3 55.38 6.47 10.78 39.36 16.56 0 18.14 22.93 8.13 7.69 4.39 12.34 34.62 34.62 53.38 58.02 42.02 
15.03 39.46 11.46 24.27 62.08 18.56 22.32 0 23.81 9.5 29.1 14.59 8 13.51 13.51 57.46 63.32 44.44 
16.22 35.34 14.21 24.96 58.09 0.9 21.54 15.57 0 13.14 27.66 12.94 17.29 18.78 18.78 35.4 43.33 24.05 
23.76 30.69 20.34 31.81 69.49 9.91 30.4 6.94 15.37 18.46 36.42 22.14 16.98 0 0 48.82 54.83 35.9 
50.77 45.05 48.79 62.35 43.47 32.12 51.9 50.5 32.57 47.69 55.57 47.31 52.28 42.3 42.3 0 13.95 11.28 
57.01 57.23 55.08 68.33 33.27 35.68 56.14 57.09 36.09 54.02 59.84 53.64 58.5 48.06 48.06 10.61 0 21.98 
10.63 60.43 10.8 4.02 34.65 20.57 4.09 21.54 26.83 12.14 0 9.43 16.31 38.54 38.54 60.65 67.97 47.73 
4.17 48.83 3.58 11.81 43.35 10.44 5.26 12.06 16.98 3.65 14.81 0 5.37 29.17 29.17 48.84 56.39 36.01 
3.65 43.65 1.8 13 48.65 11.98 10.16 5.36 18.48 1.57 17.03 3.28 0 21.58 21.58 50.56 58.07 37.42 
46.81 43.15 44.8 59.55 47.28 27.02 45.99 46.8 27.5 43.69 49.65 43.31 48.3 38.09 38.09 6.56 16.34 0 
23.76 30.69 20.34 31.81 69.49 9.91 30.4 6.94 15.37 18.46 36.42 22.14 16.98 0 0 48.82 54.83 35.9 
23.76 30.69 20.34 31.81 69.49 9.91 30.4 6.94 15.37 18.46 36.42 22.14 16.98 0 0 48.82 54.83 35.9 
50.77 45.05 48.79 62.35 43.47 32.12 51.9 50.5 32.57 47.69 55.57 47.31 52.28 42.3 42.3 0 13.95 11.28 
57.01 57.23 55.08 68.33 33.27 35.68 56.14 57.09 36.09 54.02 59.84 53.64 58.5 48.06 48.06 10.61 0 21.98 
3.53 45.43 1.66 13.47 47.43 10.93 9.11 6.97 17.46 0 15.99 3.2 2.36 23.09 23.09 49.31 56.85 36.44 
10.63 60.43 10.8 4.02 34.65 20.57 4.09 21.54 26.83 12.14 0 9.43 16.31 38.54 38.54 60.65 67.97 47.73 
4.17 48.83 3.58 11.81 43.35 10.44 5.26 12.06 16.98 3.65 14.81 0 5.37 29.17 29.17 48.84 56.39 36.01 
3.65 43.65 1.8 13 48.65 11.98 10.16 5.36 18.48 1.57 17.03 3.28 0 21.58 21.58 50.56 58.07 37.42 
23.76 30.69 20.34 31.81 69.49 9.91 30.4 6.94 15.37 18.46 36.42 22.14 16.98 0 0 48.82 54.83 35.9 
Matriz de Costos>
0 50.13 1.81 10.62 46.09 15.01 8.3 11.76 21.42 3.48 14.02 5 4.76 27.53 27.53 53.47 60.88 40.38 
48.35 0 46.35 59.85 87.9 34.01 53.91 34.28 38.86 45.25 61.69 44.88 43.63 27.5 27.5 44.45 55.98 33.6 
1.89 46.62 0 10.66 46.19 11.51 8.34 8.2 18.02 1.69 13.53 3.27 3.04 24.24 24.24 49.98 57.5 36.97 
46.81 43.15 44.8 59.55 47.28 27.02 45.99 46.8 27.5 43.69 49.65 43.31 48.3 38.09 38.09 6.56 16.34 0 
23.76 30.69 20.34 31.81 69.49 9.91 30.4 6.94 15.37 18.46 36.42 22.14 16.98 0 0 48.82 54.83 35.9 
50.77 45.05 48.79 62.35 43.47 32.12 51.9 50.5 32.57 47.69 55.57 47.31 52.28 42.3 42.3 0 13.95 11.28 
57.01 57.23 55.08 68.33 33.27 35.68 56.14 57.09 36.09 54.02 59.84 53.64 58.5 48.06 48.06 10.61 0 21.98 
11.98 57.27 11.03 0 42.71 24.36 11.58 18.48 30.49 12.33 8.65 13.46 17.66 33.56 33.56 64.09 71.28 51.42 
42.11 88.23 42.3 41.61 0 53.06 37.86 57.16 53.15 44.92 32.37 39.01 49.51 76.51 76.51 40.32 33.48 52.2 
13.96 34.85 11.93 22.78 58.18 0 19.32 13.29 4.68 10.84 25.49 10.64 15.03 16.54 16.54 37.21 43.38 25.96 
6.3 55.38 6.47 10.78 39.36 16.56 0 18.14 22.93 8.13 7.69 4.39 12.34 34.62 34.62 53.38 58.02 42.02 
Dimension>35
Bandera>13
Fitness Greedy Costo>323
Solucion Greedy Costo>2 9 12 11 0 6 10 3 0 7 13 14 5 0 8 18 17 15 0 4 16 0 1 0 0 0 0 0 0 0 0 0 0 0 0 
Linea Vacia>
46.81 43.15 44.8 59.55 47.28 27.02 45.99 46.8 27.5 43.69 49.65 43.31 48.3 38.09 38.09 6.56 16.34 0 
Dimension>35
Bandera>13
Fitness Greedy Costo>323
15.03 39.46 11.46 24.27 62.08 18.56 22.32 0 23.81 9.5 29.1 14.59 8 13.51 13.51 57.46 63.32 44.44 
16.22 35.34 14.21 24.96 58.09 0.9 21.54 15.57 0 13.14 27.66 12.94 17.29 18.78 18.78 35.4 43.33 24.05 
3.53 45.43 1.66 13.47 47.43 10.93 9.11 6.97 17.46 0 15.99 3.2 2.36 23.09 23.09 49.31 56.85 36.44 
10.63 60.43 10.8 4.02 34.65 20.57 4.09 21.54 26.83 12.14 0 9.43 16.31 38.54 38.54 60.65 67.97 47.73 
4.17 48.83 3.58 11.81 43.35 10.44 5.26 12.06 16.98 3.65 14.81 0 5.37 29.17 29.17 48.84 56.39 36.01 
3.65 43.65 1.8 13 48.65 11.98 10.16 5.36 18.48 1.57 17.03 3.28 0 21.58 21.58 50.56 58.07 37.42 
23.76 30.69 20.34 31.81 69.49 9.91 30.4 6.94 15.37 18.46 36.42 22.14 16.98 0 0 48.82 54.83 35.9 
Solucion Greedy Costo>2 9 12 11 0 6 10 3 0 7 13 14 5 0 8 18 17 15 0 4 16 0 1 0 0 0 0 0 0 0 0 0 0 0 0 
Linea Vacia>
Dimension>35
Bandera>13
Fitness Greedy Costo>323
Matriz de Costos>
0 50.13 1.81 10.62 46.09 15.01 8.3 11.76 21.42 3.48 14.02 5 4.76 27.53 27.53 53.47 60.88 40.38 
48.35 0 46.35 59.85 87.9 34.01 53.91 34.28 38.86 45.25 61.69 44.88 43.63 27.5 27.5 44.45 55.98 33.6 
1.89 46.62 0 10.66 46.19 11.51 8.34 8.2 18.02 1.69 13.53 3.27 3.04 24.24 24.24 49.98 57.5 36.97 
11.98 57.27 11.03 0 42.71 24.36 11.58 18.48 30.49 12.33 8.65 13.46 17.66 33.56 33.56 64.09 71.28 51.42 
23.76 30.69 20.34 31.81 69.49 9.91 30.4 6.94 15.37 18.46 36.42 22.14 16.98 0 0 48.82 54.83 35.9 
50.77 45.05 48.79 62.35 43.47 32.12 51.9 50.5 32.57 47.69 55.57 47.31 52.28 42.3 42.3 0 13.95 11.28 
57.01 57.23 55.08 68.33 33.27 35.68 56.14 57.09 36.09 54.02 59.84 53.64 58.5 48.06 48.06 10.61 0 21.98 
46.81 43.15 44.8 59.55 47.28 27.02 45.99 46.8 27.5 43.69 49.65 43.31 48.3 38.09 38.09 6.56 16.34 0 
Solucion Greedy Costo>2 9 12 11 0 6 10 3 0 7 13 14 5 0 8 18 17 15 0 4 16 0 1 0 0 0 0 0 0 0 0 0 0 0 0 
Linea Vacia>
42.11 88.23 42.3 41.61 0 53.06 37.86 57.16 53.15 44.92 32.37 39.01 49.51 76.51 76.51 40.32 33.48 52.2 
13.96 34.85 11.93 22.78 58.18 0 19.32 13.29 4.68 10.84 25.49 10.64 15.03 16.54 16.54 37.21 43.38 25.96 
6.3 55.38 6.47 10.78 39.36 16.56 0 18.14 22.93 8.13 7.69 4.39 12.34 34.62 34.62 53.38 58.02 42.02 
15.03 39.46 11.46 24.27 62.08 18.56 22.32 0 23.81 9.5 29.1 14.59 8 13.51 13.51 57.46 63.32 44.44 
16.22 35.34 14.21 24.96 58.09 0.9 21.54 15.57 0 13.14 27.66 12.94 17.29 18.78 18.78 35.4 43.33 24.05 
3.53 45.43 1.66 13.47 47.43 10.93 9.11 6.97 17.46 0 15.99 3.2 2.36 23.09 23.09 49.31 56.85 36.44 
10.63 60.43 10.8 4.02 34.65 20.57 4.09 21.54 26.83 12.14 0 9.43 16.31 38.54 38.54 60.65 67.97 47.73 
4.17 48.83 3.58 11.81 43.35 10.44 5.26 12.06 16.98 3.65 14.81 0 5.37 29.17 29.17 48.84 56.39 36.01 
3.65 43.65 1.8 13 48.65 11.98 10.16 5.36 18.48 1.57 17.03 3.28 0 21.58 21.58 50.56 58.07 37.42 
Matriz de Costos>
0 50.13 1.81 10.62 46.09 15.01 8.3 11.76 21.42 3.48 14.02 5 4.76 27.53 27.53 53.47 60.88 40.38 
48.35 0 46.35 59.85 87.9 34.01 53.91 34.28 38.86 45.25 61.69 44.88 43.63 27.5 27.5 44.45 55.98 33.6 
1.89 46.62 0 10.66 46.19 11.51 8.34 8.2 18.02 1.69 13.53 3.27 3.04 24.24 24.24 49.98 57.5 36.97 
23.76 30.69 20.34 31.81 69.49 9.91 30.4 6.94 15.37 18.46 36.42 22.14 16.98 0 0 48.82 54.83 35.9 
23.76 30.69 20.34 31.81 69.49 9.91 30.4 6.94 15.37 18.46 36.42 22.14 16.98 0 0 48.82 54.83 35.9 
50.77 45.05 48.79 62.35 43.47 32.12 51.9 50.5 32.57 47.69 55.57 47.31 52.28 42.3 42.3 0 13.95 11.28 
57.01 57.23 55.08 68.33 33.27 35.68 56.14 57.09 36.09 54.02 59.84 53.64 58.5 48.06 48.06 10.61 0 21.98 
46.81 43.15 44.8 59.55 47.28 27.02 45.99 46.8 27.5 43.69 49.65 43.31 48.3 38.09 38.09 6.56 16.34 0 
11.98 57.27 11.03 0 42.71 24.36 11.58 18.48 30.49 12.33 8.65 13.46 17.66 33.56 33.56 64.09 71.28 51.42 
42.11 88.23 42.3 41.61 0 53.06 37.86 57.16 53.15 44.92 32.37 39.01 49.51 76.51 76.51 40.32 33.48 52.2 
Matriz de Costos>
0 50.13 1.81 10.62 46.09 15.01 8.3 11.76 21.42 3.48 14.02 5 4.76 27.53 27.53 53.47 60.88 40.38 
48.35 0 46.35 59.85 87.9 34.01 53.91 34.28 38.86 45.25 61.69 44.88 43.63 27.5 27.5 44.45 55.98 33.6 
1.89 46.62 0 10.66 46.19 11.51 8.34 8.2 18.02 1.69 13.53 3.27 3.04 24.24 24.24 49.98 57.5 36.97 
11.98 57.27 11.03 0 42.71 24.36 11.58 18.48 30.49 12.33 8.65 13.46 17.66 33.56 33.56 64.09 71.28 51.42 
13.96 34.85 11.93 22.78 58.18 0 19.32 13.29 4.68 10.84 25.49 10.64 15.03 16.54 16.54 37.21 43.38 25.96 
6.3 55.38 6.47 10.78 39.36 16.56 0 18.14 22.93 8.13 7.69 4.39 12.34 34.62 34.62 53.38 58.02 42.02 
15.03 39.46 11.46 24.27 62.08 18.56 22.32 0 23.81 9.5 29.1 14.59 8 13.51 13.51 57.46 63.32 44.44 
42.11 88.23 42.3 41.61 0 53.06 37.86 57.16 53.15 44.92 32.37 39.01 49.51 76.51 76.51 40.32 33.48 52.2 
13.96 34.85 11.93 22.78 58.18 0 19.32 13.29 4.68 10.84 25.49 10.64 15.03 16.54 16.54 37.21 43.38 25.96 
16.22 35.34 14.21 24.96 58.09 0.9 21.54 15.57 0 13.14 27.66 12.94 17.29 18.78 18.78 35.4 43.33 24.05 
3.53 45.43 1.66 13.47 47.43 10.93 9.11 6.97 17.46 0 15.99 3.2 2.36 23.09 23.09 49.31 56.85 36.44 
6.3 55.38 6.47 10.78 39.36 16.56 0 18.14 22.93 8.13 7.69 4.39 12.34 34.62 34.62 53.38 58.02 42.02 
15.03 39.46 11.46 24.27 62.08 18.56 22.32 0 23.81 9.5 29.1 14.59 8 13.51 13.51 57.46 63.32 44.44 
16.22 35.34 14.21 24.96 58.09 0.9 21.54 15.57 0 13.14 27.66 12.94 17.29 18.78 18.78 35.4 43.33 24.05 
10.63 60.43 10.8 4.02 34.65 20.57 4.09 21.54 26.83 12.14 0 9.43 16.31 38.54 38.54 60.65 67.97 47.73 
4.17 48.83 3.58 11.81 43.35 10.44 5.26 12.06 16.98 3.65 14.81 0 5.37 29.17 29.17 48.84 56.39 36.01 
3.53 45.43 1.66 13.47 47.43 10.93 9.11 6.97 17.46 0 15.99 3.2 2.36 23.09 23.09 49.31 56.85 36.44 
3.65 43.65 1.8 13 48.65 11.98 10.16 5.36 18.48 1.57 17.03 3.28 0 21.58 21.58 50.56 58.07 37.42 
10.63 60.43 10.8 4.02 34.65 20.57 4.09 21.54 26.83 12.14 0 9.43 16.31 38.54 38.54 60.65 67.97 47.73 
4.17 48.83 3.58 11.81 43.35 10.44 5.26 12.06 16.98 3.65 14.81 0 5.37 29.17 29.17 48.84 56.39 36.01 
23.76 30.69 20.34 31.81 69.49 9.91 30.4 6.94 15.37 18.46 36.42 22.14 16.98 0 0 48.82 54.83 35.9 
23.76 30.69 20.34 31.81 69.49 9.91 30.4 6.94 15.37 18.46 36.42 22.14 16.98 0 0 48.82 54.83 35.9 
3.65 43.65 1.8 13 48.65 11.98 10.16 5.36 18.48 1.57 17.03 3.28 0 21.58 21.58 50.56 58.07 37.42 
23.76 30.69 20.34 31.81 69.49 9.91 30.4 6.94 15.37 18.46 36.42 22.14 16.98 0 0 48.82 54.83 35.9 
50.77 45.05 48.79 62.35 43.47 32.12 51.9 50.5 32.57 47.69 55.57 47.31 52.28 42.3 42.3 0 13.95 11.28 
23.76 30.69 20.34 31.81 69.49 9.91 30.4 6.94 15.37 18.46 36.42 22.14 16.98 0 0 48.82 54.83 35.9 
57.01 57.23 55.08 68.33 33.27 35.68 56.14 57.09 36.09 54.02 59.84 53.64 58.5 48.06 48.06 10.61 0 21.98 
50.77 45.05 48.79 62.35 43.47 32.12 51.9 50.5 32.57 47.69 55.57 47.31 52.28 42.3 42.3 0 13.95 11.28 
57.01 57.23 55.08 68.33 33.27 35.68 56.14 57.09 36.09 54.02 59.84 53.64 58.5 48.06 48.06 10.61 0 21.98 
Dimension>35
46.81 43.15 44.8 59.55 47.28 27.02 45.99 46.8 27.5 43.69 49.65 43.31 48.3 38.09 38.09 6.56 16.34 0 
46.81 43.15 44.8 59.55 47.28 27.02 45.99 46.8 27.5 43.69 49.65 43.31 48.3 38.09 38.09 6.56 16.34 0 
Bandera>13
Fitness Greedy Costo>323
Solucion Greedy Costo>2 9 12 11 0 6 10 3 0 7 13 14 5 0 8 18 17 15 0 4 16 0 1 0 0 0 0 0 0 0 0 0 0 0 0 
Linea Vacia>
Matriz de Costos>
0 50.13 1.81 10.62 46.09 15.01 8.3 11.76 21.42 3.48 14.02 5 4.76 27.53 27.53 53.47 60.88 40.38 
48.35 0 46.35 59.85 87.9 34.01 53.91 34.28 38.86 45.25 61.69 44.88 43.63 27.5 27.5 44.45 55.98 33.6 
1.89 46.62 0 10.66 46.19 11.51 8.34 8.2 18.02 1.69 13.53 3.27 3.04 24.24 24.24 49.98 57.5 36.97 
11.98 57.27 11.03 0 42.71 24.36 11.58 18.48 30.49 12.33 8.65 13.46 17.66 33.56 33.56 64.09 71.28 51.42 
42.11 88.23 42.3 41.61 0 53.06 37.86 57.16 53.15 44.92 32.37 39.01 49.51 76.51 76.51 40.32 33.48 52.2 
13.96 34.85 11.93 22.78 58.18 0 19.32 13.29 4.68 10.84 25.49 10.64 15.03 16.54 16.54 37.21 43.38 25.96 
6.3 55.38 6.47 10.78 39.36 16.56 0 18.14 22.93 8.13 7.69 4.39 12.34 34.62 34.62 53.38 58.02 42.02 
15.03 39.46 11.46 24.27 62.08 18.56 22.32 0 23.81 9.5 29.1 14.59 8 13.51 13.51 57.46 63.32 44.44 
16.22 35.34 14.21 24.96 58.09 0.9 21.54 15.57 0 13.14 27.66 12.94 17.29 18.78 18.78 35.4 43.33 24.05 
3.53 45.43 1.66 13.47 47.43 10.93 9.11 6.97 17.46 0 15.99 3.2 2.36 23.09 23.09 49.31 56.85 36.44 
10.63 60.43 10.8 4.02 34.65 20.57 4.09 21.54 26.83 12.14 0 9.43 16.31 38.54 38.54 60.65 67.97 47.73 
4.17 48.83 3.58 11.81 43.35 10.44 5.26 12.06 16.98 3.65 14.81 0 5.37 29.17 29.17 48.84 56.39 36.01 
3.65 43.65 1.8 13 48.65 11.98 10.16 5.36 18.48 1.57 17.03 3.28 0 21.58 21.58 50.56 58.07 37.42 
23.76 30.69 20.34 31.81 69.49 9.91 30.4 6.94 15.37 18.46 36.42 22.14 16.98 0 0 48.82 54.83 35.9 
23.76 30.69 20.34 31.81 69.49 9.91 30.4 6.94 15.37 18.46 36.42 22.14 16.98 0 0 48.82 54.83 35.9 
50.77 45.05 48.79 62.35 43.47 32.12 51.9 50.5 32.57 47.69 55.57 47.31 52.28 42.3 42.3 0 13.95 11.28 
57.01 57.23 55.08 68.33 33.27 35.68 56.14 57.09 36.09 54.02 59.84 53.64 58.5 48.06 48.06 10.61 0 21.98 
46.81 43.15 44.8 59.55 47.28 27.02 45.99 46.8 27.5 43.69 49.65 43.31 48.3 38.09 38.09 6.56 16.34 0 
GEN 0 565.680000
GEN 0 535.010000
TIEMPO 0 476.130000
GEN 0 562.870000
TIEMPO 0 565.680000
TIEMPO 0 522.850000
GEN 0 542.750000
TIEMPO 0 530.420000
GEN 0 473.250000
GEN 0 509.200000
TIEMPO 0 473.250000
TIEMPO 0 502.030000
GEN 0 499.790000
TIEMPO 0 499.790000
GEN 0 554.960000
TIEMPO 0 545.050000
GEN 0 535.870000
TIEMPO 0 516.650000
GEN 0 506.230000
TIEMPO 0 506.230000
GEN 0 529.890000
TIEMPO 0 529.890000
GEN 0 538.730000
TIEMPO 0 515.580000
GEN 0 541.890000
TIEMPO 0 541.890000
GEN 0 515.340000
TIEMPO 0 483.760000
GEN 0 501.200000
TIEMPO 0 501.200000
GEN 0 528.520000
TIEMPO 0 507.710000
GEN 0 538.290000
TIEMPO 0 538.290000
GEN 0 489.230000
TIEMPO 0 471.790000
GEN 0 469.110000
TIEMPO 0 469.110000
GEN 0 552.650000
TIEMPO 0 552.650000
GEN 0 584.510000
TIEMPO 0 553.040000
GEN 0 529.570000
GEN 0 526.640000
TIEMPO 0 517.450000
TIEMPO 0 526.640000
GEN 0 541.450000
TIEMPO 0 539.370000
GREEDY 0 0.020136
GREEDY 0 0.016804
GREEDY 0 0.023956
GREEDY 0 0.036508
GREEDY 5 0.037575
GREEDY 5 0.053984
GREEDY 0 0.058840
GREEDY 0 0.046364
GREEDY 0 0.053293
GREEDY 0 0.059790
GREEDY 5 0.058250
GREEDY 5 0.066825
GREEDY 0 0.068251
GREEDY 0 0.061859
GREEDY 5 0.064847
GREEDY 10 0.065504
GREEDY 0 0.062087
GREEDY 0 0.054594
GREEDY 0 0.064722
GREEDY 5 0.079991
GREEDY 0 0.093046
GREEDY 5 0.083015
GREEDY 0 0.102731
GREEDY 5 0.105139
GREEDY 5 0.107654
GREEDY 0 0.110220
GREEDY 5 0.114189
GREEDY 0 0.115303
GREEDY 0 0.116615
GREEDY 10 0.123620
GREEDY 5 0.133069
GREEDY 0 0.134484
GREEDY 10 0.128309
GREEDY 0 0.129818
GREEDY 10 0.136643
GREEDY 5 0.144559
GREEDY 10 0.148970
GREEDY 10 0.149939
GREEDY 0 0.141026
GREEDY 10 0.160975
GREEDY 15 0.161298
GREEDY 0 0.166015
GREEDY 15 0.166829
GREEDY 5 0.160978
GREEDY 10 0.156964
GREEDY 15 0.173543
GREEDY 5 0.182185
GREEDY 5 0.185807
GREEDY 10 0.185918
GREEDY 5 0.195315
GREEDY 10 0.191800
GREEDY 0 0.207703
GEN 2500 301.480000
GREEDY 5 0.213123
GREEDY 10 0.227841
GREEDY 0 0.227851
GREEDY 5 0.227655
GEN 2500 270.260000
GEN 2500 301.270000
GEN 2500 271.530000
GEN 2500 269.280000
GREEDY 10 0.249664
GREEDY 5 0.262843
GREEDY 15 0.271345
GEN 2500 295.500000
GEN 2500 286.320000
GEN 2500 273.590000
GEN 2500 297.330000
GEN 2500 281.280000
GEN 2500 295.130000
GEN 2500 289.980000
GREEDY 5 0.292031
GREEDY 15 0.306237
GREEDY 10 0.294112
GREEDY 10 0.315491
GEN 2500 285.260000
GEN 2500 288.360000
GEN 2500 289.900000
GEN 2500 306.020000
GEN 2500 287.440000
GEN 2500 315.760000
GEN 2500 279.800000
GEN 5000 295.500000
GEN 2500 269.730000
GEN 2500 312.440000
GEN 5000 273.590000
GEN 2500 310.670000
GEN 5000 294.260000
GEN 2500 310.650000
GEN 5000 297.330000
GEN 5000 270.260000
GEN 5000 271.530000
GREEDY 10 0.450649
GEN 2500 290.490000
GREEDY 5 0.480740
GEN 5000 286.320000
GEN 5000 278.010000
GEN 5000 290.970000
GEN 5000 287.490000
GREEDY 5 0.515497
GEN 5000 276.340000
GEN 5000 268.940000
GREEDY 15 0.552465
GREEDY 10 0.570129
GREEDY 5 0.584289
GREEDY 10 0.584371
GREEDY 15 0.593933
GEN 7500 295.500000
GEN 7500 273.590000
GEN 7500 297.330000
GREEDY 15 0.628275
GEN 7500 294.260000
GEN 7500 271.530000
GEN 7500 270.260000
GEN 7500 286.320000
GEN 5000 292.270000
GREEDY 15 0.704818
GEN 7500 290.970000
GEN 7500 269.160000
GEN 5000 285.260000
GEN 5000 276.900000
GEN 5000 310.650000
GEN 10000 295.500000
TIEMPO 0.773703 295.500000
GEN 5000 289.900000
GEN 5000 288.900000
GEN 5000 270.150000
GEN 10000 273.590000
TIEMPO 0.800492 273.590000
GEN 10000 297.330000
TIEMPO 0.797405 297.330000
GEN 5000 270.150000
GEN 5000 268.940000
GEN 5000 284.860000
GEN 5000 266.980000
GEN 10000 294.260000
TIEMPO 0.863189 294.260000
GEN 5000 298.990000
GEN 10000 271.530000
TIEMPO 0.869142 271.530000
GEN 10000 270.260000
TIEMPO 0.875938 270.260000
GEN 7500 276.340000
GEN 7500 278.010000
GEN 10000 286.320000
TIEMPO 0.900147 286.320000
GEN 10000 290.970000
TIEMPO 0.925275 290.970000
GEN 10000 269.160000
GEN 7500 268.940000
TIEMPO 0.927931 269.160000
GEN 7500 276.560000
GEN 7500 292.270000
TIEMPO 1 268.940000
TIEMPO 1 276.340000
TIEMPO 1 266.880000
TIEMPO 1 270.150000
TIEMPO 1 278.400000
GEN 7500 289.900000
GEN 7500 288.900000
TIEMPO 1 298.960000
TIEMPO 1 268.940000
TIEMPO 1 285.260000
TIEMPO 1 270.150000
TIEMPO 1 292.270000
GEN 7500 285.260000
GEN 7500 270.150000
TIEMPO 1 310.650000
TIEMPO 1 278.010000
TIEMPO 1 288.900000
TIEMPO 1 276.560000
GEN 7500 270.150000
TIEMPO 1 289.900000
GEN 7500 298.960000
GEN 7500 310.650000
GEN 7500 268.940000
GEN 10000 276.340000
TIEMPO 1.054873 276.340000
GEN 7500 278.010000
GEN 10000 278.010000
TIEMPO 1.061106 278.010000
GEN 7500 266.880000
GEN 10000 268.940000
TIEMPO 1.138457 268.940000
GEN 10000 292.270000
TIEMPO 1.135809 292.270000
GEN 10000 270.150000
TIEMPO 1.145322 270.150000
GEN 10000 298.960000
TIEMPO 1.162774 298.960000
GEN 10000 289.900000
TIEMPO 1.150753 289.900000
GEN 10000 276.560000
TIEMPO 1.157299 276.560000
GEN 10000 288.900000
TIEMPO 1.201389 288.900000
GEN 10000 285.260000
TIEMPO 1.209993 285.260000
GEN 10000 270.150000
TIEMPO 1.222193 270.150000
GEN 10000 310.650000
TIEMPO 1.236620 310.650000
GEN 10000 268.940000
TIEMPO 1.263574 268.940000
GEN 10000 278.010000
TIEMPO 1.278584 278.010000
GEN 10000 266.880000
TIEMPO 1.295120 266.880000

 Current State ---------------------------------------------
Solution:  2 5 8 0 18 17 15 16 0 3 10 4 0 7 14 13 1 0 0 0 0 9 12 11 6 0 0 0 0 0 0 0 0 0 0 Fitness: 266.88

 :( ---------------------- THE END --------------- :) 
