Dimension>35
Bandera>13
Fitness Greedy Costo>323
Solucion Greedy Costo>2 9 12 11 0 6 10 3 0 7 13 14 5 0 8 18 17 15 0 4 16 0 1 0 0 0 0 0 0 0 0 0 0 0 0 
Linea Vacia>
Dimension>35
Bandera>13
Fitness Greedy Costo>323
Dimension>35
Bandera>13
Fitness Greedy Costo>323
Solucion Greedy Costo>2 9 12 11 0 6 10 3 0 7 13 14 5 0 8 18 17 15 0 4 16 0 1 0 0 0 0 0 0 0 0 0 0 0 0 
Linea Vacia>
Solucion Greedy Costo>2 9 12 11 0 6 10 3 0 7 13 14 5 0 8 18 17 15 0 4 16 0 1 0 0 0 0 0 0 0 0 0 0 0 0 
Linea Vacia>
Matriz de Costos>
0 50.13 1.81 10.62 46.09 15.01 8.3 11.76 21.42 3.48 14.02 5 4.76 27.53 27.53 53.47 60.88 40.38 
48.35 0 46.35 59.85 87.9 34.01 53.91 34.28 38.86 45.25 61.69 44.88 43.63 27.5 27.5 44.45 55.98 33.6 
Matriz de Costos>
0 50.13 1.81 10.62 46.09 15.01 8.3 11.76 21.42 3.48 14.02 5 4.76 27.53 27.53 53.47 60.88 40.38 
1.89 46.62 0 10.66 46.19 11.51 8.34 8.2 18.02 1.69 13.53 3.27 3.04 24.24 24.24 49.98 57.5 36.97 
11.98 57.27 11.03 0 42.71 24.36 11.58 18.48 30.49 12.33 8.65 13.46 17.66 33.56 33.56 64.09 71.28 51.42 
42.11 88.23 42.3 41.61 0 53.06 37.86 57.16 53.15 44.92 32.37 39.01 49.51 76.51 76.51 40.32 33.48 52.2 
48.35 0 46.35 59.85 87.9 34.01 53.91 34.28 38.86 45.25 61.69 44.88 43.63 27.5 27.5 44.45 55.98 33.6 
1.89 46.62 0 10.66 46.19 11.51 8.34 8.2 18.02 1.69 13.53 3.27 3.04 24.24 24.24 49.98 57.5 36.97 
13.96 34.85 11.93 22.78 58.18 0 19.32 13.29 4.68 10.84 25.49 10.64 15.03 16.54 16.54 37.21 43.38 25.96 
6.3 55.38 6.47 10.78 39.36 16.56 0 18.14 22.93 8.13 7.69 4.39 12.34 34.62 34.62 53.38 58.02 42.02 
15.03 39.46 11.46 24.27 62.08 18.56 22.32 0 23.81 9.5 29.1 14.59 8 13.51 13.51 57.46 63.32 44.44 
Matriz de Costos>
0 50.13 1.81 10.62 46.09 15.01 8.3 11.76 21.42 3.48 14.02 5 4.76 27.53 27.53 53.47 60.88 40.38 
11.98 57.27 11.03 0 42.71 24.36 11.58 18.48 30.49 12.33 8.65 13.46 17.66 33.56 33.56 64.09 71.28 51.42 
42.11 88.23 42.3 41.61 0 53.06 37.86 57.16 53.15 44.92 32.37 39.01 49.51 76.51 76.51 40.32 33.48 52.2 
16.22 35.34 14.21 24.96 58.09 0.9 21.54 15.57 0 13.14 27.66 12.94 17.29 18.78 18.78 35.4 43.33 24.05 
3.53 45.43 1.66 13.47 47.43 10.93 9.11 6.97 17.46 0 15.99 3.2 2.36 23.09 23.09 49.31 56.85 36.44 
10.63 60.43 10.8 4.02 34.65 20.57 4.09 21.54 26.83 12.14 0 9.43 16.31 38.54 38.54 60.65 67.97 47.73 
4.17 48.83 3.58 11.81 43.35 10.44 5.26 12.06 16.98 3.65 14.81 0 5.37 29.17 29.17 48.84 56.39 36.01 
48.35 0 46.35 59.85 87.9 34.01 53.91 34.28 38.86 45.25 61.69 44.88 43.63 27.5 27.5 44.45 55.98 33.6 
1.89 46.62 0 10.66 46.19 11.51 8.34 8.2 18.02 1.69 13.53 3.27 3.04 24.24 24.24 49.98 57.5 36.97 
13.96 34.85 11.93 22.78 58.18 0 19.32 13.29 4.68 10.84 25.49 10.64 15.03 16.54 16.54 37.21 43.38 25.96 
6.3 55.38 6.47 10.78 39.36 16.56 0 18.14 22.93 8.13 7.69 4.39 12.34 34.62 34.62 53.38 58.02 42.02 
3.65 43.65 1.8 13 48.65 11.98 10.16 5.36 18.48 1.57 17.03 3.28 0 21.58 21.58 50.56 58.07 37.42 
23.76 30.69 20.34 31.81 69.49 9.91 30.4 6.94 15.37 18.46 36.42 22.14 16.98 0 0 48.82 54.83 35.9 
11.98 57.27 11.03 0 42.71 24.36 11.58 18.48 30.49 12.33 8.65 13.46 17.66 33.56 33.56 64.09 71.28 51.42 
42.11 88.23 42.3 41.61 0 53.06 37.86 57.16 53.15 44.92 32.37 39.01 49.51 76.51 76.51 40.32 33.48 52.2 
13.96 34.85 11.93 22.78 58.18 0 19.32 13.29 4.68 10.84 25.49 10.64 15.03 16.54 16.54 37.21 43.38 25.96 
15.03 39.46 11.46 24.27 62.08 18.56 22.32 0 23.81 9.5 29.1 14.59 8 13.51 13.51 57.46 63.32 44.44 
16.22 35.34 14.21 24.96 58.09 0.9 21.54 15.57 0 13.14 27.66 12.94 17.29 18.78 18.78 35.4 43.33 24.05 
23.76 30.69 20.34 31.81 69.49 9.91 30.4 6.94 15.37 18.46 36.42 22.14 16.98 0 0 48.82 54.83 35.9 
50.77 45.05 48.79 62.35 43.47 32.12 51.9 50.5 32.57 47.69 55.57 47.31 52.28 42.3 42.3 0 13.95 11.28 
57.01 57.23 55.08 68.33 33.27 35.68 56.14 57.09 36.09 54.02 59.84 53.64 58.5 48.06 48.06 10.61 0 21.98 
6.3 55.38 6.47 10.78 39.36 16.56 0 18.14 22.93 8.13 7.69 4.39 12.34 34.62 34.62 53.38 58.02 42.02 
15.03 39.46 11.46 24.27 62.08 18.56 22.32 0 23.81 9.5 29.1 14.59 8 13.51 13.51 57.46 63.32 44.44 
3.53 45.43 1.66 13.47 47.43 10.93 9.11 6.97 17.46 0 15.99 3.2 2.36 23.09 23.09 49.31 56.85 36.44 
46.81 43.15 44.8 59.55 47.28 27.02 45.99 46.8 27.5 43.69 49.65 43.31 48.3 38.09 38.09 6.56 16.34 0 
16.22 35.34 14.21 24.96 58.09 0.9 21.54 15.57 0 13.14 27.66 12.94 17.29 18.78 18.78 35.4 43.33 24.05 
3.53 45.43 1.66 13.47 47.43 10.93 9.11 6.97 17.46 0 15.99 3.2 2.36 23.09 23.09 49.31 56.85 36.44 
10.63 60.43 10.8 4.02 34.65 20.57 4.09 21.54 26.83 12.14 0 9.43 16.31 38.54 38.54 60.65 67.97 47.73 
4.17 48.83 3.58 11.81 43.35 10.44 5.26 12.06 16.98 3.65 14.81 0 5.37 29.17 29.17 48.84 56.39 36.01 
10.63 60.43 10.8 4.02 34.65 20.57 4.09 21.54 26.83 12.14 0 9.43 16.31 38.54 38.54 60.65 67.97 47.73 
4.17 48.83 3.58 11.81 43.35 10.44 5.26 12.06 16.98 3.65 14.81 0 5.37 29.17 29.17 48.84 56.39 36.01 
3.65 43.65 1.8 13 48.65 11.98 10.16 5.36 18.48 1.57 17.03 3.28 0 21.58 21.58 50.56 58.07 37.42 
23.76 30.69 20.34 31.81 69.49 9.91 30.4 6.94 15.37 18.46 36.42 22.14 16.98 0 0 48.82 54.83 35.9 
3.65 43.65 1.8 13 48.65 11.98 10.16 5.36 18.48 1.57 17.03 3.28 0 21.58 21.58 50.56 58.07 37.42 
23.76 30.69 20.34 31.81 69.49 9.91 30.4 6.94 15.37 18.46 36.42 22.14 16.98 0 0 48.82 54.83 35.9 
23.76 30.69 20.34 31.81 69.49 9.91 30.4 6.94 15.37 18.46 36.42 22.14 16.98 0 0 48.82 54.83 35.9 
23.76 30.69 20.34 31.81 69.49 9.91 30.4 6.94 15.37 18.46 36.42 22.14 16.98 0 0 48.82 54.83 35.9 
50.77 45.05 48.79 62.35 43.47 32.12 51.9 50.5 32.57 47.69 55.57 47.31 52.28 42.3 42.3 0 13.95 11.28 
57.01 57.23 55.08 68.33 33.27 35.68 56.14 57.09 36.09 54.02 59.84 53.64 58.5 48.06 48.06 10.61 0 21.98 
50.77 45.05 48.79 62.35 43.47 32.12 51.9 50.5 32.57 47.69 55.57 47.31 52.28 42.3 42.3 0 13.95 11.28 
57.01 57.23 55.08 68.33 33.27 35.68 56.14 57.09 36.09 54.02 59.84 53.64 58.5 48.06 48.06 10.61 0 21.98 
46.81 43.15 44.8 59.55 47.28 27.02 45.99 46.8 27.5 43.69 49.65 43.31 48.3 38.09 38.09 6.56 16.34 0 
46.81 43.15 44.8 59.55 47.28 27.02 45.99 46.8 27.5 43.69 49.65 43.31 48.3 38.09 38.09 6.56 16.34 0 
Dimension>35
Bandera>13
Fitness Greedy Costo>323
Solucion Greedy Costo>2 9 12 11 0 6 10 3 0 7 13 14 5 0 8 18 17 15 0 4 16 0 1 0 0 0 0 0 0 0 0 0 0 0 0 
Linea Vacia>
Dimension>35
Bandera>13
Fitness Greedy Costo>323
Solucion Greedy Costo>2 9 12 11 0 6 10 3 0 7 13 14 5 0 8 18 17 15 0 4 16 0 1 0 0 0 0 0 0 0 0 0 0 0 0 
Linea Vacia>
Matriz de Costos>
0 50.13 1.81 10.62 46.09 15.01 8.3 11.76 21.42 3.48 14.02 5 4.76 27.53 27.53 53.47 60.88 40.38 
48.35 0 46.35 59.85 87.9 34.01 53.91 34.28 38.86 45.25 61.69 44.88 43.63 27.5 27.5 44.45 55.98 33.6 
1.89 46.62 0 10.66 46.19 11.51 8.34 8.2 18.02 1.69 13.53 3.27 3.04 24.24 24.24 49.98 57.5 36.97 
Matriz de Costos>
0 50.13 1.81 10.62 46.09 15.01 8.3 11.76 21.42 3.48 14.02 5 4.76 27.53 27.53 53.47 60.88 40.38 
48.35 0 46.35 59.85 87.9 34.01 53.91 34.28 38.86 45.25 61.69 44.88 43.63 27.5 27.5 44.45 55.98 33.6 
1.89 46.62 0 10.66 46.19 11.51 8.34 8.2 18.02 1.69 13.53 3.27 3.04 24.24 24.24 49.98 57.5 36.97 
11.98 57.27 11.03 0 42.71 24.36 11.58 18.48 30.49 12.33 8.65 13.46 17.66 33.56 33.56 64.09 71.28 51.42 
42.11 88.23 42.3 41.61 0 53.06 37.86 57.16 53.15 44.92 32.37 39.01 49.51 76.51 76.51 40.32 33.48 52.2 
11.98 57.27 11.03 0 42.71 24.36 11.58 18.48 30.49 12.33 8.65 13.46 17.66 33.56 33.56 64.09 71.28 51.42 
42.11 88.23 42.3 41.61 0 53.06 37.86 57.16 53.15 44.92 32.37 39.01 49.51 76.51 76.51 40.32 33.48 52.2 
13.96 34.85 11.93 22.78 58.18 0 19.32 13.29 4.68 10.84 25.49 10.64 15.03 16.54 16.54 37.21 43.38 25.96 
13.96 34.85 11.93 22.78 58.18 0 19.32 13.29 4.68 10.84 25.49 10.64 15.03 16.54 16.54 37.21 43.38 25.96 
6.3 55.38 6.47 10.78 39.36 16.56 0 18.14 22.93 8.13 7.69 4.39 12.34 34.62 34.62 53.38 58.02 42.02 
6.3 55.38 6.47 10.78 39.36 16.56 0 18.14 22.93 8.13 7.69 4.39 12.34 34.62 34.62 53.38 58.02 42.02 
15.03 39.46 11.46 24.27 62.08 18.56 22.32 0 23.81 9.5 29.1 14.59 8 13.51 13.51 57.46 63.32 44.44 
15.03 39.46 11.46 24.27 62.08 18.56 22.32 0 23.81 9.5 29.1 14.59 8 13.51 13.51 57.46 63.32 44.44 
16.22 35.34 14.21 24.96 58.09 0.9 21.54 15.57 0 13.14 27.66 12.94 17.29 18.78 18.78 35.4 43.33 24.05 
16.22 35.34 14.21 24.96 58.09 0.9 21.54 15.57 0 13.14 27.66 12.94 17.29 18.78 18.78 35.4 43.33 24.05 
3.53 45.43 1.66 13.47 47.43 10.93 9.11 6.97 17.46 0 15.99 3.2 2.36 23.09 23.09 49.31 56.85 36.44 
10.63 60.43 10.8 4.02 34.65 20.57 4.09 21.54 26.83 12.14 0 9.43 16.31 38.54 38.54 60.65 67.97 47.73 
3.53 45.43 1.66 13.47 47.43 10.93 9.11 6.97 17.46 0 15.99 3.2 2.36 23.09 23.09 49.31 56.85 36.44 
10.63 60.43 10.8 4.02 34.65 20.57 4.09 21.54 26.83 12.14 0 9.43 16.31 38.54 38.54 60.65 67.97 47.73 
4.17 48.83 3.58 11.81 43.35 10.44 5.26 12.06 16.98 3.65 14.81 0 5.37 29.17 29.17 48.84 56.39 36.01 
3.65 43.65 1.8 13 48.65 11.98 10.16 5.36 18.48 1.57 17.03 3.28 0 21.58 21.58 50.56 58.07 37.42 
4.17 48.83 3.58 11.81 43.35 10.44 5.26 12.06 16.98 3.65 14.81 0 5.37 29.17 29.17 48.84 56.39 36.01 
3.65 43.65 1.8 13 48.65 11.98 10.16 5.36 18.48 1.57 17.03 3.28 0 21.58 21.58 50.56 58.07 37.42 
23.76 30.69 20.34 31.81 69.49 9.91 30.4 6.94 15.37 18.46 36.42 22.14 16.98 0 0 48.82 54.83 35.9 
23.76 30.69 20.34 31.81 69.49 9.91 30.4 6.94 15.37 18.46 36.42 22.14 16.98 0 0 48.82 54.83 35.9 
50.77 45.05 48.79 62.35 43.47 32.12 51.9 50.5 32.57 47.69 55.57 47.31 52.28 42.3 42.3 0 13.95 11.28 
57.01 57.23 55.08 68.33 33.27 35.68 56.14 57.09 36.09 54.02 59.84 53.64 58.5 48.06 48.06 10.61 0 21.98 
23.76 30.69 20.34 31.81 69.49 9.91 30.4 6.94 15.37 18.46 36.42 22.14 16.98 0 0 48.82 54.83 35.9 
23.76 30.69 20.34 31.81 69.49 9.91 30.4 6.94 15.37 18.46 36.42 22.14 16.98 0 0 48.82 54.83 35.9 
50.77 45.05 48.79 62.35 43.47 32.12 51.9 50.5 32.57 47.69 55.57 47.31 52.28 42.3 42.3 0 13.95 11.28 
46.81 43.15 44.8 59.55 47.28 27.02 45.99 46.8 27.5 43.69 49.65 43.31 48.3 38.09 38.09 6.56 16.34 0 
57.01 57.23 55.08 68.33 33.27 35.68 56.14 57.09 36.09 54.02 59.84 53.64 58.5 48.06 48.06 10.61 0 21.98 
46.81 43.15 44.8 59.55 47.28 27.02 45.99 46.8 27.5 43.69 49.65 43.31 48.3 38.09 38.09 6.56 16.34 0 
Dimension>35
Dimension>35
Bandera>13
Fitness Greedy Costo>323
Bandera>13
Fitness Greedy Costo>323
Solucion Greedy Costo>2 9 12 11 0 6 10 3 0 7 13 14 5 0 8 18 17 15 0 4 16 0 1 0 0 0 0 0 0 0 0 0 0 0 0 
Linea Vacia>
Solucion Greedy Costo>2 9 12 11 0 6 10 3 0 7 13 14 5 0 8 18 17 15 0 4 16 0 1 0 0 0 0 0 0 0 0 0 0 0 0 
Linea Vacia>
Matriz de Costos>
0 50.13 1.81 10.62 46.09 15.01 8.3 11.76 21.42 3.48 14.02 5 4.76 27.53 27.53 53.47 60.88 40.38 
Matriz de Costos>
0 50.13 1.81 10.62 46.09 15.01 8.3 11.76 21.42 3.48 14.02 5 4.76 27.53 27.53 53.47 60.88 40.38 
48.35 0 46.35 59.85 87.9 34.01 53.91 34.28 38.86 45.25 61.69 44.88 43.63 27.5 27.5 44.45 55.98 33.6 
48.35 0 46.35 59.85 87.9 34.01 53.91 34.28 38.86 45.25 61.69 44.88 43.63 27.5 27.5 44.45 55.98 33.6 
1.89 46.62 0 10.66 46.19 11.51 8.34 8.2 18.02 1.69 13.53 3.27 3.04 24.24 24.24 49.98 57.5 36.97 
1.89 46.62 0 10.66 46.19 11.51 8.34 8.2 18.02 1.69 13.53 3.27 3.04 24.24 24.24 49.98 57.5 36.97 
11.98 57.27 11.03 0 42.71 24.36 11.58 18.48 30.49 12.33 8.65 13.46 17.66 33.56 33.56 64.09 71.28 51.42 
11.98 57.27 11.03 0 42.71 24.36 11.58 18.48 30.49 12.33 8.65 13.46 17.66 33.56 33.56 64.09 71.28 51.42 
42.11 88.23 42.3 41.61 0 53.06 37.86 57.16 53.15 44.92 32.37 39.01 49.51 76.51 76.51 40.32 33.48 52.2 
42.11 88.23 42.3 41.61 0 53.06 37.86 57.16 53.15 44.92 32.37 39.01 49.51 76.51 76.51 40.32 33.48 52.2 
13.96 34.85 11.93 22.78 58.18 0 19.32 13.29 4.68 10.84 25.49 10.64 15.03 16.54 16.54 37.21 43.38 25.96 
6.3 55.38 6.47 10.78 39.36 16.56 0 18.14 22.93 8.13 7.69 4.39 12.34 34.62 34.62 53.38 58.02 42.02 
13.96 34.85 11.93 22.78 58.18 0 19.32 13.29 4.68 10.84 25.49 10.64 15.03 16.54 16.54 37.21 43.38 25.96 
6.3 55.38 6.47 10.78 39.36 16.56 0 18.14 22.93 8.13 7.69 4.39 12.34 34.62 34.62 53.38 58.02 42.02 
15.03 39.46 11.46 24.27 62.08 18.56 22.32 0 23.81 9.5 29.1 14.59 8 13.51 13.51 57.46 63.32 44.44 
15.03 39.46 11.46 24.27 62.08 18.56 22.32 0 23.81 9.5 29.1 14.59 8 13.51 13.51 57.46 63.32 44.44 
16.22 35.34 14.21 24.96 58.09 0.9 21.54 15.57 0 13.14 27.66 12.94 17.29 18.78 18.78 35.4 43.33 24.05 
16.22 35.34 14.21 24.96 58.09 0.9 21.54 15.57 0 13.14 27.66 12.94 17.29 18.78 18.78 35.4 43.33 24.05 
3.53 45.43 1.66 13.47 47.43 10.93 9.11 6.97 17.46 0 15.99 3.2 2.36 23.09 23.09 49.31 56.85 36.44 
3.53 45.43 1.66 13.47 47.43 10.93 9.11 6.97 17.46 0 15.99 3.2 2.36 23.09 23.09 49.31 56.85 36.44 
10.63 60.43 10.8 4.02 34.65 20.57 4.09 21.54 26.83 12.14 0 9.43 16.31 38.54 38.54 60.65 67.97 47.73 
10.63 60.43 10.8 4.02 34.65 20.57 4.09 21.54 26.83 12.14 0 9.43 16.31 38.54 38.54 60.65 67.97 47.73 
4.17 48.83 3.58 11.81 43.35 10.44 5.26 12.06 16.98 3.65 14.81 0 5.37 29.17 29.17 48.84 56.39 36.01 
4.17 48.83 3.58 11.81 43.35 10.44 5.26 12.06 16.98 3.65 14.81 0 5.37 29.17 29.17 48.84 56.39 36.01 
3.65 43.65 1.8 13 48.65 11.98 10.16 5.36 18.48 1.57 17.03 3.28 0 21.58 21.58 50.56 58.07 37.42 
3.65 43.65 1.8 13 48.65 11.98 10.16 5.36 18.48 1.57 17.03 3.28 0 21.58 21.58 50.56 58.07 37.42 
23.76 30.69 20.34 31.81 69.49 9.91 30.4 6.94 15.37 18.46 36.42 22.14 16.98 0 0 48.82 54.83 35.9 
23.76 30.69 20.34 31.81 69.49 9.91 30.4 6.94 15.37 18.46 36.42 22.14 16.98 0 0 48.82 54.83 35.9 
23.76 30.69 20.34 31.81 69.49 9.91 30.4 6.94 15.37 18.46 36.42 22.14 16.98 0 0 48.82 54.83 35.9 
23.76 30.69 20.34 31.81 69.49 9.91 30.4 6.94 15.37 18.46 36.42 22.14 16.98 0 0 48.82 54.83 35.9 
50.77 45.05 48.79 62.35 43.47 32.12 51.9 50.5 32.57 47.69 55.57 47.31 52.28 42.3 42.3 0 13.95 11.28 
50.77 45.05 48.79 62.35 43.47 32.12 51.9 50.5 32.57 47.69 55.57 47.31 52.28 42.3 42.3 0 13.95 11.28 
57.01 57.23 55.08 68.33 33.27 35.68 56.14 57.09 36.09 54.02 59.84 53.64 58.5 48.06 48.06 10.61 0 21.98 
57.01 57.23 55.08 68.33 33.27 35.68 56.14 57.09 36.09 54.02 59.84 53.64 58.5 48.06 48.06 10.61 0 21.98 
46.81 43.15 44.8 59.55 47.28 27.02 45.99 46.8 27.5 43.69 49.65 43.31 48.3 38.09 38.09 6.56 16.34 0 
46.81 43.15 44.8 59.55 47.28 27.02 45.99 46.8 27.5 43.69 49.65 43.31 48.3 38.09 38.09 6.56 16.34 0 
Dimension>35
Bandera>13
Fitness Greedy Costo>323
Solucion Greedy Costo>2 9 12 11 0 6 10 3 0 7 13 14 5 0 8 18 17 15 0 4 16 0 1 0 0 0 0 0 0 0 0 0 0 0 0 
Linea Vacia>
Dimension>35
Bandera>13
Fitness Greedy Costo>323
Solucion Greedy Costo>2 9 12 11 0 6 10 3 0 7 13 14 5 0 8 18 17 15 0 4 16 0 1 0 0 0 0 0 0 0 0 0 0 0 0 
Linea Vacia>
Matriz de Costos>
0 50.13 1.81 10.62 46.09 15.01 8.3 11.76 21.42 3.48 14.02 5 4.76 27.53 27.53 53.47 60.88 40.38 
48.35 0 46.35 59.85 87.9 34.01 53.91 34.28 38.86 45.25 61.69 44.88 43.63 27.5 27.5 44.45 55.98 33.6 
1.89 46.62 0 10.66 46.19 11.51 8.34 8.2 18.02 1.69 13.53 3.27 3.04 24.24 24.24 49.98 57.5 36.97 
Matriz de Costos>
0 50.13 1.81 10.62 46.09 15.01 8.3 11.76 21.42 3.48 14.02 5 4.76 27.53 27.53 53.47 60.88 40.38 
48.35 0 46.35 59.85 87.9 34.01 53.91 34.28 38.86 45.25 61.69 44.88 43.63 27.5 27.5 44.45 55.98 33.6 
11.98 57.27 11.03 0 42.71 24.36 11.58 18.48 30.49 12.33 8.65 13.46 17.66 33.56 33.56 64.09 71.28 51.42 
42.11 88.23 42.3 41.61 0 53.06 37.86 57.16 53.15 44.92 32.37 39.01 49.51 76.51 76.51 40.32 33.48 52.2 
1.89 46.62 0 10.66 46.19 11.51 8.34 8.2 18.02 1.69 13.53 3.27 3.04 24.24 24.24 49.98 57.5 36.97 
11.98 57.27 11.03 0 42.71 24.36 11.58 18.48 30.49 12.33 8.65 13.46 17.66 33.56 33.56 64.09 71.28 51.42 
13.96 34.85 11.93 22.78 58.18 0 19.32 13.29 4.68 10.84 25.49 10.64 15.03 16.54 16.54 37.21 43.38 25.96 
6.3 55.38 6.47 10.78 39.36 16.56 0 18.14 22.93 8.13 7.69 4.39 12.34 34.62 34.62 53.38 58.02 42.02 
42.11 88.23 42.3 41.61 0 53.06 37.86 57.16 53.15 44.92 32.37 39.01 49.51 76.51 76.51 40.32 33.48 52.2 
13.96 34.85 11.93 22.78 58.18 0 19.32 13.29 4.68 10.84 25.49 10.64 15.03 16.54 16.54 37.21 43.38 25.96 
15.03 39.46 11.46 24.27 62.08 18.56 22.32 0 23.81 9.5 29.1 14.59 8 13.51 13.51 57.46 63.32 44.44 
6.3 55.38 6.47 10.78 39.36 16.56 0 18.14 22.93 8.13 7.69 4.39 12.34 34.62 34.62 53.38 58.02 42.02 
16.22 35.34 14.21 24.96 58.09 0.9 21.54 15.57 0 13.14 27.66 12.94 17.29 18.78 18.78 35.4 43.33 24.05 
3.53 45.43 1.66 13.47 47.43 10.93 9.11 6.97 17.46 0 15.99 3.2 2.36 23.09 23.09 49.31 56.85 36.44 
15.03 39.46 11.46 24.27 62.08 18.56 22.32 0 23.81 9.5 29.1 14.59 8 13.51 13.51 57.46 63.32 44.44 
10.63 60.43 10.8 4.02 34.65 20.57 4.09 21.54 26.83 12.14 0 9.43 16.31 38.54 38.54 60.65 67.97 47.73 
16.22 35.34 14.21 24.96 58.09 0.9 21.54 15.57 0 13.14 27.66 12.94 17.29 18.78 18.78 35.4 43.33 24.05 
3.53 45.43 1.66 13.47 47.43 10.93 9.11 6.97 17.46 0 15.99 3.2 2.36 23.09 23.09 49.31 56.85 36.44 
4.17 48.83 3.58 11.81 43.35 10.44 5.26 12.06 16.98 3.65 14.81 0 5.37 29.17 29.17 48.84 56.39 36.01 
3.65 43.65 1.8 13 48.65 11.98 10.16 5.36 18.48 1.57 17.03 3.28 0 21.58 21.58 50.56 58.07 37.42 
10.63 60.43 10.8 4.02 34.65 20.57 4.09 21.54 26.83 12.14 0 9.43 16.31 38.54 38.54 60.65 67.97 47.73 
4.17 48.83 3.58 11.81 43.35 10.44 5.26 12.06 16.98 3.65 14.81 0 5.37 29.17 29.17 48.84 56.39 36.01 
23.76 30.69 20.34 31.81 69.49 9.91 30.4 6.94 15.37 18.46 36.42 22.14 16.98 0 0 48.82 54.83 35.9 
23.76 30.69 20.34 31.81 69.49 9.91 30.4 6.94 15.37 18.46 36.42 22.14 16.98 0 0 48.82 54.83 35.9 
3.65 43.65 1.8 13 48.65 11.98 10.16 5.36 18.48 1.57 17.03 3.28 0 21.58 21.58 50.56 58.07 37.42 
23.76 30.69 20.34 31.81 69.49 9.91 30.4 6.94 15.37 18.46 36.42 22.14 16.98 0 0 48.82 54.83 35.9 
50.77 45.05 48.79 62.35 43.47 32.12 51.9 50.5 32.57 47.69 55.57 47.31 52.28 42.3 42.3 0 13.95 11.28 
23.76 30.69 20.34 31.81 69.49 9.91 30.4 6.94 15.37 18.46 36.42 22.14 16.98 0 0 48.82 54.83 35.9 
57.01 57.23 55.08 68.33 33.27 35.68 56.14 57.09 36.09 54.02 59.84 53.64 58.5 48.06 48.06 10.61 0 21.98 
46.81 43.15 44.8 59.55 47.28 27.02 45.99 46.8 27.5 43.69 49.65 43.31 48.3 38.09 38.09 6.56 16.34 0 
50.77 45.05 48.79 62.35 43.47 32.12 51.9 50.5 32.57 47.69 55.57 47.31 52.28 42.3 42.3 0 13.95 11.28 
57.01 57.23 55.08 68.33 33.27 35.68 56.14 57.09 36.09 54.02 59.84 53.64 58.5 48.06 48.06 10.61 0 21.98 
46.81 43.15 44.8 59.55 47.28 27.02 45.99 46.8 27.5 43.69 49.65 43.31 48.3 38.09 38.09 6.56 16.34 0 
Dimension>35
Bandera>13
Fitness Greedy Costo>323
Solucion Greedy Costo>2 9 12 11 0 6 10 3 0 7 13 14 5 0 8 18 17 15 0 4 16 0 1 0 0 0 0 0 0 0 0 0 0 0 0 
Linea Vacia>
Dimension>35
Bandera>13
Fitness Greedy Costo>323
Solucion Greedy Costo>2 9 12 11 0 6 10 3 0 7 13 14 5 0 8 18 17 15 0 4 16 0 1 0 0 0 0 0 0 0 0 0 0 0 0 
Linea Vacia>
Matriz de Costos>
0 50.13 1.81 10.62 46.09 15.01 8.3 11.76 21.42 3.48 14.02 5 4.76 27.53 27.53 53.47 60.88 40.38 
Dimension>35
48.35 0 46.35 59.85 87.9 34.01 53.91 34.28 38.86 45.25 61.69 44.88 43.63 27.5 27.5 44.45 55.98 33.6 
1.89 46.62 0 10.66 46.19 11.51 8.34 8.2 18.02 1.69 13.53 3.27 3.04 24.24 24.24 49.98 57.5 36.97 
Matriz de Costos>
0 50.13 1.81 10.62 46.09 15.01 8.3 11.76 21.42 3.48 14.02 5 4.76 27.53 27.53 53.47 60.88 40.38 
11.98 57.27 11.03 0 42.71 24.36 11.58 18.48 30.49 12.33 8.65 13.46 17.66 33.56 33.56 64.09 71.28 51.42 
42.11 88.23 42.3 41.61 0 53.06 37.86 57.16 53.15 44.92 32.37 39.01 49.51 76.51 76.51 40.32 33.48 52.2 
Bandera>13
Fitness Greedy Costo>323
13.96 34.85 11.93 22.78 58.18 0 19.32 13.29 4.68 10.84 25.49 10.64 15.03 16.54 16.54 37.21 43.38 25.96 
6.3 55.38 6.47 10.78 39.36 16.56 0 18.14 22.93 8.13 7.69 4.39 12.34 34.62 34.62 53.38 58.02 42.02 
15.03 39.46 11.46 24.27 62.08 18.56 22.32 0 23.81 9.5 29.1 14.59 8 13.51 13.51 57.46 63.32 44.44 
48.35 0 46.35 59.85 87.9 34.01 53.91 34.28 38.86 45.25 61.69 44.88 43.63 27.5 27.5 44.45 55.98 33.6 
1.89 46.62 0 10.66 46.19 11.51 8.34 8.2 18.02 1.69 13.53 3.27 3.04 24.24 24.24 49.98 57.5 36.97 
11.98 57.27 11.03 0 42.71 24.36 11.58 18.48 30.49 12.33 8.65 13.46 17.66 33.56 33.56 64.09 71.28 51.42 
42.11 88.23 42.3 41.61 0 53.06 37.86 57.16 53.15 44.92 32.37 39.01 49.51 76.51 76.51 40.32 33.48 52.2 
16.22 35.34 14.21 24.96 58.09 0.9 21.54 15.57 0 13.14 27.66 12.94 17.29 18.78 18.78 35.4 43.33 24.05 
Solucion Greedy Costo>2 9 12 11 0 6 10 3 0 7 13 14 5 0 8 18 17 15 0 4 16 0 1 0 0 0 0 0 0 0 0 0 0 0 0 
Linea Vacia>
3.53 45.43 1.66 13.47 47.43 10.93 9.11 6.97 17.46 0 15.99 3.2 2.36 23.09 23.09 49.31 56.85 36.44 
13.96 34.85 11.93 22.78 58.18 0 19.32 13.29 4.68 10.84 25.49 10.64 15.03 16.54 16.54 37.21 43.38 25.96 
6.3 55.38 6.47 10.78 39.36 16.56 0 18.14 22.93 8.13 7.69 4.39 12.34 34.62 34.62 53.38 58.02 42.02 
10.63 60.43 10.8 4.02 34.65 20.57 4.09 21.54 26.83 12.14 0 9.43 16.31 38.54 38.54 60.65 67.97 47.73 
4.17 48.83 3.58 11.81 43.35 10.44 5.26 12.06 16.98 3.65 14.81 0 5.37 29.17 29.17 48.84 56.39 36.01 
15.03 39.46 11.46 24.27 62.08 18.56 22.32 0 23.81 9.5 29.1 14.59 8 13.51 13.51 57.46 63.32 44.44 
16.22 35.34 14.21 24.96 58.09 0.9 21.54 15.57 0 13.14 27.66 12.94 17.29 18.78 18.78 35.4 43.33 24.05 
3.65 43.65 1.8 13 48.65 11.98 10.16 5.36 18.48 1.57 17.03 3.28 0 21.58 21.58 50.56 58.07 37.42 
Dimension>35
23.76 30.69 20.34 31.81 69.49 9.91 30.4 6.94 15.37 18.46 36.42 22.14 16.98 0 0 48.82 54.83 35.9 
Dimension>35
3.53 45.43 1.66 13.47 47.43 10.93 9.11 6.97 17.46 0 15.99 3.2 2.36 23.09 23.09 49.31 56.85 36.44 
10.63 60.43 10.8 4.02 34.65 20.57 4.09 21.54 26.83 12.14 0 9.43 16.31 38.54 38.54 60.65 67.97 47.73 
23.76 30.69 20.34 31.81 69.49 9.91 30.4 6.94 15.37 18.46 36.42 22.14 16.98 0 0 48.82 54.83 35.9 
Bandera>13
Fitness Greedy Costo>323
4.17 48.83 3.58 11.81 43.35 10.44 5.26 12.06 16.98 3.65 14.81 0 5.37 29.17 29.17 48.84 56.39 36.01 
3.65 43.65 1.8 13 48.65 11.98 10.16 5.36 18.48 1.57 17.03 3.28 0 21.58 21.58 50.56 58.07 37.42 
50.77 45.05 48.79 62.35 43.47 32.12 51.9 50.5 32.57 47.69 55.57 47.31 52.28 42.3 42.3 0 13.95 11.28 
57.01 57.23 55.08 68.33 33.27 35.68 56.14 57.09 36.09 54.02 59.84 53.64 58.5 48.06 48.06 10.61 0 21.98 
Bandera>13
Fitness Greedy Costo>323
Solucion Greedy Costo>2 9 12 11 0 6 10 3 0 7 13 14 5 0 8 18 17 15 0 4 16 0 1 0 0 0 0 0 0 0 0 0 0 0 0 
Linea Vacia>
23.76 30.69 20.34 31.81 69.49 9.91 30.4 6.94 15.37 18.46 36.42 22.14 16.98 0 0 48.82 54.83 35.9 
23.76 30.69 20.34 31.81 69.49 9.91 30.4 6.94 15.37 18.46 36.42 22.14 16.98 0 0 48.82 54.83 35.9 
46.81 43.15 44.8 59.55 47.28 27.02 45.99 46.8 27.5 43.69 49.65 43.31 48.3 38.09 38.09 6.56 16.34 0 
Solucion Greedy Costo>2 9 12 11 0 6 10 3 0 7 13 14 5 0 8 18 17 15 0 4 16 0 1 0 0 0 0 0 0 0 0 0 0 0 0 
Linea Vacia>
50.77 45.05 48.79 62.35 43.47 32.12 51.9 50.5 32.57 47.69 55.57 47.31 52.28 42.3 42.3 0 13.95 11.28 
57.01 57.23 55.08 68.33 33.27 35.68 56.14 57.09 36.09 54.02 59.84 53.64 58.5 48.06 48.06 10.61 0 21.98 
46.81 43.15 44.8 59.55 47.28 27.02 45.99 46.8 27.5 43.69 49.65 43.31 48.3 38.09 38.09 6.56 16.34 0 
Matriz de Costos>
Matriz de Costos>
0 50.13 1.81 10.62 46.09 15.01 8.3 11.76 21.42 3.48 14.02 5 4.76 27.53 27.53 53.47 60.88 40.38 
0 50.13 1.81 10.62 46.09 15.01 8.3 11.76 21.42 3.48 14.02 5 4.76 27.53 27.53 53.47 60.88 40.38 
48.35 0 46.35 59.85 87.9 34.01 53.91 34.28 38.86 45.25 61.69 44.88 43.63 27.5 27.5 44.45 55.98 33.6 
Matriz de Costos>
48.35 0 46.35 59.85 87.9 34.01 53.91 34.28 38.86 45.25 61.69 44.88 43.63 27.5 27.5 44.45 55.98 33.6 
1.89 46.62 0 10.66 46.19 11.51 8.34 8.2 18.02 1.69 13.53 3.27 3.04 24.24 24.24 49.98 57.5 36.97 
0 50.13 1.81 10.62 46.09 15.01 8.3 11.76 21.42 3.48 14.02 5 4.76 27.53 27.53 53.47 60.88 40.38 
11.98 57.27 11.03 0 42.71 24.36 11.58 18.48 30.49 12.33 8.65 13.46 17.66 33.56 33.56 64.09 71.28 51.42 
1.89 46.62 0 10.66 46.19 11.51 8.34 8.2 18.02 1.69 13.53 3.27 3.04 24.24 24.24 49.98 57.5 36.97 
11.98 57.27 11.03 0 42.71 24.36 11.58 18.48 30.49 12.33 8.65 13.46 17.66 33.56 33.56 64.09 71.28 51.42 
48.35 0 46.35 59.85 87.9 34.01 53.91 34.28 38.86 45.25 61.69 44.88 43.63 27.5 27.5 44.45 55.98 33.6 
1.89 46.62 0 10.66 46.19 11.51 8.34 8.2 18.02 1.69 13.53 3.27 3.04 24.24 24.24 49.98 57.5 36.97 
42.11 88.23 42.3 41.61 0 53.06 37.86 57.16 53.15 44.92 32.37 39.01 49.51 76.51 76.51 40.32 33.48 52.2 
13.96 34.85 11.93 22.78 58.18 0 19.32 13.29 4.68 10.84 25.49 10.64 15.03 16.54 16.54 37.21 43.38 25.96 
42.11 88.23 42.3 41.61 0 53.06 37.86 57.16 53.15 44.92 32.37 39.01 49.51 76.51 76.51 40.32 33.48 52.2 
11.98 57.27 11.03 0 42.71 24.36 11.58 18.48 30.49 12.33 8.65 13.46 17.66 33.56 33.56 64.09 71.28 51.42 
42.11 88.23 42.3 41.61 0 53.06 37.86 57.16 53.15 44.92 32.37 39.01 49.51 76.51 76.51 40.32 33.48 52.2 
6.3 55.38 6.47 10.78 39.36 16.56 0 18.14 22.93 8.13 7.69 4.39 12.34 34.62 34.62 53.38 58.02 42.02 
15.03 39.46 11.46 24.27 62.08 18.56 22.32 0 23.81 9.5 29.1 14.59 8 13.51 13.51 57.46 63.32 44.44 
16.22 35.34 14.21 24.96 58.09 0.9 21.54 15.57 0 13.14 27.66 12.94 17.29 18.78 18.78 35.4 43.33 24.05 
13.96 34.85 11.93 22.78 58.18 0 19.32 13.29 4.68 10.84 25.49 10.64 15.03 16.54 16.54 37.21 43.38 25.96 
6.3 55.38 6.47 10.78 39.36 16.56 0 18.14 22.93 8.13 7.69 4.39 12.34 34.62 34.62 53.38 58.02 42.02 
13.96 34.85 11.93 22.78 58.18 0 19.32 13.29 4.68 10.84 25.49 10.64 15.03 16.54 16.54 37.21 43.38 25.96 
3.53 45.43 1.66 13.47 47.43 10.93 9.11 6.97 17.46 0 15.99 3.2 2.36 23.09 23.09 49.31 56.85 36.44 
10.63 60.43 10.8 4.02 34.65 20.57 4.09 21.54 26.83 12.14 0 9.43 16.31 38.54 38.54 60.65 67.97 47.73 
6.3 55.38 6.47 10.78 39.36 16.56 0 18.14 22.93 8.13 7.69 4.39 12.34 34.62 34.62 53.38 58.02 42.02 
15.03 39.46 11.46 24.27 62.08 18.56 22.32 0 23.81 9.5 29.1 14.59 8 13.51 13.51 57.46 63.32 44.44 
15.03 39.46 11.46 24.27 62.08 18.56 22.32 0 23.81 9.5 29.1 14.59 8 13.51 13.51 57.46 63.32 44.44 
4.17 48.83 3.58 11.81 43.35 10.44 5.26 12.06 16.98 3.65 14.81 0 5.37 29.17 29.17 48.84 56.39 36.01 
3.65 43.65 1.8 13 48.65 11.98 10.16 5.36 18.48 1.57 17.03 3.28 0 21.58 21.58 50.56 58.07 37.42 
16.22 35.34 14.21 24.96 58.09 0.9 21.54 15.57 0 13.14 27.66 12.94 17.29 18.78 18.78 35.4 43.33 24.05 
23.76 30.69 20.34 31.81 69.49 9.91 30.4 6.94 15.37 18.46 36.42 22.14 16.98 0 0 48.82 54.83 35.9 
23.76 30.69 20.34 31.81 69.49 9.91 30.4 6.94 15.37 18.46 36.42 22.14 16.98 0 0 48.82 54.83 35.9 
16.22 35.34 14.21 24.96 58.09 0.9 21.54 15.57 0 13.14 27.66 12.94 17.29 18.78 18.78 35.4 43.33 24.05 
3.53 45.43 1.66 13.47 47.43 10.93 9.11 6.97 17.46 0 15.99 3.2 2.36 23.09 23.09 49.31 56.85 36.44 
3.53 45.43 1.66 13.47 47.43 10.93 9.11 6.97 17.46 0 15.99 3.2 2.36 23.09 23.09 49.31 56.85 36.44 
Dimension>35
Bandera>13
10.63 60.43 10.8 4.02 34.65 20.57 4.09 21.54 26.83 12.14 0 9.43 16.31 38.54 38.54 60.65 67.97 47.73 
50.77 45.05 48.79 62.35 43.47 32.12 51.9 50.5 32.57 47.69 55.57 47.31 52.28 42.3 42.3 0 13.95 11.28 
57.01 57.23 55.08 68.33 33.27 35.68 56.14 57.09 36.09 54.02 59.84 53.64 58.5 48.06 48.06 10.61 0 21.98 
Fitness Greedy Costo>323
Solucion Greedy Costo>2 9 12 11 0 6 10 3 0 7 13 14 5 0 8 18 17 15 0 4 16 0 1 0 0 0 0 0 0 0 0 0 0 0 0 
Linea Vacia>
4.17 48.83 3.58 11.81 43.35 10.44 5.26 12.06 16.98 3.65 14.81 0 5.37 29.17 29.17 48.84 56.39 36.01 
3.65 43.65 1.8 13 48.65 11.98 10.16 5.36 18.48 1.57 17.03 3.28 0 21.58 21.58 50.56 58.07 37.42 
46.81 43.15 44.8 59.55 47.28 27.02 45.99 46.8 27.5 43.69 49.65 43.31 48.3 38.09 38.09 6.56 16.34 0 
10.63 60.43 10.8 4.02 34.65 20.57 4.09 21.54 26.83 12.14 0 9.43 16.31 38.54 38.54 60.65 67.97 47.73 
4.17 48.83 3.58 11.81 43.35 10.44 5.26 12.06 16.98 3.65 14.81 0 5.37 29.17 29.17 48.84 56.39 36.01 
23.76 30.69 20.34 31.81 69.49 9.91 30.4 6.94 15.37 18.46 36.42 22.14 16.98 0 0 48.82 54.83 35.9 
23.76 30.69 20.34 31.81 69.49 9.91 30.4 6.94 15.37 18.46 36.42 22.14 16.98 0 0 48.82 54.83 35.9 
50.77 45.05 48.79 62.35 43.47 32.12 51.9 50.5 32.57 47.69 55.57 47.31 52.28 42.3 42.3 0 13.95 11.28 
3.65 43.65 1.8 13 48.65 11.98 10.16 5.36 18.48 1.57 17.03 3.28 0 21.58 21.58 50.56 58.07 37.42 
23.76 30.69 20.34 31.81 69.49 9.91 30.4 6.94 15.37 18.46 36.42 22.14 16.98 0 0 48.82 54.83 35.9 
57.01 57.23 55.08 68.33 33.27 35.68 56.14 57.09 36.09 54.02 59.84 53.64 58.5 48.06 48.06 10.61 0 21.98 
23.76 30.69 20.34 31.81 69.49 9.91 30.4 6.94 15.37 18.46 36.42 22.14 16.98 0 0 48.82 54.83 35.9 
46.81 43.15 44.8 59.55 47.28 27.02 45.99 46.8 27.5 43.69 49.65 43.31 48.3 38.09 38.09 6.56 16.34 0 
Matriz de Costos>
50.77 45.05 48.79 62.35 43.47 32.12 51.9 50.5 32.57 47.69 55.57 47.31 52.28 42.3 42.3 0 13.95 11.28 
0 50.13 1.81 10.62 46.09 15.01 8.3 11.76 21.42 3.48 14.02 5 4.76 27.53 27.53 53.47 60.88 40.38 
48.35 0 46.35 59.85 87.9 34.01 53.91 34.28 38.86 45.25 61.69 44.88 43.63 27.5 27.5 44.45 55.98 33.6 
57.01 57.23 55.08 68.33 33.27 35.68 56.14 57.09 36.09 54.02 59.84 53.64 58.5 48.06 48.06 10.61 0 21.98 
1.89 46.62 0 10.66 46.19 11.51 8.34 8.2 18.02 1.69 13.53 3.27 3.04 24.24 24.24 49.98 57.5 36.97 
11.98 57.27 11.03 0 42.71 24.36 11.58 18.48 30.49 12.33 8.65 13.46 17.66 33.56 33.56 64.09 71.28 51.42 
46.81 43.15 44.8 59.55 47.28 27.02 45.99 46.8 27.5 43.69 49.65 43.31 48.3 38.09 38.09 6.56 16.34 0 
42.11 88.23 42.3 41.61 0 53.06 37.86 57.16 53.15 44.92 32.37 39.01 49.51 76.51 76.51 40.32 33.48 52.2 
13.96 34.85 11.93 22.78 58.18 0 19.32 13.29 4.68 10.84 25.49 10.64 15.03 16.54 16.54 37.21 43.38 25.96 
6.3 55.38 6.47 10.78 39.36 16.56 0 18.14 22.93 8.13 7.69 4.39 12.34 34.62 34.62 53.38 58.02 42.02 
15.03 39.46 11.46 24.27 62.08 18.56 22.32 0 23.81 9.5 29.1 14.59 8 13.51 13.51 57.46 63.32 44.44 
16.22 35.34 14.21 24.96 58.09 0.9 21.54 15.57 0 13.14 27.66 12.94 17.29 18.78 18.78 35.4 43.33 24.05 
3.53 45.43 1.66 13.47 47.43 10.93 9.11 6.97 17.46 0 15.99 3.2 2.36 23.09 23.09 49.31 56.85 36.44 
10.63 60.43 10.8 4.02 34.65 20.57 4.09 21.54 26.83 12.14 0 9.43 16.31 38.54 38.54 60.65 67.97 47.73 
4.17 48.83 3.58 11.81 43.35 10.44 5.26 12.06 16.98 3.65 14.81 0 5.37 29.17 29.17 48.84 56.39 36.01 
3.65 43.65 1.8 13 48.65 11.98 10.16 5.36 18.48 1.57 17.03 3.28 0 21.58 21.58 50.56 58.07 37.42 
23.76 30.69 20.34 31.81 69.49 9.91 30.4 6.94 15.37 18.46 36.42 22.14 16.98 0 0 48.82 54.83 35.9 
23.76 30.69 20.34 31.81 69.49 9.91 30.4 6.94 15.37 18.46 36.42 22.14 16.98 0 0 48.82 54.83 35.9 
50.77 45.05 48.79 62.35 43.47 32.12 51.9 50.5 32.57 47.69 55.57 47.31 52.28 42.3 42.3 0 13.95 11.28 
57.01 57.23 55.08 68.33 33.27 35.68 56.14 57.09 36.09 54.02 59.84 53.64 58.5 48.06 48.06 10.61 0 21.98 
46.81 43.15 44.8 59.55 47.28 27.02 45.99 46.8 27.5 43.69 49.65 43.31 48.3 38.09 38.09 6.56 16.34 0 
Dimension>35
Bandera>13
Fitness Greedy Costo>323
Solucion Greedy Costo>2 9 12 11 0 6 10 3 0 7 13 14 5 0 8 18 17 15 0 4 16 0 1 0 0 0 0 0 0 0 0 0 0 0 0 
Linea Vacia>
Matriz de Costos>
0 50.13 1.81 10.62 46.09 15.01 8.3 11.76 21.42 3.48 14.02 5 4.76 27.53 27.53 53.47 60.88 40.38 
48.35 0 46.35 59.85 87.9 34.01 53.91 34.28 38.86 45.25 61.69 44.88 43.63 27.5 27.5 44.45 55.98 33.6 
1.89 46.62 0 10.66 46.19 11.51 8.34 8.2 18.02 1.69 13.53 3.27 3.04 24.24 24.24 49.98 57.5 36.97 
11.98 57.27 11.03 0 42.71 24.36 11.58 18.48 30.49 12.33 8.65 13.46 17.66 33.56 33.56 64.09 71.28 51.42 
42.11 88.23 42.3 41.61 0 53.06 37.86 57.16 53.15 44.92 32.37 39.01 49.51 76.51 76.51 40.32 33.48 52.2 
13.96 34.85 11.93 22.78 58.18 0 19.32 13.29 4.68 10.84 25.49 10.64 15.03 16.54 16.54 37.21 43.38 25.96 
6.3 55.38 6.47 10.78 39.36 16.56 0 18.14 22.93 8.13 7.69 4.39 12.34 34.62 34.62 53.38 58.02 42.02 
15.03 39.46 11.46 24.27 62.08 18.56 22.32 0 23.81 9.5 29.1 14.59 8 13.51 13.51 57.46 63.32 44.44 
16.22 35.34 14.21 24.96 58.09 0.9 21.54 15.57 0 13.14 27.66 12.94 17.29 18.78 18.78 35.4 43.33 24.05 
3.53 45.43 1.66 13.47 47.43 10.93 9.11 6.97 17.46 0 15.99 3.2 2.36 23.09 23.09 49.31 56.85 36.44 
10.63 60.43 10.8 4.02 34.65 20.57 4.09 21.54 26.83 12.14 0 9.43 16.31 38.54 38.54 60.65 67.97 47.73 
4.17 48.83 3.58 11.81 43.35 10.44 5.26 12.06 16.98 3.65 14.81 0 5.37 29.17 29.17 48.84 56.39 36.01 
3.65 43.65 1.8 13 48.65 11.98 10.16 5.36 18.48 1.57 17.03 3.28 0 21.58 21.58 50.56 58.07 37.42 
23.76 30.69 20.34 31.81 69.49 9.91 30.4 6.94 15.37 18.46 36.42 22.14 16.98 0 0 48.82 54.83 35.9 
23.76 30.69 20.34 31.81 69.49 9.91 30.4 6.94 15.37 18.46 36.42 22.14 16.98 0 0 48.82 54.83 35.9 
50.77 45.05 48.79 62.35 43.47 32.12 51.9 50.5 32.57 47.69 55.57 47.31 52.28 42.3 42.3 0 13.95 11.28 
57.01 57.23 55.08 68.33 33.27 35.68 56.14 57.09 36.09 54.02 59.84 53.64 58.5 48.06 48.06 10.61 0 21.98 
46.81 43.15 44.8 59.55 47.28 27.02 45.99 46.8 27.5 43.69 49.65 43.31 48.3 38.09 38.09 6.56 16.34 0 
Dimension>35
Bandera>13
Fitness Greedy Costo>323
Dimension>35
Solucion Greedy Costo>2 9 12 11 0 6 10 3 0 7 13 14 5 0 8 18 17 15 0 4 16 0 1 0 0 0 0 0 0 0 0 0 0 0 0 
Linea Vacia>
Bandera>13
Fitness Greedy Costo>323
Solucion Greedy Costo>2 9 12 11 0 6 10 3 0 7 13 14 5 0 8 18 17 15 0 4 16 0 1 0 0 0 0 0 0 0 0 0 0 0 0 
Linea Vacia>
Dimension>35
Bandera>13
Fitness Greedy Costo>323
Solucion Greedy Costo>2 9 12 11 0 6 10 3 0 7 13 14 5 0 8 18 17 15 0 4 16 0 1 0 0 0 0 0 0 0 0 0 0 0 0 
Linea Vacia>
Matriz de Costos>
0 50.13 1.81 10.62 46.09 15.01 8.3 11.76 21.42 3.48 14.02 5 4.76 27.53 27.53 53.47 60.88 40.38 
Matriz de Costos>
0 50.13 1.81 10.62 46.09 15.01 8.3 11.76 21.42 3.48 14.02 5 4.76 27.53 27.53 53.47 60.88 40.38 
48.35 0 46.35 59.85 87.9 34.01 53.91 34.28 38.86 45.25 61.69 44.88 43.63 27.5 27.5 44.45 55.98 33.6 
48.35 0 46.35 59.85 87.9 34.01 53.91 34.28 38.86 45.25 61.69 44.88 43.63 27.5 27.5 44.45 55.98 33.6 
1.89 46.62 0 10.66 46.19 11.51 8.34 8.2 18.02 1.69 13.53 3.27 3.04 24.24 24.24 49.98 57.5 36.97 
Matriz de Costos>
0 50.13 1.81 10.62 46.09 15.01 8.3 11.76 21.42 3.48 14.02 5 4.76 27.53 27.53 53.47 60.88 40.38 
1.89 46.62 0 10.66 46.19 11.51 8.34 8.2 18.02 1.69 13.53 3.27 3.04 24.24 24.24 49.98 57.5 36.97 
48.35 0 46.35 59.85 87.9 34.01 53.91 34.28 38.86 45.25 61.69 44.88 43.63 27.5 27.5 44.45 55.98 33.6 
11.98 57.27 11.03 0 42.71 24.36 11.58 18.48 30.49 12.33 8.65 13.46 17.66 33.56 33.56 64.09 71.28 51.42 
11.98 57.27 11.03 0 42.71 24.36 11.58 18.48 30.49 12.33 8.65 13.46 17.66 33.56 33.56 64.09 71.28 51.42 
42.11 88.23 42.3 41.61 0 53.06 37.86 57.16 53.15 44.92 32.37 39.01 49.51 76.51 76.51 40.32 33.48 52.2 
1.89 46.62 0 10.66 46.19 11.51 8.34 8.2 18.02 1.69 13.53 3.27 3.04 24.24 24.24 49.98 57.5 36.97 
11.98 57.27 11.03 0 42.71 24.36 11.58 18.48 30.49 12.33 8.65 13.46 17.66 33.56 33.56 64.09 71.28 51.42 
42.11 88.23 42.3 41.61 0 53.06 37.86 57.16 53.15 44.92 32.37 39.01 49.51 76.51 76.51 40.32 33.48 52.2 
13.96 34.85 11.93 22.78 58.18 0 19.32 13.29 4.68 10.84 25.49 10.64 15.03 16.54 16.54 37.21 43.38 25.96 
13.96 34.85 11.93 22.78 58.18 0 19.32 13.29 4.68 10.84 25.49 10.64 15.03 16.54 16.54 37.21 43.38 25.96 
6.3 55.38 6.47 10.78 39.36 16.56 0 18.14 22.93 8.13 7.69 4.39 12.34 34.62 34.62 53.38 58.02 42.02 
6.3 55.38 6.47 10.78 39.36 16.56 0 18.14 22.93 8.13 7.69 4.39 12.34 34.62 34.62 53.38 58.02 42.02 
42.11 88.23 42.3 41.61 0 53.06 37.86 57.16 53.15 44.92 32.37 39.01 49.51 76.51 76.51 40.32 33.48 52.2 
13.96 34.85 11.93 22.78 58.18 0 19.32 13.29 4.68 10.84 25.49 10.64 15.03 16.54 16.54 37.21 43.38 25.96 
15.03 39.46 11.46 24.27 62.08 18.56 22.32 0 23.81 9.5 29.1 14.59 8 13.51 13.51 57.46 63.32 44.44 
15.03 39.46 11.46 24.27 62.08 18.56 22.32 0 23.81 9.5 29.1 14.59 8 13.51 13.51 57.46 63.32 44.44 
16.22 35.34 14.21 24.96 58.09 0.9 21.54 15.57 0 13.14 27.66 12.94 17.29 18.78 18.78 35.4 43.33 24.05 
16.22 35.34 14.21 24.96 58.09 0.9 21.54 15.57 0 13.14 27.66 12.94 17.29 18.78 18.78 35.4 43.33 24.05 
6.3 55.38 6.47 10.78 39.36 16.56 0 18.14 22.93 8.13 7.69 4.39 12.34 34.62 34.62 53.38 58.02 42.02 
15.03 39.46 11.46 24.27 62.08 18.56 22.32 0 23.81 9.5 29.1 14.59 8 13.51 13.51 57.46 63.32 44.44 
3.53 45.43 1.66 13.47 47.43 10.93 9.11 6.97 17.46 0 15.99 3.2 2.36 23.09 23.09 49.31 56.85 36.44 
10.63 60.43 10.8 4.02 34.65 20.57 4.09 21.54 26.83 12.14 0 9.43 16.31 38.54 38.54 60.65 67.97 47.73 
3.53 45.43 1.66 13.47 47.43 10.93 9.11 6.97 17.46 0 15.99 3.2 2.36 23.09 23.09 49.31 56.85 36.44 
10.63 60.43 10.8 4.02 34.65 20.57 4.09 21.54 26.83 12.14 0 9.43 16.31 38.54 38.54 60.65 67.97 47.73 
16.22 35.34 14.21 24.96 58.09 0.9 21.54 15.57 0 13.14 27.66 12.94 17.29 18.78 18.78 35.4 43.33 24.05 
3.53 45.43 1.66 13.47 47.43 10.93 9.11 6.97 17.46 0 15.99 3.2 2.36 23.09 23.09 49.31 56.85 36.44 
4.17 48.83 3.58 11.81 43.35 10.44 5.26 12.06 16.98 3.65 14.81 0 5.37 29.17 29.17 48.84 56.39 36.01 
3.65 43.65 1.8 13 48.65 11.98 10.16 5.36 18.48 1.57 17.03 3.28 0 21.58 21.58 50.56 58.07 37.42 
4.17 48.83 3.58 11.81 43.35 10.44 5.26 12.06 16.98 3.65 14.81 0 5.37 29.17 29.17 48.84 56.39 36.01 
3.65 43.65 1.8 13 48.65 11.98 10.16 5.36 18.48 1.57 17.03 3.28 0 21.58 21.58 50.56 58.07 37.42 
10.63 60.43 10.8 4.02 34.65 20.57 4.09 21.54 26.83 12.14 0 9.43 16.31 38.54 38.54 60.65 67.97 47.73 
4.17 48.83 3.58 11.81 43.35 10.44 5.26 12.06 16.98 3.65 14.81 0 5.37 29.17 29.17 48.84 56.39 36.01 
23.76 30.69 20.34 31.81 69.49 9.91 30.4 6.94 15.37 18.46 36.42 22.14 16.98 0 0 48.82 54.83 35.9 
23.76 30.69 20.34 31.81 69.49 9.91 30.4 6.94 15.37 18.46 36.42 22.14 16.98 0 0 48.82 54.83 35.9 
23.76 30.69 20.34 31.81 69.49 9.91 30.4 6.94 15.37 18.46 36.42 22.14 16.98 0 0 48.82 54.83 35.9 
23.76 30.69 20.34 31.81 69.49 9.91 30.4 6.94 15.37 18.46 36.42 22.14 16.98 0 0 48.82 54.83 35.9 
3.65 43.65 1.8 13 48.65 11.98 10.16 5.36 18.48 1.57 17.03 3.28 0 21.58 21.58 50.56 58.07 37.42 
23.76 30.69 20.34 31.81 69.49 9.91 30.4 6.94 15.37 18.46 36.42 22.14 16.98 0 0 48.82 54.83 35.9 
50.77 45.05 48.79 62.35 43.47 32.12 51.9 50.5 32.57 47.69 55.57 47.31 52.28 42.3 42.3 0 13.95 11.28 
57.01 57.23 55.08 68.33 33.27 35.68 56.14 57.09 36.09 54.02 59.84 53.64 58.5 48.06 48.06 10.61 0 21.98 
50.77 45.05 48.79 62.35 43.47 32.12 51.9 50.5 32.57 47.69 55.57 47.31 52.28 42.3 42.3 0 13.95 11.28 
57.01 57.23 55.08 68.33 33.27 35.68 56.14 57.09 36.09 54.02 59.84 53.64 58.5 48.06 48.06 10.61 0 21.98 
23.76 30.69 20.34 31.81 69.49 9.91 30.4 6.94 15.37 18.46 36.42 22.14 16.98 0 0 48.82 54.83 35.9 
46.81 43.15 44.8 59.55 47.28 27.02 45.99 46.8 27.5 43.69 49.65 43.31 48.3 38.09 38.09 6.56 16.34 0 
46.81 43.15 44.8 59.55 47.28 27.02 45.99 46.8 27.5 43.69 49.65 43.31 48.3 38.09 38.09 6.56 16.34 0 
50.77 45.05 48.79 62.35 43.47 32.12 51.9 50.5 32.57 47.69 55.57 47.31 52.28 42.3 42.3 0 13.95 11.28 
57.01 57.23 55.08 68.33 33.27 35.68 56.14 57.09 36.09 54.02 59.84 53.64 58.5 48.06 48.06 10.61 0 21.98 
46.81 43.15 44.8 59.55 47.28 27.02 45.99 46.8 27.5 43.69 49.65 43.31 48.3 38.09 38.09 6.56 16.34 0 
Dimension>35
Dimension>35
Bandera>13
Bandera>13
Fitness Greedy Costo>323
Solucion Greedy Costo>2 9 12 11 0 6 10 3 0 7 13 14 5 0 8 18 17 15 0 4 16 0 1 0 0 0 0 0 0 0 0 0 0 0 0 
Linea Vacia>
Fitness Greedy Costo>323
Solucion Greedy Costo>2 9 12 11 0 6 10 3 0 7 13 14 5 0 8 18 17 15 0 4 16 0 1 0 0 0 0 0 0 0 0 0 0 0 0 
Linea Vacia>
Matriz de Costos>
0 50.13 1.81 10.62 46.09 15.01 8.3 11.76 21.42 3.48 14.02 5 4.76 27.53 27.53 53.47 60.88 40.38 
Dimension>35
48.35 0 46.35 59.85 87.9 34.01 53.91 34.28 38.86 45.25 61.69 44.88 43.63 27.5 27.5 44.45 55.98 33.6 
1.89 46.62 0 10.66 46.19 11.51 8.34 8.2 18.02 1.69 13.53 3.27 3.04 24.24 24.24 49.98 57.5 36.97 
Bandera>13
Fitness Greedy Costo>323
11.98 57.27 11.03 0 42.71 24.36 11.58 18.48 30.49 12.33 8.65 13.46 17.66 33.56 33.56 64.09 71.28 51.42 
42.11 88.23 42.3 41.61 0 53.06 37.86 57.16 53.15 44.92 32.37 39.01 49.51 76.51 76.51 40.32 33.48 52.2 
13.96 34.85 11.93 22.78 58.18 0 19.32 13.29 4.68 10.84 25.49 10.64 15.03 16.54 16.54 37.21 43.38 25.96 
Solucion Greedy Costo>2 9 12 11 0 6 10 3 0 7 13 14 5 0 8 18 17 15 0 4 16 0 1 0 0 0 0 0 0 0 0 0 0 0 0 
Linea Vacia>
6.3 55.38 6.47 10.78 39.36 16.56 0 18.14 22.93 8.13 7.69 4.39 12.34 34.62 34.62 53.38 58.02 42.02 
15.03 39.46 11.46 24.27 62.08 18.56 22.32 0 23.81 9.5 29.1 14.59 8 13.51 13.51 57.46 63.32 44.44 
Matriz de Costos>
0 50.13 1.81 10.62 46.09 15.01 8.3 11.76 21.42 3.48 14.02 5 4.76 27.53 27.53 53.47 60.88 40.38 
16.22 35.34 14.21 24.96 58.09 0.9 21.54 15.57 0 13.14 27.66 12.94 17.29 18.78 18.78 35.4 43.33 24.05 
3.53 45.43 1.66 13.47 47.43 10.93 9.11 6.97 17.46 0 15.99 3.2 2.36 23.09 23.09 49.31 56.85 36.44 
10.63 60.43 10.8 4.02 34.65 20.57 4.09 21.54 26.83 12.14 0 9.43 16.31 38.54 38.54 60.65 67.97 47.73 
48.35 0 46.35 59.85 87.9 34.01 53.91 34.28 38.86 45.25 61.69 44.88 43.63 27.5 27.5 44.45 55.98 33.6 
4.17 48.83 3.58 11.81 43.35 10.44 5.26 12.06 16.98 3.65 14.81 0 5.37 29.17 29.17 48.84 56.39 36.01 
3.65 43.65 1.8 13 48.65 11.98 10.16 5.36 18.48 1.57 17.03 3.28 0 21.58 21.58 50.56 58.07 37.42 
1.89 46.62 0 10.66 46.19 11.51 8.34 8.2 18.02 1.69 13.53 3.27 3.04 24.24 24.24 49.98 57.5 36.97 
23.76 30.69 20.34 31.81 69.49 9.91 30.4 6.94 15.37 18.46 36.42 22.14 16.98 0 0 48.82 54.83 35.9 
11.98 57.27 11.03 0 42.71 24.36 11.58 18.48 30.49 12.33 8.65 13.46 17.66 33.56 33.56 64.09 71.28 51.42 
23.76 30.69 20.34 31.81 69.49 9.91 30.4 6.94 15.37 18.46 36.42 22.14 16.98 0 0 48.82 54.83 35.9 
50.77 45.05 48.79 62.35 43.47 32.12 51.9 50.5 32.57 47.69 55.57 47.31 52.28 42.3 42.3 0 13.95 11.28 
42.11 88.23 42.3 41.61 0 53.06 37.86 57.16 53.15 44.92 32.37 39.01 49.51 76.51 76.51 40.32 33.48 52.2 
57.01 57.23 55.08 68.33 33.27 35.68 56.14 57.09 36.09 54.02 59.84 53.64 58.5 48.06 48.06 10.61 0 21.98 
46.81 43.15 44.8 59.55 47.28 27.02 45.99 46.8 27.5 43.69 49.65 43.31 48.3 38.09 38.09 6.56 16.34 0 
13.96 34.85 11.93 22.78 58.18 0 19.32 13.29 4.68 10.84 25.49 10.64 15.03 16.54 16.54 37.21 43.38 25.96 
Matriz de Costos>
0 50.13 1.81 10.62 46.09 15.01 8.3 11.76 21.42 3.48 14.02 5 4.76 27.53 27.53 53.47 60.88 40.38 
48.35 0 46.35 59.85 87.9 34.01 53.91 34.28 38.86 45.25 61.69 44.88 43.63 27.5 27.5 44.45 55.98 33.6 
1.89 46.62 0 10.66 46.19 11.51 8.34 8.2 18.02 1.69 13.53 3.27 3.04 24.24 24.24 49.98 57.5 36.97 
6.3 55.38 6.47 10.78 39.36 16.56 0 18.14 22.93 8.13 7.69 4.39 12.34 34.62 34.62 53.38 58.02 42.02 
15.03 39.46 11.46 24.27 62.08 18.56 22.32 0 23.81 9.5 29.1 14.59 8 13.51 13.51 57.46 63.32 44.44 
16.22 35.34 14.21 24.96 58.09 0.9 21.54 15.57 0 13.14 27.66 12.94 17.29 18.78 18.78 35.4 43.33 24.05 
3.53 45.43 1.66 13.47 47.43 10.93 9.11 6.97 17.46 0 15.99 3.2 2.36 23.09 23.09 49.31 56.85 36.44 
10.63 60.43 10.8 4.02 34.65 20.57 4.09 21.54 26.83 12.14 0 9.43 16.31 38.54 38.54 60.65 67.97 47.73 
11.98 57.27 11.03 0 42.71 24.36 11.58 18.48 30.49 12.33 8.65 13.46 17.66 33.56 33.56 64.09 71.28 51.42 
42.11 88.23 42.3 41.61 0 53.06 37.86 57.16 53.15 44.92 32.37 39.01 49.51 76.51 76.51 40.32 33.48 52.2 
4.17 48.83 3.58 11.81 43.35 10.44 5.26 12.06 16.98 3.65 14.81 0 5.37 29.17 29.17 48.84 56.39 36.01 
3.65 43.65 1.8 13 48.65 11.98 10.16 5.36 18.48 1.57 17.03 3.28 0 21.58 21.58 50.56 58.07 37.42 
13.96 34.85 11.93 22.78 58.18 0 19.32 13.29 4.68 10.84 25.49 10.64 15.03 16.54 16.54 37.21 43.38 25.96 
6.3 55.38 6.47 10.78 39.36 16.56 0 18.14 22.93 8.13 7.69 4.39 12.34 34.62 34.62 53.38 58.02 42.02 
23.76 30.69 20.34 31.81 69.49 9.91 30.4 6.94 15.37 18.46 36.42 22.14 16.98 0 0 48.82 54.83 35.9 
23.76 30.69 20.34 31.81 69.49 9.91 30.4 6.94 15.37 18.46 36.42 22.14 16.98 0 0 48.82 54.83 35.9 
15.03 39.46 11.46 24.27 62.08 18.56 22.32 0 23.81 9.5 29.1 14.59 8 13.51 13.51 57.46 63.32 44.44 
16.22 35.34 14.21 24.96 58.09 0.9 21.54 15.57 0 13.14 27.66 12.94 17.29 18.78 18.78 35.4 43.33 24.05 
50.77 45.05 48.79 62.35 43.47 32.12 51.9 50.5 32.57 47.69 55.57 47.31 52.28 42.3 42.3 0 13.95 11.28 
57.01 57.23 55.08 68.33 33.27 35.68 56.14 57.09 36.09 54.02 59.84 53.64 58.5 48.06 48.06 10.61 0 21.98 
46.81 43.15 44.8 59.55 47.28 27.02 45.99 46.8 27.5 43.69 49.65 43.31 48.3 38.09 38.09 6.56 16.34 0 
3.53 45.43 1.66 13.47 47.43 10.93 9.11 6.97 17.46 0 15.99 3.2 2.36 23.09 23.09 49.31 56.85 36.44 
10.63 60.43 10.8 4.02 34.65 20.57 4.09 21.54 26.83 12.14 0 9.43 16.31 38.54 38.54 60.65 67.97 47.73 
4.17 48.83 3.58 11.81 43.35 10.44 5.26 12.06 16.98 3.65 14.81 0 5.37 29.17 29.17 48.84 56.39 36.01 
3.65 43.65 1.8 13 48.65 11.98 10.16 5.36 18.48 1.57 17.03 3.28 0 21.58 21.58 50.56 58.07 37.42 
23.76 30.69 20.34 31.81 69.49 9.91 30.4 6.94 15.37 18.46 36.42 22.14 16.98 0 0 48.82 54.83 35.9 
23.76 30.69 20.34 31.81 69.49 9.91 30.4 6.94 15.37 18.46 36.42 22.14 16.98 0 0 48.82 54.83 35.9 
50.77 45.05 48.79 62.35 43.47 32.12 51.9 50.5 32.57 47.69 55.57 47.31 52.28 42.3 42.3 0 13.95 11.28 
57.01 57.23 55.08 68.33 33.27 35.68 56.14 57.09 36.09 54.02 59.84 53.64 58.5 48.06 48.06 10.61 0 21.98 
46.81 43.15 44.8 59.55 47.28 27.02 45.99 46.8 27.5 43.69 49.65 43.31 48.3 38.09 38.09 6.56 16.34 0 
Dimension>35
Bandera>13
Fitness Greedy Costo>323
Solucion Greedy Costo>2 9 12 11 0 6 10 3 0 7 13 14 5 0 8 18 17 15 0 4 16 0 1 0 0 0 0 0 0 0 0 0 0 0 0 
Linea Vacia>
Dimension>35
Bandera>13
Fitness Greedy Costo>323
Solucion Greedy Costo>2 9 12 11 0 6 10 3 0 7 13 14 5 0 8 18 17 15 0 4 16 0 1 0 0 0 0 0 0 0 0 0 0 0 0 
Linea Vacia>
Matriz de Costos>
Dimension>35
0 50.13 1.81 10.62 46.09 15.01 8.3 11.76 21.42 3.48 14.02 5 4.76 27.53 27.53 53.47 60.88 40.38 
48.35 0 46.35 59.85 87.9 34.01 53.91 34.28 38.86 45.25 61.69 44.88 43.63 27.5 27.5 44.45 55.98 33.6 
1.89 46.62 0 10.66 46.19 11.51 8.34 8.2 18.02 1.69 13.53 3.27 3.04 24.24 24.24 49.98 57.5 36.97 
Bandera>13
Fitness Greedy Costo>323
11.98 57.27 11.03 0 42.71 24.36 11.58 18.48 30.49 12.33 8.65 13.46 17.66 33.56 33.56 64.09 71.28 51.42 
42.11 88.23 42.3 41.61 0 53.06 37.86 57.16 53.15 44.92 32.37 39.01 49.51 76.51 76.51 40.32 33.48 52.2 
Solucion Greedy Costo>2 9 12 11 0 6 10 3 0 7 13 14 5 0 8 18 17 15 0 4 16 0 1 0 0 0 0 0 0 0 0 0 0 0 0 
Linea Vacia>
13.96 34.85 11.93 22.78 58.18 0 19.32 13.29 4.68 10.84 25.49 10.64 15.03 16.54 16.54 37.21 43.38 25.96 
6.3 55.38 6.47 10.78 39.36 16.56 0 18.14 22.93 8.13 7.69 4.39 12.34 34.62 34.62 53.38 58.02 42.02 
Matriz de Costos>
15.03 39.46 11.46 24.27 62.08 18.56 22.32 0 23.81 9.5 29.1 14.59 8 13.51 13.51 57.46 63.32 44.44 
16.22 35.34 14.21 24.96 58.09 0.9 21.54 15.57 0 13.14 27.66 12.94 17.29 18.78 18.78 35.4 43.33 24.05 
0 50.13 1.81 10.62 46.09 15.01 8.3 11.76 21.42 3.48 14.02 5 4.76 27.53 27.53 53.47 60.88 40.38 
3.53 45.43 1.66 13.47 47.43 10.93 9.11 6.97 17.46 0 15.99 3.2 2.36 23.09 23.09 49.31 56.85 36.44 
48.35 0 46.35 59.85 87.9 34.01 53.91 34.28 38.86 45.25 61.69 44.88 43.63 27.5 27.5 44.45 55.98 33.6 
10.63 60.43 10.8 4.02 34.65 20.57 4.09 21.54 26.83 12.14 0 9.43 16.31 38.54 38.54 60.65 67.97 47.73 
1.89 46.62 0 10.66 46.19 11.51 8.34 8.2 18.02 1.69 13.53 3.27 3.04 24.24 24.24 49.98 57.5 36.97 
4.17 48.83 3.58 11.81 43.35 10.44 5.26 12.06 16.98 3.65 14.81 0 5.37 29.17 29.17 48.84 56.39 36.01 
3.65 43.65 1.8 13 48.65 11.98 10.16 5.36 18.48 1.57 17.03 3.28 0 21.58 21.58 50.56 58.07 37.42 
11.98 57.27 11.03 0 42.71 24.36 11.58 18.48 30.49 12.33 8.65 13.46 17.66 33.56 33.56 64.09 71.28 51.42 
23.76 30.69 20.34 31.81 69.49 9.91 30.4 6.94 15.37 18.46 36.42 22.14 16.98 0 0 48.82 54.83 35.9 
42.11 88.23 42.3 41.61 0 53.06 37.86 57.16 53.15 44.92 32.37 39.01 49.51 76.51 76.51 40.32 33.48 52.2 
23.76 30.69 20.34 31.81 69.49 9.91 30.4 6.94 15.37 18.46 36.42 22.14 16.98 0 0 48.82 54.83 35.9 
50.77 45.05 48.79 62.35 43.47 32.12 51.9 50.5 32.57 47.69 55.57 47.31 52.28 42.3 42.3 0 13.95 11.28 
Matriz de Costos>
13.96 34.85 11.93 22.78 58.18 0 19.32 13.29 4.68 10.84 25.49 10.64 15.03 16.54 16.54 37.21 43.38 25.96 
0 50.13 1.81 10.62 46.09 15.01 8.3 11.76 21.42 3.48 14.02 5 4.76 27.53 27.53 53.47 60.88 40.38 
6.3 55.38 6.47 10.78 39.36 16.56 0 18.14 22.93 8.13 7.69 4.39 12.34 34.62 34.62 53.38 58.02 42.02 
57.01 57.23 55.08 68.33 33.27 35.68 56.14 57.09 36.09 54.02 59.84 53.64 58.5 48.06 48.06 10.61 0 21.98 
46.81 43.15 44.8 59.55 47.28 27.02 45.99 46.8 27.5 43.69 49.65 43.31 48.3 38.09 38.09 6.56 16.34 0 
48.35 0 46.35 59.85 87.9 34.01 53.91 34.28 38.86 45.25 61.69 44.88 43.63 27.5 27.5 44.45 55.98 33.6 
15.03 39.46 11.46 24.27 62.08 18.56 22.32 0 23.81 9.5 29.1 14.59 8 13.51 13.51 57.46 63.32 44.44 
1.89 46.62 0 10.66 46.19 11.51 8.34 8.2 18.02 1.69 13.53 3.27 3.04 24.24 24.24 49.98 57.5 36.97 
16.22 35.34 14.21 24.96 58.09 0.9 21.54 15.57 0 13.14 27.66 12.94 17.29 18.78 18.78 35.4 43.33 24.05 
11.98 57.27 11.03 0 42.71 24.36 11.58 18.48 30.49 12.33 8.65 13.46 17.66 33.56 33.56 64.09 71.28 51.42 
3.53 45.43 1.66 13.47 47.43 10.93 9.11 6.97 17.46 0 15.99 3.2 2.36 23.09 23.09 49.31 56.85 36.44 
42.11 88.23 42.3 41.61 0 53.06 37.86 57.16 53.15 44.92 32.37 39.01 49.51 76.51 76.51 40.32 33.48 52.2 
10.63 60.43 10.8 4.02 34.65 20.57 4.09 21.54 26.83 12.14 0 9.43 16.31 38.54 38.54 60.65 67.97 47.73 
4.17 48.83 3.58 11.81 43.35 10.44 5.26 12.06 16.98 3.65 14.81 0 5.37 29.17 29.17 48.84 56.39 36.01 
13.96 34.85 11.93 22.78 58.18 0 19.32 13.29 4.68 10.84 25.49 10.64 15.03 16.54 16.54 37.21 43.38 25.96 
3.65 43.65 1.8 13 48.65 11.98 10.16 5.36 18.48 1.57 17.03 3.28 0 21.58 21.58 50.56 58.07 37.42 
6.3 55.38 6.47 10.78 39.36 16.56 0 18.14 22.93 8.13 7.69 4.39 12.34 34.62 34.62 53.38 58.02 42.02 
15.03 39.46 11.46 24.27 62.08 18.56 22.32 0 23.81 9.5 29.1 14.59 8 13.51 13.51 57.46 63.32 44.44 
23.76 30.69 20.34 31.81 69.49 9.91 30.4 6.94 15.37 18.46 36.42 22.14 16.98 0 0 48.82 54.83 35.9 
23.76 30.69 20.34 31.81 69.49 9.91 30.4 6.94 15.37 18.46 36.42 22.14 16.98 0 0 48.82 54.83 35.9 
16.22 35.34 14.21 24.96 58.09 0.9 21.54 15.57 0 13.14 27.66 12.94 17.29 18.78 18.78 35.4 43.33 24.05 
50.77 45.05 48.79 62.35 43.47 32.12 51.9 50.5 32.57 47.69 55.57 47.31 52.28 42.3 42.3 0 13.95 11.28 
3.53 45.43 1.66 13.47 47.43 10.93 9.11 6.97 17.46 0 15.99 3.2 2.36 23.09 23.09 49.31 56.85 36.44 
10.63 60.43 10.8 4.02 34.65 20.57 4.09 21.54 26.83 12.14 0 9.43 16.31 38.54 38.54 60.65 67.97 47.73 
57.01 57.23 55.08 68.33 33.27 35.68 56.14 57.09 36.09 54.02 59.84 53.64 58.5 48.06 48.06 10.61 0 21.98 
46.81 43.15 44.8 59.55 47.28 27.02 45.99 46.8 27.5 43.69 49.65 43.31 48.3 38.09 38.09 6.56 16.34 0 
4.17 48.83 3.58 11.81 43.35 10.44 5.26 12.06 16.98 3.65 14.81 0 5.37 29.17 29.17 48.84 56.39 36.01 
3.65 43.65 1.8 13 48.65 11.98 10.16 5.36 18.48 1.57 17.03 3.28 0 21.58 21.58 50.56 58.07 37.42 
23.76 30.69 20.34 31.81 69.49 9.91 30.4 6.94 15.37 18.46 36.42 22.14 16.98 0 0 48.82 54.83 35.9 
23.76 30.69 20.34 31.81 69.49 9.91 30.4 6.94 15.37 18.46 36.42 22.14 16.98 0 0 48.82 54.83 35.9 
50.77 45.05 48.79 62.35 43.47 32.12 51.9 50.5 32.57 47.69 55.57 47.31 52.28 42.3 42.3 0 13.95 11.28 
57.01 57.23 55.08 68.33 33.27 35.68 56.14 57.09 36.09 54.02 59.84 53.64 58.5 48.06 48.06 10.61 0 21.98 
46.81 43.15 44.8 59.55 47.28 27.02 45.99 46.8 27.5 43.69 49.65 43.31 48.3 38.09 38.09 6.56 16.34 0 
GEN 0 531.220000
GEN 0 536.970000
GEN 0 572.090000
GEN 0 544.780000
GEN 0 517.660000
GEN 0 525.080000
GEN 0 543.840000
GEN 0 556.550000
GEN 0 590.330000
GEN 0 545.790000
GEN 0 511.820000
GEN 0 541.750000
TIEMPO 0 507.470000
GEN 0 532.980000
TIEMPO 0 536.970000
GEN 0 485.500000
GEN 0 572.170000
GEN 0 475.300000
TIEMPO 0 532.600000
TIEMPO 0 544.780000
GEN 0 559.650000
TIEMPO 0 525.080000
TIEMPO 0 532.980000
TIEMPO 0 556.550000
TIEMPO 0 590.330000
TIEMPO 0 502.810000
TIEMPO 0 543.840000
TIEMPO 0 563.060000
TIEMPO 0 559.650000
TIEMPO 0 511.820000
TIEMPO 0 486.610000
TIEMPO 0 485.500000
TIEMPO 0 475.300000
GEN 0 555.390000
TIEMPO 0 531.220000
TIEMPO 0 532.350000
GEN 0 513.650000
TIEMPO 0 513.650000
GREEDY 0 0.012648
GREEDY 0 0.017669
GREEDY 0 0.018492
GREEDY 0 0.019213
GREEDY 0 0.019575
GEN 0 527.800000
GEN 0 521.310000
GEN 0 585.390000
TIEMPO 0 527.800000
TIEMPO 0 521.310000
TIEMPO 0 585.390000
GREEDY 0 0.002502
GREEDY 5 0.023410
GREEDY 5 0.004325
GREEDY 5 0.026297
GEN 0 544.270000
GEN 0 505.090000
TIEMPO 0 544.270000
TIEMPO 0 505.090000
GREEDY 0 0.033382
GREEDY 5 0.035971
GREEDY 0 0.036973
GREEDY 5 0.037700
GREEDY 5 0.039580
GREEDY 0 0.042401
GREEDY 0 0.042817
GREEDY 10 0.044802
GREEDY 0 0.025390
GREEDY 10 0.048015
GREEDY 15 0.048132
GREEDY 0 0.019390
GREEDY 5 0.050132
GREEDY 0 0.050447
GREEDY 0 0.052573
GREEDY 0 0.055583
GREEDY 5 0.056319
GREEDY 10 0.061084
GREEDY 10 0.062504
GREEDY 0 0.065133
GREEDY 10 0.048337
GREEDY 15 0.069081
GREEDY 10 0.069673
GREEDY 0 0.074914
GREEDY 5 0.059944
GREEDY 5 0.080378
GREEDY 0 0.065762
GREEDY 5 0.092169
GREEDY 5 0.099654
GREEDY 5 0.069972
GREEDY 5 0.105442
GREEDY 0 0.097089
GREEDY 10 0.091389
GREEDY 5 0.112433
GREEDY 0 0.118708
GREEDY 15 0.102221
GREEDY 5 0.136064
GREEDY 0 0.138441
GREEDY 5 0.121678
GREEDY 10 0.158484
GREEDY 15 0.158583
GREEDY 5 0.159984
GREEDY 15 0.148908
GEN 2500 266.880000
GEN 2500 298.370000
GEN 2500 270.600000
GEN 2500 294.740000
GEN 2500 271.140000
GEN 2500 330.810000
GEN 2500 313.540000
GEN 2500 305.930000
GEN 2500 275.590000
GEN 2500 292.010000
GEN 2500 290.970000
GREEDY 10 0.219855
GREEDY 15 0.219978
GREEDY 0 0.190331
GEN 2500 322.040000
GEN 2500 300.830000
GEN 2500 271.530000
GEN 2500 270.200000
GREEDY 5 0.216316
GREEDY 15 0.270808
GEN 2500 299.230000
GEN 2500 270.920000
GEN 2500 322.000000
GREEDY 10 0.274353
GEN 2500 323.720000
GEN 2500 299.540000
GREEDY 10 0.317406
GREEDY 0 0.320152
GEN 2500 269.160000
GEN 2500 292.640000
GEN 2500 289.440000
GEN 5000 266.880000
GEN 5000 266.880000
GEN 5000 292.010000
GEN 5000 281.900000
GEN 5000 294.740000
GEN 5000 266.940000
GEN 2500 282.640000
GEN 5000 322.480000
GEN 5000 313.530000
GEN 5000 305.930000
GEN 5000 290.970000
GEN 5000 300.830000
GEN 5000 322.040000
GEN 5000 271.530000
GEN 5000 269.640000
GREEDY 0 0.455946
GEN 5000 299.230000
GEN 5000 269.160000
GEN 5000 321.940000
GEN 5000 275.590000
GEN 5000 308.390000
GEN 5000 299.540000
GEN 5000 269.160000
GEN 7500 266.880000
GEN 7500 292.010000
GREEDY 10 0.532285
GREEDY 5 0.563152
GEN 5000 287.730000
GEN 7500 294.740000
GEN 7500 266.880000
GEN 7500 266.940000
GREEDY 10 0.580908
GEN 7500 281.900000
GEN 7500 322.370000
GEN 7500 313.530000
GREEDY 10 0.621683
GREEDY 15 0.621786
GEN 7500 305.930000
GEN 7500 290.970000
GEN 7500 289.660000
GEN 7500 322.040000
GEN 5000 292.640000
GEN 7500 271.530000
GEN 7500 269.640000
GEN 7500 287.550000
GREEDY 5 0.693319
GEN 7500 269.160000
GEN 7500 321.940000
GEN 10000 266.880000
TIEMPO 0.703619 266.880000
GEN 10000 270.150000
TIEMPO 0.736579 270.150000
GEN 7500 299.540000
GEN 5000 275.070000
GEN 10000 294.740000
TIEMPO 0.752899 294.740000
GEN 7500 269.160000
GEN 10000 266.940000
TIEMPO 0.767018 266.940000
GEN 7500 287.730000
GEN 10000 266.880000
TIEMPO 0.758027 266.880000
GEN 10000 281.900000
TIEMPO 0.786594 281.900000
GEN 7500 275.590000
GEN 7500 300.510000
GEN 10000 304.530000
TIEMPO 0.819194 304.530000
GEN 10000 305.930000
TIEMPO 0.837101 305.930000
GEN 10000 289.660000
TIEMPO 0.809363 289.660000
GEN 10000 290.970000
TIEMPO 0.846562 290.970000
GEN 10000 322.040000
TIEMPO 0.841732 322.040000
GEN 10000 287.550000
TIEMPO 0.866465 287.550000
GEN 10000 271.530000
TIEMPO 0.868298 271.530000
GEN 10000 269.640000
TIEMPO 0.871946 269.640000
GEN 10000 313.530000
TIEMPO 0.877926 313.530000
GEN 10000 269.160000
TIEMPO 0.906403 269.160000
GEN 7500 292.640000
GEN 10000 321.940000
TIEMPO 0.927036 321.940000
GREEDY 15 0.942438
GEN 7500 271.530000
GEN 10000 299.540000
TIEMPO 0.953488 299.540000
GEN 10000 269.160000
TIEMPO 0.968746 269.160000
GEN 10000 287.730000
TIEMPO 0.951177 287.730000
TIEMPO 1 271.530000
TIEMPO 1 275.590000
TIEMPO 1 300.510000
GEN 10000 275.590000
TIEMPO 1.008394 275.590000
GEN 10000 300.510000
TIEMPO 1.008606 300.510000
TIEMPO 1 292.640000
GEN 10000 271.530000
TIEMPO 1.121587 271.530000
GEN 10000 292.640000
TIEMPO 1.115992 292.640000

 Current State ---------------------------------------------
Solution:  0 3 10 4 0 18 17 15 16 0 2 5 8 0 7 14 13 1 0 9 12 11 6 0 0 0 0 0 0 0 0 0 0 0 0 Fitness: 266.88

 :( ---------------------- THE END --------------- :) 
