Dimension>17
Bandera>13
Fitness Greedy Costo>169.71
Solucion Greedy Costo>2 8 7 5 0 3 6 4 0 9 1 0 0 0 0 0 0 
Linea Vacia>
Matriz de Costos>
0 50.13 1.81 10.62 46.09 15.01 14.02 5 4.76 
48.35 0 46.35 59.85 87.9 34.01 61.69 44.88 43.63 
1.89 46.62 0 10.66 46.19 11.51 13.53 3.27 3.04 
12.62 57.27 11.7 0 42.71 24.36 8.65 12.08 17.66 
42.11 88.23 42.3 41.61 0 53.06 32.37 39.01 49.51 
13.96 34.85 11.93 22.78 58.18 0 25.49 10.64 15.03 
10.63 60.43 10.8 4.02 34.65 20.57 0 9.43 16.31 
4.17 48.83 3.58 11.81 43.35 10.44 14.81 0 5.37 
3.65 43.65 1.8 13 48.65 11.98 17.03 3.28 0 
Dimension>17
Bandera>13
Fitness Greedy Costo>169.71
Solucion Greedy Costo>2 8 7 5 0 3 6 4 0 9 1 0 0 0 0 0 0 
Linea Vacia>
Matriz de Costos>
0 50.13 1.81 10.62 46.09 15.01 14.02 5 4.76 
48.35 0 46.35 59.85 87.9 34.01 61.69 44.88 43.63 
1.89 46.62 0 10.66 46.19 11.51 13.53 3.27 3.04 
12.62 57.27 11.7 0 42.71 24.36 8.65 12.08 17.66 
42.11 88.23 42.3 41.61 0 53.06 32.37 39.01 49.51 
13.96 34.85 11.93 22.78 58.18 0 25.49 10.64 15.03 
10.63 60.43 10.8 4.02 34.65 20.57 0 9.43 16.31 
4.17 48.83 3.58 11.81 43.35 10.44 14.81 0 5.37 
3.65 43.65 1.8 13 48.65 11.98 17.03 3.28 0 
Dimension>17
Bandera>13
Fitness Greedy Costo>169.71
Solucion Greedy Costo>2 8 7 5 0 3 6 4 0 9 1 0 0 0 0 0 0 
Linea Vacia>
Matriz de Costos>
0 50.13 1.81 10.62 46.09 15.01 14.02 5 4.76 
48.35 0 46.35 59.85 87.9 34.01 61.69 44.88 43.63 
1.89 46.62 0 10.66 46.19 11.51 13.53 3.27 3.04 
12.62 57.27 11.7 0 42.71 24.36 8.65 12.08 17.66 
42.11 88.23 42.3 41.61 0 53.06 32.37 39.01 49.51 
13.96 34.85 11.93 22.78 58.18 0 25.49 10.64 15.03 
10.63 60.43 10.8 4.02 34.65 20.57 0 9.43 16.31 
4.17 48.83 3.58 11.81 43.35 10.44 14.81 0 5.37 
3.65 43.65 1.8 13 48.65 11.98 17.03 3.28 0 
Dimension>17
Bandera>13
Fitness Greedy Costo>169.71
Solucion Greedy Costo>2 8 7 5 0 3 6 4 0 9 1 0 0 0 0 0 0 
Linea Vacia>
Matriz de Costos>
0 50.13 1.81 10.62 46.09 15.01 14.02 5 4.76 
Dimension>17
48.35 0 46.35 59.85 87.9 34.01 61.69 44.88 43.63 
1.89 46.62 0 10.66 46.19 11.51 13.53 3.27 3.04 
Bandera>13
Fitness Greedy Costo>169.71
Solucion Greedy Costo>2 8 7 5 0 3 6 4 0 9 1 0 0 0 0 0 0 
Linea Vacia>
12.62 57.27 11.7 0 42.71 24.36 8.65 12.08 17.66 
42.11 88.23 42.3 41.61 0 53.06 32.37 39.01 49.51 
13.96 34.85 11.93 22.78 58.18 0 25.49 10.64 15.03 
10.63 60.43 10.8 4.02 34.65 20.57 0 9.43 16.31 
Matriz de Costos>
0 50.13 1.81 10.62 46.09 15.01 14.02 5 4.76 
48.35 0 46.35 59.85 87.9 34.01 61.69 44.88 43.63 
4.17 48.83 3.58 11.81 43.35 10.44 14.81 0 5.37 
3.65 43.65 1.8 13 48.65 11.98 17.03 3.28 0 
1.89 46.62 0 10.66 46.19 11.51 13.53 3.27 3.04 
12.62 57.27 11.7 0 42.71 24.36 8.65 12.08 17.66 
Dimension>17
Bandera>13
42.11 88.23 42.3 41.61 0 53.06 32.37 39.01 49.51 
13.96 34.85 11.93 22.78 58.18 0 25.49 10.64 15.03 
10.63 60.43 10.8 4.02 34.65 20.57 0 9.43 16.31 
Fitness Greedy Costo>169.71
Solucion Greedy Costo>2 8 7 5 0 3 6 4 0 9 1 0 0 0 0 0 0 
Linea Vacia>
4.17 48.83 3.58 11.81 43.35 10.44 14.81 0 5.37 
3.65 43.65 1.8 13 48.65 11.98 17.03 3.28 0 
Matriz de Costos>
0 50.13 1.81 10.62 46.09 15.01 14.02 5 4.76 
48.35 0 46.35 59.85 87.9 34.01 61.69 44.88 43.63 
1.89 46.62 0 10.66 46.19 11.51 13.53 3.27 3.04 
12.62 57.27 11.7 0 42.71 24.36 8.65 12.08 17.66 
42.11 88.23 42.3 41.61 0 53.06 32.37 39.01 49.51 
Dimension>17
13.96 34.85 11.93 22.78 58.18 0 25.49 10.64 15.03 
10.63 60.43 10.8 4.02 34.65 20.57 0 9.43 16.31 
4.17 48.83 3.58 11.81 43.35 10.44 14.81 0 5.37 
3.65 43.65 1.8 13 48.65 11.98 17.03 3.28 0 
Bandera>13
Fitness Greedy Costo>169.71
Solucion Greedy Costo>2 8 7 5 0 3 6 4 0 9 1 0 0 0 0 0 0 
Linea Vacia>
Dimension>17
Matriz de Costos>
0 50.13 1.81 10.62 46.09 15.01 14.02 5 4.76 
48.35 0 46.35 59.85 87.9 34.01 61.69 44.88 43.63 
1.89 46.62 0 10.66 46.19 11.51 13.53 3.27 3.04 
12.62 57.27 11.7 0 42.71 24.36 8.65 12.08 17.66 
42.11 88.23 42.3 41.61 0 53.06 32.37 39.01 49.51 
13.96 34.85 11.93 22.78 58.18 0 25.49 10.64 15.03 
10.63 60.43 10.8 4.02 34.65 20.57 0 9.43 16.31 
Bandera>13
Fitness Greedy Costo>169.71
Solucion Greedy Costo>2 8 7 5 0 3 6 4 0 9 1 0 0 0 0 0 0 
Linea Vacia>
4.17 48.83 3.58 11.81 43.35 10.44 14.81 0 5.37 
3.65 43.65 1.8 13 48.65 11.98 17.03 3.28 0 
Matriz de Costos>
0 50.13 1.81 10.62 46.09 15.01 14.02 5 4.76 
48.35 0 46.35 59.85 87.9 34.01 61.69 44.88 43.63 
1.89 46.62 0 10.66 46.19 11.51 13.53 3.27 3.04 
Dimension>17
12.62 57.27 11.7 0 42.71 24.36 8.65 12.08 17.66 
42.11 88.23 42.3 41.61 0 53.06 32.37 39.01 49.51 
13.96 34.85 11.93 22.78 58.18 0 25.49 10.64 15.03 
10.63 60.43 10.8 4.02 34.65 20.57 0 9.43 16.31 
4.17 48.83 3.58 11.81 43.35 10.44 14.81 0 5.37 
3.65 43.65 1.8 13 48.65 11.98 17.03 3.28 0 
Bandera>13
Fitness Greedy Costo>169.71
Solucion Greedy Costo>2 8 7 5 0 3 6 4 0 9 1 0 0 0 0 0 0 
Linea Vacia>
Matriz de Costos>
0 50.13 1.81 10.62 46.09 15.01 14.02 5 4.76 
48.35 0 46.35 59.85 87.9 34.01 61.69 44.88 43.63 
1.89 46.62 0 10.66 46.19 11.51 13.53 3.27 3.04 
12.62 57.27 11.7 0 42.71 24.36 8.65 12.08 17.66 
42.11 88.23 42.3 41.61 0 53.06 32.37 39.01 49.51 
13.96 34.85 11.93 22.78 58.18 0 25.49 10.64 15.03 
Dimension>17
Bandera>13
Fitness Greedy Costo>169.71
10.63 60.43 10.8 4.02 34.65 20.57 0 9.43 16.31 
4.17 48.83 3.58 11.81 43.35 10.44 14.81 0 5.37 
3.65 43.65 1.8 13 48.65 11.98 17.03 3.28 0 
Solucion Greedy Costo>2 8 7 5 0 3 6 4 0 9 1 0 0 0 0 0 0 
Linea Vacia>
Matriz de Costos>
0 50.13 1.81 10.62 46.09 15.01 14.02 5 4.76 
48.35 0 46.35 59.85 87.9 34.01 61.69 44.88 43.63 
1.89 46.62 0 10.66 46.19 11.51 13.53 3.27 3.04 
12.62 57.27 11.7 0 42.71 24.36 8.65 12.08 17.66 
42.11 88.23 42.3 41.61 0 53.06 32.37 39.01 49.51 
13.96 34.85 11.93 22.78 58.18 0 25.49 10.64 15.03 
10.63 60.43 10.8 4.02 34.65 20.57 0 9.43 16.31 
4.17 48.83 3.58 11.81 43.35 10.44 14.81 0 5.37 
Dimension>17
Bandera>13
Fitness Greedy Costo>169.71
Solucion Greedy Costo>2 8 7 5 0 3 6 4 0 9 1 0 0 0 0 0 0 
Linea Vacia>
3.65 43.65 1.8 13 48.65 11.98 17.03 3.28 0 
Dimension>17
Matriz de Costos>
0 50.13 1.81 10.62 46.09 15.01 14.02 5 4.76 
48.35 0 46.35 59.85 87.9 34.01 61.69 44.88 43.63 
1.89 46.62 0 10.66 46.19 11.51 13.53 3.27 3.04 
12.62 57.27 11.7 0 42.71 24.36 8.65 12.08 17.66 
42.11 88.23 42.3 41.61 0 53.06 32.37 39.01 49.51 
13.96 34.85 11.93 22.78 58.18 0 25.49 10.64 15.03 
10.63 60.43 10.8 4.02 34.65 20.57 0 9.43 16.31 
4.17 48.83 3.58 11.81 43.35 10.44 14.81 0 5.37 
Bandera>13
Fitness Greedy Costo>169.71
Solucion Greedy Costo>2 8 7 5 0 3 6 4 0 9 1 0 0 0 0 0 0 
Linea Vacia>
Matriz de Costos>
3.65 43.65 1.8 13 48.65 11.98 17.03 3.28 0 
0 50.13 1.81 10.62 46.09 15.01 14.02 5 4.76 
48.35 0 46.35 59.85 87.9 34.01 61.69 44.88 43.63 
1.89 46.62 0 10.66 46.19 11.51 13.53 3.27 3.04 
12.62 57.27 11.7 0 42.71 24.36 8.65 12.08 17.66 
42.11 88.23 42.3 41.61 0 53.06 32.37 39.01 49.51 
Dimension>17
13.96 34.85 11.93 22.78 58.18 0 25.49 10.64 15.03 
10.63 60.43 10.8 4.02 34.65 20.57 0 9.43 16.31 
4.17 48.83 3.58 11.81 43.35 10.44 14.81 0 5.37 
Dimension>17
Bandera>13
Dimension>17
Bandera>13
Fitness Greedy Costo>169.71
Solucion Greedy Costo>2 8 7 5 0 3 6 4 0 9 1 0 0 0 0 0 0 
Bandera>13
Fitness Greedy Costo>169.71
Solucion Greedy Costo>2 8 7 5 0 3 6 4 0 9 1 0 0 0 0 0 0 
Linea Vacia>
3.65 43.65 1.8 13 48.65 11.98 17.03 3.28 0 
Fitness Greedy Costo>169.71
Solucion Greedy Costo>2 8 7 5 0 3 6 4 0 9 1 0 0 0 0 0 0 
Linea Vacia>
Linea Vacia>
Matriz de Costos>
0 50.13 1.81 10.62 46.09 15.01 14.02 5 4.76 
48.35 0 46.35 59.85 87.9 34.01 61.69 44.88 43.63 
1.89 46.62 0 10.66 46.19 11.51 13.53 3.27 3.04 
Matriz de Costos>
0 50.13 1.81 10.62 46.09 15.01 14.02 5 4.76 
48.35 0 46.35 59.85 87.9 34.01 61.69 44.88 43.63 
1.89 46.62 0 10.66 46.19 11.51 13.53 3.27 3.04 
12.62 57.27 11.7 0 42.71 24.36 8.65 12.08 17.66 
Matriz de Costos>
0 50.13 1.81 10.62 46.09 15.01 14.02 5 4.76 
48.35 0 46.35 59.85 87.9 34.01 61.69 44.88 43.63 
1.89 46.62 0 10.66 46.19 11.51 13.53 3.27 3.04 
12.62 57.27 11.7 0 42.71 24.36 8.65 12.08 17.66 
42.11 88.23 42.3 41.61 0 53.06 32.37 39.01 49.51 
13.96 34.85 11.93 22.78 58.18 0 25.49 10.64 15.03 
10.63 60.43 10.8 4.02 34.65 20.57 0 9.43 16.31 
4.17 48.83 3.58 11.81 43.35 10.44 14.81 0 5.37 
3.65 43.65 1.8 13 48.65 11.98 17.03 3.28 0 
42.11 88.23 42.3 41.61 0 53.06 32.37 39.01 49.51 
13.96 34.85 11.93 22.78 58.18 0 25.49 10.64 15.03 
10.63 60.43 10.8 4.02 34.65 20.57 0 9.43 16.31 
4.17 48.83 3.58 11.81 43.35 10.44 14.81 0 5.37 
3.65 43.65 1.8 13 48.65 11.98 17.03 3.28 0 
12.62 57.27 11.7 0 42.71 24.36 8.65 12.08 17.66 
42.11 88.23 42.3 41.61 0 53.06 32.37 39.01 49.51 
13.96 34.85 11.93 22.78 58.18 0 25.49 10.64 15.03 
10.63 60.43 10.8 4.02 34.65 20.57 0 9.43 16.31 
4.17 48.83 3.58 11.81 43.35 10.44 14.81 0 5.37 
3.65 43.65 1.8 13 48.65 11.98 17.03 3.28 0 
Dimension>17
Dimension>17
Bandera>13
Fitness Greedy Costo>169.71
Bandera>13
Fitness Greedy Costo>169.71
Solucion Greedy Costo>2 8 7 5 0 3 6 4 0 9 1 0 0 0 0 0 0 
Linea Vacia>
Solucion Greedy Costo>2 8 7 5 0 3 6 4 0 9 1 0 0 0 0 0 0 
Linea Vacia>
Matriz de Costos>
0 50.13 1.81 10.62 46.09 15.01 14.02 5 4.76 
Matriz de Costos>
0 50.13 1.81 10.62 46.09 15.01 14.02 5 4.76 
48.35 0 46.35 59.85 87.9 34.01 61.69 44.88 43.63 
1.89 46.62 0 10.66 46.19 11.51 13.53 3.27 3.04 
12.62 57.27 11.7 0 42.71 24.36 8.65 12.08 17.66 
42.11 88.23 42.3 41.61 0 53.06 32.37 39.01 49.51 
48.35 0 46.35 59.85 87.9 34.01 61.69 44.88 43.63 
1.89 46.62 0 10.66 46.19 11.51 13.53 3.27 3.04 
12.62 57.27 11.7 0 42.71 24.36 8.65 12.08 17.66 
42.11 88.23 42.3 41.61 0 53.06 32.37 39.01 49.51 
13.96 34.85 11.93 22.78 58.18 0 25.49 10.64 15.03 
10.63 60.43 10.8 4.02 34.65 20.57 0 9.43 16.31 
4.17 48.83 3.58 11.81 43.35 10.44 14.81 0 5.37 
3.65 43.65 1.8 13 48.65 11.98 17.03 3.28 0 
13.96 34.85 11.93 22.78 58.18 0 25.49 10.64 15.03 
10.63 60.43 10.8 4.02 34.65 20.57 0 9.43 16.31 
4.17 48.83 3.58 11.81 43.35 10.44 14.81 0 5.37 
3.65 43.65 1.8 13 48.65 11.98 17.03 3.28 0 
Dimension>17
Bandera>13
Fitness Greedy Costo>169.71
Solucion Greedy Costo>2 8 7 5 0 3 6 4 0 9 1 0 0 0 0 0 0 
Linea Vacia>
Matriz de Costos>
0 50.13 1.81 10.62 46.09 15.01 14.02 5 4.76 
48.35 0 46.35 59.85 87.9 34.01 61.69 44.88 43.63 
1.89 46.62 0 10.66 46.19 11.51 13.53 3.27 3.04 
12.62 57.27 11.7 0 42.71 24.36 8.65 12.08 17.66 
42.11 88.23 42.3 41.61 0 53.06 32.37 39.01 49.51 
13.96 34.85 11.93 22.78 58.18 0 25.49 10.64 15.03 
10.63 60.43 10.8 4.02 34.65 20.57 0 9.43 16.31 
4.17 48.83 3.58 11.81 43.35 10.44 14.81 0 5.37 
3.65 43.65 1.8 13 48.65 11.98 17.03 3.28 0 
Dimension>17
Dimension>17
Dimension>17
Bandera>13
Fitness Greedy Costo>169.71
Solucion Greedy Costo>2 8 7 5 0 3 6 4 0 9 1 0 0 0 0 0 0 
Linea Vacia>
Bandera>13
Fitness Greedy Costo>169.71
Solucion Greedy Costo>2 8 7 5 0 3 6 4 0 9 1 0 0 0 0 0 0 
Linea Vacia>
Bandera>13
Fitness Greedy Costo>169.71
Solucion Greedy Costo>2 8 7 5 0 3 6 4 0 9 1 0 0 0 0 0 0 
Linea Vacia>
Matriz de Costos>
0 50.13 1.81 10.62 46.09 15.01 14.02 5 4.76 
48.35 0 46.35 59.85 87.9 34.01 61.69 44.88 43.63 
1.89 46.62 0 10.66 46.19 11.51 13.53 3.27 3.04 
12.62 57.27 11.7 0 42.71 24.36 8.65 12.08 17.66 
42.11 88.23 42.3 41.61 0 53.06 32.37 39.01 49.51 
Matriz de Costos>
0 50.13 1.81 10.62 46.09 15.01 14.02 5 4.76 
48.35 0 46.35 59.85 87.9 34.01 61.69 44.88 43.63 
Matriz de Costos>
0 50.13 1.81 10.62 46.09 15.01 14.02 5 4.76 
48.35 0 46.35 59.85 87.9 34.01 61.69 44.88 43.63 
13.96 34.85 11.93 22.78 58.18 0 25.49 10.64 15.03 
10.63 60.43 10.8 4.02 34.65 20.57 0 9.43 16.31 
4.17 48.83 3.58 11.81 43.35 10.44 14.81 0 5.37 
3.65 43.65 1.8 13 48.65 11.98 17.03 3.28 0 
Dimension>17
1.89 46.62 0 10.66 46.19 11.51 13.53 3.27 3.04 
12.62 57.27 11.7 0 42.71 24.36 8.65 12.08 17.66 
Dimension>17
1.89 46.62 0 10.66 46.19 11.51 13.53 3.27 3.04 
12.62 57.27 11.7 0 42.71 24.36 8.65 12.08 17.66 
42.11 88.23 42.3 41.61 0 53.06 32.37 39.01 49.51 
Bandera>13
Fitness Greedy Costo>169.71
Solucion Greedy Costo>2 8 7 5 0 3 6 4 0 9 1 0 0 0 0 0 0 
Linea Vacia>
42.11 88.23 42.3 41.61 0 53.06 32.37 39.01 49.51 
13.96 34.85 11.93 22.78 58.18 0 25.49 10.64 15.03 
10.63 60.43 10.8 4.02 34.65 20.57 0 9.43 16.31 
Bandera>13
Fitness Greedy Costo>169.71
Solucion Greedy Costo>2 8 7 5 0 3 6 4 0 9 1 0 0 0 0 0 0 
Linea Vacia>
13.96 34.85 11.93 22.78 58.18 0 25.49 10.64 15.03 
10.63 60.43 10.8 4.02 34.65 20.57 0 9.43 16.31 
4.17 48.83 3.58 11.81 43.35 10.44 14.81 0 5.37 
3.65 43.65 1.8 13 48.65 11.98 17.03 3.28 0 
4.17 48.83 3.58 11.81 43.35 10.44 14.81 0 5.37 
3.65 43.65 1.8 13 48.65 11.98 17.03 3.28 0 
Matriz de Costos>
0 50.13 1.81 10.62 46.09 15.01 14.02 5 4.76 
48.35 0 46.35 59.85 87.9 34.01 61.69 44.88 43.63 
1.89 46.62 0 10.66 46.19 11.51 13.53 3.27 3.04 
12.62 57.27 11.7 0 42.71 24.36 8.65 12.08 17.66 
Matriz de Costos>
0 50.13 1.81 10.62 46.09 15.01 14.02 5 4.76 
48.35 0 46.35 59.85 87.9 34.01 61.69 44.88 43.63 
1.89 46.62 0 10.66 46.19 11.51 13.53 3.27 3.04 
42.11 88.23 42.3 41.61 0 53.06 32.37 39.01 49.51 
13.96 34.85 11.93 22.78 58.18 0 25.49 10.64 15.03 
10.63 60.43 10.8 4.02 34.65 20.57 0 9.43 16.31 
12.62 57.27 11.7 0 42.71 24.36 8.65 12.08 17.66 
42.11 88.23 42.3 41.61 0 53.06 32.37 39.01 49.51 
13.96 34.85 11.93 22.78 58.18 0 25.49 10.64 15.03 
4.17 48.83 3.58 11.81 43.35 10.44 14.81 0 5.37 
3.65 43.65 1.8 13 48.65 11.98 17.03 3.28 0 
10.63 60.43 10.8 4.02 34.65 20.57 0 9.43 16.31 
4.17 48.83 3.58 11.81 43.35 10.44 14.81 0 5.37 
3.65 43.65 1.8 13 48.65 11.98 17.03 3.28 0 
Dimension>17
Bandera>13
Fitness Greedy Costo>169.71
Solucion Greedy Costo>2 8 7 5 0 3 6 4 0 9 1 0 0 0 0 0 0 
Linea Vacia>
Matriz de Costos>
0 50.13 1.81 10.62 46.09 15.01 14.02 5 4.76 
48.35 0 46.35 59.85 87.9 34.01 61.69 44.88 43.63 
1.89 46.62 0 10.66 46.19 11.51 13.53 3.27 3.04 
12.62 57.27 11.7 0 42.71 24.36 8.65 12.08 17.66 
42.11 88.23 42.3 41.61 0 53.06 32.37 39.01 49.51 
13.96 34.85 11.93 22.78 58.18 0 25.49 10.64 15.03 
10.63 60.43 10.8 4.02 34.65 20.57 0 9.43 16.31 
4.17 48.83 3.58 11.81 43.35 10.44 14.81 0 5.37 
3.65 43.65 1.8 13 48.65 11.98 17.03 3.28 0 
Dimension>17
Bandera>13
Fitness Greedy Costo>169.71
Solucion Greedy Costo>2 8 7 5 0 3 6 4 0 9 1 0 0 0 0 0 0 
Linea Vacia>
Matriz de Costos>
0 50.13 1.81 10.62 46.09 15.01 14.02 5 4.76 
48.35 0 46.35 59.85 87.9 34.01 61.69 44.88 43.63 
1.89 46.62 0 10.66 46.19 11.51 13.53 3.27 3.04 
12.62 57.27 11.7 0 42.71 24.36 8.65 12.08 17.66 
42.11 88.23 42.3 41.61 0 53.06 32.37 39.01 49.51 
13.96 34.85 11.93 22.78 58.18 0 25.49 10.64 15.03 
10.63 60.43 10.8 4.02 34.65 20.57 0 9.43 16.31 
4.17 48.83 3.58 11.81 43.35 10.44 14.81 0 5.37 
3.65 43.65 1.8 13 48.65 11.98 17.03 3.28 0 
GEN 0 235.850000
TIEMPO 0 227.820000
GEN 0 252.410000
GEN 0 238.500000
GEN 0 227.340000
TIEMPO 0 252.410000
TIEMPO 0 216.230000
TIEMPO 0 227.340000
GEN 0 237.070000
TIEMPO 0 237.070000
GEN 0 240.270000
TIEMPO 0 222.440000
GREEDY 0 0.001021
GEN 0 215.420000
TIEMPO 0 215.420000
GREEDY 0 0.003433
GREEDY 0 0.006310
GEN 0 226.410000
GEN 0 225.510000
GEN 0 232.030000
TIEMPO 0 226.410000
TIEMPO 0 232.030000
TIEMPO 0 223.800000
GREEDY 0 0.010020
GREEDY 0 0.005779
GEN 0 236.660000
TIEMPO 0 217.180000
GREEDY 0 0.006405
GREEDY 0 0.013696
GEN 0 225.770000
GEN 0 219.070000
GEN 0 202.450000
TIEMPO 0 225.770000
TIEMPO 0 219.070000
TIEMPO 0 202.450000
GEN 0 242.760000
GEN 0 226.850000
TIEMPO 0 226.850000
TIEMPO 0 232.560000
GEN 0 220.930000
GEN 0 236.390000
TIEMPO 0 220.930000
TIEMPO 0 220.030000
GREEDY 0 0.012580
GREEDY 5 0.014709
GREEDY 0 0.002779
GEN 0 236.940000
TIEMPO 0 215.750000
GEN 0 238.780000
TIEMPO 0 238.780000
GREEDY 0 0.007746
GREEDY 0 0.017135
GREEDY 0 0.006280
GEN 0 236.470000
GEN 0 233.040000
GEN 0 238.800000
TIEMPO 0 222.620000
TIEMPO 0 233.040000
TIEMPO 0 221.030000
GREEDY 0 0.000894
GREEDY 5 0.020351
GREEDY 5 0.013540
GREEDY 0 0.008506
GREEDY 5 0.027373
GREEDY 0 0.016801
GEN 0 229.620000
TIEMPO 0 229.620000
GREEDY 0 0.009487
GREEDY 5 0.010311
GREEDY 0 0.003440
GREEDY 0 0.028195
GREEDY 0 0.022856
GREEDY 5 0.023100
GREEDY 5 0.023441
GREEDY 5 0.044362
GREEDY 5 0.049373
GREEDY 0 0.048343
GREEDY 0 0.036572
GREEDY 0 0.073736
GREEDY 5 0.044699
GREEDY 0 0.078938
GREEDY 5 0.109263
GEN 2500 165.050000
GEN 2500 163.290000
GEN 2500 161.510000
GREEDY 5 0.167617
GEN 2500 161.510000
GEN 2500 160.440000
GEN 2500 169.850000
GEN 2500 161.510000
GEN 2500 160.440000
GEN 2500 160.440000
GEN 2500 160.440000
GEN 2500 160.440000
GEN 2500 160.440000
GEN 2500 161.510000
GEN 2500 160.440000
GEN 2500 161.510000
GEN 5000 161.510000
GEN 2500 169.710000
GEN 2500 161.510000
GEN 2500 160.440000
GEN 2500 160.440000
GEN 5000 165.050000
GEN 5000 161.510000
GEN 5000 163.290000
GEN 2500 160.440000
GEN 5000 160.440000
GREEDY 5 0.339137
GEN 5000 161.510000
GEN 2500 165.470000
GEN 2500 160.440000
GEN 2500 160.440000
GREEDY 5 0.369335
GEN 2500 169.710000
GEN 7500 160.440000
GEN 5000 160.440000
GEN 5000 160.440000
GEN 5000 169.850000
GEN 5000 160.440000
GEN 5000 160.440000
GEN 5000 160.440000
GEN 5000 161.510000
GEN 7500 163.290000
GEN 5000 160.440000
GEN 7500 160.440000
GEN 7500 161.510000
GEN 5000 169.710000
GEN 5000 160.440000
GEN 7500 160.440000
GEN 7500 160.440000
GEN 7500 165.050000
GEN 5000 161.510000
GEN 10000 160.440000
TIEMPO 0.506836 160.440000
GEN 5000 160.440000
GEN 7500 169.850000
GEN 7500 160.440000
GEN 5000 160.440000
GEN 7500 160.440000
GEN 10000 163.290000
TIEMPO 0.540558 163.290000
GEN 5000 160.440000
GEN 5000 161.510000
GREEDY 5 0.529655
GEN 7500 160.440000
GEN 7500 160.440000
GEN 5000 165.470000
GREEDY 5 0.530134
GEN 7500 161.510000
GEN 5000 169.710000
GEN 5000 160.440000
GEN 10000 160.440000
TIEMPO 0.545850 160.440000
GEN 10000 160.440000
TIEMPO 0.566257 160.440000
GEN 10000 160.440000
TIEMPO 0.573988 160.440000
GEN 10000 160.440000
TIEMPO 0.580886 160.440000
GEN 7500 160.440000
GEN 7500 160.440000
GEN 10000 165.050000
TIEMPO 0.623796 165.050000
GEN 7500 161.510000
GEN 7500 160.440000
GEN 10000 169.850000
TIEMPO 0.626443 169.850000
GEN 10000 160.440000
TIEMPO 0.618982 160.440000
GEN 10000 160.440000
TIEMPO 0.642805 160.440000
GEN 7500 169.710000
GEN 7500 160.440000
GEN 10000 161.510000
TIEMPO 0.649564 161.510000
GREEDY 5 0.658686
GEN 10000 160.440000
TIEMPO 0.653553 160.440000
GEN 7500 160.440000
GEN 10000 160.440000
TIEMPO 0.657118 160.440000
GEN 7500 160.440000
GEN 7500 160.440000
GEN 7500 160.440000
GEN 7500 169.710000
GEN 10000 160.440000
TIEMPO 0.692758 160.440000
GEN 10000 160.440000
TIEMPO 0.689465 160.440000
GEN 10000 160.440000
TIEMPO 0.711667 160.440000
GEN 10000 161.510000
TIEMPO 0.743652 161.510000
GEN 10000 160.440000
TIEMPO 0.748937 160.440000
GEN 10000 160.440000
TIEMPO 0.782753 160.440000
GEN 10000 160.440000
TIEMPO 0.774946 160.440000
GEN 10000 160.440000
TIEMPO 0.766086 160.440000
GEN 10000 163.290000
TIEMPO 0.790157 163.290000
GEN 10000 169.710000
TIEMPO 0.829179 169.710000
GEN 10000 160.440000
TIEMPO 0.906756 160.440000

 Current State ---------------------------------------------
Solution:  7 5 9 1 0 0 3 6 4 0 2 8 0 0 0 0 0 Fitness: 160.44

 :( ---------------------- THE END --------------- :) 
