Dimension>17
Bandera>13
Fitness Greedy Costo>169.71
Solucion Greedy Costo>2 8 7 5 0 3 6 4 0 9 1 0 0 0 0 0 0 
Linea Vacia>
Matriz de Costos>
0 50.13 1.81 10.62 46.09 15.01 14.02 5 4.76 
48.35 0 46.35 59.85 87.9 34.01 61.69 44.88 43.63 
1.89 46.62 0 10.66 46.19 11.51 13.53 3.27 3.04 
12.62 57.27 11.7 0 42.71 24.36 8.65 12.08 17.66 
42.11 88.23 42.3 41.61 0 53.06 32.37 39.01 49.51 
13.96 34.85 11.93 22.78 58.18 0 25.49 10.64 15.03 
10.63 60.43 10.8 4.02 34.65 20.57 0 9.43 16.31 
4.17 48.83 3.58 11.81 43.35 10.44 14.81 0 5.37 
3.65 43.65 1.8 13 48.65 11.98 17.03 3.28 0 
Dimension>17
Dimension>17
Bandera>13
Fitness Greedy Costo>169.71
Solucion Greedy Costo>2 8 7 5 0 3 6 4 0 9 1 0 0 0 0 0 0 
Linea Vacia>
Dimension>17
Bandera>13
Bandera>13
Fitness Greedy Costo>169.71
Solucion Greedy Costo>2 8 7 5 0 3 6 4 0 9 1 0 0 0 0 0 0 
Linea Vacia>
Dimension>17
Fitness Greedy Costo>169.71
Solucion Greedy Costo>2 8 7 5 0 3 6 4 0 9 1 0 0 0 0 0 0 
Linea Vacia>
Matriz de Costos>
0 50.13 1.81 10.62 46.09 15.01 14.02 5 4.76 
48.35 0 46.35 59.85 87.9 34.01 61.69 44.88 43.63 
1.89 46.62 0 10.66 46.19 11.51 13.53 3.27 3.04 
12.62 57.27 11.7 0 42.71 24.36 8.65 12.08 17.66 
Matriz de Costos>
0 50.13 1.81 10.62 46.09 15.01 14.02 5 4.76 
Matriz de Costos>
42.11 88.23 42.3 41.61 0 53.06 32.37 39.01 49.51 
13.96 34.85 11.93 22.78 58.18 0 25.49 10.64 15.03 
10.63 60.43 10.8 4.02 34.65 20.57 0 9.43 16.31 
4.17 48.83 3.58 11.81 43.35 10.44 14.81 0 5.37 
Bandera>13
Fitness Greedy Costo>169.71
Solucion Greedy Costo>2 8 7 5 0 3 6 4 0 9 1 0 0 0 0 0 0 
Linea Vacia>
0 50.13 1.81 10.62 46.09 15.01 14.02 5 4.76 
48.35 0 46.35 59.85 87.9 34.01 61.69 44.88 43.63 
3.65 43.65 1.8 13 48.65 11.98 17.03 3.28 0 
48.35 0 46.35 59.85 87.9 34.01 61.69 44.88 43.63 
1.89 46.62 0 10.66 46.19 11.51 13.53 3.27 3.04 
12.62 57.27 11.7 0 42.71 24.36 8.65 12.08 17.66 
42.11 88.23 42.3 41.61 0 53.06 32.37 39.01 49.51 
13.96 34.85 11.93 22.78 58.18 0 25.49 10.64 15.03 
10.63 60.43 10.8 4.02 34.65 20.57 0 9.43 16.31 
4.17 48.83 3.58 11.81 43.35 10.44 14.81 0 5.37 
3.65 43.65 1.8 13 48.65 11.98 17.03 3.28 0 
Dimension>17
Bandera>13
Fitness Greedy Costo>169.71
1.89 46.62 0 10.66 46.19 11.51 13.53 3.27 3.04 
12.62 57.27 11.7 0 42.71 24.36 8.65 12.08 17.66 
42.11 88.23 42.3 41.61 0 53.06 32.37 39.01 49.51 
13.96 34.85 11.93 22.78 58.18 0 25.49 10.64 15.03 
Matriz de Costos>
0 50.13 1.81 10.62 46.09 15.01 14.02 5 4.76 
Solucion Greedy Costo>2 8 7 5 0 3 6 4 0 9 1 0 0 0 0 0 0 
Linea Vacia>
10.63 60.43 10.8 4.02 34.65 20.57 0 9.43 16.31 
4.17 48.83 3.58 11.81 43.35 10.44 14.81 0 5.37 
48.35 0 46.35 59.85 87.9 34.01 61.69 44.88 43.63 
1.89 46.62 0 10.66 46.19 11.51 13.53 3.27 3.04 
3.65 43.65 1.8 13 48.65 11.98 17.03 3.28 0 
Dimension>17
12.62 57.27 11.7 0 42.71 24.36 8.65 12.08 17.66 
42.11 88.23 42.3 41.61 0 53.06 32.37 39.01 49.51 
Matriz de Costos>
0 50.13 1.81 10.62 46.09 15.01 14.02 5 4.76 
48.35 0 46.35 59.85 87.9 34.01 61.69 44.88 43.63 
13.96 34.85 11.93 22.78 58.18 0 25.49 10.64 15.03 
10.63 60.43 10.8 4.02 34.65 20.57 0 9.43 16.31 
4.17 48.83 3.58 11.81 43.35 10.44 14.81 0 5.37 
3.65 43.65 1.8 13 48.65 11.98 17.03 3.28 0 
Dimension>17
1.89 46.62 0 10.66 46.19 11.51 13.53 3.27 3.04 
12.62 57.27 11.7 0 42.71 24.36 8.65 12.08 17.66 
42.11 88.23 42.3 41.61 0 53.06 32.37 39.01 49.51 
13.96 34.85 11.93 22.78 58.18 0 25.49 10.64 15.03 
Bandera>13
Fitness Greedy Costo>169.71
Solucion Greedy Costo>2 8 7 5 0 3 6 4 0 9 1 0 0 0 0 0 0 
Linea Vacia>
Dimension>17
Bandera>13
Fitness Greedy Costo>169.71
Solucion Greedy Costo>2 8 7 5 0 3 6 4 0 9 1 0 0 0 0 0 0 
Linea Vacia>
10.63 60.43 10.8 4.02 34.65 20.57 0 9.43 16.31 
4.17 48.83 3.58 11.81 43.35 10.44 14.81 0 5.37 
3.65 43.65 1.8 13 48.65 11.98 17.03 3.28 0 
Dimension>17
Bandera>13
Fitness Greedy Costo>169.71
Matriz de Costos>
0 50.13 1.81 10.62 46.09 15.01 14.02 5 4.76 
Matriz de Costos>
0 50.13 1.81 10.62 46.09 15.01 14.02 5 4.76 
48.35 0 46.35 59.85 87.9 34.01 61.69 44.88 43.63 
Solucion Greedy Costo>2 8 7 5 0 3 6 4 0 9 1 0 0 0 0 0 0 
Linea Vacia>
Bandera>13
Fitness Greedy Costo>169.71
Solucion Greedy Costo>2 8 7 5 0 3 6 4 0 9 1 0 0 0 0 0 0 
Linea Vacia>
48.35 0 46.35 59.85 87.9 34.01 61.69 44.88 43.63 
1.89 46.62 0 10.66 46.19 11.51 13.53 3.27 3.04 
12.62 57.27 11.7 0 42.71 24.36 8.65 12.08 17.66 
42.11 88.23 42.3 41.61 0 53.06 32.37 39.01 49.51 
Dimension>17
1.89 46.62 0 10.66 46.19 11.51 13.53 3.27 3.04 
12.62 57.27 11.7 0 42.71 24.36 8.65 12.08 17.66 
13.96 34.85 11.93 22.78 58.18 0 25.49 10.64 15.03 
10.63 60.43 10.8 4.02 34.65 20.57 0 9.43 16.31 
4.17 48.83 3.58 11.81 43.35 10.44 14.81 0 5.37 
Bandera>13
Fitness Greedy Costo>169.71
42.11 88.23 42.3 41.61 0 53.06 32.37 39.01 49.51 
13.96 34.85 11.93 22.78 58.18 0 25.49 10.64 15.03 
10.63 60.43 10.8 4.02 34.65 20.57 0 9.43 16.31 
4.17 48.83 3.58 11.81 43.35 10.44 14.81 0 5.37 
Matriz de Costos>
0 50.13 1.81 10.62 46.09 15.01 14.02 5 4.76 
48.35 0 46.35 59.85 87.9 34.01 61.69 44.88 43.63 
1.89 46.62 0 10.66 46.19 11.51 13.53 3.27 3.04 
12.62 57.27 11.7 0 42.71 24.36 8.65 12.08 17.66 
Matriz de Costos>
0 50.13 1.81 10.62 46.09 15.01 14.02 5 4.76 
48.35 0 46.35 59.85 87.9 34.01 61.69 44.88 43.63 
1.89 46.62 0 10.66 46.19 11.51 13.53 3.27 3.04 
12.62 57.27 11.7 0 42.71 24.36 8.65 12.08 17.66 
42.11 88.23 42.3 41.61 0 53.06 32.37 39.01 49.51 
3.65 43.65 1.8 13 48.65 11.98 17.03 3.28 0 
3.65 43.65 1.8 13 48.65 11.98 17.03 3.28 0 
42.11 88.23 42.3 41.61 0 53.06 32.37 39.01 49.51 
13.96 34.85 11.93 22.78 58.18 0 25.49 10.64 15.03 
10.63 60.43 10.8 4.02 34.65 20.57 0 9.43 16.31 
4.17 48.83 3.58 11.81 43.35 10.44 14.81 0 5.37 
13.96 34.85 11.93 22.78 58.18 0 25.49 10.64 15.03 
10.63 60.43 10.8 4.02 34.65 20.57 0 9.43 16.31 
4.17 48.83 3.58 11.81 43.35 10.44 14.81 0 5.37 
3.65 43.65 1.8 13 48.65 11.98 17.03 3.28 0 
Solucion Greedy Costo>2 8 7 5 0 3 6 4 0 9 1 0 0 0 0 0 0 
Linea Vacia>
Matriz de Costos>
3.65 43.65 1.8 13 48.65 11.98 17.03 3.28 0 
0 50.13 1.81 10.62 46.09 15.01 14.02 5 4.76 
48.35 0 46.35 59.85 87.9 34.01 61.69 44.88 43.63 
1.89 46.62 0 10.66 46.19 11.51 13.53 3.27 3.04 
12.62 57.27 11.7 0 42.71 24.36 8.65 12.08 17.66 
42.11 88.23 42.3 41.61 0 53.06 32.37 39.01 49.51 
13.96 34.85 11.93 22.78 58.18 0 25.49 10.64 15.03 
10.63 60.43 10.8 4.02 34.65 20.57 0 9.43 16.31 
4.17 48.83 3.58 11.81 43.35 10.44 14.81 0 5.37 
3.65 43.65 1.8 13 48.65 11.98 17.03 3.28 0 
Dimension>17
Bandera>13
Fitness Greedy Costo>169.71
Solucion Greedy Costo>2 8 7 5 0 3 6 4 0 9 1 0 0 0 0 0 0 
Linea Vacia>
Matriz de Costos>
0 50.13 1.81 10.62 46.09 15.01 14.02 5 4.76 
48.35 0 46.35 59.85 87.9 34.01 61.69 44.88 43.63 
1.89 46.62 0 10.66 46.19 11.51 13.53 3.27 3.04 
12.62 57.27 11.7 0 42.71 24.36 8.65 12.08 17.66 
42.11 88.23 42.3 41.61 0 53.06 32.37 39.01 49.51 
13.96 34.85 11.93 22.78 58.18 0 25.49 10.64 15.03 
10.63 60.43 10.8 4.02 34.65 20.57 0 9.43 16.31 
Dimension>17
4.17 48.83 3.58 11.81 43.35 10.44 14.81 0 5.37 
3.65 43.65 1.8 13 48.65 11.98 17.03 3.28 0 
Dimension>17
Bandera>13
Fitness Greedy Costo>169.71
Solucion Greedy Costo>2 8 7 5 0 3 6 4 0 9 1 0 0 0 0 0 0 
Linea Vacia>
Dimension>17
Bandera>13
Fitness Greedy Costo>169.71
Solucion Greedy Costo>2 8 7 5 0 3 6 4 0 9 1 0 0 0 0 0 0 
Linea Vacia>
Bandera>13
Fitness Greedy Costo>169.71
Matriz de Costos>
Solucion Greedy Costo>2 8 7 5 0 3 6 4 0 9 1 0 0 0 0 0 0 
Linea Vacia>
0 50.13 1.81 10.62 46.09 15.01 14.02 5 4.76 
48.35 0 46.35 59.85 87.9 34.01 61.69 44.88 43.63 
Matriz de Costos>
0 50.13 1.81 10.62 46.09 15.01 14.02 5 4.76 
1.89 46.62 0 10.66 46.19 11.51 13.53 3.27 3.04 
12.62 57.27 11.7 0 42.71 24.36 8.65 12.08 17.66 
48.35 0 46.35 59.85 87.9 34.01 61.69 44.88 43.63 
1.89 46.62 0 10.66 46.19 11.51 13.53 3.27 3.04 
12.62 57.27 11.7 0 42.71 24.36 8.65 12.08 17.66 
Matriz de Costos>
0 50.13 1.81 10.62 46.09 15.01 14.02 5 4.76 
42.11 88.23 42.3 41.61 0 53.06 32.37 39.01 49.51 
42.11 88.23 42.3 41.61 0 53.06 32.37 39.01 49.51 
13.96 34.85 11.93 22.78 58.18 0 25.49 10.64 15.03 
48.35 0 46.35 59.85 87.9 34.01 61.69 44.88 43.63 
1.89 46.62 0 10.66 46.19 11.51 13.53 3.27 3.04 
12.62 57.27 11.7 0 42.71 24.36 8.65 12.08 17.66 
13.96 34.85 11.93 22.78 58.18 0 25.49 10.64 15.03 
10.63 60.43 10.8 4.02 34.65 20.57 0 9.43 16.31 
4.17 48.83 3.58 11.81 43.35 10.44 14.81 0 5.37 
Dimension>17
10.63 60.43 10.8 4.02 34.65 20.57 0 9.43 16.31 
4.17 48.83 3.58 11.81 43.35 10.44 14.81 0 5.37 
3.65 43.65 1.8 13 48.65 11.98 17.03 3.28 0 
42.11 88.23 42.3 41.61 0 53.06 32.37 39.01 49.51 
13.96 34.85 11.93 22.78 58.18 0 25.49 10.64 15.03 
10.63 60.43 10.8 4.02 34.65 20.57 0 9.43 16.31 
3.65 43.65 1.8 13 48.65 11.98 17.03 3.28 0 
Bandera>13
Fitness Greedy Costo>169.71
Solucion Greedy Costo>2 8 7 5 0 3 6 4 0 9 1 0 0 0 0 0 0 
Linea Vacia>
4.17 48.83 3.58 11.81 43.35 10.44 14.81 0 5.37 
3.65 43.65 1.8 13 48.65 11.98 17.03 3.28 0 
Matriz de Costos>
0 50.13 1.81 10.62 46.09 15.01 14.02 5 4.76 
48.35 0 46.35 59.85 87.9 34.01 61.69 44.88 43.63 
1.89 46.62 0 10.66 46.19 11.51 13.53 3.27 3.04 
12.62 57.27 11.7 0 42.71 24.36 8.65 12.08 17.66 
42.11 88.23 42.3 41.61 0 53.06 32.37 39.01 49.51 
13.96 34.85 11.93 22.78 58.18 0 25.49 10.64 15.03 
10.63 60.43 10.8 4.02 34.65 20.57 0 9.43 16.31 
4.17 48.83 3.58 11.81 43.35 10.44 14.81 0 5.37 
3.65 43.65 1.8 13 48.65 11.98 17.03 3.28 0 
Dimension>17
Bandera>13
Fitness Greedy Costo>169.71
Solucion Greedy Costo>2 8 7 5 0 3 6 4 0 9 1 0 0 0 0 0 0 
Linea Vacia>
Matriz de Costos>
0 50.13 1.81 10.62 46.09 15.01 14.02 5 4.76 
Dimension>17
48.35 0 46.35 59.85 87.9 34.01 61.69 44.88 43.63 
1.89 46.62 0 10.66 46.19 11.51 13.53 3.27 3.04 
12.62 57.27 11.7 0 42.71 24.36 8.65 12.08 17.66 
Bandera>13
Fitness Greedy Costo>169.71
Solucion Greedy Costo>2 8 7 5 0 3 6 4 0 9 1 0 0 0 0 0 0 
Linea Vacia>
42.11 88.23 42.3 41.61 0 53.06 32.37 39.01 49.51 
13.96 34.85 11.93 22.78 58.18 0 25.49 10.64 15.03 
10.63 60.43 10.8 4.02 34.65 20.57 0 9.43 16.31 
4.17 48.83 3.58 11.81 43.35 10.44 14.81 0 5.37 
Matriz de Costos>
0 50.13 1.81 10.62 46.09 15.01 14.02 5 4.76 
48.35 0 46.35 59.85 87.9 34.01 61.69 44.88 43.63 
1.89 46.62 0 10.66 46.19 11.51 13.53 3.27 3.04 
12.62 57.27 11.7 0 42.71 24.36 8.65 12.08 17.66 
42.11 88.23 42.3 41.61 0 53.06 32.37 39.01 49.51 
13.96 34.85 11.93 22.78 58.18 0 25.49 10.64 15.03 
10.63 60.43 10.8 4.02 34.65 20.57 0 9.43 16.31 
4.17 48.83 3.58 11.81 43.35 10.44 14.81 0 5.37 
3.65 43.65 1.8 13 48.65 11.98 17.03 3.28 0 
3.65 43.65 1.8 13 48.65 11.98 17.03 3.28 0 
Dimension>17
Bandera>13
Fitness Greedy Costo>169.71
Solucion Greedy Costo>2 8 7 5 0 3 6 4 0 9 1 0 0 0 0 0 0 
Linea Vacia>
Matriz de Costos>
0 50.13 1.81 10.62 46.09 15.01 14.02 5 4.76 
48.35 0 46.35 59.85 87.9 34.01 61.69 44.88 43.63 
1.89 46.62 0 10.66 46.19 11.51 13.53 3.27 3.04 
12.62 57.27 11.7 0 42.71 24.36 8.65 12.08 17.66 
42.11 88.23 42.3 41.61 0 53.06 32.37 39.01 49.51 
13.96 34.85 11.93 22.78 58.18 0 25.49 10.64 15.03 
10.63 60.43 10.8 4.02 34.65 20.57 0 9.43 16.31 
4.17 48.83 3.58 11.81 43.35 10.44 14.81 0 5.37 
3.65 43.65 1.8 13 48.65 11.98 17.03 3.28 0 
Dimension>17
Bandera>13
Fitness Greedy Costo>169.71
Solucion Greedy Costo>2 8 7 5 0 3 6 4 0 9 1 0 0 0 0 0 0 
Linea Vacia>
Matriz de Costos>
0 50.13 1.81 10.62 46.09 15.01 14.02 5 4.76 
48.35 0 46.35 59.85 87.9 34.01 61.69 44.88 43.63 
1.89 46.62 0 10.66 46.19 11.51 13.53 3.27 3.04 
12.62 57.27 11.7 0 42.71 24.36 8.65 12.08 17.66 
Dimension>17
Bandera>13
Fitness Greedy Costo>169.71
Solucion Greedy Costo>2 8 7 5 0 3 6 4 0 9 1 0 0 0 0 0 0 
Linea Vacia>
Matriz de Costos>
0 50.13 1.81 10.62 46.09 15.01 14.02 5 4.76 
48.35 0 46.35 59.85 87.9 34.01 61.69 44.88 43.63 
1.89 46.62 0 10.66 46.19 11.51 13.53 3.27 3.04 
12.62 57.27 11.7 0 42.71 24.36 8.65 12.08 17.66 
42.11 88.23 42.3 41.61 0 53.06 32.37 39.01 49.51 
13.96 34.85 11.93 22.78 58.18 0 25.49 10.64 15.03 
Dimension>17
Bandera>13
Fitness Greedy Costo>169.71
Solucion Greedy Costo>2 8 7 5 0 3 6 4 0 9 1 0 0 0 0 0 0 
Linea Vacia>
Dimension>17
Bandera>13
Fitness Greedy Costo>169.71
Solucion Greedy Costo>2 8 7 5 0 3 6 4 0 9 1 0 0 0 0 0 0 
Linea Vacia>
Matriz de Costos>
0 50.13 1.81 10.62 46.09 15.01 14.02 5 4.76 
48.35 0 46.35 59.85 87.9 34.01 61.69 44.88 43.63 
Dimension>17
Bandera>13
Fitness Greedy Costo>169.71
Solucion Greedy Costo>2 8 7 5 0 3 6 4 0 9 1 0 0 0 0 0 0 
Linea Vacia>
Matriz de Costos>
0 50.13 1.81 10.62 46.09 15.01 14.02 5 4.76 
48.35 0 46.35 59.85 87.9 34.01 61.69 44.88 43.63 
1.89 46.62 0 10.66 46.19 11.51 13.53 3.27 3.04 
12.62 57.27 11.7 0 42.71 24.36 8.65 12.08 17.66 
42.11 88.23 42.3 41.61 0 53.06 32.37 39.01 49.51 
42.11 88.23 42.3 41.61 0 53.06 32.37 39.01 49.51 
13.96 34.85 11.93 22.78 58.18 0 25.49 10.64 15.03 
10.63 60.43 10.8 4.02 34.65 20.57 0 9.43 16.31 
4.17 48.83 3.58 11.81 43.35 10.44 14.81 0 5.37 
3.65 43.65 1.8 13 48.65 11.98 17.03 3.28 0 
Dimension>17
Bandera>13
Fitness Greedy Costo>169.71
Solucion Greedy Costo>2 8 7 5 0 3 6 4 0 9 1 0 0 0 0 0 0 
Linea Vacia>
Matriz de Costos>
0 50.13 1.81 10.62 46.09 15.01 14.02 5 4.76 
10.63 60.43 10.8 4.02 34.65 20.57 0 9.43 16.31 
4.17 48.83 3.58 11.81 43.35 10.44 14.81 0 5.37 
3.65 43.65 1.8 13 48.65 11.98 17.03 3.28 0 
Matriz de Costos>
0 50.13 1.81 10.62 46.09 15.01 14.02 5 4.76 
48.35 0 46.35 59.85 87.9 34.01 61.69 44.88 43.63 
1.89 46.62 0 10.66 46.19 11.51 13.53 3.27 3.04 
12.62 57.27 11.7 0 42.71 24.36 8.65 12.08 17.66 
42.11 88.23 42.3 41.61 0 53.06 32.37 39.01 49.51 
13.96 34.85 11.93 22.78 58.18 0 25.49 10.64 15.03 
1.89 46.62 0 10.66 46.19 11.51 13.53 3.27 3.04 
12.62 57.27 11.7 0 42.71 24.36 8.65 12.08 17.66 
42.11 88.23 42.3 41.61 0 53.06 32.37 39.01 49.51 
13.96 34.85 11.93 22.78 58.18 0 25.49 10.64 15.03 
10.63 60.43 10.8 4.02 34.65 20.57 0 9.43 16.31 
4.17 48.83 3.58 11.81 43.35 10.44 14.81 0 5.37 
3.65 43.65 1.8 13 48.65 11.98 17.03 3.28 0 
13.96 34.85 11.93 22.78 58.18 0 25.49 10.64 15.03 
10.63 60.43 10.8 4.02 34.65 20.57 0 9.43 16.31 
4.17 48.83 3.58 11.81 43.35 10.44 14.81 0 5.37 
3.65 43.65 1.8 13 48.65 11.98 17.03 3.28 0 
48.35 0 46.35 59.85 87.9 34.01 61.69 44.88 43.63 
1.89 46.62 0 10.66 46.19 11.51 13.53 3.27 3.04 
12.62 57.27 11.7 0 42.71 24.36 8.65 12.08 17.66 
42.11 88.23 42.3 41.61 0 53.06 32.37 39.01 49.51 
13.96 34.85 11.93 22.78 58.18 0 25.49 10.64 15.03 
10.63 60.43 10.8 4.02 34.65 20.57 0 9.43 16.31 
4.17 48.83 3.58 11.81 43.35 10.44 14.81 0 5.37 
3.65 43.65 1.8 13 48.65 11.98 17.03 3.28 0 
10.63 60.43 10.8 4.02 34.65 20.57 0 9.43 16.31 
4.17 48.83 3.58 11.81 43.35 10.44 14.81 0 5.37 
3.65 43.65 1.8 13 48.65 11.98 17.03 3.28 0 
GEN 0 258.970000
TIEMPO 0 236.110000
GEN 0 259.880000
TIEMPO 0 255.170000
GEN 0 240.650000
TIEMPO 0 240.650000
GREEDY 0 0.003348
GREEDY 0 0.001394
GEN 0 227.260000
TIEMPO 0 227.260000
GREEDY 0 0.004847
GEN 0 246.880000
GEN 0 235.470000
GEN 0 230.540000
TIEMPO 0 246.880000
TIEMPO 0 231.980000
TIEMPO 0 230.540000
GREEDY 0 0.001582
GREEDY 0 0.001202
GEN 0 234.030000
GEN 0 236.110000
TIEMPO 0 225.530000
TIEMPO 0 236.110000
GEN 0 241.210000
GEN 0 246.880000
GEN 0 222.720000
GEN 0 240.080000
TIEMPO 0 240.080000
TIEMPO 0 234.030000
TIEMPO 0 222.720000
TIEMPO 0 246.880000
GEN 0 240.140000
TIEMPO 0 236.760000
GEN 0 211.650000
GEN 0 252.770000
TIEMPO 0 211.650000
TIEMPO 0 237.460000
GREEDY 0 0.001794
GREEDY 0 0.002121
GREEDY 0 0.003447
GREEDY 5 0.010352
GREEDY 5 0.004385
GEN 0 191.750000
GEN 0 227.630000
TIEMPO 0 191.750000
TIEMPO 0 227.630000
GREEDY 0 0.005847
GREEDY 0 0.004672
GREEDY 0 0.006613
GEN 0 240.440000
TIEMPO 0 238.080000
GREEDY 5 0.018791
GEN 0 236.670000
TIEMPO 0 236.670000
GEN 0 237.120000
TIEMPO 0 214.260000
GREEDY 0 0.005701
GREEDY 0 0.003755
GREEDY 0 0.002781
GEN 0 235.570000
TIEMPO 0 220.640000
GREEDY 0 0.001852
GEN 0 237.800000
GEN 0 254.650000
TIEMPO 0 233.130000
TIEMPO 0 254.650000
GREEDY 5 0.002485
GREEDY 0 0.021620
GREEDY 0 0.018095
GREEDY 0 0.029544
GREEDY 5 0.025247
GREEDY 0 0.015266
GREEDY 0 0.027680
GREEDY 0 0.022896
GREEDY 0 0.053774
GREEDY 5 0.044923
GREEDY 5 0.051596
GREEDY 5 0.053818
GREEDY 5 0.066685
GREEDY 5 0.069051
GREEDY 5 0.066517
GEN 2500 163.290000
GEN 2500 160.440000
GEN 2500 169.710000
GEN 2500 160.440000
GREEDY 0 0.124730
GEN 2500 160.440000
GREEDY 0 0.129489
GREEDY 5 0.137561
GEN 2500 163.290000
GEN 2500 161.510000
GEN 5000 163.290000
GEN 2500 160.440000
GEN 2500 161.510000
GEN 5000 160.440000
GEN 5000 160.440000
GEN 2500 167.560000
GEN 2500 160.440000
GEN 5000 163.290000
GEN 7500 163.290000
GEN 5000 163.290000
GEN 7500 160.440000
GEN 2500 161.510000
GEN 2500 160.440000
GEN 5000 161.510000
GEN 2500 160.440000
GEN 5000 161.510000
GEN 2500 160.440000
GEN 5000 160.440000
GEN 2500 160.440000
GEN 2500 169.630000
GEN 2500 160.440000
GEN 7500 160.440000
GEN 5000 160.440000
GEN 2500 160.440000
GEN 2500 167.560000
GEN 10000 163.290000
TIEMPO 0.368984 163.290000
GEN 2500 167.560000
GEN 7500 163.290000
GEN 2500 163.290000
GREEDY 5 0.402193
GEN 10000 160.440000
TIEMPO 0.405575 160.440000
GEN 2500 161.510000
GEN 2500 160.440000
GREEDY 5 0.409484
GEN 7500 163.290000
GEN 7500 161.510000
GEN 10000 160.440000
TIEMPO 0.456290 160.440000
GEN 7500 160.440000
GEN 10000 160.440000
TIEMPO 0.476553 160.440000
GEN 7500 160.440000
GEN 5000 160.440000
GEN 10000 161.510000
TIEMPO 0.538511 161.510000
GEN 5000 161.510000
GREEDY 5 0.559493
GREEDY 5 0.584418
GEN 10000 160.440000
TIEMPO 0.586644 160.440000
GEN 10000 160.440000
TIEMPO 0.575541 160.440000
GEN 5000 167.560000
GEN 5000 160.440000
GEN 5000 160.440000
GEN 5000 160.440000
GEN 5000 160.440000
GEN 5000 169.630000
GEN 10000 160.440000
TIEMPO 0.628022 160.440000
GEN 5000 167.560000
GEN 7500 160.440000
GEN 5000 163.290000
GEN 5000 160.440000
GEN 5000 160.440000
GEN 5000 160.440000
GEN 5000 160.440000
GEN 5000 167.560000
GEN 7500 161.510000
GEN 7500 160.440000
GEN 7500 160.440000
GREEDY 5 0.855798
GEN 7500 169.630000
GEN 7500 163.290000
GEN 7500 160.440000
GEN 7500 160.440000
GEN 7500 160.440000
GEN 10000 160.440000
TIEMPO 0.896656 160.440000
GEN 7500 160.440000
GEN 7500 160.440000
GEN 7500 160.440000
GEN 7500 160.440000
GEN 7500 163.290000
TIEMPO 1 160.440000
TIEMPO 1 163.290000
TIEMPO 1 160.440000
GEN 7500 160.440000
GEN 7500 167.560000
TIEMPO 1 163.290000
TIEMPO 1 160.440000
TIEMPO 1 160.440000
TIEMPO 1 169.630000
TIEMPO 1 160.440000
TIEMPO 1 160.440000
TIEMPO 1 161.510000
TIEMPO 1 160.440000
GEN 10000 160.440000
TIEMPO 1.008632 160.440000
TIEMPO 1 160.440000
TIEMPO 1 160.440000
TIEMPO 1 160.440000
TIEMPO 1 167.560000
GEN 10000 161.510000
TIEMPO 1.014593 161.510000
GEN 10000 160.440000
TIEMPO 1.040376 160.440000
GEN 10000 160.440000
TIEMPO 1.041156 160.440000
GEN 10000 160.440000
TIEMPO 1.052167 160.440000
GEN 10000 160.440000
TIEMPO 1.054019 160.440000
GREEDY 5 1.077288
GEN 10000 163.290000
TIEMPO 1.069971 163.290000
GEN 10000 169.630000
TIEMPO 1.078522 169.630000
GEN 10000 167.560000
TIEMPO 1.077484 167.560000
GEN 10000 160.440000
TIEMPO 1.108135 160.440000
GEN 10000 160.440000
TIEMPO 1.116794 160.440000
GEN 10000 160.440000
TIEMPO 1.137778 160.440000
GEN 10000 160.440000
TIEMPO 1.145358 160.440000
GEN 10000 160.440000
TIEMPO 1.174728 160.440000
GEN 10000 160.440000
TIEMPO 1.221627 160.440000

 Current State ---------------------------------------------
Solution:  0 3 6 4 0 0 7 5 9 1 0 0 0 2 8 0 0 Fitness: 160.44

 :( ---------------------- THE END --------------- :) 
