Dimension>35
Bandera>10
Fitness Greedy Costo>330.35
Solucion Greedy Costo>1 2 10 9 0 3 11 4 16 0 8 7 15 5 0 17 12 13 0 18 14 6 0 0 0 0 0 0 0 0 0 0 0 0 0 
Linea Vacia>
Dimension>35
Bandera>10
Fitness Greedy Costo>330.35
Solucion Greedy Costo>1 2 10 9 0 3 11 4 16 0 8 7 15 5 0 17 12 13 0 18 14 6 0 0 0 0 0 0 0 0 0 0 0 0 0 
Linea Vacia>
Dimension>35
Bandera>10
Fitness Greedy Costo>330.35
Solucion Greedy Costo>1 2 10 9 0 3 11 4 16 0 8 7 15 5 0 17 12 13 0 18 14 6 0 0 0 0 0 0 0 0 0 0 0 0 0 
Linea Vacia>
Matriz de Costos>
0 9.66 19.72 25.68 38.13 38.2 46.09 35.99 30.75 30.37 19.58 30.36 49.38 44.85 47.53 37.37 37.98 40.01 
Dimension>35
Bandera>10
Fitness Greedy Costo>330.35
Dimension>35
Bandera>10
Fitness Greedy Costo>330.35
Solucion Greedy Costo>1 2 10 9 0 3 11 4 16 0 8 7 15 5 0 17 12 13 0 18 14 6 0 0 0 0 0 0 0 0 0 0 0 0 0 
Linea Vacia>
Matriz de Costos>
Matriz de Costos>
0 9.66 19.72 25.68 38.13 38.2 46.09 35.99 30.75 30.37 19.58 30.36 49.38 44.85 47.53 37.37 37.98 40.01 
8.9 0 10.47 15.08 28.85 37.44 45.34 35.23 29.99 25.4 13.05 20.88 38.35 34.74 46.91 36.62 31.65 28.95 
19.09 10.48 0 15.19 29.7 44.91 47.68 44.74 39.5 14.96 2.9 20.39 34.14 28.07 60.44 46.12 34.16 25.62 
Solucion Greedy Costo>1 2 10 9 0 3 11 4 16 0 8 7 15 5 0 17 12 13 0 18 14 6 0 0 0 0 0 0 0 0 0 0 0 0 0 
Linea Vacia>
0 9.66 19.72 25.68 38.13 38.2 46.09 35.99 30.75 30.37 19.58 30.36 49.38 44.85 47.53 37.37 37.98 40.01 
8.9 0 10.47 15.08 28.85 37.44 45.34 35.23 29.99 25.4 13.05 20.88 38.35 34.74 46.91 36.62 31.65 28.95 
19.09 10.48 0 15.19 29.7 44.91 47.68 44.74 39.5 14.96 2.9 20.39 34.14 28.07 60.44 46.12 34.16 25.62 
26.21 15.12 15.19 0 14.73 29.22 32.82 28.8 28.18 24.29 19.25 5.11 23.32 24.79 49.21 30.19 18.82 13.88 
39.72 29.35 30.18 14.83 0 21.15 24.73 24.06 29.38 36.29 34.23 8.78 26.2 29.78 50.97 23.75 10.69 11.25 
Matriz de Costos>
0 9.66 19.72 25.68 38.13 38.2 46.09 35.99 30.75 30.37 19.58 30.36 49.38 44.85 47.53 37.37 37.98 40.01 
Dimension>35
8.9 0 10.47 15.08 28.85 37.44 45.34 35.23 29.99 25.4 13.05 20.88 38.35 34.74 46.91 36.62 31.65 28.95 
19.09 10.48 0 15.19 29.7 44.91 47.68 44.74 39.5 14.96 2.9 20.39 34.14 28.07 60.44 46.12 34.16 25.62 
26.21 15.12 15.19 0 14.73 29.22 32.82 28.8 28.18 24.29 19.25 5.11 23.32 24.79 49.21 30.19 18.82 13.88 
37.89 35.62 45.5 29.24 21.24 0 8.67 2.4 11.94 52.5 50.9 26.75 38.78 47.62 30.68 2.2 11.33 30 
Bandera>10
Fitness Greedy Costo>330.35
39.72 29.35 30.18 14.83 0 21.15 24.73 24.06 29.38 36.29 34.23 8.78 26.2 29.78 50.97 23.75 10.69 11.25 
46.1 43.75 51.15 36.29 26.02 9.51 0 11.57 20.24 57.22 55.65 31.52 41.08 52.35 34.54 9.87 17.12 34.76 
35.2 32.27 42.16 29.44 24.08 2.39 11.54 0 8.55 51.17 46.2 26.82 41.6 50.43 27.45 0.41 14.18 32.83 
8.9 0 10.47 15.08 28.85 37.44 45.34 35.23 29.99 25.4 13.05 20.88 38.35 34.74 46.91 36.62 31.65 28.95 
19.09 10.48 0 15.19 29.7 44.91 47.68 44.74 39.5 14.96 2.9 20.39 34.14 28.07 60.44 46.12 34.16 25.62 
Solucion Greedy Costo>1 2 10 9 0 3 11 4 16 0 8 7 15 5 0 17 12 13 0 18 14 6 0 0 0 0 0 0 0 0 0 0 0 0 0 
Linea Vacia>
26.21 15.12 15.19 0 14.73 29.22 32.82 28.8 28.18 24.29 19.25 5.11 23.32 24.79 49.21 30.19 18.82 13.88 
37.89 35.62 45.5 29.24 21.24 0 8.67 2.4 11.94 52.5 50.9 26.75 38.78 47.62 30.68 2.2 11.33 30 
30.77 29.89 39.78 28.71 30.73 10.87 20.27 8.42 0 50.08 43.81 28.67 49.14 52.46 23.55 9.66 19.84 39.7 
26.21 15.12 15.19 0 14.73 29.22 32.82 28.8 28.18 24.29 19.25 5.11 23.32 24.79 49.21 30.19 18.82 13.88 
39.72 29.35 30.18 14.83 0 21.15 24.73 24.06 29.38 36.29 34.23 8.78 26.2 29.78 50.97 23.75 10.69 11.25 
39.72 29.35 30.18 14.83 0 21.15 24.73 24.06 29.38 36.29 34.23 8.78 26.2 29.78 50.97 23.75 10.69 11.25 
46.1 43.75 51.15 36.29 26.02 9.51 0 11.57 20.24 57.22 55.65 31.52 41.08 52.35 34.54 9.87 17.12 34.76 
35.2 32.27 42.16 29.44 24.08 2.39 11.54 0 8.55 51.17 46.2 26.82 41.6 50.43 27.45 0.41 14.18 32.83 
30.47 25.49 14.9 24.18 34.76 50.96 54.51 52.23 48.42 0 10.76 24.57 32.63 24.31 68.91 53.61 40.62 29.05 
19.61 13.06 2.94 17.75 33.14 49.41 52.96 48.76 43.52 10.85 0 22.26 32.76 26.69 62.27 50.14 38.4 28.17 
Matriz de Costos>
0 9.66 19.72 25.68 38.13 38.2 46.09 35.99 30.75 30.37 19.58 30.36 49.38 44.85 47.53 37.37 37.98 40.01 
37.89 35.62 45.5 29.24 21.24 0 8.67 2.4 11.94 52.5 50.9 26.75 38.78 47.62 30.68 2.2 11.33 30 
30.38 20.81 20.41 5.12 8.77 26.87 30.45 28.15 31.03 24.49 22.9 0 19.71 23.15 52.04 29.47 16.43 10.25 
37.89 35.62 45.5 29.24 21.24 0 8.67 2.4 11.94 52.5 50.9 26.75 38.78 47.62 30.68 2.2 11.33 30 
46.1 43.75 51.15 36.29 26.02 9.51 0 11.57 20.24 57.22 55.65 31.52 41.08 52.35 34.54 9.87 17.12 34.76 
46.1 43.75 51.15 36.29 26.02 9.51 0 11.57 20.24 57.22 55.65 31.52 41.08 52.35 34.54 9.87 17.12 34.76 
30.77 29.89 39.78 28.71 30.73 10.87 20.27 8.42 0 50.08 43.81 28.67 49.14 52.46 23.55 9.66 19.84 39.7 
30.47 25.49 14.9 24.18 34.76 50.96 54.51 52.23 48.42 0 10.76 24.57 32.63 24.31 68.91 53.61 40.62 29.05 
49.3 39.28 34.6 23.71 20 38.74 41.26 41.74 46.92 33.84 33.03 19.58 0 18.39 69.6 41.33 28.33 10.35 
44.23 34.77 27.3 24.73 31.49 47.72 51.27 48.99 52.28 26.55 26.67 23.13 18.35 0 73.08 50.3 37.36 18.36 
Dimension>35
8.9 0 10.47 15.08 28.85 37.44 45.34 35.23 29.99 25.4 13.05 20.88 38.35 34.74 46.91 36.62 31.65 28.95 
19.09 10.48 0 15.19 29.7 44.91 47.68 44.74 39.5 14.96 2.9 20.39 34.14 28.07 60.44 46.12 34.16 25.62 
26.21 15.12 15.19 0 14.73 29.22 32.82 28.8 28.18 24.29 19.25 5.11 23.32 24.79 49.21 30.19 18.82 13.88 
35.2 32.27 42.16 29.44 24.08 2.39 11.54 0 8.55 51.17 46.2 26.82 41.6 50.43 27.45 0.41 14.18 32.83 
30.77 29.89 39.78 28.71 30.73 10.87 20.27 8.42 0 50.08 43.81 28.67 49.14 52.46 23.55 9.66 19.84 39.7 
35.2 32.27 42.16 29.44 24.08 2.39 11.54 0 8.55 51.17 46.2 26.82 41.6 50.43 27.45 0.41 14.18 32.83 
30.77 29.89 39.78 28.71 30.73 10.87 20.27 8.42 0 50.08 43.81 28.67 49.14 52.46 23.55 9.66 19.84 39.7 
19.61 13.06 2.94 17.75 33.14 49.41 52.96 48.76 43.52 10.85 0 22.26 32.76 26.69 62.27 50.14 38.4 28.17 
30.38 20.81 20.41 5.12 8.77 26.87 30.45 28.15 31.03 24.49 22.9 0 19.71 23.15 52.04 29.47 16.43 10.25 
46.32 48.35 59.19 48.22 51.12 30.49 34.5 27.14 22.28 68.14 61.3 50.03 68.48 73.36 0 27.8 40.33 60.7 
37.26 33.65 43.55 30.83 23.83 2.17 9.93 0.4 9.83 52.55 47.58 28.22 41.35 50.18 27.89 0 13.93 32.58 
Bandera>10
Fitness Greedy Costo>330.35
39.72 29.35 30.18 14.83 0 21.15 24.73 24.06 29.38 36.29 34.23 8.78 26.2 29.78 50.97 23.75 10.69 11.25 
37.89 35.62 45.5 29.24 21.24 0 8.67 2.4 11.94 52.5 50.9 26.75 38.78 47.62 30.68 2.2 11.33 30 
30.47 25.49 14.9 24.18 34.76 50.96 54.51 52.23 48.42 0 10.76 24.57 32.63 24.31 68.91 53.61 40.62 29.05 
49.3 39.28 34.6 23.71 20 38.74 41.26 41.74 46.92 33.84 33.03 19.58 0 18.39 69.6 41.33 28.33 10.35 
35.94 28.13 35.55 18.41 10.27 11.35 16.86 14.37 18.62 41.65 39.6 15.79 28.38 36.74 44.24 13.97 0 19.06 
40 30.08 24.92 13.84 11.3 30.01 33.58 33.01 39.47 26.5 24.92 10.19 10.33 19.51 60.37 32.6 19.58 0 
Solucion Greedy Costo>1 2 10 9 0 3 11 4 16 0 8 7 15 5 0 17 12 13 0 18 14 6 0 0 0 0 0 0 0 0 0 0 0 0 0 
Linea Vacia>
46.1 43.75 51.15 36.29 26.02 9.51 0 11.57 20.24 57.22 55.65 31.52 41.08 52.35 34.54 9.87 17.12 34.76 
35.2 32.27 42.16 29.44 24.08 2.39 11.54 0 8.55 51.17 46.2 26.82 41.6 50.43 27.45 0.41 14.18 32.83 
30.47 25.49 14.9 24.18 34.76 50.96 54.51 52.23 48.42 0 10.76 24.57 32.63 24.31 68.91 53.61 40.62 29.05 
19.61 13.06 2.94 17.75 33.14 49.41 52.96 48.76 43.52 10.85 0 22.26 32.76 26.69 62.27 50.14 38.4 28.17 
30.38 20.81 20.41 5.12 8.77 26.87 30.45 28.15 31.03 24.49 22.9 0 19.71 23.15 52.04 29.47 16.43 10.25 
Dimension>35
Bandera>10
Fitness Greedy Costo>330.35
19.61 13.06 2.94 17.75 33.14 49.41 52.96 48.76 43.52 10.85 0 22.26 32.76 26.69 62.27 50.14 38.4 28.17 
44.23 34.77 27.3 24.73 31.49 47.72 51.27 48.99 52.28 26.55 26.67 23.13 18.35 0 73.08 50.3 37.36 18.36 
46.32 48.35 59.19 48.22 51.12 30.49 34.5 27.14 22.28 68.14 61.3 50.03 68.48 73.36 0 27.8 40.33 60.7 
30.77 29.89 39.78 28.71 30.73 10.87 20.27 8.42 0 50.08 43.81 28.67 49.14 52.46 23.55 9.66 19.84 39.7 
30.47 25.49 14.9 24.18 34.76 50.96 54.51 52.23 48.42 0 10.76 24.57 32.63 24.31 68.91 53.61 40.62 29.05 
Matriz de Costos>
0 9.66 19.72 25.68 38.13 38.2 46.09 35.99 30.75 30.37 19.58 30.36 49.38 44.85 47.53 37.37 37.98 40.01 
30.38 20.81 20.41 5.12 8.77 26.87 30.45 28.15 31.03 24.49 22.9 0 19.71 23.15 52.04 29.47 16.43 10.25 
49.3 39.28 34.6 23.71 20 38.74 41.26 41.74 46.92 33.84 33.03 19.58 0 18.39 69.6 41.33 28.33 10.35 
37.26 33.65 43.55 30.83 23.83 2.17 9.93 0.4 9.83 52.55 47.58 28.22 41.35 50.18 27.89 0 13.93 32.58 
19.61 13.06 2.94 17.75 33.14 49.41 52.96 48.76 43.52 10.85 0 22.26 32.76 26.69 62.27 50.14 38.4 28.17 
30.38 20.81 20.41 5.12 8.77 26.87 30.45 28.15 31.03 24.49 22.9 0 19.71 23.15 52.04 29.47 16.43 10.25 
49.3 39.28 34.6 23.71 20 38.74 41.26 41.74 46.92 33.84 33.03 19.58 0 18.39 69.6 41.33 28.33 10.35 
44.23 34.77 27.3 24.73 31.49 47.72 51.27 48.99 52.28 26.55 26.67 23.13 18.35 0 73.08 50.3 37.36 18.36 
8.9 0 10.47 15.08 28.85 37.44 45.34 35.23 29.99 25.4 13.05 20.88 38.35 34.74 46.91 36.62 31.65 28.95 
19.09 10.48 0 15.19 29.7 44.91 47.68 44.74 39.5 14.96 2.9 20.39 34.14 28.07 60.44 46.12 34.16 25.62 
Solucion Greedy Costo>1 2 10 9 0 3 11 4 16 0 8 7 15 5 0 17 12 13 0 18 14 6 0 0 0 0 0 0 0 0 0 0 0 0 0 
Linea Vacia>
44.23 34.77 27.3 24.73 31.49 47.72 51.27 48.99 52.28 26.55 26.67 23.13 18.35 0 73.08 50.3 37.36 18.36 
35.94 28.13 35.55 18.41 10.27 11.35 16.86 14.37 18.62 41.65 39.6 15.79 28.38 36.74 44.24 13.97 0 19.06 
40 30.08 24.92 13.84 11.3 30.01 33.58 33.01 39.47 26.5 24.92 10.19 10.33 19.51 60.37 32.6 19.58 0 
49.3 39.28 34.6 23.71 20 38.74 41.26 41.74 46.92 33.84 33.03 19.58 0 18.39 69.6 41.33 28.33 10.35 
44.23 34.77 27.3 24.73 31.49 47.72 51.27 48.99 52.28 26.55 26.67 23.13 18.35 0 73.08 50.3 37.36 18.36 
46.32 48.35 59.19 48.22 51.12 30.49 34.5 27.14 22.28 68.14 61.3 50.03 68.48 73.36 0 27.8 40.33 60.7 
37.26 33.65 43.55 30.83 23.83 2.17 9.93 0.4 9.83 52.55 47.58 28.22 41.35 50.18 27.89 0 13.93 32.58 
26.21 15.12 15.19 0 14.73 29.22 32.82 28.8 28.18 24.29 19.25 5.11 23.32 24.79 49.21 30.19 18.82 13.88 
39.72 29.35 30.18 14.83 0 21.15 24.73 24.06 29.38 36.29 34.23 8.78 26.2 29.78 50.97 23.75 10.69 11.25 
46.32 48.35 59.19 48.22 51.12 30.49 34.5 27.14 22.28 68.14 61.3 50.03 68.48 73.36 0 27.8 40.33 60.7 
37.26 33.65 43.55 30.83 23.83 2.17 9.93 0.4 9.83 52.55 47.58 28.22 41.35 50.18 27.89 0 13.93 32.58 
46.32 48.35 59.19 48.22 51.12 30.49 34.5 27.14 22.28 68.14 61.3 50.03 68.48 73.36 0 27.8 40.33 60.7 
37.26 33.65 43.55 30.83 23.83 2.17 9.93 0.4 9.83 52.55 47.58 28.22 41.35 50.18 27.89 0 13.93 32.58 
35.94 28.13 35.55 18.41 10.27 11.35 16.86 14.37 18.62 41.65 39.6 15.79 28.38 36.74 44.24 13.97 0 19.06 
40 30.08 24.92 13.84 11.3 30.01 33.58 33.01 39.47 26.5 24.92 10.19 10.33 19.51 60.37 32.6 19.58 0 
35.94 28.13 35.55 18.41 10.27 11.35 16.86 14.37 18.62 41.65 39.6 15.79 28.38 36.74 44.24 13.97 0 19.06 
35.94 28.13 35.55 18.41 10.27 11.35 16.86 14.37 18.62 41.65 39.6 15.79 28.38 36.74 44.24 13.97 0 19.06 
40 30.08 24.92 13.84 11.3 30.01 33.58 33.01 39.47 26.5 24.92 10.19 10.33 19.51 60.37 32.6 19.58 0 
37.89 35.62 45.5 29.24 21.24 0 8.67 2.4 11.94 52.5 50.9 26.75 38.78 47.62 30.68 2.2 11.33 30 
46.1 43.75 51.15 36.29 26.02 9.51 0 11.57 20.24 57.22 55.65 31.52 41.08 52.35 34.54 9.87 17.12 34.76 
40 30.08 24.92 13.84 11.3 30.01 33.58 33.01 39.47 26.5 24.92 10.19 10.33 19.51 60.37 32.6 19.58 0 
35.2 32.27 42.16 29.44 24.08 2.39 11.54 0 8.55 51.17 46.2 26.82 41.6 50.43 27.45 0.41 14.18 32.83 
Matriz de Costos>
30.77 29.89 39.78 28.71 30.73 10.87 20.27 8.42 0 50.08 43.81 28.67 49.14 52.46 23.55 9.66 19.84 39.7 
0 9.66 19.72 25.68 38.13 38.2 46.09 35.99 30.75 30.37 19.58 30.36 49.38 44.85 47.53 37.37 37.98 40.01 
30.47 25.49 14.9 24.18 34.76 50.96 54.51 52.23 48.42 0 10.76 24.57 32.63 24.31 68.91 53.61 40.62 29.05 
Matriz de Costos>
0 9.66 19.72 25.68 38.13 38.2 46.09 35.99 30.75 30.37 19.58 30.36 49.38 44.85 47.53 37.37 37.98 40.01 
8.9 0 10.47 15.08 28.85 37.44 45.34 35.23 29.99 25.4 13.05 20.88 38.35 34.74 46.91 36.62 31.65 28.95 
19.61 13.06 2.94 17.75 33.14 49.41 52.96 48.76 43.52 10.85 0 22.26 32.76 26.69 62.27 50.14 38.4 28.17 
30.38 20.81 20.41 5.12 8.77 26.87 30.45 28.15 31.03 24.49 22.9 0 19.71 23.15 52.04 29.47 16.43 10.25 
Dimension>35
19.09 10.48 0 15.19 29.7 44.91 47.68 44.74 39.5 14.96 2.9 20.39 34.14 28.07 60.44 46.12 34.16 25.62 
26.21 15.12 15.19 0 14.73 29.22 32.82 28.8 28.18 24.29 19.25 5.11 23.32 24.79 49.21 30.19 18.82 13.88 
39.72 29.35 30.18 14.83 0 21.15 24.73 24.06 29.38 36.29 34.23 8.78 26.2 29.78 50.97 23.75 10.69 11.25 
8.9 0 10.47 15.08 28.85 37.44 45.34 35.23 29.99 25.4 13.05 20.88 38.35 34.74 46.91 36.62 31.65 28.95 
19.09 10.48 0 15.19 29.7 44.91 47.68 44.74 39.5 14.96 2.9 20.39 34.14 28.07 60.44 46.12 34.16 25.62 
26.21 15.12 15.19 0 14.73 29.22 32.82 28.8 28.18 24.29 19.25 5.11 23.32 24.79 49.21 30.19 18.82 13.88 
39.72 29.35 30.18 14.83 0 21.15 24.73 24.06 29.38 36.29 34.23 8.78 26.2 29.78 50.97 23.75 10.69 11.25 
Dimension>35
Bandera>10
Fitness Greedy Costo>330.35
49.3 39.28 34.6 23.71 20 38.74 41.26 41.74 46.92 33.84 33.03 19.58 0 18.39 69.6 41.33 28.33 10.35 
44.23 34.77 27.3 24.73 31.49 47.72 51.27 48.99 52.28 26.55 26.67 23.13 18.35 0 73.08 50.3 37.36 18.36 
46.32 48.35 59.19 48.22 51.12 30.49 34.5 27.14 22.28 68.14 61.3 50.03 68.48 73.36 0 27.8 40.33 60.7 
Bandera>10
Fitness Greedy Costo>330.35
Solucion Greedy Costo>1 2 10 9 0 3 11 4 16 0 8 7 15 5 0 17 12 13 0 18 14 6 0 0 0 0 0 0 0 0 0 0 0 0 0 
Linea Vacia>
37.89 35.62 45.5 29.24 21.24 0 8.67 2.4 11.94 52.5 50.9 26.75 38.78 47.62 30.68 2.2 11.33 30 
46.1 43.75 51.15 36.29 26.02 9.51 0 11.57 20.24 57.22 55.65 31.52 41.08 52.35 34.54 9.87 17.12 34.76 
37.26 33.65 43.55 30.83 23.83 2.17 9.93 0.4 9.83 52.55 47.58 28.22 41.35 50.18 27.89 0 13.93 32.58 
35.94 28.13 35.55 18.41 10.27 11.35 16.86 14.37 18.62 41.65 39.6 15.79 28.38 36.74 44.24 13.97 0 19.06 
37.89 35.62 45.5 29.24 21.24 0 8.67 2.4 11.94 52.5 50.9 26.75 38.78 47.62 30.68 2.2 11.33 30 
46.1 43.75 51.15 36.29 26.02 9.51 0 11.57 20.24 57.22 55.65 31.52 41.08 52.35 34.54 9.87 17.12 34.76 
35.2 32.27 42.16 29.44 24.08 2.39 11.54 0 8.55 51.17 46.2 26.82 41.6 50.43 27.45 0.41 14.18 32.83 
Solucion Greedy Costo>1 2 10 9 0 3 11 4 16 0 8 7 15 5 0 17 12 13 0 18 14 6 0 0 0 0 0 0 0 0 0 0 0 0 0 
Linea Vacia>
35.2 32.27 42.16 29.44 24.08 2.39 11.54 0 8.55 51.17 46.2 26.82 41.6 50.43 27.45 0.41 14.18 32.83 
30.77 29.89 39.78 28.71 30.73 10.87 20.27 8.42 0 50.08 43.81 28.67 49.14 52.46 23.55 9.66 19.84 39.7 
30.47 25.49 14.9 24.18 34.76 50.96 54.51 52.23 48.42 0 10.76 24.57 32.63 24.31 68.91 53.61 40.62 29.05 
40 30.08 24.92 13.84 11.3 30.01 33.58 33.01 39.47 26.5 24.92 10.19 10.33 19.51 60.37 32.6 19.58 0 
19.61 13.06 2.94 17.75 33.14 49.41 52.96 48.76 43.52 10.85 0 22.26 32.76 26.69 62.27 50.14 38.4 28.17 
30.38 20.81 20.41 5.12 8.77 26.87 30.45 28.15 31.03 24.49 22.9 0 19.71 23.15 52.04 29.47 16.43 10.25 
49.3 39.28 34.6 23.71 20 38.74 41.26 41.74 46.92 33.84 33.03 19.58 0 18.39 69.6 41.33 28.33 10.35 
44.23 34.77 27.3 24.73 31.49 47.72 51.27 48.99 52.28 26.55 26.67 23.13 18.35 0 73.08 50.3 37.36 18.36 
30.77 29.89 39.78 28.71 30.73 10.87 20.27 8.42 0 50.08 43.81 28.67 49.14 52.46 23.55 9.66 19.84 39.7 
30.47 25.49 14.9 24.18 34.76 50.96 54.51 52.23 48.42 0 10.76 24.57 32.63 24.31 68.91 53.61 40.62 29.05 
19.61 13.06 2.94 17.75 33.14 49.41 52.96 48.76 43.52 10.85 0 22.26 32.76 26.69 62.27 50.14 38.4 28.17 
30.38 20.81 20.41 5.12 8.77 26.87 30.45 28.15 31.03 24.49 22.9 0 19.71 23.15 52.04 29.47 16.43 10.25 
49.3 39.28 34.6 23.71 20 38.74 41.26 41.74 46.92 33.84 33.03 19.58 0 18.39 69.6 41.33 28.33 10.35 
44.23 34.77 27.3 24.73 31.49 47.72 51.27 48.99 52.28 26.55 26.67 23.13 18.35 0 73.08 50.3 37.36 18.36 
Matriz de Costos>
0 9.66 19.72 25.68 38.13 38.2 46.09 35.99 30.75 30.37 19.58 30.36 49.38 44.85 47.53 37.37 37.98 40.01 
8.9 0 10.47 15.08 28.85 37.44 45.34 35.23 29.99 25.4 13.05 20.88 38.35 34.74 46.91 36.62 31.65 28.95 
19.09 10.48 0 15.19 29.7 44.91 47.68 44.74 39.5 14.96 2.9 20.39 34.14 28.07 60.44 46.12 34.16 25.62 
26.21 15.12 15.19 0 14.73 29.22 32.82 28.8 28.18 24.29 19.25 5.11 23.32 24.79 49.21 30.19 18.82 13.88 
39.72 29.35 30.18 14.83 0 21.15 24.73 24.06 29.38 36.29 34.23 8.78 26.2 29.78 50.97 23.75 10.69 11.25 
46.32 48.35 59.19 48.22 51.12 30.49 34.5 27.14 22.28 68.14 61.3 50.03 68.48 73.36 0 27.8 40.33 60.7 
37.26 33.65 43.55 30.83 23.83 2.17 9.93 0.4 9.83 52.55 47.58 28.22 41.35 50.18 27.89 0 13.93 32.58 
35.94 28.13 35.55 18.41 10.27 11.35 16.86 14.37 18.62 41.65 39.6 15.79 28.38 36.74 44.24 13.97 0 19.06 
40 30.08 24.92 13.84 11.3 30.01 33.58 33.01 39.47 26.5 24.92 10.19 10.33 19.51 60.37 32.6 19.58 0 
37.89 35.62 45.5 29.24 21.24 0 8.67 2.4 11.94 52.5 50.9 26.75 38.78 47.62 30.68 2.2 11.33 30 
46.1 43.75 51.15 36.29 26.02 9.51 0 11.57 20.24 57.22 55.65 31.52 41.08 52.35 34.54 9.87 17.12 34.76 
35.2 32.27 42.16 29.44 24.08 2.39 11.54 0 8.55 51.17 46.2 26.82 41.6 50.43 27.45 0.41 14.18 32.83 
30.77 29.89 39.78 28.71 30.73 10.87 20.27 8.42 0 50.08 43.81 28.67 49.14 52.46 23.55 9.66 19.84 39.7 
30.47 25.49 14.9 24.18 34.76 50.96 54.51 52.23 48.42 0 10.76 24.57 32.63 24.31 68.91 53.61 40.62 29.05 
Matriz de Costos>
0 9.66 19.72 25.68 38.13 38.2 46.09 35.99 30.75 30.37 19.58 30.36 49.38 44.85 47.53 37.37 37.98 40.01 
8.9 0 10.47 15.08 28.85 37.44 45.34 35.23 29.99 25.4 13.05 20.88 38.35 34.74 46.91 36.62 31.65 28.95 
19.09 10.48 0 15.19 29.7 44.91 47.68 44.74 39.5 14.96 2.9 20.39 34.14 28.07 60.44 46.12 34.16 25.62 
46.32 48.35 59.19 48.22 51.12 30.49 34.5 27.14 22.28 68.14 61.3 50.03 68.48 73.36 0 27.8 40.33 60.7 
37.26 33.65 43.55 30.83 23.83 2.17 9.93 0.4 9.83 52.55 47.58 28.22 41.35 50.18 27.89 0 13.93 32.58 
35.94 28.13 35.55 18.41 10.27 11.35 16.86 14.37 18.62 41.65 39.6 15.79 28.38 36.74 44.24 13.97 0 19.06 
40 30.08 24.92 13.84 11.3 30.01 33.58 33.01 39.47 26.5 24.92 10.19 10.33 19.51 60.37 32.6 19.58 0 
19.61 13.06 2.94 17.75 33.14 49.41 52.96 48.76 43.52 10.85 0 22.26 32.76 26.69 62.27 50.14 38.4 28.17 
30.38 20.81 20.41 5.12 8.77 26.87 30.45 28.15 31.03 24.49 22.9 0 19.71 23.15 52.04 29.47 16.43 10.25 
49.3 39.28 34.6 23.71 20 38.74 41.26 41.74 46.92 33.84 33.03 19.58 0 18.39 69.6 41.33 28.33 10.35 
44.23 34.77 27.3 24.73 31.49 47.72 51.27 48.99 52.28 26.55 26.67 23.13 18.35 0 73.08 50.3 37.36 18.36 
46.32 48.35 59.19 48.22 51.12 30.49 34.5 27.14 22.28 68.14 61.3 50.03 68.48 73.36 0 27.8 40.33 60.7 
26.21 15.12 15.19 0 14.73 29.22 32.82 28.8 28.18 24.29 19.25 5.11 23.32 24.79 49.21 30.19 18.82 13.88 
39.72 29.35 30.18 14.83 0 21.15 24.73 24.06 29.38 36.29 34.23 8.78 26.2 29.78 50.97 23.75 10.69 11.25 
37.89 35.62 45.5 29.24 21.24 0 8.67 2.4 11.94 52.5 50.9 26.75 38.78 47.62 30.68 2.2 11.33 30 
46.1 43.75 51.15 36.29 26.02 9.51 0 11.57 20.24 57.22 55.65 31.52 41.08 52.35 34.54 9.87 17.12 34.76 
35.2 32.27 42.16 29.44 24.08 2.39 11.54 0 8.55 51.17 46.2 26.82 41.6 50.43 27.45 0.41 14.18 32.83 
Dimension>35
Bandera>10
Fitness Greedy Costo>330.35
Solucion Greedy Costo>1 2 10 9 0 3 11 4 16 0 8 7 15 5 0 17 12 13 0 18 14 6 0 0 0 0 0 0 0 0 0 0 0 0 0 
Linea Vacia>
37.26 33.65 43.55 30.83 23.83 2.17 9.93 0.4 9.83 52.55 47.58 28.22 41.35 50.18 27.89 0 13.93 32.58 
35.94 28.13 35.55 18.41 10.27 11.35 16.86 14.37 18.62 41.65 39.6 15.79 28.38 36.74 44.24 13.97 0 19.06 
40 30.08 24.92 13.84 11.3 30.01 33.58 33.01 39.47 26.5 24.92 10.19 10.33 19.51 60.37 32.6 19.58 0 
Dimension>35
Bandera>10
Fitness Greedy Costo>330.35
Solucion Greedy Costo>1 2 10 9 0 3 11 4 16 0 8 7 15 5 0 17 12 13 0 18 14 6 0 0 0 0 0 0 0 0 0 0 0 0 0 
Linea Vacia>
Dimension>35
Bandera>10
Fitness Greedy Costo>330.35
Solucion Greedy Costo>1 2 10 9 0 3 11 4 16 0 8 7 15 5 0 17 12 13 0 18 14 6 0 0 0 0 0 0 0 0 0 0 0 0 0 
Linea Vacia>
30.77 29.89 39.78 28.71 30.73 10.87 20.27 8.42 0 50.08 43.81 28.67 49.14 52.46 23.55 9.66 19.84 39.7 
30.47 25.49 14.9 24.18 34.76 50.96 54.51 52.23 48.42 0 10.76 24.57 32.63 24.31 68.91 53.61 40.62 29.05 
19.61 13.06 2.94 17.75 33.14 49.41 52.96 48.76 43.52 10.85 0 22.26 32.76 26.69 62.27 50.14 38.4 28.17 
30.38 20.81 20.41 5.12 8.77 26.87 30.45 28.15 31.03 24.49 22.9 0 19.71 23.15 52.04 29.47 16.43 10.25 
49.3 39.28 34.6 23.71 20 38.74 41.26 41.74 46.92 33.84 33.03 19.58 0 18.39 69.6 41.33 28.33 10.35 
44.23 34.77 27.3 24.73 31.49 47.72 51.27 48.99 52.28 26.55 26.67 23.13 18.35 0 73.08 50.3 37.36 18.36 
46.32 48.35 59.19 48.22 51.12 30.49 34.5 27.14 22.28 68.14 61.3 50.03 68.48 73.36 0 27.8 40.33 60.7 
37.26 33.65 43.55 30.83 23.83 2.17 9.93 0.4 9.83 52.55 47.58 28.22 41.35 50.18 27.89 0 13.93 32.58 
35.94 28.13 35.55 18.41 10.27 11.35 16.86 14.37 18.62 41.65 39.6 15.79 28.38 36.74 44.24 13.97 0 19.06 
40 30.08 24.92 13.84 11.3 30.01 33.58 33.01 39.47 26.5 24.92 10.19 10.33 19.51 60.37 32.6 19.58 0 
Matriz de Costos>
0 9.66 19.72 25.68 38.13 38.2 46.09 35.99 30.75 30.37 19.58 30.36 49.38 44.85 47.53 37.37 37.98 40.01 
8.9 0 10.47 15.08 28.85 37.44 45.34 35.23 29.99 25.4 13.05 20.88 38.35 34.74 46.91 36.62 31.65 28.95 
Matriz de Costos>
0 9.66 19.72 25.68 38.13 38.2 46.09 35.99 30.75 30.37 19.58 30.36 49.38 44.85 47.53 37.37 37.98 40.01 
8.9 0 10.47 15.08 28.85 37.44 45.34 35.23 29.99 25.4 13.05 20.88 38.35 34.74 46.91 36.62 31.65 28.95 
19.09 10.48 0 15.19 29.7 44.91 47.68 44.74 39.5 14.96 2.9 20.39 34.14 28.07 60.44 46.12 34.16 25.62 
26.21 15.12 15.19 0 14.73 29.22 32.82 28.8 28.18 24.29 19.25 5.11 23.32 24.79 49.21 30.19 18.82 13.88 
39.72 29.35 30.18 14.83 0 21.15 24.73 24.06 29.38 36.29 34.23 8.78 26.2 29.78 50.97 23.75 10.69 11.25 
37.89 35.62 45.5 29.24 21.24 0 8.67 2.4 11.94 52.5 50.9 26.75 38.78 47.62 30.68 2.2 11.33 30 
19.09 10.48 0 15.19 29.7 44.91 47.68 44.74 39.5 14.96 2.9 20.39 34.14 28.07 60.44 46.12 34.16 25.62 
26.21 15.12 15.19 0 14.73 29.22 32.82 28.8 28.18 24.29 19.25 5.11 23.32 24.79 49.21 30.19 18.82 13.88 
39.72 29.35 30.18 14.83 0 21.15 24.73 24.06 29.38 36.29 34.23 8.78 26.2 29.78 50.97 23.75 10.69 11.25 
37.89 35.62 45.5 29.24 21.24 0 8.67 2.4 11.94 52.5 50.9 26.75 38.78 47.62 30.68 2.2 11.33 30 
Matriz de Costos>
46.1 43.75 51.15 36.29 26.02 9.51 0 11.57 20.24 57.22 55.65 31.52 41.08 52.35 34.54 9.87 17.12 34.76 
35.2 32.27 42.16 29.44 24.08 2.39 11.54 0 8.55 51.17 46.2 26.82 41.6 50.43 27.45 0.41 14.18 32.83 
46.1 43.75 51.15 36.29 26.02 9.51 0 11.57 20.24 57.22 55.65 31.52 41.08 52.35 34.54 9.87 17.12 34.76 
35.2 32.27 42.16 29.44 24.08 2.39 11.54 0 8.55 51.17 46.2 26.82 41.6 50.43 27.45 0.41 14.18 32.83 
30.77 29.89 39.78 28.71 30.73 10.87 20.27 8.42 0 50.08 43.81 28.67 49.14 52.46 23.55 9.66 19.84 39.7 
30.47 25.49 14.9 24.18 34.76 50.96 54.51 52.23 48.42 0 10.76 24.57 32.63 24.31 68.91 53.61 40.62 29.05 
0 9.66 19.72 25.68 38.13 38.2 46.09 35.99 30.75 30.37 19.58 30.36 49.38 44.85 47.53 37.37 37.98 40.01 
8.9 0 10.47 15.08 28.85 37.44 45.34 35.23 29.99 25.4 13.05 20.88 38.35 34.74 46.91 36.62 31.65 28.95 
Dimension>35
19.61 13.06 2.94 17.75 33.14 49.41 52.96 48.76 43.52 10.85 0 22.26 32.76 26.69 62.27 50.14 38.4 28.17 
30.38 20.81 20.41 5.12 8.77 26.87 30.45 28.15 31.03 24.49 22.9 0 19.71 23.15 52.04 29.47 16.43 10.25 
30.77 29.89 39.78 28.71 30.73 10.87 20.27 8.42 0 50.08 43.81 28.67 49.14 52.46 23.55 9.66 19.84 39.7 
30.47 25.49 14.9 24.18 34.76 50.96 54.51 52.23 48.42 0 10.76 24.57 32.63 24.31 68.91 53.61 40.62 29.05 
19.61 13.06 2.94 17.75 33.14 49.41 52.96 48.76 43.52 10.85 0 22.26 32.76 26.69 62.27 50.14 38.4 28.17 
30.38 20.81 20.41 5.12 8.77 26.87 30.45 28.15 31.03 24.49 22.9 0 19.71 23.15 52.04 29.47 16.43 10.25 
49.3 39.28 34.6 23.71 20 38.74 41.26 41.74 46.92 33.84 33.03 19.58 0 18.39 69.6 41.33 28.33 10.35 
19.09 10.48 0 15.19 29.7 44.91 47.68 44.74 39.5 14.96 2.9 20.39 34.14 28.07 60.44 46.12 34.16 25.62 
49.3 39.28 34.6 23.71 20 38.74 41.26 41.74 46.92 33.84 33.03 19.58 0 18.39 69.6 41.33 28.33 10.35 
44.23 34.77 27.3 24.73 31.49 47.72 51.27 48.99 52.28 26.55 26.67 23.13 18.35 0 73.08 50.3 37.36 18.36 
46.32 48.35 59.19 48.22 51.12 30.49 34.5 27.14 22.28 68.14 61.3 50.03 68.48 73.36 0 27.8 40.33 60.7 
26.21 15.12 15.19 0 14.73 29.22 32.82 28.8 28.18 24.29 19.25 5.11 23.32 24.79 49.21 30.19 18.82 13.88 
Dimension>35
Bandera>10
Fitness Greedy Costo>330.35
Bandera>10
Fitness Greedy Costo>330.35
Solucion Greedy Costo>1 2 10 9 0 3 11 4 16 0 8 7 15 5 0 17 12 13 0 18 14 6 0 0 0 0 0 0 0 0 0 0 0 0 0 
Linea Vacia>
37.26 33.65 43.55 30.83 23.83 2.17 9.93 0.4 9.83 52.55 47.58 28.22 41.35 50.18 27.89 0 13.93 32.58 
35.94 28.13 35.55 18.41 10.27 11.35 16.86 14.37 18.62 41.65 39.6 15.79 28.38 36.74 44.24 13.97 0 19.06 
44.23 34.77 27.3 24.73 31.49 47.72 51.27 48.99 52.28 26.55 26.67 23.13 18.35 0 73.08 50.3 37.36 18.36 
46.32 48.35 59.19 48.22 51.12 30.49 34.5 27.14 22.28 68.14 61.3 50.03 68.48 73.36 0 27.8 40.33 60.7 
37.26 33.65 43.55 30.83 23.83 2.17 9.93 0.4 9.83 52.55 47.58 28.22 41.35 50.18 27.89 0 13.93 32.58 
35.94 28.13 35.55 18.41 10.27 11.35 16.86 14.37 18.62 41.65 39.6 15.79 28.38 36.74 44.24 13.97 0 19.06 
39.72 29.35 30.18 14.83 0 21.15 24.73 24.06 29.38 36.29 34.23 8.78 26.2 29.78 50.97 23.75 10.69 11.25 
40 30.08 24.92 13.84 11.3 30.01 33.58 33.01 39.47 26.5 24.92 10.19 10.33 19.51 60.37 32.6 19.58 0 
40 30.08 24.92 13.84 11.3 30.01 33.58 33.01 39.47 26.5 24.92 10.19 10.33 19.51 60.37 32.6 19.58 0 
Dimension>35
37.89 35.62 45.5 29.24 21.24 0 8.67 2.4 11.94 52.5 50.9 26.75 38.78 47.62 30.68 2.2 11.33 30 
46.1 43.75 51.15 36.29 26.02 9.51 0 11.57 20.24 57.22 55.65 31.52 41.08 52.35 34.54 9.87 17.12 34.76 
Solucion Greedy Costo>1 2 10 9 0 3 11 4 16 0 8 7 15 5 0 17 12 13 0 18 14 6 0 0 0 0 0 0 0 0 0 0 0 0 0 
Linea Vacia>
Bandera>10
Fitness Greedy Costo>330.35
Solucion Greedy Costo>1 2 10 9 0 3 11 4 16 0 8 7 15 5 0 17 12 13 0 18 14 6 0 0 0 0 0 0 0 0 0 0 0 0 0 
Linea Vacia>
35.2 32.27 42.16 29.44 24.08 2.39 11.54 0 8.55 51.17 46.2 26.82 41.6 50.43 27.45 0.41 14.18 32.83 
30.77 29.89 39.78 28.71 30.73 10.87 20.27 8.42 0 50.08 43.81 28.67 49.14 52.46 23.55 9.66 19.84 39.7 
30.47 25.49 14.9 24.18 34.76 50.96 54.51 52.23 48.42 0 10.76 24.57 32.63 24.31 68.91 53.61 40.62 29.05 
19.61 13.06 2.94 17.75 33.14 49.41 52.96 48.76 43.52 10.85 0 22.26 32.76 26.69 62.27 50.14 38.4 28.17 
30.38 20.81 20.41 5.12 8.77 26.87 30.45 28.15 31.03 24.49 22.9 0 19.71 23.15 52.04 29.47 16.43 10.25 
49.3 39.28 34.6 23.71 20 38.74 41.26 41.74 46.92 33.84 33.03 19.58 0 18.39 69.6 41.33 28.33 10.35 
44.23 34.77 27.3 24.73 31.49 47.72 51.27 48.99 52.28 26.55 26.67 23.13 18.35 0 73.08 50.3 37.36 18.36 
Matriz de Costos>
Matriz de Costos>
0 9.66 19.72 25.68 38.13 38.2 46.09 35.99 30.75 30.37 19.58 30.36 49.38 44.85 47.53 37.37 37.98 40.01 
8.9 0 10.47 15.08 28.85 37.44 45.34 35.23 29.99 25.4 13.05 20.88 38.35 34.74 46.91 36.62 31.65 28.95 
Matriz de Costos>
0 9.66 19.72 25.68 38.13 38.2 46.09 35.99 30.75 30.37 19.58 30.36 49.38 44.85 47.53 37.37 37.98 40.01 
0 9.66 19.72 25.68 38.13 38.2 46.09 35.99 30.75 30.37 19.58 30.36 49.38 44.85 47.53 37.37 37.98 40.01 
8.9 0 10.47 15.08 28.85 37.44 45.34 35.23 29.99 25.4 13.05 20.88 38.35 34.74 46.91 36.62 31.65 28.95 
46.32 48.35 59.19 48.22 51.12 30.49 34.5 27.14 22.28 68.14 61.3 50.03 68.48 73.36 0 27.8 40.33 60.7 
37.26 33.65 43.55 30.83 23.83 2.17 9.93 0.4 9.83 52.55 47.58 28.22 41.35 50.18 27.89 0 13.93 32.58 
19.09 10.48 0 15.19 29.7 44.91 47.68 44.74 39.5 14.96 2.9 20.39 34.14 28.07 60.44 46.12 34.16 25.62 
26.21 15.12 15.19 0 14.73 29.22 32.82 28.8 28.18 24.29 19.25 5.11 23.32 24.79 49.21 30.19 18.82 13.88 
39.72 29.35 30.18 14.83 0 21.15 24.73 24.06 29.38 36.29 34.23 8.78 26.2 29.78 50.97 23.75 10.69 11.25 
37.89 35.62 45.5 29.24 21.24 0 8.67 2.4 11.94 52.5 50.9 26.75 38.78 47.62 30.68 2.2 11.33 30 
Dimension>35
8.9 0 10.47 15.08 28.85 37.44 45.34 35.23 29.99 25.4 13.05 20.88 38.35 34.74 46.91 36.62 31.65 28.95 
19.09 10.48 0 15.19 29.7 44.91 47.68 44.74 39.5 14.96 2.9 20.39 34.14 28.07 60.44 46.12 34.16 25.62 
19.09 10.48 0 15.19 29.7 44.91 47.68 44.74 39.5 14.96 2.9 20.39 34.14 28.07 60.44 46.12 34.16 25.62 
26.21 15.12 15.19 0 14.73 29.22 32.82 28.8 28.18 24.29 19.25 5.11 23.32 24.79 49.21 30.19 18.82 13.88 
Bandera>10
Fitness Greedy Costo>330.35
Solucion Greedy Costo>1 2 10 9 0 3 11 4 16 0 8 7 15 5 0 17 12 13 0 18 14 6 0 0 0 0 0 0 0 0 0 0 0 0 0 
Linea Vacia>
Dimension>35
Bandera>10
Fitness Greedy Costo>330.35
35.94 28.13 35.55 18.41 10.27 11.35 16.86 14.37 18.62 41.65 39.6 15.79 28.38 36.74 44.24 13.97 0 19.06 
40 30.08 24.92 13.84 11.3 30.01 33.58 33.01 39.47 26.5 24.92 10.19 10.33 19.51 60.37 32.6 19.58 0 
26.21 15.12 15.19 0 14.73 29.22 32.82 28.8 28.18 24.29 19.25 5.11 23.32 24.79 49.21 30.19 18.82 13.88 
39.72 29.35 30.18 14.83 0 21.15 24.73 24.06 29.38 36.29 34.23 8.78 26.2 29.78 50.97 23.75 10.69 11.25 
39.72 29.35 30.18 14.83 0 21.15 24.73 24.06 29.38 36.29 34.23 8.78 26.2 29.78 50.97 23.75 10.69 11.25 
46.1 43.75 51.15 36.29 26.02 9.51 0 11.57 20.24 57.22 55.65 31.52 41.08 52.35 34.54 9.87 17.12 34.76 
35.2 32.27 42.16 29.44 24.08 2.39 11.54 0 8.55 51.17 46.2 26.82 41.6 50.43 27.45 0.41 14.18 32.83 
30.77 29.89 39.78 28.71 30.73 10.87 20.27 8.42 0 50.08 43.81 28.67 49.14 52.46 23.55 9.66 19.84 39.7 
30.47 25.49 14.9 24.18 34.76 50.96 54.51 52.23 48.42 0 10.76 24.57 32.63 24.31 68.91 53.61 40.62 29.05 
Solucion Greedy Costo>1 2 10 9 0 3 11 4 16 0 8 7 15 5 0 17 12 13 0 18 14 6 0 0 0 0 0 0 0 0 0 0 0 0 0 
Linea Vacia>
37.89 35.62 45.5 29.24 21.24 0 8.67 2.4 11.94 52.5 50.9 26.75 38.78 47.62 30.68 2.2 11.33 30 
37.89 35.62 45.5 29.24 21.24 0 8.67 2.4 11.94 52.5 50.9 26.75 38.78 47.62 30.68 2.2 11.33 30 
19.61 13.06 2.94 17.75 33.14 49.41 52.96 48.76 43.52 10.85 0 22.26 32.76 26.69 62.27 50.14 38.4 28.17 
30.38 20.81 20.41 5.12 8.77 26.87 30.45 28.15 31.03 24.49 22.9 0 19.71 23.15 52.04 29.47 16.43 10.25 
Dimension>35
Bandera>10
Fitness Greedy Costo>330.35
Solucion Greedy Costo>1 2 10 9 0 3 11 4 16 0 8 7 15 5 0 17 12 13 0 18 14 6 0 0 0 0 0 0 0 0 0 0 0 0 0 
Linea Vacia>
46.1 43.75 51.15 36.29 26.02 9.51 0 11.57 20.24 57.22 55.65 31.52 41.08 52.35 34.54 9.87 17.12 34.76 
35.2 32.27 42.16 29.44 24.08 2.39 11.54 0 8.55 51.17 46.2 26.82 41.6 50.43 27.45 0.41 14.18 32.83 
46.1 43.75 51.15 36.29 26.02 9.51 0 11.57 20.24 57.22 55.65 31.52 41.08 52.35 34.54 9.87 17.12 34.76 
49.3 39.28 34.6 23.71 20 38.74 41.26 41.74 46.92 33.84 33.03 19.58 0 18.39 69.6 41.33 28.33 10.35 
44.23 34.77 27.3 24.73 31.49 47.72 51.27 48.99 52.28 26.55 26.67 23.13 18.35 0 73.08 50.3 37.36 18.36 
30.77 29.89 39.78 28.71 30.73 10.87 20.27 8.42 0 50.08 43.81 28.67 49.14 52.46 23.55 9.66 19.84 39.7 
35.2 32.27 42.16 29.44 24.08 2.39 11.54 0 8.55 51.17 46.2 26.82 41.6 50.43 27.45 0.41 14.18 32.83 
30.77 29.89 39.78 28.71 30.73 10.87 20.27 8.42 0 50.08 43.81 28.67 49.14 52.46 23.55 9.66 19.84 39.7 
46.32 48.35 59.19 48.22 51.12 30.49 34.5 27.14 22.28 68.14 61.3 50.03 68.48 73.36 0 27.8 40.33 60.7 
37.26 33.65 43.55 30.83 23.83 2.17 9.93 0.4 9.83 52.55 47.58 28.22 41.35 50.18 27.89 0 13.93 32.58 
35.94 28.13 35.55 18.41 10.27 11.35 16.86 14.37 18.62 41.65 39.6 15.79 28.38 36.74 44.24 13.97 0 19.06 
Matriz de Costos>
0 9.66 19.72 25.68 38.13 38.2 46.09 35.99 30.75 30.37 19.58 30.36 49.38 44.85 47.53 37.37 37.98 40.01 
8.9 0 10.47 15.08 28.85 37.44 45.34 35.23 29.99 25.4 13.05 20.88 38.35 34.74 46.91 36.62 31.65 28.95 
19.09 10.48 0 15.19 29.7 44.91 47.68 44.74 39.5 14.96 2.9 20.39 34.14 28.07 60.44 46.12 34.16 25.62 
26.21 15.12 15.19 0 14.73 29.22 32.82 28.8 28.18 24.29 19.25 5.11 23.32 24.79 49.21 30.19 18.82 13.88 
30.47 25.49 14.9 24.18 34.76 50.96 54.51 52.23 48.42 0 10.76 24.57 32.63 24.31 68.91 53.61 40.62 29.05 
19.61 13.06 2.94 17.75 33.14 49.41 52.96 48.76 43.52 10.85 0 22.26 32.76 26.69 62.27 50.14 38.4 28.17 
Dimension>35
40 30.08 24.92 13.84 11.3 30.01 33.58 33.01 39.47 26.5 24.92 10.19 10.33 19.51 60.37 32.6 19.58 0 
Matriz de Costos>
0 9.66 19.72 25.68 38.13 38.2 46.09 35.99 30.75 30.37 19.58 30.36 49.38 44.85 47.53 37.37 37.98 40.01 
8.9 0 10.47 15.08 28.85 37.44 45.34 35.23 29.99 25.4 13.05 20.88 38.35 34.74 46.91 36.62 31.65 28.95 
Matriz de Costos>
0 9.66 19.72 25.68 38.13 38.2 46.09 35.99 30.75 30.37 19.58 30.36 49.38 44.85 47.53 37.37 37.98 40.01 
8.9 0 10.47 15.08 28.85 37.44 45.34 35.23 29.99 25.4 13.05 20.88 38.35 34.74 46.91 36.62 31.65 28.95 
39.72 29.35 30.18 14.83 0 21.15 24.73 24.06 29.38 36.29 34.23 8.78 26.2 29.78 50.97 23.75 10.69 11.25 
37.89 35.62 45.5 29.24 21.24 0 8.67 2.4 11.94 52.5 50.9 26.75 38.78 47.62 30.68 2.2 11.33 30 
46.1 43.75 51.15 36.29 26.02 9.51 0 11.57 20.24 57.22 55.65 31.52 41.08 52.35 34.54 9.87 17.12 34.76 
35.2 32.27 42.16 29.44 24.08 2.39 11.54 0 8.55 51.17 46.2 26.82 41.6 50.43 27.45 0.41 14.18 32.83 
30.38 20.81 20.41 5.12 8.77 26.87 30.45 28.15 31.03 24.49 22.9 0 19.71 23.15 52.04 29.47 16.43 10.25 
30.47 25.49 14.9 24.18 34.76 50.96 54.51 52.23 48.42 0 10.76 24.57 32.63 24.31 68.91 53.61 40.62 29.05 
19.61 13.06 2.94 17.75 33.14 49.41 52.96 48.76 43.52 10.85 0 22.26 32.76 26.69 62.27 50.14 38.4 28.17 
Bandera>10
Fitness Greedy Costo>330.35
Solucion Greedy Costo>1 2 10 9 0 3 11 4 16 0 8 7 15 5 0 17 12 13 0 18 14 6 0 0 0 0 0 0 0 0 0 0 0 0 0 
Linea Vacia>
19.09 10.48 0 15.19 29.7 44.91 47.68 44.74 39.5 14.96 2.9 20.39 34.14 28.07 60.44 46.12 34.16 25.62 
26.21 15.12 15.19 0 14.73 29.22 32.82 28.8 28.18 24.29 19.25 5.11 23.32 24.79 49.21 30.19 18.82 13.88 
39.72 29.35 30.18 14.83 0 21.15 24.73 24.06 29.38 36.29 34.23 8.78 26.2 29.78 50.97 23.75 10.69 11.25 
19.09 10.48 0 15.19 29.7 44.91 47.68 44.74 39.5 14.96 2.9 20.39 34.14 28.07 60.44 46.12 34.16 25.62 
26.21 15.12 15.19 0 14.73 29.22 32.82 28.8 28.18 24.29 19.25 5.11 23.32 24.79 49.21 30.19 18.82 13.88 
39.72 29.35 30.18 14.83 0 21.15 24.73 24.06 29.38 36.29 34.23 8.78 26.2 29.78 50.97 23.75 10.69 11.25 
37.89 35.62 45.5 29.24 21.24 0 8.67 2.4 11.94 52.5 50.9 26.75 38.78 47.62 30.68 2.2 11.33 30 
30.77 29.89 39.78 28.71 30.73 10.87 20.27 8.42 0 50.08 43.81 28.67 49.14 52.46 23.55 9.66 19.84 39.7 
30.47 25.49 14.9 24.18 34.76 50.96 54.51 52.23 48.42 0 10.76 24.57 32.63 24.31 68.91 53.61 40.62 29.05 
19.61 13.06 2.94 17.75 33.14 49.41 52.96 48.76 43.52 10.85 0 22.26 32.76 26.69 62.27 50.14 38.4 28.17 
30.38 20.81 20.41 5.12 8.77 26.87 30.45 28.15 31.03 24.49 22.9 0 19.71 23.15 52.04 29.47 16.43 10.25 
49.3 39.28 34.6 23.71 20 38.74 41.26 41.74 46.92 33.84 33.03 19.58 0 18.39 69.6 41.33 28.33 10.35 
30.38 20.81 20.41 5.12 8.77 26.87 30.45 28.15 31.03 24.49 22.9 0 19.71 23.15 52.04 29.47 16.43 10.25 
37.89 35.62 45.5 29.24 21.24 0 8.67 2.4 11.94 52.5 50.9 26.75 38.78 47.62 30.68 2.2 11.33 30 
46.1 43.75 51.15 36.29 26.02 9.51 0 11.57 20.24 57.22 55.65 31.52 41.08 52.35 34.54 9.87 17.12 34.76 
35.2 32.27 42.16 29.44 24.08 2.39 11.54 0 8.55 51.17 46.2 26.82 41.6 50.43 27.45 0.41 14.18 32.83 
46.1 43.75 51.15 36.29 26.02 9.51 0 11.57 20.24 57.22 55.65 31.52 41.08 52.35 34.54 9.87 17.12 34.76 
49.3 39.28 34.6 23.71 20 38.74 41.26 41.74 46.92 33.84 33.03 19.58 0 18.39 69.6 41.33 28.33 10.35 
44.23 34.77 27.3 24.73 31.49 47.72 51.27 48.99 52.28 26.55 26.67 23.13 18.35 0 73.08 50.3 37.36 18.36 
46.32 48.35 59.19 48.22 51.12 30.49 34.5 27.14 22.28 68.14 61.3 50.03 68.48 73.36 0 27.8 40.33 60.7 
44.23 34.77 27.3 24.73 31.49 47.72 51.27 48.99 52.28 26.55 26.67 23.13 18.35 0 73.08 50.3 37.36 18.36 
49.3 39.28 34.6 23.71 20 38.74 41.26 41.74 46.92 33.84 33.03 19.58 0 18.39 69.6 41.33 28.33 10.35 
35.2 32.27 42.16 29.44 24.08 2.39 11.54 0 8.55 51.17 46.2 26.82 41.6 50.43 27.45 0.41 14.18 32.83 
30.77 29.89 39.78 28.71 30.73 10.87 20.27 8.42 0 50.08 43.81 28.67 49.14 52.46 23.55 9.66 19.84 39.7 
30.47 25.49 14.9 24.18 34.76 50.96 54.51 52.23 48.42 0 10.76 24.57 32.63 24.31 68.91 53.61 40.62 29.05 
19.61 13.06 2.94 17.75 33.14 49.41 52.96 48.76 43.52 10.85 0 22.26 32.76 26.69 62.27 50.14 38.4 28.17 
46.32 48.35 59.19 48.22 51.12 30.49 34.5 27.14 22.28 68.14 61.3 50.03 68.48 73.36 0 27.8 40.33 60.7 
44.23 34.77 27.3 24.73 31.49 47.72 51.27 48.99 52.28 26.55 26.67 23.13 18.35 0 73.08 50.3 37.36 18.36 
30.77 29.89 39.78 28.71 30.73 10.87 20.27 8.42 0 50.08 43.81 28.67 49.14 52.46 23.55 9.66 19.84 39.7 
30.38 20.81 20.41 5.12 8.77 26.87 30.45 28.15 31.03 24.49 22.9 0 19.71 23.15 52.04 29.47 16.43 10.25 
49.3 39.28 34.6 23.71 20 38.74 41.26 41.74 46.92 33.84 33.03 19.58 0 18.39 69.6 41.33 28.33 10.35 
37.26 33.65 43.55 30.83 23.83 2.17 9.93 0.4 9.83 52.55 47.58 28.22 41.35 50.18 27.89 0 13.93 32.58 
35.94 28.13 35.55 18.41 10.27 11.35 16.86 14.37 18.62 41.65 39.6 15.79 28.38 36.74 44.24 13.97 0 19.06 
40 30.08 24.92 13.84 11.3 30.01 33.58 33.01 39.47 26.5 24.92 10.19 10.33 19.51 60.37 32.6 19.58 0 
30.47 25.49 14.9 24.18 34.76 50.96 54.51 52.23 48.42 0 10.76 24.57 32.63 24.31 68.91 53.61 40.62 29.05 
44.23 34.77 27.3 24.73 31.49 47.72 51.27 48.99 52.28 26.55 26.67 23.13 18.35 0 73.08 50.3 37.36 18.36 
37.26 33.65 43.55 30.83 23.83 2.17 9.93 0.4 9.83 52.55 47.58 28.22 41.35 50.18 27.89 0 13.93 32.58 
46.32 48.35 59.19 48.22 51.12 30.49 34.5 27.14 22.28 68.14 61.3 50.03 68.48 73.36 0 27.8 40.33 60.7 
19.61 13.06 2.94 17.75 33.14 49.41 52.96 48.76 43.52 10.85 0 22.26 32.76 26.69 62.27 50.14 38.4 28.17 
30.38 20.81 20.41 5.12 8.77 26.87 30.45 28.15 31.03 24.49 22.9 0 19.71 23.15 52.04 29.47 16.43 10.25 
46.32 48.35 59.19 48.22 51.12 30.49 34.5 27.14 22.28 68.14 61.3 50.03 68.48 73.36 0 27.8 40.33 60.7 
37.26 33.65 43.55 30.83 23.83 2.17 9.93 0.4 9.83 52.55 47.58 28.22 41.35 50.18 27.89 0 13.93 32.58 
37.26 33.65 43.55 30.83 23.83 2.17 9.93 0.4 9.83 52.55 47.58 28.22 41.35 50.18 27.89 0 13.93 32.58 
35.94 28.13 35.55 18.41 10.27 11.35 16.86 14.37 18.62 41.65 39.6 15.79 28.38 36.74 44.24 13.97 0 19.06 
35.94 28.13 35.55 18.41 10.27 11.35 16.86 14.37 18.62 41.65 39.6 15.79 28.38 36.74 44.24 13.97 0 19.06 
49.3 39.28 34.6 23.71 20 38.74 41.26 41.74 46.92 33.84 33.03 19.58 0 18.39 69.6 41.33 28.33 10.35 
44.23 34.77 27.3 24.73 31.49 47.72 51.27 48.99 52.28 26.55 26.67 23.13 18.35 0 73.08 50.3 37.36 18.36 
35.94 28.13 35.55 18.41 10.27 11.35 16.86 14.37 18.62 41.65 39.6 15.79 28.38 36.74 44.24 13.97 0 19.06 
40 30.08 24.92 13.84 11.3 30.01 33.58 33.01 39.47 26.5 24.92 10.19 10.33 19.51 60.37 32.6 19.58 0 
46.32 48.35 59.19 48.22 51.12 30.49 34.5 27.14 22.28 68.14 61.3 50.03 68.48 73.36 0 27.8 40.33 60.7 
37.26 33.65 43.55 30.83 23.83 2.17 9.93 0.4 9.83 52.55 47.58 28.22 41.35 50.18 27.89 0 13.93 32.58 
35.94 28.13 35.55 18.41 10.27 11.35 16.86 14.37 18.62 41.65 39.6 15.79 28.38 36.74 44.24 13.97 0 19.06 
40 30.08 24.92 13.84 11.3 30.01 33.58 33.01 39.47 26.5 24.92 10.19 10.33 19.51 60.37 32.6 19.58 0 
40 30.08 24.92 13.84 11.3 30.01 33.58 33.01 39.47 26.5 24.92 10.19 10.33 19.51 60.37 32.6 19.58 0 
Dimension>35
Matriz de Costos>
0 9.66 19.72 25.68 38.13 38.2 46.09 35.99 30.75 30.37 19.58 30.36 49.38 44.85 47.53 37.37 37.98 40.01 
Dimension>35
Bandera>10
Fitness Greedy Costo>330.35
40 30.08 24.92 13.84 11.3 30.01 33.58 33.01 39.47 26.5 24.92 10.19 10.33 19.51 60.37 32.6 19.58 0 
Bandera>10
Fitness Greedy Costo>330.35
Solucion Greedy Costo>1 2 10 9 0 3 11 4 16 0 8 7 15 5 0 17 12 13 0 18 14 6 0 0 0 0 0 0 0 0 0 0 0 0 0 
Linea Vacia>
8.9 0 10.47 15.08 28.85 37.44 45.34 35.23 29.99 25.4 13.05 20.88 38.35 34.74 46.91 36.62 31.65 28.95 
19.09 10.48 0 15.19 29.7 44.91 47.68 44.74 39.5 14.96 2.9 20.39 34.14 28.07 60.44 46.12 34.16 25.62 
Solucion Greedy Costo>1 2 10 9 0 3 11 4 16 0 8 7 15 5 0 17 12 13 0 18 14 6 0 0 0 0 0 0 0 0 0 0 0 0 0 
Linea Vacia>
26.21 15.12 15.19 0 14.73 29.22 32.82 28.8 28.18 24.29 19.25 5.11 23.32 24.79 49.21 30.19 18.82 13.88 
39.72 29.35 30.18 14.83 0 21.15 24.73 24.06 29.38 36.29 34.23 8.78 26.2 29.78 50.97 23.75 10.69 11.25 
37.89 35.62 45.5 29.24 21.24 0 8.67 2.4 11.94 52.5 50.9 26.75 38.78 47.62 30.68 2.2 11.33 30 
46.1 43.75 51.15 36.29 26.02 9.51 0 11.57 20.24 57.22 55.65 31.52 41.08 52.35 34.54 9.87 17.12 34.76 
35.2 32.27 42.16 29.44 24.08 2.39 11.54 0 8.55 51.17 46.2 26.82 41.6 50.43 27.45 0.41 14.18 32.83 
Matriz de Costos>
0 9.66 19.72 25.68 38.13 38.2 46.09 35.99 30.75 30.37 19.58 30.36 49.38 44.85 47.53 37.37 37.98 40.01 
8.9 0 10.47 15.08 28.85 37.44 45.34 35.23 29.99 25.4 13.05 20.88 38.35 34.74 46.91 36.62 31.65 28.95 
Dimension>35
Bandera>10
Fitness Greedy Costo>330.35
Solucion Greedy Costo>1 2 10 9 0 3 11 4 16 0 8 7 15 5 0 17 12 13 0 18 14 6 0 0 0 0 0 0 0 0 0 0 0 0 0 
Linea Vacia>
Matriz de Costos>
0 9.66 19.72 25.68 38.13 38.2 46.09 35.99 30.75 30.37 19.58 30.36 49.38 44.85 47.53 37.37 37.98 40.01 
8.9 0 10.47 15.08 28.85 37.44 45.34 35.23 29.99 25.4 13.05 20.88 38.35 34.74 46.91 36.62 31.65 28.95 
19.09 10.48 0 15.19 29.7 44.91 47.68 44.74 39.5 14.96 2.9 20.39 34.14 28.07 60.44 46.12 34.16 25.62 
19.09 10.48 0 15.19 29.7 44.91 47.68 44.74 39.5 14.96 2.9 20.39 34.14 28.07 60.44 46.12 34.16 25.62 
26.21 15.12 15.19 0 14.73 29.22 32.82 28.8 28.18 24.29 19.25 5.11 23.32 24.79 49.21 30.19 18.82 13.88 
39.72 29.35 30.18 14.83 0 21.15 24.73 24.06 29.38 36.29 34.23 8.78 26.2 29.78 50.97 23.75 10.69 11.25 
37.89 35.62 45.5 29.24 21.24 0 8.67 2.4 11.94 52.5 50.9 26.75 38.78 47.62 30.68 2.2 11.33 30 
30.77 29.89 39.78 28.71 30.73 10.87 20.27 8.42 0 50.08 43.81 28.67 49.14 52.46 23.55 9.66 19.84 39.7 
30.47 25.49 14.9 24.18 34.76 50.96 54.51 52.23 48.42 0 10.76 24.57 32.63 24.31 68.91 53.61 40.62 29.05 
19.61 13.06 2.94 17.75 33.14 49.41 52.96 48.76 43.52 10.85 0 22.26 32.76 26.69 62.27 50.14 38.4 28.17 
Dimension>35
Bandera>10
Fitness Greedy Costo>330.35
30.38 20.81 20.41 5.12 8.77 26.87 30.45 28.15 31.03 24.49 22.9 0 19.71 23.15 52.04 29.47 16.43 10.25 
49.3 39.28 34.6 23.71 20 38.74 41.26 41.74 46.92 33.84 33.03 19.58 0 18.39 69.6 41.33 28.33 10.35 
26.21 15.12 15.19 0 14.73 29.22 32.82 28.8 28.18 24.29 19.25 5.11 23.32 24.79 49.21 30.19 18.82 13.88 
39.72 29.35 30.18 14.83 0 21.15 24.73 24.06 29.38 36.29 34.23 8.78 26.2 29.78 50.97 23.75 10.69 11.25 
37.89 35.62 45.5 29.24 21.24 0 8.67 2.4 11.94 52.5 50.9 26.75 38.78 47.62 30.68 2.2 11.33 30 
46.1 43.75 51.15 36.29 26.02 9.51 0 11.57 20.24 57.22 55.65 31.52 41.08 52.35 34.54 9.87 17.12 34.76 
46.1 43.75 51.15 36.29 26.02 9.51 0 11.57 20.24 57.22 55.65 31.52 41.08 52.35 34.54 9.87 17.12 34.76 
35.2 32.27 42.16 29.44 24.08 2.39 11.54 0 8.55 51.17 46.2 26.82 41.6 50.43 27.45 0.41 14.18 32.83 
30.77 29.89 39.78 28.71 30.73 10.87 20.27 8.42 0 50.08 43.81 28.67 49.14 52.46 23.55 9.66 19.84 39.7 
30.47 25.49 14.9 24.18 34.76 50.96 54.51 52.23 48.42 0 10.76 24.57 32.63 24.31 68.91 53.61 40.62 29.05 
19.61 13.06 2.94 17.75 33.14 49.41 52.96 48.76 43.52 10.85 0 22.26 32.76 26.69 62.27 50.14 38.4 28.17 
Solucion Greedy Costo>1 2 10 9 0 3 11 4 16 0 8 7 15 5 0 17 12 13 0 18 14 6 0 0 0 0 0 0 0 0 0 0 0 0 0 
Linea Vacia>
Matriz de Costos>
0 9.66 19.72 25.68 38.13 38.2 46.09 35.99 30.75 30.37 19.58 30.36 49.38 44.85 47.53 37.37 37.98 40.01 
8.9 0 10.47 15.08 28.85 37.44 45.34 35.23 29.99 25.4 13.05 20.88 38.35 34.74 46.91 36.62 31.65 28.95 
19.09 10.48 0 15.19 29.7 44.91 47.68 44.74 39.5 14.96 2.9 20.39 34.14 28.07 60.44 46.12 34.16 25.62 
26.21 15.12 15.19 0 14.73 29.22 32.82 28.8 28.18 24.29 19.25 5.11 23.32 24.79 49.21 30.19 18.82 13.88 
44.23 34.77 27.3 24.73 31.49 47.72 51.27 48.99 52.28 26.55 26.67 23.13 18.35 0 73.08 50.3 37.36 18.36 
46.32 48.35 59.19 48.22 51.12 30.49 34.5 27.14 22.28 68.14 61.3 50.03 68.48 73.36 0 27.8 40.33 60.7 
35.2 32.27 42.16 29.44 24.08 2.39 11.54 0 8.55 51.17 46.2 26.82 41.6 50.43 27.45 0.41 14.18 32.83 
30.77 29.89 39.78 28.71 30.73 10.87 20.27 8.42 0 50.08 43.81 28.67 49.14 52.46 23.55 9.66 19.84 39.7 
30.47 25.49 14.9 24.18 34.76 50.96 54.51 52.23 48.42 0 10.76 24.57 32.63 24.31 68.91 53.61 40.62 29.05 
30.38 20.81 20.41 5.12 8.77 26.87 30.45 28.15 31.03 24.49 22.9 0 19.71 23.15 52.04 29.47 16.43 10.25 
49.3 39.28 34.6 23.71 20 38.74 41.26 41.74 46.92 33.84 33.03 19.58 0 18.39 69.6 41.33 28.33 10.35 
44.23 34.77 27.3 24.73 31.49 47.72 51.27 48.99 52.28 26.55 26.67 23.13 18.35 0 73.08 50.3 37.36 18.36 
46.32 48.35 59.19 48.22 51.12 30.49 34.5 27.14 22.28 68.14 61.3 50.03 68.48 73.36 0 27.8 40.33 60.7 
37.26 33.65 43.55 30.83 23.83 2.17 9.93 0.4 9.83 52.55 47.58 28.22 41.35 50.18 27.89 0 13.93 32.58 
39.72 29.35 30.18 14.83 0 21.15 24.73 24.06 29.38 36.29 34.23 8.78 26.2 29.78 50.97 23.75 10.69 11.25 
37.89 35.62 45.5 29.24 21.24 0 8.67 2.4 11.94 52.5 50.9 26.75 38.78 47.62 30.68 2.2 11.33 30 
46.1 43.75 51.15 36.29 26.02 9.51 0 11.57 20.24 57.22 55.65 31.52 41.08 52.35 34.54 9.87 17.12 34.76 
35.2 32.27 42.16 29.44 24.08 2.39 11.54 0 8.55 51.17 46.2 26.82 41.6 50.43 27.45 0.41 14.18 32.83 
30.77 29.89 39.78 28.71 30.73 10.87 20.27 8.42 0 50.08 43.81 28.67 49.14 52.46 23.55 9.66 19.84 39.7 
30.47 25.49 14.9 24.18 34.76 50.96 54.51 52.23 48.42 0 10.76 24.57 32.63 24.31 68.91 53.61 40.62 29.05 
37.26 33.65 43.55 30.83 23.83 2.17 9.93 0.4 9.83 52.55 47.58 28.22 41.35 50.18 27.89 0 13.93 32.58 
35.94 28.13 35.55 18.41 10.27 11.35 16.86 14.37 18.62 41.65 39.6 15.79 28.38 36.74 44.24 13.97 0 19.06 
40 30.08 24.92 13.84 11.3 30.01 33.58 33.01 39.47 26.5 24.92 10.19 10.33 19.51 60.37 32.6 19.58 0 
19.61 13.06 2.94 17.75 33.14 49.41 52.96 48.76 43.52 10.85 0 22.26 32.76 26.69 62.27 50.14 38.4 28.17 
30.38 20.81 20.41 5.12 8.77 26.87 30.45 28.15 31.03 24.49 22.9 0 19.71 23.15 52.04 29.47 16.43 10.25 
49.3 39.28 34.6 23.71 20 38.74 41.26 41.74 46.92 33.84 33.03 19.58 0 18.39 69.6 41.33 28.33 10.35 
35.94 28.13 35.55 18.41 10.27 11.35 16.86 14.37 18.62 41.65 39.6 15.79 28.38 36.74 44.24 13.97 0 19.06 
40 30.08 24.92 13.84 11.3 30.01 33.58 33.01 39.47 26.5 24.92 10.19 10.33 19.51 60.37 32.6 19.58 0 
19.61 13.06 2.94 17.75 33.14 49.41 52.96 48.76 43.52 10.85 0 22.26 32.76 26.69 62.27 50.14 38.4 28.17 
30.38 20.81 20.41 5.12 8.77 26.87 30.45 28.15 31.03 24.49 22.9 0 19.71 23.15 52.04 29.47 16.43 10.25 
49.3 39.28 34.6 23.71 20 38.74 41.26 41.74 46.92 33.84 33.03 19.58 0 18.39 69.6 41.33 28.33 10.35 
44.23 34.77 27.3 24.73 31.49 47.72 51.27 48.99 52.28 26.55 26.67 23.13 18.35 0 73.08 50.3 37.36 18.36 
44.23 34.77 27.3 24.73 31.49 47.72 51.27 48.99 52.28 26.55 26.67 23.13 18.35 0 73.08 50.3 37.36 18.36 
46.32 48.35 59.19 48.22 51.12 30.49 34.5 27.14 22.28 68.14 61.3 50.03 68.48 73.36 0 27.8 40.33 60.7 
Matriz de Costos>
0 9.66 19.72 25.68 38.13 38.2 46.09 35.99 30.75 30.37 19.58 30.36 49.38 44.85 47.53 37.37 37.98 40.01 
8.9 0 10.47 15.08 28.85 37.44 45.34 35.23 29.99 25.4 13.05 20.88 38.35 34.74 46.91 36.62 31.65 28.95 
19.09 10.48 0 15.19 29.7 44.91 47.68 44.74 39.5 14.96 2.9 20.39 34.14 28.07 60.44 46.12 34.16 25.62 
46.32 48.35 59.19 48.22 51.12 30.49 34.5 27.14 22.28 68.14 61.3 50.03 68.48 73.36 0 27.8 40.33 60.7 
37.26 33.65 43.55 30.83 23.83 2.17 9.93 0.4 9.83 52.55 47.58 28.22 41.35 50.18 27.89 0 13.93 32.58 
35.94 28.13 35.55 18.41 10.27 11.35 16.86 14.37 18.62 41.65 39.6 15.79 28.38 36.74 44.24 13.97 0 19.06 
40 30.08 24.92 13.84 11.3 30.01 33.58 33.01 39.47 26.5 24.92 10.19 10.33 19.51 60.37 32.6 19.58 0 
37.26 33.65 43.55 30.83 23.83 2.17 9.93 0.4 9.83 52.55 47.58 28.22 41.35 50.18 27.89 0 13.93 32.58 
26.21 15.12 15.19 0 14.73 29.22 32.82 28.8 28.18 24.29 19.25 5.11 23.32 24.79 49.21 30.19 18.82 13.88 
35.94 28.13 35.55 18.41 10.27 11.35 16.86 14.37 18.62 41.65 39.6 15.79 28.38 36.74 44.24 13.97 0 19.06 
40 30.08 24.92 13.84 11.3 30.01 33.58 33.01 39.47 26.5 24.92 10.19 10.33 19.51 60.37 32.6 19.58 0 
39.72 29.35 30.18 14.83 0 21.15 24.73 24.06 29.38 36.29 34.23 8.78 26.2 29.78 50.97 23.75 10.69 11.25 
37.89 35.62 45.5 29.24 21.24 0 8.67 2.4 11.94 52.5 50.9 26.75 38.78 47.62 30.68 2.2 11.33 30 
46.1 43.75 51.15 36.29 26.02 9.51 0 11.57 20.24 57.22 55.65 31.52 41.08 52.35 34.54 9.87 17.12 34.76 
35.2 32.27 42.16 29.44 24.08 2.39 11.54 0 8.55 51.17 46.2 26.82 41.6 50.43 27.45 0.41 14.18 32.83 
30.77 29.89 39.78 28.71 30.73 10.87 20.27 8.42 0 50.08 43.81 28.67 49.14 52.46 23.55 9.66 19.84 39.7 
30.47 25.49 14.9 24.18 34.76 50.96 54.51 52.23 48.42 0 10.76 24.57 32.63 24.31 68.91 53.61 40.62 29.05 
19.61 13.06 2.94 17.75 33.14 49.41 52.96 48.76 43.52 10.85 0 22.26 32.76 26.69 62.27 50.14 38.4 28.17 
30.38 20.81 20.41 5.12 8.77 26.87 30.45 28.15 31.03 24.49 22.9 0 19.71 23.15 52.04 29.47 16.43 10.25 
49.3 39.28 34.6 23.71 20 38.74 41.26 41.74 46.92 33.84 33.03 19.58 0 18.39 69.6 41.33 28.33 10.35 
44.23 34.77 27.3 24.73 31.49 47.72 51.27 48.99 52.28 26.55 26.67 23.13 18.35 0 73.08 50.3 37.36 18.36 
46.32 48.35 59.19 48.22 51.12 30.49 34.5 27.14 22.28 68.14 61.3 50.03 68.48 73.36 0 27.8 40.33 60.7 
37.26 33.65 43.55 30.83 23.83 2.17 9.93 0.4 9.83 52.55 47.58 28.22 41.35 50.18 27.89 0 13.93 32.58 
35.94 28.13 35.55 18.41 10.27 11.35 16.86 14.37 18.62 41.65 39.6 15.79 28.38 36.74 44.24 13.97 0 19.06 
40 30.08 24.92 13.84 11.3 30.01 33.58 33.01 39.47 26.5 24.92 10.19 10.33 19.51 60.37 32.6 19.58 0 
Dimension>35
Bandera>10
Fitness Greedy Costo>330.35
Solucion Greedy Costo>1 2 10 9 0 3 11 4 16 0 8 7 15 5 0 17 12 13 0 18 14 6 0 0 0 0 0 0 0 0 0 0 0 0 0 
Linea Vacia>
Matriz de Costos>
0 9.66 19.72 25.68 38.13 38.2 46.09 35.99 30.75 30.37 19.58 30.36 49.38 44.85 47.53 37.37 37.98 40.01 
8.9 0 10.47 15.08 28.85 37.44 45.34 35.23 29.99 25.4 13.05 20.88 38.35 34.74 46.91 36.62 31.65 28.95 
19.09 10.48 0 15.19 29.7 44.91 47.68 44.74 39.5 14.96 2.9 20.39 34.14 28.07 60.44 46.12 34.16 25.62 
26.21 15.12 15.19 0 14.73 29.22 32.82 28.8 28.18 24.29 19.25 5.11 23.32 24.79 49.21 30.19 18.82 13.88 
39.72 29.35 30.18 14.83 0 21.15 24.73 24.06 29.38 36.29 34.23 8.78 26.2 29.78 50.97 23.75 10.69 11.25 
37.89 35.62 45.5 29.24 21.24 0 8.67 2.4 11.94 52.5 50.9 26.75 38.78 47.62 30.68 2.2 11.33 30 
46.1 43.75 51.15 36.29 26.02 9.51 0 11.57 20.24 57.22 55.65 31.52 41.08 52.35 34.54 9.87 17.12 34.76 
35.2 32.27 42.16 29.44 24.08 2.39 11.54 0 8.55 51.17 46.2 26.82 41.6 50.43 27.45 0.41 14.18 32.83 
30.77 29.89 39.78 28.71 30.73 10.87 20.27 8.42 0 50.08 43.81 28.67 49.14 52.46 23.55 9.66 19.84 39.7 
30.47 25.49 14.9 24.18 34.76 50.96 54.51 52.23 48.42 0 10.76 24.57 32.63 24.31 68.91 53.61 40.62 29.05 
19.61 13.06 2.94 17.75 33.14 49.41 52.96 48.76 43.52 10.85 0 22.26 32.76 26.69 62.27 50.14 38.4 28.17 
30.38 20.81 20.41 5.12 8.77 26.87 30.45 28.15 31.03 24.49 22.9 0 19.71 23.15 52.04 29.47 16.43 10.25 
49.3 39.28 34.6 23.71 20 38.74 41.26 41.74 46.92 33.84 33.03 19.58 0 18.39 69.6 41.33 28.33 10.35 
44.23 34.77 27.3 24.73 31.49 47.72 51.27 48.99 52.28 26.55 26.67 23.13 18.35 0 73.08 50.3 37.36 18.36 
46.32 48.35 59.19 48.22 51.12 30.49 34.5 27.14 22.28 68.14 61.3 50.03 68.48 73.36 0 27.8 40.33 60.7 
37.26 33.65 43.55 30.83 23.83 2.17 9.93 0.4 9.83 52.55 47.58 28.22 41.35 50.18 27.89 0 13.93 32.58 
35.94 28.13 35.55 18.41 10.27 11.35 16.86 14.37 18.62 41.65 39.6 15.79 28.38 36.74 44.24 13.97 0 19.06 
40 30.08 24.92 13.84 11.3 30.01 33.58 33.01 39.47 26.5 24.92 10.19 10.33 19.51 60.37 32.6 19.58 0 
GEN 0 562.830000
GEN 0 605.380000
GEN 0 642.660000
GEN 0 658.690000
GEN 0 592.080000
GEN 0 647.950000
TIEMPO 0 605.380000
GEN 0 577.880000
GEN 0 612.700000
GEN 0 531.680000
GEN 0 601.540000
GEN 0 608.930000
GEN 0 567.380000
GEN 0 525.170000
GEN 0 663.560000
TIEMPO 0 581.670000
GEN 0 590.130000
TIEMPO 0 590.130000
GEN 0 602.080000
TIEMPO 0 641.920000
GEN 0 634.330000
TIEMPO 0 634.330000
GEN 0 591.000000
TIEMPO 0 591.000000
TIEMPO 0 577.880000
TIEMPO 0 606.100000
TIEMPO 0 595.570000
TIEMPO 0 645.240000
TIEMPO 0 601.540000
TIEMPO 0 544.340000
TIEMPO 0 521.080000
TIEMPO 0 589.990000
TIEMPO 0 602.080000
TIEMPO 0 601.150000
TIEMPO 0 531.680000
GEN 0 658.710000
TIEMPO 0 562.830000
TIEMPO 0 613.120000
GEN 0 633.680000
TIEMPO 0 629.790000
GEN 0 563.850000
GEN 0 524.830000
TIEMPO 0 524.830000
TIEMPO 0 563.850000
GEN 0 579.560000
GEN 0 591.580000
TIEMPO 0 579.560000
TIEMPO 0 591.580000
GREEDY 0 0.037104
GREEDY 5 0.043406
GREEDY 0 0.066019
GREEDY 5 0.083288
GREEDY 0 0.104458
GREEDY 0 0.105205
GREEDY 0 0.105455
GREEDY 0 0.120556
GREEDY 0 0.155886
GREEDY 0 0.160240
GREEDY 5 0.177660
GREEDY 0 0.178340
GREEDY 0 0.173040
GEN 2500 373.560000
GEN 2500 321.130000
GEN 2500 330.550000
GEN 2500 330.830000
GEN 2500 310.520000
GEN 2500 333.330000
GEN 2500 336.570000
GEN 2500 323.980000
GEN 2500 331.390000
GEN 2500 364.660000
GEN 2500 329.110000
GEN 2500 303.220000
GREEDY 0 0.212059
GREEDY 0 0.220868
GEN 2500 320.470000
GEN 2500 350.260000
GEN 2500 351.100000
GEN 2500 344.990000
GEN 2500 308.720000
GREEDY 5 0.253642
GREEDY 5 0.258560
GEN 2500 323.160000
GREEDY 0 0.270958
GREEDY 0 0.277826
GEN 2500 330.030000
GEN 2500 360.190000
GEN 2500 325.190000
GEN 2500 324.450000
GREEDY 0 0.350967
GEN 2500 335.240000
GEN 5000 366.190000
GEN 2500 320.470000
GEN 5000 303.220000
GEN 5000 323.900000
GEN 5000 330.830000
GREEDY 0 0.412529
GEN 5000 310.520000
GEN 5000 333.330000
GEN 5000 323.980000
GEN 5000 329.230000
GEN 5000 364.660000
GEN 5000 310.520000
GEN 5000 320.470000
GEN 5000 344.990000
GEN 5000 350.260000
GEN 5000 351.100000
GREEDY 5 0.455885
GREEDY 5 0.458161
GEN 5000 321.130000
GEN 5000 308.720000
GEN 5000 320.830000
GEN 5000 330.030000
GEN 5000 303.220000
GREEDY 5 0.562253
GEN 7500 305.030000
GEN 5000 335.240000
GEN 7500 303.220000
GREEDY 0 0.591592
GEN 7500 323.900000
GEN 7500 330.830000
GEN 7500 310.520000
GEN 7500 323.980000
GEN 7500 333.330000
GEN 7500 329.230000
GEN 5000 325.190000
GEN 5000 320.220000
GEN 7500 358.730000
GEN 7500 310.520000
GEN 7500 320.470000
GEN 7500 350.260000
GEN 7500 344.990000
GEN 7500 351.100000
GEN 7500 321.130000
GEN 5000 309.630000
GEN 7500 308.720000
GEN 7500 320.830000
GEN 5000 311.830000
GEN 7500 330.030000
GEN 7500 303.220000
GEN 10000 305.030000
TIEMPO 0.750931 305.030000
GEN 7500 335.240000
GEN 10000 303.220000
TIEMPO 0.784655 303.220000
GEN 10000 330.830000
TIEMPO 0.818522 330.830000
GEN 10000 323.900000
TIEMPO 0.825005 323.900000
GEN 10000 310.520000
TIEMPO 0.829617 310.520000
GEN 7500 315.120000
GEN 10000 333.330000
TIEMPO 0.837579 333.330000
GEN 10000 323.980000
TIEMPO 0.838258 323.980000
GEN 7500 309.630000
GEN 7500 325.190000
GEN 10000 329.230000
TIEMPO 0.844005 329.230000
GEN 10000 333.940000
TIEMPO 0.847386 333.940000
GEN 10000 310.520000
TIEMPO 0.848664 310.520000
GEN 10000 320.470000
TIEMPO 0.859239 320.470000
GEN 10000 350.260000
TIEMPO 0.869312 350.260000
GEN 10000 344.990000
TIEMPO 0.854477 344.990000
GEN 10000 351.100000
TIEMPO 0.875028 351.100000
GEN 10000 321.130000
TIEMPO 0.879419 321.130000
GEN 10000 308.720000
TIEMPO 0.873907 308.720000
GEN 7500 311.830000
GEN 10000 330.030000
TIEMPO 0.934673 330.030000
GEN 10000 303.220000
TIEMPO 0.951438 303.220000
GEN 10000 335.240000
TIEMPO 0.944533 335.240000
TIEMPO 1 325.190000
TIEMPO 1 315.120000
TIEMPO 1 309.630000
TIEMPO 1 311.830000
GEN 10000 309.630000
TIEMPO 1.008682 309.630000
TIEMPO 1 320.830000
GEN 10000 315.120000
TIEMPO 1.040768 315.120000
GEN 10000 325.190000
TIEMPO 1.052552 325.190000
GEN 10000 320.830000
TIEMPO 1.077704 320.830000
GEN 10000 311.830000
TIEMPO 1.128773 311.830000

 Current State ---------------------------------------------
Solution:  7 15 5 6 0 8 18 14 0 1 17 12 13 0 2 10 9 0 3 11 4 16 0 0 0 0 0 0 0 0 0 0 0 0 0 Fitness: 303.22

 :( ---------------------- THE END --------------- :) 
