Dimension>35
Bandera>10
Fitness Greedy Costo>330.35
Solucion Greedy Costo>1 2 10 9 0 3 11 4 16 0 8 7 15 5 0 17 12 13 0 18 14 6 0 0 0 0 0 0 0 0 0 0 0 0 0 
Linea Vacia>
Matriz de Costos>
0 9.66 19.72 25.68 38.13 38.2 46.09 35.99 30.75 30.37 19.58 30.36 49.38 44.85 47.53 37.37 37.98 40.01 
8.9 0 10.47 15.08 28.85 37.44 45.34 35.23 29.99 25.4 13.05 20.88 38.35 34.74 46.91 36.62 31.65 28.95 
19.09 10.48 0 15.19 29.7 44.91 47.68 44.74 39.5 14.96 2.9 20.39 34.14 28.07 60.44 46.12 34.16 25.62 
26.21 15.12 15.19 0 14.73 29.22 32.82 28.8 28.18 24.29 19.25 5.11 23.32 24.79 49.21 30.19 18.82 13.88 
39.72 29.35 30.18 14.83 0 21.15 24.73 24.06 29.38 36.29 34.23 8.78 26.2 29.78 50.97 23.75 10.69 11.25 
37.89 35.62 45.5 29.24 21.24 0 8.67 2.4 11.94 52.5 50.9 26.75 38.78 47.62 30.68 2.2 11.33 30 
46.1 43.75 51.15 36.29 26.02 9.51 0 11.57 20.24 57.22 55.65 31.52 41.08 52.35 34.54 9.87 17.12 34.76 
Dimension>35
Bandera>10
Fitness Greedy Costo>330.35
Solucion Greedy Costo>1 2 10 9 0 3 11 4 16 0 8 7 15 5 0 17 12 13 0 18 14 6 0 0 0 0 0 0 0 0 0 0 0 0 0 
Linea Vacia>
Matriz de Costos>
Dimension>35
Bandera>10
Fitness Greedy Costo>330.35
Solucion Greedy Costo>1 2 10 9 0 3 11 4 16 0 8 7 15 5 0 17 12 13 0 18 14 6 0 0 0 0 0 0 0 0 0 0 0 0 0 
Linea Vacia>
Matriz de Costos>
0 9.66 19.72 25.68 38.13 38.2 46.09 35.99 30.75 30.37 19.58 30.36 49.38 44.85 47.53 37.37 37.98 40.01 
8.9 0 10.47 15.08 28.85 37.44 45.34 35.23 29.99 25.4 13.05 20.88 38.35 34.74 46.91 36.62 31.65 28.95 
19.09 10.48 0 15.19 29.7 44.91 47.68 44.74 39.5 14.96 2.9 20.39 34.14 28.07 60.44 46.12 34.16 25.62 
26.21 15.12 15.19 0 14.73 29.22 32.82 28.8 28.18 24.29 19.25 5.11 23.32 24.79 49.21 30.19 18.82 13.88 
39.72 29.35 30.18 14.83 0 21.15 24.73 24.06 29.38 36.29 34.23 8.78 26.2 29.78 50.97 23.75 10.69 11.25 
37.89 35.62 45.5 29.24 21.24 0 8.67 2.4 11.94 52.5 50.9 26.75 38.78 47.62 30.68 2.2 11.33 30 
46.1 43.75 51.15 36.29 26.02 9.51 0 11.57 20.24 57.22 55.65 31.52 41.08 52.35 34.54 9.87 17.12 34.76 
35.2 32.27 42.16 29.44 24.08 2.39 11.54 0 8.55 51.17 46.2 26.82 41.6 50.43 27.45 0.41 14.18 32.83 
Dimension>35
Bandera>10
Fitness Greedy Costo>330.35
Solucion Greedy Costo>1 2 10 9 0 3 11 4 16 0 8 7 15 5 0 17 12 13 0 18 14 6 0 0 0 0 0 0 0 0 0 0 0 0 0 
Linea Vacia>
Matriz de Costos>
0 9.66 19.72 25.68 38.13 38.2 46.09 35.99 30.75 30.37 19.58 30.36 49.38 44.85 47.53 37.37 37.98 40.01 
8.9 0 10.47 15.08 28.85 37.44 45.34 35.23 29.99 25.4 13.05 20.88 38.35 34.74 46.91 36.62 31.65 28.95 
19.09 10.48 0 15.19 29.7 44.91 47.68 44.74 39.5 14.96 2.9 20.39 34.14 28.07 60.44 46.12 34.16 25.62 
26.21 15.12 15.19 0 14.73 29.22 32.82 28.8 28.18 24.29 19.25 5.11 23.32 24.79 49.21 30.19 18.82 13.88 
39.72 29.35 30.18 14.83 0 21.15 24.73 24.06 29.38 36.29 34.23 8.78 26.2 29.78 50.97 23.75 10.69 11.25 
37.89 35.62 45.5 29.24 21.24 0 8.67 2.4 11.94 52.5 50.9 26.75 38.78 47.62 30.68 2.2 11.33 30 
46.1 43.75 51.15 36.29 26.02 9.51 0 11.57 20.24 57.22 55.65 31.52 41.08 52.35 34.54 9.87 17.12 34.76 
35.2 32.27 42.16 29.44 24.08 2.39 11.54 0 8.55 51.17 46.2 26.82 41.6 50.43 27.45 0.41 14.18 32.83 
30.77 29.89 39.78 28.71 30.73 10.87 20.27 8.42 0 50.08 43.81 28.67 49.14 52.46 23.55 9.66 19.84 39.7 
30.47 25.49 14.9 24.18 34.76 50.96 54.51 52.23 48.42 0 10.76 24.57 32.63 24.31 68.91 53.61 40.62 29.05 
19.61 13.06 2.94 17.75 33.14 49.41 52.96 48.76 43.52 10.85 0 22.26 32.76 26.69 62.27 50.14 38.4 28.17 
30.38 20.81 20.41 5.12 8.77 26.87 30.45 28.15 31.03 24.49 22.9 0 19.71 23.15 52.04 29.47 16.43 10.25 
49.3 39.28 34.6 23.71 20 38.74 41.26 41.74 46.92 33.84 33.03 19.58 0 18.39 69.6 41.33 28.33 10.35 
Dimension>35
Bandera>10
Fitness Greedy Costo>330.35
Solucion Greedy Costo>1 2 10 9 0 3 11 4 16 0 8 7 15 5 0 17 12 13 0 18 14 6 0 0 0 0 0 0 0 0 0 0 0 0 0 
Linea Vacia>
Matriz de Costos>
0 9.66 19.72 25.68 38.13 38.2 46.09 35.99 30.75 30.37 19.58 30.36 49.38 44.85 47.53 37.37 37.98 40.01 
Dimension>35
Bandera>10
Fitness Greedy Costo>330.35
Solucion Greedy Costo>1 2 10 9 0 3 11 4 16 0 8 7 15 5 0 17 12 13 0 18 14 6 0 0 0 0 0 0 0 0 0 0 0 0 0 
Linea Vacia>
35.2 32.27 42.16 29.44 24.08 2.39 11.54 0 8.55 51.17 46.2 26.82 41.6 50.43 27.45 0.41 14.18 32.83 
30.77 29.89 39.78 28.71 30.73 10.87 20.27 8.42 0 50.08 43.81 28.67 49.14 52.46 23.55 9.66 19.84 39.7 
0 9.66 19.72 25.68 38.13 38.2 46.09 35.99 30.75 30.37 19.58 30.36 49.38 44.85 47.53 37.37 37.98 40.01 
8.9 0 10.47 15.08 28.85 37.44 45.34 35.23 29.99 25.4 13.05 20.88 38.35 34.74 46.91 36.62 31.65 28.95 
30.77 29.89 39.78 28.71 30.73 10.87 20.27 8.42 0 50.08 43.81 28.67 49.14 52.46 23.55 9.66 19.84 39.7 
30.47 25.49 14.9 24.18 34.76 50.96 54.51 52.23 48.42 0 10.76 24.57 32.63 24.31 68.91 53.61 40.62 29.05 
19.61 13.06 2.94 17.75 33.14 49.41 52.96 48.76 43.52 10.85 0 22.26 32.76 26.69 62.27 50.14 38.4 28.17 
44.23 34.77 27.3 24.73 31.49 47.72 51.27 48.99 52.28 26.55 26.67 23.13 18.35 0 73.08 50.3 37.36 18.36 
46.32 48.35 59.19 48.22 51.12 30.49 34.5 27.14 22.28 68.14 61.3 50.03 68.48 73.36 0 27.8 40.33 60.7 
8.9 0 10.47 15.08 28.85 37.44 45.34 35.23 29.99 25.4 13.05 20.88 38.35 34.74 46.91 36.62 31.65 28.95 
19.09 10.48 0 15.19 29.7 44.91 47.68 44.74 39.5 14.96 2.9 20.39 34.14 28.07 60.44 46.12 34.16 25.62 
Dimension>35
Bandera>10
30.47 25.49 14.9 24.18 34.76 50.96 54.51 52.23 48.42 0 10.76 24.57 32.63 24.31 68.91 53.61 40.62 29.05 
19.09 10.48 0 15.19 29.7 44.91 47.68 44.74 39.5 14.96 2.9 20.39 34.14 28.07 60.44 46.12 34.16 25.62 
26.21 15.12 15.19 0 14.73 29.22 32.82 28.8 28.18 24.29 19.25 5.11 23.32 24.79 49.21 30.19 18.82 13.88 
30.38 20.81 20.41 5.12 8.77 26.87 30.45 28.15 31.03 24.49 22.9 0 19.71 23.15 52.04 29.47 16.43 10.25 
49.3 39.28 34.6 23.71 20 38.74 41.26 41.74 46.92 33.84 33.03 19.58 0 18.39 69.6 41.33 28.33 10.35 
37.26 33.65 43.55 30.83 23.83 2.17 9.93 0.4 9.83 52.55 47.58 28.22 41.35 50.18 27.89 0 13.93 32.58 
26.21 15.12 15.19 0 14.73 29.22 32.82 28.8 28.18 24.29 19.25 5.11 23.32 24.79 49.21 30.19 18.82 13.88 
39.72 29.35 30.18 14.83 0 21.15 24.73 24.06 29.38 36.29 34.23 8.78 26.2 29.78 50.97 23.75 10.69 11.25 
Dimension>35
Dimension>35
Fitness Greedy Costo>330.35
Solucion Greedy Costo>1 2 10 9 0 3 11 4 16 0 8 7 15 5 0 17 12 13 0 18 14 6 0 0 0 0 0 0 0 0 0 0 0 0 0 
Linea Vacia>
19.61 13.06 2.94 17.75 33.14 49.41 52.96 48.76 43.52 10.85 0 22.26 32.76 26.69 62.27 50.14 38.4 28.17 
30.38 20.81 20.41 5.12 8.77 26.87 30.45 28.15 31.03 24.49 22.9 0 19.71 23.15 52.04 29.47 16.43 10.25 
39.72 29.35 30.18 14.83 0 21.15 24.73 24.06 29.38 36.29 34.23 8.78 26.2 29.78 50.97 23.75 10.69 11.25 
37.89 35.62 45.5 29.24 21.24 0 8.67 2.4 11.94 52.5 50.9 26.75 38.78 47.62 30.68 2.2 11.33 30 
44.23 34.77 27.3 24.73 31.49 47.72 51.27 48.99 52.28 26.55 26.67 23.13 18.35 0 73.08 50.3 37.36 18.36 
46.32 48.35 59.19 48.22 51.12 30.49 34.5 27.14 22.28 68.14 61.3 50.03 68.48 73.36 0 27.8 40.33 60.7 
35.94 28.13 35.55 18.41 10.27 11.35 16.86 14.37 18.62 41.65 39.6 15.79 28.38 36.74 44.24 13.97 0 19.06 
40 30.08 24.92 13.84 11.3 30.01 33.58 33.01 39.47 26.5 24.92 10.19 10.33 19.51 60.37 32.6 19.58 0 
37.89 35.62 45.5 29.24 21.24 0 8.67 2.4 11.94 52.5 50.9 26.75 38.78 47.62 30.68 2.2 11.33 30 
46.1 43.75 51.15 36.29 26.02 9.51 0 11.57 20.24 57.22 55.65 31.52 41.08 52.35 34.54 9.87 17.12 34.76 
Bandera>10
Fitness Greedy Costo>330.35
Solucion Greedy Costo>1 2 10 9 0 3 11 4 16 0 8 7 15 5 0 17 12 13 0 18 14 6 0 0 0 0 0 0 0 0 0 0 0 0 0 
Linea Vacia>
Bandera>10
Fitness Greedy Costo>330.35
Solucion Greedy Costo>1 2 10 9 0 3 11 4 16 0 8 7 15 5 0 17 12 13 0 18 14 6 0 0 0 0 0 0 0 0 0 0 0 0 0 
Linea Vacia>
49.3 39.28 34.6 23.71 20 38.74 41.26 41.74 46.92 33.84 33.03 19.58 0 18.39 69.6 41.33 28.33 10.35 
44.23 34.77 27.3 24.73 31.49 47.72 51.27 48.99 52.28 26.55 26.67 23.13 18.35 0 73.08 50.3 37.36 18.36 
46.1 43.75 51.15 36.29 26.02 9.51 0 11.57 20.24 57.22 55.65 31.52 41.08 52.35 34.54 9.87 17.12 34.76 
35.2 32.27 42.16 29.44 24.08 2.39 11.54 0 8.55 51.17 46.2 26.82 41.6 50.43 27.45 0.41 14.18 32.83 
37.26 33.65 43.55 30.83 23.83 2.17 9.93 0.4 9.83 52.55 47.58 28.22 41.35 50.18 27.89 0 13.93 32.58 
35.94 28.13 35.55 18.41 10.27 11.35 16.86 14.37 18.62 41.65 39.6 15.79 28.38 36.74 44.24 13.97 0 19.06 
40 30.08 24.92 13.84 11.3 30.01 33.58 33.01 39.47 26.5 24.92 10.19 10.33 19.51 60.37 32.6 19.58 0 
46.32 48.35 59.19 48.22 51.12 30.49 34.5 27.14 22.28 68.14 61.3 50.03 68.48 73.36 0 27.8 40.33 60.7 
35.2 32.27 42.16 29.44 24.08 2.39 11.54 0 8.55 51.17 46.2 26.82 41.6 50.43 27.45 0.41 14.18 32.83 
30.77 29.89 39.78 28.71 30.73 10.87 20.27 8.42 0 50.08 43.81 28.67 49.14 52.46 23.55 9.66 19.84 39.7 
Dimension>35
37.26 33.65 43.55 30.83 23.83 2.17 9.93 0.4 9.83 52.55 47.58 28.22 41.35 50.18 27.89 0 13.93 32.58 
30.77 29.89 39.78 28.71 30.73 10.87 20.27 8.42 0 50.08 43.81 28.67 49.14 52.46 23.55 9.66 19.84 39.7 
30.47 25.49 14.9 24.18 34.76 50.96 54.51 52.23 48.42 0 10.76 24.57 32.63 24.31 68.91 53.61 40.62 29.05 
35.94 28.13 35.55 18.41 10.27 11.35 16.86 14.37 18.62 41.65 39.6 15.79 28.38 36.74 44.24 13.97 0 19.06 
30.47 25.49 14.9 24.18 34.76 50.96 54.51 52.23 48.42 0 10.76 24.57 32.63 24.31 68.91 53.61 40.62 29.05 
Matriz de Costos>
40 30.08 24.92 13.84 11.3 30.01 33.58 33.01 39.47 26.5 24.92 10.19 10.33 19.51 60.37 32.6 19.58 0 
19.61 13.06 2.94 17.75 33.14 49.41 52.96 48.76 43.52 10.85 0 22.26 32.76 26.69 62.27 50.14 38.4 28.17 
30.38 20.81 20.41 5.12 8.77 26.87 30.45 28.15 31.03 24.49 22.9 0 19.71 23.15 52.04 29.47 16.43 10.25 
19.61 13.06 2.94 17.75 33.14 49.41 52.96 48.76 43.52 10.85 0 22.26 32.76 26.69 62.27 50.14 38.4 28.17 
0 9.66 19.72 25.68 38.13 38.2 46.09 35.99 30.75 30.37 19.58 30.36 49.38 44.85 47.53 37.37 37.98 40.01 
8.9 0 10.47 15.08 28.85 37.44 45.34 35.23 29.99 25.4 13.05 20.88 38.35 34.74 46.91 36.62 31.65 28.95 
Bandera>10
Fitness Greedy Costo>330.35
30.38 20.81 20.41 5.12 8.77 26.87 30.45 28.15 31.03 24.49 22.9 0 19.71 23.15 52.04 29.47 16.43 10.25 
19.09 10.48 0 15.19 29.7 44.91 47.68 44.74 39.5 14.96 2.9 20.39 34.14 28.07 60.44 46.12 34.16 25.62 
Solucion Greedy Costo>1 2 10 9 0 3 11 4 16 0 8 7 15 5 0 17 12 13 0 18 14 6 0 0 0 0 0 0 0 0 0 0 0 0 0 
Linea Vacia>
49.3 39.28 34.6 23.71 20 38.74 41.26 41.74 46.92 33.84 33.03 19.58 0 18.39 69.6 41.33 28.33 10.35 
44.23 34.77 27.3 24.73 31.49 47.72 51.27 48.99 52.28 26.55 26.67 23.13 18.35 0 73.08 50.3 37.36 18.36 
Matriz de Costos>
26.21 15.12 15.19 0 14.73 29.22 32.82 28.8 28.18 24.29 19.25 5.11 23.32 24.79 49.21 30.19 18.82 13.88 
39.72 29.35 30.18 14.83 0 21.15 24.73 24.06 29.38 36.29 34.23 8.78 26.2 29.78 50.97 23.75 10.69 11.25 
49.3 39.28 34.6 23.71 20 38.74 41.26 41.74 46.92 33.84 33.03 19.58 0 18.39 69.6 41.33 28.33 10.35 
46.32 48.35 59.19 48.22 51.12 30.49 34.5 27.14 22.28 68.14 61.3 50.03 68.48 73.36 0 27.8 40.33 60.7 
44.23 34.77 27.3 24.73 31.49 47.72 51.27 48.99 52.28 26.55 26.67 23.13 18.35 0 73.08 50.3 37.36 18.36 
0 9.66 19.72 25.68 38.13 38.2 46.09 35.99 30.75 30.37 19.58 30.36 49.38 44.85 47.53 37.37 37.98 40.01 
Matriz de Costos>
Matriz de Costos>
37.89 35.62 45.5 29.24 21.24 0 8.67 2.4 11.94 52.5 50.9 26.75 38.78 47.62 30.68 2.2 11.33 30 
46.1 43.75 51.15 36.29 26.02 9.51 0 11.57 20.24 57.22 55.65 31.52 41.08 52.35 34.54 9.87 17.12 34.76 
35.2 32.27 42.16 29.44 24.08 2.39 11.54 0 8.55 51.17 46.2 26.82 41.6 50.43 27.45 0.41 14.18 32.83 
37.26 33.65 43.55 30.83 23.83 2.17 9.93 0.4 9.83 52.55 47.58 28.22 41.35 50.18 27.89 0 13.93 32.58 
35.94 28.13 35.55 18.41 10.27 11.35 16.86 14.37 18.62 41.65 39.6 15.79 28.38 36.74 44.24 13.97 0 19.06 
46.32 48.35 59.19 48.22 51.12 30.49 34.5 27.14 22.28 68.14 61.3 50.03 68.48 73.36 0 27.8 40.33 60.7 
37.26 33.65 43.55 30.83 23.83 2.17 9.93 0.4 9.83 52.55 47.58 28.22 41.35 50.18 27.89 0 13.93 32.58 
0 9.66 19.72 25.68 38.13 38.2 46.09 35.99 30.75 30.37 19.58 30.36 49.38 44.85 47.53 37.37 37.98 40.01 
8.9 0 10.47 15.08 28.85 37.44 45.34 35.23 29.99 25.4 13.05 20.88 38.35 34.74 46.91 36.62 31.65 28.95 
0 9.66 19.72 25.68 38.13 38.2 46.09 35.99 30.75 30.37 19.58 30.36 49.38 44.85 47.53 37.37 37.98 40.01 
8.9 0 10.47 15.08 28.85 37.44 45.34 35.23 29.99 25.4 13.05 20.88 38.35 34.74 46.91 36.62 31.65 28.95 
40 30.08 24.92 13.84 11.3 30.01 33.58 33.01 39.47 26.5 24.92 10.19 10.33 19.51 60.37 32.6 19.58 0 
35.94 28.13 35.55 18.41 10.27 11.35 16.86 14.37 18.62 41.65 39.6 15.79 28.38 36.74 44.24 13.97 0 19.06 
8.9 0 10.47 15.08 28.85 37.44 45.34 35.23 29.99 25.4 13.05 20.88 38.35 34.74 46.91 36.62 31.65 28.95 
19.09 10.48 0 15.19 29.7 44.91 47.68 44.74 39.5 14.96 2.9 20.39 34.14 28.07 60.44 46.12 34.16 25.62 
19.09 10.48 0 15.19 29.7 44.91 47.68 44.74 39.5 14.96 2.9 20.39 34.14 28.07 60.44 46.12 34.16 25.62 
26.21 15.12 15.19 0 14.73 29.22 32.82 28.8 28.18 24.29 19.25 5.11 23.32 24.79 49.21 30.19 18.82 13.88 
30.77 29.89 39.78 28.71 30.73 10.87 20.27 8.42 0 50.08 43.81 28.67 49.14 52.46 23.55 9.66 19.84 39.7 
30.47 25.49 14.9 24.18 34.76 50.96 54.51 52.23 48.42 0 10.76 24.57 32.63 24.31 68.91 53.61 40.62 29.05 
19.61 13.06 2.94 17.75 33.14 49.41 52.96 48.76 43.52 10.85 0 22.26 32.76 26.69 62.27 50.14 38.4 28.17 
30.38 20.81 20.41 5.12 8.77 26.87 30.45 28.15 31.03 24.49 22.9 0 19.71 23.15 52.04 29.47 16.43 10.25 
40 30.08 24.92 13.84 11.3 30.01 33.58 33.01 39.47 26.5 24.92 10.19 10.33 19.51 60.37 32.6 19.58 0 
19.09 10.48 0 15.19 29.7 44.91 47.68 44.74 39.5 14.96 2.9 20.39 34.14 28.07 60.44 46.12 34.16 25.62 
26.21 15.12 15.19 0 14.73 29.22 32.82 28.8 28.18 24.29 19.25 5.11 23.32 24.79 49.21 30.19 18.82 13.88 
26.21 15.12 15.19 0 14.73 29.22 32.82 28.8 28.18 24.29 19.25 5.11 23.32 24.79 49.21 30.19 18.82 13.88 
39.72 29.35 30.18 14.83 0 21.15 24.73 24.06 29.38 36.29 34.23 8.78 26.2 29.78 50.97 23.75 10.69 11.25 
37.89 35.62 45.5 29.24 21.24 0 8.67 2.4 11.94 52.5 50.9 26.75 38.78 47.62 30.68 2.2 11.33 30 
39.72 29.35 30.18 14.83 0 21.15 24.73 24.06 29.38 36.29 34.23 8.78 26.2 29.78 50.97 23.75 10.69 11.25 
37.89 35.62 45.5 29.24 21.24 0 8.67 2.4 11.94 52.5 50.9 26.75 38.78 47.62 30.68 2.2 11.33 30 
46.1 43.75 51.15 36.29 26.02 9.51 0 11.57 20.24 57.22 55.65 31.52 41.08 52.35 34.54 9.87 17.12 34.76 
49.3 39.28 34.6 23.71 20 38.74 41.26 41.74 46.92 33.84 33.03 19.58 0 18.39 69.6 41.33 28.33 10.35 
44.23 34.77 27.3 24.73 31.49 47.72 51.27 48.99 52.28 26.55 26.67 23.13 18.35 0 73.08 50.3 37.36 18.36 
46.32 48.35 59.19 48.22 51.12 30.49 34.5 27.14 22.28 68.14 61.3 50.03 68.48 73.36 0 27.8 40.33 60.7 
37.26 33.65 43.55 30.83 23.83 2.17 9.93 0.4 9.83 52.55 47.58 28.22 41.35 50.18 27.89 0 13.93 32.58 
35.94 28.13 35.55 18.41 10.27 11.35 16.86 14.37 18.62 41.65 39.6 15.79 28.38 36.74 44.24 13.97 0 19.06 
Matriz de Costos>
39.72 29.35 30.18 14.83 0 21.15 24.73 24.06 29.38 36.29 34.23 8.78 26.2 29.78 50.97 23.75 10.69 11.25 
37.89 35.62 45.5 29.24 21.24 0 8.67 2.4 11.94 52.5 50.9 26.75 38.78 47.62 30.68 2.2 11.33 30 
46.1 43.75 51.15 36.29 26.02 9.51 0 11.57 20.24 57.22 55.65 31.52 41.08 52.35 34.54 9.87 17.12 34.76 
35.2 32.27 42.16 29.44 24.08 2.39 11.54 0 8.55 51.17 46.2 26.82 41.6 50.43 27.45 0.41 14.18 32.83 
30.77 29.89 39.78 28.71 30.73 10.87 20.27 8.42 0 50.08 43.81 28.67 49.14 52.46 23.55 9.66 19.84 39.7 
35.2 32.27 42.16 29.44 24.08 2.39 11.54 0 8.55 51.17 46.2 26.82 41.6 50.43 27.45 0.41 14.18 32.83 
30.77 29.89 39.78 28.71 30.73 10.87 20.27 8.42 0 50.08 43.81 28.67 49.14 52.46 23.55 9.66 19.84 39.7 
40 30.08 24.92 13.84 11.3 30.01 33.58 33.01 39.47 26.5 24.92 10.19 10.33 19.51 60.37 32.6 19.58 0 
0 9.66 19.72 25.68 38.13 38.2 46.09 35.99 30.75 30.37 19.58 30.36 49.38 44.85 47.53 37.37 37.98 40.01 
8.9 0 10.47 15.08 28.85 37.44 45.34 35.23 29.99 25.4 13.05 20.88 38.35 34.74 46.91 36.62 31.65 28.95 
30.47 25.49 14.9 24.18 34.76 50.96 54.51 52.23 48.42 0 10.76 24.57 32.63 24.31 68.91 53.61 40.62 29.05 
19.61 13.06 2.94 17.75 33.14 49.41 52.96 48.76 43.52 10.85 0 22.26 32.76 26.69 62.27 50.14 38.4 28.17 
30.38 20.81 20.41 5.12 8.77 26.87 30.45 28.15 31.03 24.49 22.9 0 19.71 23.15 52.04 29.47 16.43 10.25 
30.47 25.49 14.9 24.18 34.76 50.96 54.51 52.23 48.42 0 10.76 24.57 32.63 24.31 68.91 53.61 40.62 29.05 
19.61 13.06 2.94 17.75 33.14 49.41 52.96 48.76 43.52 10.85 0 22.26 32.76 26.69 62.27 50.14 38.4 28.17 
30.38 20.81 20.41 5.12 8.77 26.87 30.45 28.15 31.03 24.49 22.9 0 19.71 23.15 52.04 29.47 16.43 10.25 
19.09 10.48 0 15.19 29.7 44.91 47.68 44.74 39.5 14.96 2.9 20.39 34.14 28.07 60.44 46.12 34.16 25.62 
26.21 15.12 15.19 0 14.73 29.22 32.82 28.8 28.18 24.29 19.25 5.11 23.32 24.79 49.21 30.19 18.82 13.88 
46.1 43.75 51.15 36.29 26.02 9.51 0 11.57 20.24 57.22 55.65 31.52 41.08 52.35 34.54 9.87 17.12 34.76 
35.2 32.27 42.16 29.44 24.08 2.39 11.54 0 8.55 51.17 46.2 26.82 41.6 50.43 27.45 0.41 14.18 32.83 
39.72 29.35 30.18 14.83 0 21.15 24.73 24.06 29.38 36.29 34.23 8.78 26.2 29.78 50.97 23.75 10.69 11.25 
37.89 35.62 45.5 29.24 21.24 0 8.67 2.4 11.94 52.5 50.9 26.75 38.78 47.62 30.68 2.2 11.33 30 
46.1 43.75 51.15 36.29 26.02 9.51 0 11.57 20.24 57.22 55.65 31.52 41.08 52.35 34.54 9.87 17.12 34.76 
30.77 29.89 39.78 28.71 30.73 10.87 20.27 8.42 0 50.08 43.81 28.67 49.14 52.46 23.55 9.66 19.84 39.7 
30.47 25.49 14.9 24.18 34.76 50.96 54.51 52.23 48.42 0 10.76 24.57 32.63 24.31 68.91 53.61 40.62 29.05 
49.3 39.28 34.6 23.71 20 38.74 41.26 41.74 46.92 33.84 33.03 19.58 0 18.39 69.6 41.33 28.33 10.35 
44.23 34.77 27.3 24.73 31.49 47.72 51.27 48.99 52.28 26.55 26.67 23.13 18.35 0 73.08 50.3 37.36 18.36 
46.32 48.35 59.19 48.22 51.12 30.49 34.5 27.14 22.28 68.14 61.3 50.03 68.48 73.36 0 27.8 40.33 60.7 
37.26 33.65 43.55 30.83 23.83 2.17 9.93 0.4 9.83 52.55 47.58 28.22 41.35 50.18 27.89 0 13.93 32.58 
35.94 28.13 35.55 18.41 10.27 11.35 16.86 14.37 18.62 41.65 39.6 15.79 28.38 36.74 44.24 13.97 0 19.06 
40 30.08 24.92 13.84 11.3 30.01 33.58 33.01 39.47 26.5 24.92 10.19 10.33 19.51 60.37 32.6 19.58 0 
49.3 39.28 34.6 23.71 20 38.74 41.26 41.74 46.92 33.84 33.03 19.58 0 18.39 69.6 41.33 28.33 10.35 
44.23 34.77 27.3 24.73 31.49 47.72 51.27 48.99 52.28 26.55 26.67 23.13 18.35 0 73.08 50.3 37.36 18.36 
46.32 48.35 59.19 48.22 51.12 30.49 34.5 27.14 22.28 68.14 61.3 50.03 68.48 73.36 0 27.8 40.33 60.7 
37.26 33.65 43.55 30.83 23.83 2.17 9.93 0.4 9.83 52.55 47.58 28.22 41.35 50.18 27.89 0 13.93 32.58 
35.94 28.13 35.55 18.41 10.27 11.35 16.86 14.37 18.62 41.65 39.6 15.79 28.38 36.74 44.24 13.97 0 19.06 
40 30.08 24.92 13.84 11.3 30.01 33.58 33.01 39.47 26.5 24.92 10.19 10.33 19.51 60.37 32.6 19.58 0 
Dimension>35
Bandera>10
Fitness Greedy Costo>330.35
Solucion Greedy Costo>1 2 10 9 0 3 11 4 16 0 8 7 15 5 0 17 12 13 0 18 14 6 0 0 0 0 0 0 0 0 0 0 0 0 0 
Linea Vacia>
Dimension>35
Bandera>10
Fitness Greedy Costo>330.35
Solucion Greedy Costo>1 2 10 9 0 3 11 4 16 0 8 7 15 5 0 17 12 13 0 18 14 6 0 0 0 0 0 0 0 0 0 0 0 0 0 
Linea Vacia>
35.2 32.27 42.16 29.44 24.08 2.39 11.54 0 8.55 51.17 46.2 26.82 41.6 50.43 27.45 0.41 14.18 32.83 
30.77 29.89 39.78 28.71 30.73 10.87 20.27 8.42 0 50.08 43.81 28.67 49.14 52.46 23.55 9.66 19.84 39.7 
30.47 25.49 14.9 24.18 34.76 50.96 54.51 52.23 48.42 0 10.76 24.57 32.63 24.31 68.91 53.61 40.62 29.05 
19.61 13.06 2.94 17.75 33.14 49.41 52.96 48.76 43.52 10.85 0 22.26 32.76 26.69 62.27 50.14 38.4 28.17 
30.38 20.81 20.41 5.12 8.77 26.87 30.45 28.15 31.03 24.49 22.9 0 19.71 23.15 52.04 29.47 16.43 10.25 
19.61 13.06 2.94 17.75 33.14 49.41 52.96 48.76 43.52 10.85 0 22.26 32.76 26.69 62.27 50.14 38.4 28.17 
30.38 20.81 20.41 5.12 8.77 26.87 30.45 28.15 31.03 24.49 22.9 0 19.71 23.15 52.04 29.47 16.43 10.25 
49.3 39.28 34.6 23.71 20 38.74 41.26 41.74 46.92 33.84 33.03 19.58 0 18.39 69.6 41.33 28.33 10.35 
49.3 39.28 34.6 23.71 20 38.74 41.26 41.74 46.92 33.84 33.03 19.58 0 18.39 69.6 41.33 28.33 10.35 
44.23 34.77 27.3 24.73 31.49 47.72 51.27 48.99 52.28 26.55 26.67 23.13 18.35 0 73.08 50.3 37.36 18.36 
Dimension>35
Bandera>10
Fitness Greedy Costo>330.35
Solucion Greedy Costo>1 2 10 9 0 3 11 4 16 0 8 7 15 5 0 17 12 13 0 18 14 6 0 0 0 0 0 0 0 0 0 0 0 0 0 
Linea Vacia>
44.23 34.77 27.3 24.73 31.49 47.72 51.27 48.99 52.28 26.55 26.67 23.13 18.35 0 73.08 50.3 37.36 18.36 
46.32 48.35 59.19 48.22 51.12 30.49 34.5 27.14 22.28 68.14 61.3 50.03 68.48 73.36 0 27.8 40.33 60.7 
Dimension>35
Bandera>10
Fitness Greedy Costo>330.35
46.32 48.35 59.19 48.22 51.12 30.49 34.5 27.14 22.28 68.14 61.3 50.03 68.48 73.36 0 27.8 40.33 60.7 
37.26 33.65 43.55 30.83 23.83 2.17 9.93 0.4 9.83 52.55 47.58 28.22 41.35 50.18 27.89 0 13.93 32.58 
35.94 28.13 35.55 18.41 10.27 11.35 16.86 14.37 18.62 41.65 39.6 15.79 28.38 36.74 44.24 13.97 0 19.06 
40 30.08 24.92 13.84 11.3 30.01 33.58 33.01 39.47 26.5 24.92 10.19 10.33 19.51 60.37 32.6 19.58 0 
Matriz de Costos>
0 9.66 19.72 25.68 38.13 38.2 46.09 35.99 30.75 30.37 19.58 30.36 49.38 44.85 47.53 37.37 37.98 40.01 
8.9 0 10.47 15.08 28.85 37.44 45.34 35.23 29.99 25.4 13.05 20.88 38.35 34.74 46.91 36.62 31.65 28.95 
19.09 10.48 0 15.19 29.7 44.91 47.68 44.74 39.5 14.96 2.9 20.39 34.14 28.07 60.44 46.12 34.16 25.62 
26.21 15.12 15.19 0 14.73 29.22 32.82 28.8 28.18 24.29 19.25 5.11 23.32 24.79 49.21 30.19 18.82 13.88 
39.72 29.35 30.18 14.83 0 21.15 24.73 24.06 29.38 36.29 34.23 8.78 26.2 29.78 50.97 23.75 10.69 11.25 
Matriz de Costos>
0 9.66 19.72 25.68 38.13 38.2 46.09 35.99 30.75 30.37 19.58 30.36 49.38 44.85 47.53 37.37 37.98 40.01 
8.9 0 10.47 15.08 28.85 37.44 45.34 35.23 29.99 25.4 13.05 20.88 38.35 34.74 46.91 36.62 31.65 28.95 
19.09 10.48 0 15.19 29.7 44.91 47.68 44.74 39.5 14.96 2.9 20.39 34.14 28.07 60.44 46.12 34.16 25.62 
26.21 15.12 15.19 0 14.73 29.22 32.82 28.8 28.18 24.29 19.25 5.11 23.32 24.79 49.21 30.19 18.82 13.88 
39.72 29.35 30.18 14.83 0 21.15 24.73 24.06 29.38 36.29 34.23 8.78 26.2 29.78 50.97 23.75 10.69 11.25 
Dimension>35
Bandera>10
Fitness Greedy Costo>330.35
Solucion Greedy Costo>1 2 10 9 0 3 11 4 16 0 8 7 15 5 0 17 12 13 0 18 14 6 0 0 0 0 0 0 0 0 0 0 0 0 0 
Linea Vacia>
37.26 33.65 43.55 30.83 23.83 2.17 9.93 0.4 9.83 52.55 47.58 28.22 41.35 50.18 27.89 0 13.93 32.58 
35.94 28.13 35.55 18.41 10.27 11.35 16.86 14.37 18.62 41.65 39.6 15.79 28.38 36.74 44.24 13.97 0 19.06 
Solucion Greedy Costo>1 2 10 9 0 3 11 4 16 0 8 7 15 5 0 17 12 13 0 18 14 6 0 0 0 0 0 0 0 0 0 0 0 0 0 
Linea Vacia>
37.89 35.62 45.5 29.24 21.24 0 8.67 2.4 11.94 52.5 50.9 26.75 38.78 47.62 30.68 2.2 11.33 30 
46.1 43.75 51.15 36.29 26.02 9.51 0 11.57 20.24 57.22 55.65 31.52 41.08 52.35 34.54 9.87 17.12 34.76 
35.2 32.27 42.16 29.44 24.08 2.39 11.54 0 8.55 51.17 46.2 26.82 41.6 50.43 27.45 0.41 14.18 32.83 
37.89 35.62 45.5 29.24 21.24 0 8.67 2.4 11.94 52.5 50.9 26.75 38.78 47.62 30.68 2.2 11.33 30 
46.1 43.75 51.15 36.29 26.02 9.51 0 11.57 20.24 57.22 55.65 31.52 41.08 52.35 34.54 9.87 17.12 34.76 
35.2 32.27 42.16 29.44 24.08 2.39 11.54 0 8.55 51.17 46.2 26.82 41.6 50.43 27.45 0.41 14.18 32.83 
40 30.08 24.92 13.84 11.3 30.01 33.58 33.01 39.47 26.5 24.92 10.19 10.33 19.51 60.37 32.6 19.58 0 
30.77 29.89 39.78 28.71 30.73 10.87 20.27 8.42 0 50.08 43.81 28.67 49.14 52.46 23.55 9.66 19.84 39.7 
30.47 25.49 14.9 24.18 34.76 50.96 54.51 52.23 48.42 0 10.76 24.57 32.63 24.31 68.91 53.61 40.62 29.05 
19.61 13.06 2.94 17.75 33.14 49.41 52.96 48.76 43.52 10.85 0 22.26 32.76 26.69 62.27 50.14 38.4 28.17 
30.38 20.81 20.41 5.12 8.77 26.87 30.45 28.15 31.03 24.49 22.9 0 19.71 23.15 52.04 29.47 16.43 10.25 
49.3 39.28 34.6 23.71 20 38.74 41.26 41.74 46.92 33.84 33.03 19.58 0 18.39 69.6 41.33 28.33 10.35 
Matriz de Costos>
0 9.66 19.72 25.68 38.13 38.2 46.09 35.99 30.75 30.37 19.58 30.36 49.38 44.85 47.53 37.37 37.98 40.01 
8.9 0 10.47 15.08 28.85 37.44 45.34 35.23 29.99 25.4 13.05 20.88 38.35 34.74 46.91 36.62 31.65 28.95 
19.09 10.48 0 15.19 29.7 44.91 47.68 44.74 39.5 14.96 2.9 20.39 34.14 28.07 60.44 46.12 34.16 25.62 
30.77 29.89 39.78 28.71 30.73 10.87 20.27 8.42 0 50.08 43.81 28.67 49.14 52.46 23.55 9.66 19.84 39.7 
30.47 25.49 14.9 24.18 34.76 50.96 54.51 52.23 48.42 0 10.76 24.57 32.63 24.31 68.91 53.61 40.62 29.05 
19.61 13.06 2.94 17.75 33.14 49.41 52.96 48.76 43.52 10.85 0 22.26 32.76 26.69 62.27 50.14 38.4 28.17 
30.38 20.81 20.41 5.12 8.77 26.87 30.45 28.15 31.03 24.49 22.9 0 19.71 23.15 52.04 29.47 16.43 10.25 
49.3 39.28 34.6 23.71 20 38.74 41.26 41.74 46.92 33.84 33.03 19.58 0 18.39 69.6 41.33 28.33 10.35 
44.23 34.77 27.3 24.73 31.49 47.72 51.27 48.99 52.28 26.55 26.67 23.13 18.35 0 73.08 50.3 37.36 18.36 
46.32 48.35 59.19 48.22 51.12 30.49 34.5 27.14 22.28 68.14 61.3 50.03 68.48 73.36 0 27.8 40.33 60.7 
37.26 33.65 43.55 30.83 23.83 2.17 9.93 0.4 9.83 52.55 47.58 28.22 41.35 50.18 27.89 0 13.93 32.58 
35.94 28.13 35.55 18.41 10.27 11.35 16.86 14.37 18.62 41.65 39.6 15.79 28.38 36.74 44.24 13.97 0 19.06 
26.21 15.12 15.19 0 14.73 29.22 32.82 28.8 28.18 24.29 19.25 5.11 23.32 24.79 49.21 30.19 18.82 13.88 
39.72 29.35 30.18 14.83 0 21.15 24.73 24.06 29.38 36.29 34.23 8.78 26.2 29.78 50.97 23.75 10.69 11.25 
37.89 35.62 45.5 29.24 21.24 0 8.67 2.4 11.94 52.5 50.9 26.75 38.78 47.62 30.68 2.2 11.33 30 
46.1 43.75 51.15 36.29 26.02 9.51 0 11.57 20.24 57.22 55.65 31.52 41.08 52.35 34.54 9.87 17.12 34.76 
44.23 34.77 27.3 24.73 31.49 47.72 51.27 48.99 52.28 26.55 26.67 23.13 18.35 0 73.08 50.3 37.36 18.36 
46.32 48.35 59.19 48.22 51.12 30.49 34.5 27.14 22.28 68.14 61.3 50.03 68.48 73.36 0 27.8 40.33 60.7 
37.26 33.65 43.55 30.83 23.83 2.17 9.93 0.4 9.83 52.55 47.58 28.22 41.35 50.18 27.89 0 13.93 32.58 
35.94 28.13 35.55 18.41 10.27 11.35 16.86 14.37 18.62 41.65 39.6 15.79 28.38 36.74 44.24 13.97 0 19.06 
Matriz de Costos>
0 9.66 19.72 25.68 38.13 38.2 46.09 35.99 30.75 30.37 19.58 30.36 49.38 44.85 47.53 37.37 37.98 40.01 
8.9 0 10.47 15.08 28.85 37.44 45.34 35.23 29.99 25.4 13.05 20.88 38.35 34.74 46.91 36.62 31.65 28.95 
19.09 10.48 0 15.19 29.7 44.91 47.68 44.74 39.5 14.96 2.9 20.39 34.14 28.07 60.44 46.12 34.16 25.62 
Matriz de Costos>
0 9.66 19.72 25.68 38.13 38.2 46.09 35.99 30.75 30.37 19.58 30.36 49.38 44.85 47.53 37.37 37.98 40.01 
8.9 0 10.47 15.08 28.85 37.44 45.34 35.23 29.99 25.4 13.05 20.88 38.35 34.74 46.91 36.62 31.65 28.95 
40 30.08 24.92 13.84 11.3 30.01 33.58 33.01 39.47 26.5 24.92 10.19 10.33 19.51 60.37 32.6 19.58 0 
35.2 32.27 42.16 29.44 24.08 2.39 11.54 0 8.55 51.17 46.2 26.82 41.6 50.43 27.45 0.41 14.18 32.83 
30.77 29.89 39.78 28.71 30.73 10.87 20.27 8.42 0 50.08 43.81 28.67 49.14 52.46 23.55 9.66 19.84 39.7 
30.47 25.49 14.9 24.18 34.76 50.96 54.51 52.23 48.42 0 10.76 24.57 32.63 24.31 68.91 53.61 40.62 29.05 
26.21 15.12 15.19 0 14.73 29.22 32.82 28.8 28.18 24.29 19.25 5.11 23.32 24.79 49.21 30.19 18.82 13.88 
39.72 29.35 30.18 14.83 0 21.15 24.73 24.06 29.38 36.29 34.23 8.78 26.2 29.78 50.97 23.75 10.69 11.25 
37.89 35.62 45.5 29.24 21.24 0 8.67 2.4 11.94 52.5 50.9 26.75 38.78 47.62 30.68 2.2 11.33 30 
46.1 43.75 51.15 36.29 26.02 9.51 0 11.57 20.24 57.22 55.65 31.52 41.08 52.35 34.54 9.87 17.12 34.76 
19.09 10.48 0 15.19 29.7 44.91 47.68 44.74 39.5 14.96 2.9 20.39 34.14 28.07 60.44 46.12 34.16 25.62 
26.21 15.12 15.19 0 14.73 29.22 32.82 28.8 28.18 24.29 19.25 5.11 23.32 24.79 49.21 30.19 18.82 13.88 
39.72 29.35 30.18 14.83 0 21.15 24.73 24.06 29.38 36.29 34.23 8.78 26.2 29.78 50.97 23.75 10.69 11.25 
19.61 13.06 2.94 17.75 33.14 49.41 52.96 48.76 43.52 10.85 0 22.26 32.76 26.69 62.27 50.14 38.4 28.17 
30.38 20.81 20.41 5.12 8.77 26.87 30.45 28.15 31.03 24.49 22.9 0 19.71 23.15 52.04 29.47 16.43 10.25 
49.3 39.28 34.6 23.71 20 38.74 41.26 41.74 46.92 33.84 33.03 19.58 0 18.39 69.6 41.33 28.33 10.35 
40 30.08 24.92 13.84 11.3 30.01 33.58 33.01 39.47 26.5 24.92 10.19 10.33 19.51 60.37 32.6 19.58 0 
Dimension>35
Bandera>10
Fitness Greedy Costo>330.35
37.89 35.62 45.5 29.24 21.24 0 8.67 2.4 11.94 52.5 50.9 26.75 38.78 47.62 30.68 2.2 11.33 30 
46.1 43.75 51.15 36.29 26.02 9.51 0 11.57 20.24 57.22 55.65 31.52 41.08 52.35 34.54 9.87 17.12 34.76 
44.23 34.77 27.3 24.73 31.49 47.72 51.27 48.99 52.28 26.55 26.67 23.13 18.35 0 73.08 50.3 37.36 18.36 
46.32 48.35 59.19 48.22 51.12 30.49 34.5 27.14 22.28 68.14 61.3 50.03 68.48 73.36 0 27.8 40.33 60.7 
37.26 33.65 43.55 30.83 23.83 2.17 9.93 0.4 9.83 52.55 47.58 28.22 41.35 50.18 27.89 0 13.93 32.58 
35.2 32.27 42.16 29.44 24.08 2.39 11.54 0 8.55 51.17 46.2 26.82 41.6 50.43 27.45 0.41 14.18 32.83 
30.77 29.89 39.78 28.71 30.73 10.87 20.27 8.42 0 50.08 43.81 28.67 49.14 52.46 23.55 9.66 19.84 39.7 
30.47 25.49 14.9 24.18 34.76 50.96 54.51 52.23 48.42 0 10.76 24.57 32.63 24.31 68.91 53.61 40.62 29.05 
19.61 13.06 2.94 17.75 33.14 49.41 52.96 48.76 43.52 10.85 0 22.26 32.76 26.69 62.27 50.14 38.4 28.17 
30.38 20.81 20.41 5.12 8.77 26.87 30.45 28.15 31.03 24.49 22.9 0 19.71 23.15 52.04 29.47 16.43 10.25 
49.3 39.28 34.6 23.71 20 38.74 41.26 41.74 46.92 33.84 33.03 19.58 0 18.39 69.6 41.33 28.33 10.35 
Solucion Greedy Costo>1 2 10 9 0 3 11 4 16 0 8 7 15 5 0 17 12 13 0 18 14 6 0 0 0 0 0 0 0 0 0 0 0 0 0 
Linea Vacia>
35.2 32.27 42.16 29.44 24.08 2.39 11.54 0 8.55 51.17 46.2 26.82 41.6 50.43 27.45 0.41 14.18 32.83 
30.77 29.89 39.78 28.71 30.73 10.87 20.27 8.42 0 50.08 43.81 28.67 49.14 52.46 23.55 9.66 19.84 39.7 
35.94 28.13 35.55 18.41 10.27 11.35 16.86 14.37 18.62 41.65 39.6 15.79 28.38 36.74 44.24 13.97 0 19.06 
40 30.08 24.92 13.84 11.3 30.01 33.58 33.01 39.47 26.5 24.92 10.19 10.33 19.51 60.37 32.6 19.58 0 
Dimension>35
Bandera>10
Fitness Greedy Costo>330.35
Solucion Greedy Costo>1 2 10 9 0 3 11 4 16 0 8 7 15 5 0 17 12 13 0 18 14 6 0 0 0 0 0 0 0 0 0 0 0 0 0 
Linea Vacia>
30.47 25.49 14.9 24.18 34.76 50.96 54.51 52.23 48.42 0 10.76 24.57 32.63 24.31 68.91 53.61 40.62 29.05 
19.61 13.06 2.94 17.75 33.14 49.41 52.96 48.76 43.52 10.85 0 22.26 32.76 26.69 62.27 50.14 38.4 28.17 
44.23 34.77 27.3 24.73 31.49 47.72 51.27 48.99 52.28 26.55 26.67 23.13 18.35 0 73.08 50.3 37.36 18.36 
46.32 48.35 59.19 48.22 51.12 30.49 34.5 27.14 22.28 68.14 61.3 50.03 68.48 73.36 0 27.8 40.33 60.7 
37.26 33.65 43.55 30.83 23.83 2.17 9.93 0.4 9.83 52.55 47.58 28.22 41.35 50.18 27.89 0 13.93 32.58 
35.94 28.13 35.55 18.41 10.27 11.35 16.86 14.37 18.62 41.65 39.6 15.79 28.38 36.74 44.24 13.97 0 19.06 
40 30.08 24.92 13.84 11.3 30.01 33.58 33.01 39.47 26.5 24.92 10.19 10.33 19.51 60.37 32.6 19.58 0 
Dimension>35
Bandera>10
Fitness Greedy Costo>330.35
30.38 20.81 20.41 5.12 8.77 26.87 30.45 28.15 31.03 24.49 22.9 0 19.71 23.15 52.04 29.47 16.43 10.25 
49.3 39.28 34.6 23.71 20 38.74 41.26 41.74 46.92 33.84 33.03 19.58 0 18.39 69.6 41.33 28.33 10.35 
44.23 34.77 27.3 24.73 31.49 47.72 51.27 48.99 52.28 26.55 26.67 23.13 18.35 0 73.08 50.3 37.36 18.36 
46.32 48.35 59.19 48.22 51.12 30.49 34.5 27.14 22.28 68.14 61.3 50.03 68.48 73.36 0 27.8 40.33 60.7 
Matriz de Costos>
0 9.66 19.72 25.68 38.13 38.2 46.09 35.99 30.75 30.37 19.58 30.36 49.38 44.85 47.53 37.37 37.98 40.01 
8.9 0 10.47 15.08 28.85 37.44 45.34 35.23 29.99 25.4 13.05 20.88 38.35 34.74 46.91 36.62 31.65 28.95 
19.09 10.48 0 15.19 29.7 44.91 47.68 44.74 39.5 14.96 2.9 20.39 34.14 28.07 60.44 46.12 34.16 25.62 
Matriz de Costos>
0 9.66 19.72 25.68 38.13 38.2 46.09 35.99 30.75 30.37 19.58 30.36 49.38 44.85 47.53 37.37 37.98 40.01 
8.9 0 10.47 15.08 28.85 37.44 45.34 35.23 29.99 25.4 13.05 20.88 38.35 34.74 46.91 36.62 31.65 28.95 
19.09 10.48 0 15.19 29.7 44.91 47.68 44.74 39.5 14.96 2.9 20.39 34.14 28.07 60.44 46.12 34.16 25.62 
26.21 15.12 15.19 0 14.73 29.22 32.82 28.8 28.18 24.29 19.25 5.11 23.32 24.79 49.21 30.19 18.82 13.88 
39.72 29.35 30.18 14.83 0 21.15 24.73 24.06 29.38 36.29 34.23 8.78 26.2 29.78 50.97 23.75 10.69 11.25 
37.89 35.62 45.5 29.24 21.24 0 8.67 2.4 11.94 52.5 50.9 26.75 38.78 47.62 30.68 2.2 11.33 30 
46.1 43.75 51.15 36.29 26.02 9.51 0 11.57 20.24 57.22 55.65 31.52 41.08 52.35 34.54 9.87 17.12 34.76 
26.21 15.12 15.19 0 14.73 29.22 32.82 28.8 28.18 24.29 19.25 5.11 23.32 24.79 49.21 30.19 18.82 13.88 
39.72 29.35 30.18 14.83 0 21.15 24.73 24.06 29.38 36.29 34.23 8.78 26.2 29.78 50.97 23.75 10.69 11.25 
37.89 35.62 45.5 29.24 21.24 0 8.67 2.4 11.94 52.5 50.9 26.75 38.78 47.62 30.68 2.2 11.33 30 
Dimension>35
Bandera>10
Fitness Greedy Costo>330.35
Solucion Greedy Costo>1 2 10 9 0 3 11 4 16 0 8 7 15 5 0 17 12 13 0 18 14 6 0 0 0 0 0 0 0 0 0 0 0 0 0 
Linea Vacia>
35.2 32.27 42.16 29.44 24.08 2.39 11.54 0 8.55 51.17 46.2 26.82 41.6 50.43 27.45 0.41 14.18 32.83 
30.77 29.89 39.78 28.71 30.73 10.87 20.27 8.42 0 50.08 43.81 28.67 49.14 52.46 23.55 9.66 19.84 39.7 
30.47 25.49 14.9 24.18 34.76 50.96 54.51 52.23 48.42 0 10.76 24.57 32.63 24.31 68.91 53.61 40.62 29.05 
19.61 13.06 2.94 17.75 33.14 49.41 52.96 48.76 43.52 10.85 0 22.26 32.76 26.69 62.27 50.14 38.4 28.17 
30.38 20.81 20.41 5.12 8.77 26.87 30.45 28.15 31.03 24.49 22.9 0 19.71 23.15 52.04 29.47 16.43 10.25 
46.1 43.75 51.15 36.29 26.02 9.51 0 11.57 20.24 57.22 55.65 31.52 41.08 52.35 34.54 9.87 17.12 34.76 
35.2 32.27 42.16 29.44 24.08 2.39 11.54 0 8.55 51.17 46.2 26.82 41.6 50.43 27.45 0.41 14.18 32.83 
30.77 29.89 39.78 28.71 30.73 10.87 20.27 8.42 0 50.08 43.81 28.67 49.14 52.46 23.55 9.66 19.84 39.7 
30.47 25.49 14.9 24.18 34.76 50.96 54.51 52.23 48.42 0 10.76 24.57 32.63 24.31 68.91 53.61 40.62 29.05 
Solucion Greedy Costo>1 2 10 9 0 3 11 4 16 0 8 7 15 5 0 17 12 13 0 18 14 6 0 0 0 0 0 0 0 0 0 0 0 0 0 
Linea Vacia>
37.26 33.65 43.55 30.83 23.83 2.17 9.93 0.4 9.83 52.55 47.58 28.22 41.35 50.18 27.89 0 13.93 32.58 
35.94 28.13 35.55 18.41 10.27 11.35 16.86 14.37 18.62 41.65 39.6 15.79 28.38 36.74 44.24 13.97 0 19.06 
40 30.08 24.92 13.84 11.3 30.01 33.58 33.01 39.47 26.5 24.92 10.19 10.33 19.51 60.37 32.6 19.58 0 
49.3 39.28 34.6 23.71 20 38.74 41.26 41.74 46.92 33.84 33.03 19.58 0 18.39 69.6 41.33 28.33 10.35 
44.23 34.77 27.3 24.73 31.49 47.72 51.27 48.99 52.28 26.55 26.67 23.13 18.35 0 73.08 50.3 37.36 18.36 
46.32 48.35 59.19 48.22 51.12 30.49 34.5 27.14 22.28 68.14 61.3 50.03 68.48 73.36 0 27.8 40.33 60.7 
37.26 33.65 43.55 30.83 23.83 2.17 9.93 0.4 9.83 52.55 47.58 28.22 41.35 50.18 27.89 0 13.93 32.58 
35.94 28.13 35.55 18.41 10.27 11.35 16.86 14.37 18.62 41.65 39.6 15.79 28.38 36.74 44.24 13.97 0 19.06 
19.61 13.06 2.94 17.75 33.14 49.41 52.96 48.76 43.52 10.85 0 22.26 32.76 26.69 62.27 50.14 38.4 28.17 
30.38 20.81 20.41 5.12 8.77 26.87 30.45 28.15 31.03 24.49 22.9 0 19.71 23.15 52.04 29.47 16.43 10.25 
49.3 39.28 34.6 23.71 20 38.74 41.26 41.74 46.92 33.84 33.03 19.58 0 18.39 69.6 41.33 28.33 10.35 
44.23 34.77 27.3 24.73 31.49 47.72 51.27 48.99 52.28 26.55 26.67 23.13 18.35 0 73.08 50.3 37.36 18.36 
Matriz de Costos>
0 9.66 19.72 25.68 38.13 38.2 46.09 35.99 30.75 30.37 19.58 30.36 49.38 44.85 47.53 37.37 37.98 40.01 
8.9 0 10.47 15.08 28.85 37.44 45.34 35.23 29.99 25.4 13.05 20.88 38.35 34.74 46.91 36.62 31.65 28.95 
19.09 10.48 0 15.19 29.7 44.91 47.68 44.74 39.5 14.96 2.9 20.39 34.14 28.07 60.44 46.12 34.16 25.62 
26.21 15.12 15.19 0 14.73 29.22 32.82 28.8 28.18 24.29 19.25 5.11 23.32 24.79 49.21 30.19 18.82 13.88 
40 30.08 24.92 13.84 11.3 30.01 33.58 33.01 39.47 26.5 24.92 10.19 10.33 19.51 60.37 32.6 19.58 0 
46.32 48.35 59.19 48.22 51.12 30.49 34.5 27.14 22.28 68.14 61.3 50.03 68.48 73.36 0 27.8 40.33 60.7 
37.26 33.65 43.55 30.83 23.83 2.17 9.93 0.4 9.83 52.55 47.58 28.22 41.35 50.18 27.89 0 13.93 32.58 
35.94 28.13 35.55 18.41 10.27 11.35 16.86 14.37 18.62 41.65 39.6 15.79 28.38 36.74 44.24 13.97 0 19.06 
40 30.08 24.92 13.84 11.3 30.01 33.58 33.01 39.47 26.5 24.92 10.19 10.33 19.51 60.37 32.6 19.58 0 
39.72 29.35 30.18 14.83 0 21.15 24.73 24.06 29.38 36.29 34.23 8.78 26.2 29.78 50.97 23.75 10.69 11.25 
37.89 35.62 45.5 29.24 21.24 0 8.67 2.4 11.94 52.5 50.9 26.75 38.78 47.62 30.68 2.2 11.33 30 
46.1 43.75 51.15 36.29 26.02 9.51 0 11.57 20.24 57.22 55.65 31.52 41.08 52.35 34.54 9.87 17.12 34.76 
35.2 32.27 42.16 29.44 24.08 2.39 11.54 0 8.55 51.17 46.2 26.82 41.6 50.43 27.45 0.41 14.18 32.83 
Matriz de Costos>
0 9.66 19.72 25.68 38.13 38.2 46.09 35.99 30.75 30.37 19.58 30.36 49.38 44.85 47.53 37.37 37.98 40.01 
8.9 0 10.47 15.08 28.85 37.44 45.34 35.23 29.99 25.4 13.05 20.88 38.35 34.74 46.91 36.62 31.65 28.95 
19.09 10.48 0 15.19 29.7 44.91 47.68 44.74 39.5 14.96 2.9 20.39 34.14 28.07 60.44 46.12 34.16 25.62 
26.21 15.12 15.19 0 14.73 29.22 32.82 28.8 28.18 24.29 19.25 5.11 23.32 24.79 49.21 30.19 18.82 13.88 
39.72 29.35 30.18 14.83 0 21.15 24.73 24.06 29.38 36.29 34.23 8.78 26.2 29.78 50.97 23.75 10.69 11.25 
37.89 35.62 45.5 29.24 21.24 0 8.67 2.4 11.94 52.5 50.9 26.75 38.78 47.62 30.68 2.2 11.33 30 
46.1 43.75 51.15 36.29 26.02 9.51 0 11.57 20.24 57.22 55.65 31.52 41.08 52.35 34.54 9.87 17.12 34.76 
35.2 32.27 42.16 29.44 24.08 2.39 11.54 0 8.55 51.17 46.2 26.82 41.6 50.43 27.45 0.41 14.18 32.83 
30.77 29.89 39.78 28.71 30.73 10.87 20.27 8.42 0 50.08 43.81 28.67 49.14 52.46 23.55 9.66 19.84 39.7 
30.47 25.49 14.9 24.18 34.76 50.96 54.51 52.23 48.42 0 10.76 24.57 32.63 24.31 68.91 53.61 40.62 29.05 
30.77 29.89 39.78 28.71 30.73 10.87 20.27 8.42 0 50.08 43.81 28.67 49.14 52.46 23.55 9.66 19.84 39.7 
30.47 25.49 14.9 24.18 34.76 50.96 54.51 52.23 48.42 0 10.76 24.57 32.63 24.31 68.91 53.61 40.62 29.05 
19.61 13.06 2.94 17.75 33.14 49.41 52.96 48.76 43.52 10.85 0 22.26 32.76 26.69 62.27 50.14 38.4 28.17 
30.38 20.81 20.41 5.12 8.77 26.87 30.45 28.15 31.03 24.49 22.9 0 19.71 23.15 52.04 29.47 16.43 10.25 
49.3 39.28 34.6 23.71 20 38.74 41.26 41.74 46.92 33.84 33.03 19.58 0 18.39 69.6 41.33 28.33 10.35 
44.23 34.77 27.3 24.73 31.49 47.72 51.27 48.99 52.28 26.55 26.67 23.13 18.35 0 73.08 50.3 37.36 18.36 
46.32 48.35 59.19 48.22 51.12 30.49 34.5 27.14 22.28 68.14 61.3 50.03 68.48 73.36 0 27.8 40.33 60.7 
Dimension>35
Bandera>10
Fitness Greedy Costo>330.35
Solucion Greedy Costo>1 2 10 9 0 3 11 4 16 0 8 7 15 5 0 17 12 13 0 18 14 6 0 0 0 0 0 0 0 0 0 0 0 0 0 
Linea Vacia>
19.61 13.06 2.94 17.75 33.14 49.41 52.96 48.76 43.52 10.85 0 22.26 32.76 26.69 62.27 50.14 38.4 28.17 
30.38 20.81 20.41 5.12 8.77 26.87 30.45 28.15 31.03 24.49 22.9 0 19.71 23.15 52.04 29.47 16.43 10.25 
49.3 39.28 34.6 23.71 20 38.74 41.26 41.74 46.92 33.84 33.03 19.58 0 18.39 69.6 41.33 28.33 10.35 
44.23 34.77 27.3 24.73 31.49 47.72 51.27 48.99 52.28 26.55 26.67 23.13 18.35 0 73.08 50.3 37.36 18.36 
37.26 33.65 43.55 30.83 23.83 2.17 9.93 0.4 9.83 52.55 47.58 28.22 41.35 50.18 27.89 0 13.93 32.58 
35.94 28.13 35.55 18.41 10.27 11.35 16.86 14.37 18.62 41.65 39.6 15.79 28.38 36.74 44.24 13.97 0 19.06 
40 30.08 24.92 13.84 11.3 30.01 33.58 33.01 39.47 26.5 24.92 10.19 10.33 19.51 60.37 32.6 19.58 0 
46.32 48.35 59.19 48.22 51.12 30.49 34.5 27.14 22.28 68.14 61.3 50.03 68.48 73.36 0 27.8 40.33 60.7 
37.26 33.65 43.55 30.83 23.83 2.17 9.93 0.4 9.83 52.55 47.58 28.22 41.35 50.18 27.89 0 13.93 32.58 
35.94 28.13 35.55 18.41 10.27 11.35 16.86 14.37 18.62 41.65 39.6 15.79 28.38 36.74 44.24 13.97 0 19.06 
Matriz de Costos>
0 9.66 19.72 25.68 38.13 38.2 46.09 35.99 30.75 30.37 19.58 30.36 49.38 44.85 47.53 37.37 37.98 40.01 
8.9 0 10.47 15.08 28.85 37.44 45.34 35.23 29.99 25.4 13.05 20.88 38.35 34.74 46.91 36.62 31.65 28.95 
19.09 10.48 0 15.19 29.7 44.91 47.68 44.74 39.5 14.96 2.9 20.39 34.14 28.07 60.44 46.12 34.16 25.62 
40 30.08 24.92 13.84 11.3 30.01 33.58 33.01 39.47 26.5 24.92 10.19 10.33 19.51 60.37 32.6 19.58 0 
26.21 15.12 15.19 0 14.73 29.22 32.82 28.8 28.18 24.29 19.25 5.11 23.32 24.79 49.21 30.19 18.82 13.88 
39.72 29.35 30.18 14.83 0 21.15 24.73 24.06 29.38 36.29 34.23 8.78 26.2 29.78 50.97 23.75 10.69 11.25 
37.89 35.62 45.5 29.24 21.24 0 8.67 2.4 11.94 52.5 50.9 26.75 38.78 47.62 30.68 2.2 11.33 30 
46.1 43.75 51.15 36.29 26.02 9.51 0 11.57 20.24 57.22 55.65 31.52 41.08 52.35 34.54 9.87 17.12 34.76 
35.2 32.27 42.16 29.44 24.08 2.39 11.54 0 8.55 51.17 46.2 26.82 41.6 50.43 27.45 0.41 14.18 32.83 
30.77 29.89 39.78 28.71 30.73 10.87 20.27 8.42 0 50.08 43.81 28.67 49.14 52.46 23.55 9.66 19.84 39.7 
30.47 25.49 14.9 24.18 34.76 50.96 54.51 52.23 48.42 0 10.76 24.57 32.63 24.31 68.91 53.61 40.62 29.05 
19.61 13.06 2.94 17.75 33.14 49.41 52.96 48.76 43.52 10.85 0 22.26 32.76 26.69 62.27 50.14 38.4 28.17 
30.38 20.81 20.41 5.12 8.77 26.87 30.45 28.15 31.03 24.49 22.9 0 19.71 23.15 52.04 29.47 16.43 10.25 
49.3 39.28 34.6 23.71 20 38.74 41.26 41.74 46.92 33.84 33.03 19.58 0 18.39 69.6 41.33 28.33 10.35 
44.23 34.77 27.3 24.73 31.49 47.72 51.27 48.99 52.28 26.55 26.67 23.13 18.35 0 73.08 50.3 37.36 18.36 
46.32 48.35 59.19 48.22 51.12 30.49 34.5 27.14 22.28 68.14 61.3 50.03 68.48 73.36 0 27.8 40.33 60.7 
37.26 33.65 43.55 30.83 23.83 2.17 9.93 0.4 9.83 52.55 47.58 28.22 41.35 50.18 27.89 0 13.93 32.58 
35.94 28.13 35.55 18.41 10.27 11.35 16.86 14.37 18.62 41.65 39.6 15.79 28.38 36.74 44.24 13.97 0 19.06 
40 30.08 24.92 13.84 11.3 30.01 33.58 33.01 39.47 26.5 24.92 10.19 10.33 19.51 60.37 32.6 19.58 0 
Dimension>35
Bandera>10
Fitness Greedy Costo>330.35
Dimension>35
Bandera>10
Fitness Greedy Costo>330.35
Dimension>35
Bandera>10
Fitness Greedy Costo>330.35
Solucion Greedy Costo>1 2 10 9 0 3 11 4 16 0 8 7 15 5 0 17 12 13 0 18 14 6 0 0 0 0 0 0 0 0 0 0 0 0 0 
Linea Vacia>
Solucion Greedy Costo>1 2 10 9 0 3 11 4 16 0 8 7 15 5 0 17 12 13 0 18 14 6 0 0 0 0 0 0 0 0 0 0 0 0 0 
Linea Vacia>
Solucion Greedy Costo>1 2 10 9 0 3 11 4 16 0 8 7 15 5 0 17 12 13 0 18 14 6 0 0 0 0 0 0 0 0 0 0 0 0 0 
Linea Vacia>
Matriz de Costos>
0 9.66 19.72 25.68 38.13 38.2 46.09 35.99 30.75 30.37 19.58 30.36 49.38 44.85 47.53 37.37 37.98 40.01 
8.9 0 10.47 15.08 28.85 37.44 45.34 35.23 29.99 25.4 13.05 20.88 38.35 34.74 46.91 36.62 31.65 28.95 
19.09 10.48 0 15.19 29.7 44.91 47.68 44.74 39.5 14.96 2.9 20.39 34.14 28.07 60.44 46.12 34.16 25.62 
26.21 15.12 15.19 0 14.73 29.22 32.82 28.8 28.18 24.29 19.25 5.11 23.32 24.79 49.21 30.19 18.82 13.88 
39.72 29.35 30.18 14.83 0 21.15 24.73 24.06 29.38 36.29 34.23 8.78 26.2 29.78 50.97 23.75 10.69 11.25 
Matriz de Costos>
0 9.66 19.72 25.68 38.13 38.2 46.09 35.99 30.75 30.37 19.58 30.36 49.38 44.85 47.53 37.37 37.98 40.01 
37.89 35.62 45.5 29.24 21.24 0 8.67 2.4 11.94 52.5 50.9 26.75 38.78 47.62 30.68 2.2 11.33 30 
46.1 43.75 51.15 36.29 26.02 9.51 0 11.57 20.24 57.22 55.65 31.52 41.08 52.35 34.54 9.87 17.12 34.76 
8.9 0 10.47 15.08 28.85 37.44 45.34 35.23 29.99 25.4 13.05 20.88 38.35 34.74 46.91 36.62 31.65 28.95 
19.09 10.48 0 15.19 29.7 44.91 47.68 44.74 39.5 14.96 2.9 20.39 34.14 28.07 60.44 46.12 34.16 25.62 
Matriz de Costos>
0 9.66 19.72 25.68 38.13 38.2 46.09 35.99 30.75 30.37 19.58 30.36 49.38 44.85 47.53 37.37 37.98 40.01 
35.2 32.27 42.16 29.44 24.08 2.39 11.54 0 8.55 51.17 46.2 26.82 41.6 50.43 27.45 0.41 14.18 32.83 
30.77 29.89 39.78 28.71 30.73 10.87 20.27 8.42 0 50.08 43.81 28.67 49.14 52.46 23.55 9.66 19.84 39.7 
30.47 25.49 14.9 24.18 34.76 50.96 54.51 52.23 48.42 0 10.76 24.57 32.63 24.31 68.91 53.61 40.62 29.05 
26.21 15.12 15.19 0 14.73 29.22 32.82 28.8 28.18 24.29 19.25 5.11 23.32 24.79 49.21 30.19 18.82 13.88 
39.72 29.35 30.18 14.83 0 21.15 24.73 24.06 29.38 36.29 34.23 8.78 26.2 29.78 50.97 23.75 10.69 11.25 
37.89 35.62 45.5 29.24 21.24 0 8.67 2.4 11.94 52.5 50.9 26.75 38.78 47.62 30.68 2.2 11.33 30 
8.9 0 10.47 15.08 28.85 37.44 45.34 35.23 29.99 25.4 13.05 20.88 38.35 34.74 46.91 36.62 31.65 28.95 
19.09 10.48 0 15.19 29.7 44.91 47.68 44.74 39.5 14.96 2.9 20.39 34.14 28.07 60.44 46.12 34.16 25.62 
19.61 13.06 2.94 17.75 33.14 49.41 52.96 48.76 43.52 10.85 0 22.26 32.76 26.69 62.27 50.14 38.4 28.17 
30.38 20.81 20.41 5.12 8.77 26.87 30.45 28.15 31.03 24.49 22.9 0 19.71 23.15 52.04 29.47 16.43 10.25 
49.3 39.28 34.6 23.71 20 38.74 41.26 41.74 46.92 33.84 33.03 19.58 0 18.39 69.6 41.33 28.33 10.35 
44.23 34.77 27.3 24.73 31.49 47.72 51.27 48.99 52.28 26.55 26.67 23.13 18.35 0 73.08 50.3 37.36 18.36 
46.32 48.35 59.19 48.22 51.12 30.49 34.5 27.14 22.28 68.14 61.3 50.03 68.48 73.36 0 27.8 40.33 60.7 
46.1 43.75 51.15 36.29 26.02 9.51 0 11.57 20.24 57.22 55.65 31.52 41.08 52.35 34.54 9.87 17.12 34.76 
35.2 32.27 42.16 29.44 24.08 2.39 11.54 0 8.55 51.17 46.2 26.82 41.6 50.43 27.45 0.41 14.18 32.83 
30.77 29.89 39.78 28.71 30.73 10.87 20.27 8.42 0 50.08 43.81 28.67 49.14 52.46 23.55 9.66 19.84 39.7 
26.21 15.12 15.19 0 14.73 29.22 32.82 28.8 28.18 24.29 19.25 5.11 23.32 24.79 49.21 30.19 18.82 13.88 
39.72 29.35 30.18 14.83 0 21.15 24.73 24.06 29.38 36.29 34.23 8.78 26.2 29.78 50.97 23.75 10.69 11.25 
37.26 33.65 43.55 30.83 23.83 2.17 9.93 0.4 9.83 52.55 47.58 28.22 41.35 50.18 27.89 0 13.93 32.58 
35.94 28.13 35.55 18.41 10.27 11.35 16.86 14.37 18.62 41.65 39.6 15.79 28.38 36.74 44.24 13.97 0 19.06 
30.47 25.49 14.9 24.18 34.76 50.96 54.51 52.23 48.42 0 10.76 24.57 32.63 24.31 68.91 53.61 40.62 29.05 
19.61 13.06 2.94 17.75 33.14 49.41 52.96 48.76 43.52 10.85 0 22.26 32.76 26.69 62.27 50.14 38.4 28.17 
37.89 35.62 45.5 29.24 21.24 0 8.67 2.4 11.94 52.5 50.9 26.75 38.78 47.62 30.68 2.2 11.33 30 
46.1 43.75 51.15 36.29 26.02 9.51 0 11.57 20.24 57.22 55.65 31.52 41.08 52.35 34.54 9.87 17.12 34.76 
40 30.08 24.92 13.84 11.3 30.01 33.58 33.01 39.47 26.5 24.92 10.19 10.33 19.51 60.37 32.6 19.58 0 
30.38 20.81 20.41 5.12 8.77 26.87 30.45 28.15 31.03 24.49 22.9 0 19.71 23.15 52.04 29.47 16.43 10.25 
49.3 39.28 34.6 23.71 20 38.74 41.26 41.74 46.92 33.84 33.03 19.58 0 18.39 69.6 41.33 28.33 10.35 
Dimension>35
35.2 32.27 42.16 29.44 24.08 2.39 11.54 0 8.55 51.17 46.2 26.82 41.6 50.43 27.45 0.41 14.18 32.83 
30.77 29.89 39.78 28.71 30.73 10.87 20.27 8.42 0 50.08 43.81 28.67 49.14 52.46 23.55 9.66 19.84 39.7 
44.23 34.77 27.3 24.73 31.49 47.72 51.27 48.99 52.28 26.55 26.67 23.13 18.35 0 73.08 50.3 37.36 18.36 
46.32 48.35 59.19 48.22 51.12 30.49 34.5 27.14 22.28 68.14 61.3 50.03 68.48 73.36 0 27.8 40.33 60.7 
Bandera>10
Fitness Greedy Costo>330.35
Solucion Greedy Costo>1 2 10 9 0 3 11 4 16 0 8 7 15 5 0 17 12 13 0 18 14 6 0 0 0 0 0 0 0 0 0 0 0 0 0 
Linea Vacia>
30.47 25.49 14.9 24.18 34.76 50.96 54.51 52.23 48.42 0 10.76 24.57 32.63 24.31 68.91 53.61 40.62 29.05 
19.61 13.06 2.94 17.75 33.14 49.41 52.96 48.76 43.52 10.85 0 22.26 32.76 26.69 62.27 50.14 38.4 28.17 
37.26 33.65 43.55 30.83 23.83 2.17 9.93 0.4 9.83 52.55 47.58 28.22 41.35 50.18 27.89 0 13.93 32.58 
35.94 28.13 35.55 18.41 10.27 11.35 16.86 14.37 18.62 41.65 39.6 15.79 28.38 36.74 44.24 13.97 0 19.06 
30.38 20.81 20.41 5.12 8.77 26.87 30.45 28.15 31.03 24.49 22.9 0 19.71 23.15 52.04 29.47 16.43 10.25 
49.3 39.28 34.6 23.71 20 38.74 41.26 41.74 46.92 33.84 33.03 19.58 0 18.39 69.6 41.33 28.33 10.35 
40 30.08 24.92 13.84 11.3 30.01 33.58 33.01 39.47 26.5 24.92 10.19 10.33 19.51 60.37 32.6 19.58 0 
44.23 34.77 27.3 24.73 31.49 47.72 51.27 48.99 52.28 26.55 26.67 23.13 18.35 0 73.08 50.3 37.36 18.36 
46.32 48.35 59.19 48.22 51.12 30.49 34.5 27.14 22.28 68.14 61.3 50.03 68.48 73.36 0 27.8 40.33 60.7 
37.26 33.65 43.55 30.83 23.83 2.17 9.93 0.4 9.83 52.55 47.58 28.22 41.35 50.18 27.89 0 13.93 32.58 
35.94 28.13 35.55 18.41 10.27 11.35 16.86 14.37 18.62 41.65 39.6 15.79 28.38 36.74 44.24 13.97 0 19.06 
40 30.08 24.92 13.84 11.3 30.01 33.58 33.01 39.47 26.5 24.92 10.19 10.33 19.51 60.37 32.6 19.58 0 
Matriz de Costos>
0 9.66 19.72 25.68 38.13 38.2 46.09 35.99 30.75 30.37 19.58 30.36 49.38 44.85 47.53 37.37 37.98 40.01 
8.9 0 10.47 15.08 28.85 37.44 45.34 35.23 29.99 25.4 13.05 20.88 38.35 34.74 46.91 36.62 31.65 28.95 
19.09 10.48 0 15.19 29.7 44.91 47.68 44.74 39.5 14.96 2.9 20.39 34.14 28.07 60.44 46.12 34.16 25.62 
26.21 15.12 15.19 0 14.73 29.22 32.82 28.8 28.18 24.29 19.25 5.11 23.32 24.79 49.21 30.19 18.82 13.88 
39.72 29.35 30.18 14.83 0 21.15 24.73 24.06 29.38 36.29 34.23 8.78 26.2 29.78 50.97 23.75 10.69 11.25 
37.89 35.62 45.5 29.24 21.24 0 8.67 2.4 11.94 52.5 50.9 26.75 38.78 47.62 30.68 2.2 11.33 30 
46.1 43.75 51.15 36.29 26.02 9.51 0 11.57 20.24 57.22 55.65 31.52 41.08 52.35 34.54 9.87 17.12 34.76 
35.2 32.27 42.16 29.44 24.08 2.39 11.54 0 8.55 51.17 46.2 26.82 41.6 50.43 27.45 0.41 14.18 32.83 
30.77 29.89 39.78 28.71 30.73 10.87 20.27 8.42 0 50.08 43.81 28.67 49.14 52.46 23.55 9.66 19.84 39.7 
30.47 25.49 14.9 24.18 34.76 50.96 54.51 52.23 48.42 0 10.76 24.57 32.63 24.31 68.91 53.61 40.62 29.05 
19.61 13.06 2.94 17.75 33.14 49.41 52.96 48.76 43.52 10.85 0 22.26 32.76 26.69 62.27 50.14 38.4 28.17 
30.38 20.81 20.41 5.12 8.77 26.87 30.45 28.15 31.03 24.49 22.9 0 19.71 23.15 52.04 29.47 16.43 10.25 
49.3 39.28 34.6 23.71 20 38.74 41.26 41.74 46.92 33.84 33.03 19.58 0 18.39 69.6 41.33 28.33 10.35 
44.23 34.77 27.3 24.73 31.49 47.72 51.27 48.99 52.28 26.55 26.67 23.13 18.35 0 73.08 50.3 37.36 18.36 
46.32 48.35 59.19 48.22 51.12 30.49 34.5 27.14 22.28 68.14 61.3 50.03 68.48 73.36 0 27.8 40.33 60.7 
37.26 33.65 43.55 30.83 23.83 2.17 9.93 0.4 9.83 52.55 47.58 28.22 41.35 50.18 27.89 0 13.93 32.58 
35.94 28.13 35.55 18.41 10.27 11.35 16.86 14.37 18.62 41.65 39.6 15.79 28.38 36.74 44.24 13.97 0 19.06 
40 30.08 24.92 13.84 11.3 30.01 33.58 33.01 39.47 26.5 24.92 10.19 10.33 19.51 60.37 32.6 19.58 0 
Dimension>35
Bandera>10
Fitness Greedy Costo>330.35
Solucion Greedy Costo>1 2 10 9 0 3 11 4 16 0 8 7 15 5 0 17 12 13 0 18 14 6 0 0 0 0 0 0 0 0 0 0 0 0 0 
Linea Vacia>
Matriz de Costos>
0 9.66 19.72 25.68 38.13 38.2 46.09 35.99 30.75 30.37 19.58 30.36 49.38 44.85 47.53 37.37 37.98 40.01 
8.9 0 10.47 15.08 28.85 37.44 45.34 35.23 29.99 25.4 13.05 20.88 38.35 34.74 46.91 36.62 31.65 28.95 
19.09 10.48 0 15.19 29.7 44.91 47.68 44.74 39.5 14.96 2.9 20.39 34.14 28.07 60.44 46.12 34.16 25.62 
26.21 15.12 15.19 0 14.73 29.22 32.82 28.8 28.18 24.29 19.25 5.11 23.32 24.79 49.21 30.19 18.82 13.88 
39.72 29.35 30.18 14.83 0 21.15 24.73 24.06 29.38 36.29 34.23 8.78 26.2 29.78 50.97 23.75 10.69 11.25 
37.89 35.62 45.5 29.24 21.24 0 8.67 2.4 11.94 52.5 50.9 26.75 38.78 47.62 30.68 2.2 11.33 30 
46.1 43.75 51.15 36.29 26.02 9.51 0 11.57 20.24 57.22 55.65 31.52 41.08 52.35 34.54 9.87 17.12 34.76 
35.2 32.27 42.16 29.44 24.08 2.39 11.54 0 8.55 51.17 46.2 26.82 41.6 50.43 27.45 0.41 14.18 32.83 
30.77 29.89 39.78 28.71 30.73 10.87 20.27 8.42 0 50.08 43.81 28.67 49.14 52.46 23.55 9.66 19.84 39.7 
30.47 25.49 14.9 24.18 34.76 50.96 54.51 52.23 48.42 0 10.76 24.57 32.63 24.31 68.91 53.61 40.62 29.05 
19.61 13.06 2.94 17.75 33.14 49.41 52.96 48.76 43.52 10.85 0 22.26 32.76 26.69 62.27 50.14 38.4 28.17 
30.38 20.81 20.41 5.12 8.77 26.87 30.45 28.15 31.03 24.49 22.9 0 19.71 23.15 52.04 29.47 16.43 10.25 
49.3 39.28 34.6 23.71 20 38.74 41.26 41.74 46.92 33.84 33.03 19.58 0 18.39 69.6 41.33 28.33 10.35 
44.23 34.77 27.3 24.73 31.49 47.72 51.27 48.99 52.28 26.55 26.67 23.13 18.35 0 73.08 50.3 37.36 18.36 
46.32 48.35 59.19 48.22 51.12 30.49 34.5 27.14 22.28 68.14 61.3 50.03 68.48 73.36 0 27.8 40.33 60.7 
37.26 33.65 43.55 30.83 23.83 2.17 9.93 0.4 9.83 52.55 47.58 28.22 41.35 50.18 27.89 0 13.93 32.58 
35.94 28.13 35.55 18.41 10.27 11.35 16.86 14.37 18.62 41.65 39.6 15.79 28.38 36.74 44.24 13.97 0 19.06 
40 30.08 24.92 13.84 11.3 30.01 33.58 33.01 39.47 26.5 24.92 10.19 10.33 19.51 60.37 32.6 19.58 0 
GEN 0 598.250000
GEN 0 592.770000
GEN 0 568.930000
TIEMPO 0 592.770000
TIEMPO 0 598.250000
TIEMPO 0 568.930000
GEN 0 637.910000
TIEMPO 0 591.410000
GEN 0 671.990000
TIEMPO 0 671.990000
GEN 0 601.490000
GEN 0 655.860000
TIEMPO 0 546.700000
TIEMPO 0 580.660000
GEN 0 591.580000
TIEMPO 0 591.580000
GEN 0 558.150000
GEN 0 579.880000
TIEMPO 0 570.240000
TIEMPO 0 558.150000
GEN 0 591.000000
TIEMPO 0 591.000000
GEN 0 608.090000
TIEMPO 0 587.130000
GEN 0 650.290000
TIEMPO 0 650.290000
GEN 0 615.600000
TIEMPO 0 574.400000
GEN 0 622.450000
TIEMPO 0 561.130000
GEN 0 589.930000
GEN 0 627.200000
TIEMPO 0 599.200000
TIEMPO 0 581.540000
GEN 0 646.800000
TIEMPO 0 624.210000
GEN 0 633.190000
TIEMPO 0 633.190000
GEN 0 628.550000
TIEMPO 0 593.370000
GEN 0 561.040000
GEN 0 608.500000
TIEMPO 0 602.030000
GEN 0 583.650000
TIEMPO 0 583.650000
TIEMPO 0 561.040000
GEN 0 588.910000
TIEMPO 0 588.910000
GREEDY 0 0.049176
GREEDY 5 0.053278
GREEDY 0 0.056859
GREEDY 0 0.068131
GREEDY 0 0.075747
GREEDY 0 0.161889
GEN 2500 303.220000
GREEDY 0 0.144497
GREEDY 0 0.177907
GEN 2500 320.760000
GREEDY 0 0.176334
GEN 2500 319.440000
GEN 2500 321.730000
GREEDY 5 0.197077
GREEDY 0 0.244439
GREEDY 5 0.275256
GREEDY 0 0.277053
GEN 2500 344.990000
GREEDY 0 0.296541
GREEDY 0 0.304339
GEN 5000 303.220000
GREEDY 5 0.329776
GREEDY 5 0.339079
GREEDY 0 0.333696
GREEDY 0 0.337075
GEN 5000 313.520000
GREEDY 5 0.357637
GEN 5000 305.030000
GREEDY 5 0.407035
GREEDY 0 0.391941
GREEDY 0 0.419003
GREEDY 5 0.431921
GEN 5000 344.990000
GEN 2500 356.760000
GREEDY 5 0.431666
GEN 5000 321.730000
GREEDY 0 0.468615
GEN 2500 339.470000
GEN 2500 320.470000
GEN 2500 328.070000
GEN 7500 303.220000
GEN 2500 305.030000
GEN 7500 313.520000
GREEDY 5 0.521436
GEN 7500 305.030000
GEN 2500 309.140000
GEN 2500 347.960000
GEN 2500 305.030000
GEN 7500 344.990000
GREEDY 5 0.618675
GEN 2500 321.160000
GEN 2500 347.150000
GEN 7500 321.730000
GEN 2500 303.220000
GEN 2500 310.020000
GEN 2500 312.340000
GEN 10000 303.220000
TIEMPO 0.687875 303.220000
GEN 10000 313.520000
TIEMPO 0.711270 313.520000
GEN 2500 318.200000
GEN 2500 357.630000
GEN 10000 305.030000
TIEMPO 0.707728 305.030000
GEN 2500 335.220000
GEN 2500 305.030000
GEN 2500 305.030000
GEN 2500 315.810000
GEN 10000 344.990000
TIEMPO 0.784733 344.990000
GEN 10000 321.730000
TIEMPO 0.804384 321.730000
GREEDY 0 0.899843
GEN 5000 339.470000
TIEMPO 1 357.630000
TIEMPO 1 305.030000
TIEMPO 1 318.200000
TIEMPO 1 318.200000
TIEMPO 1 303.220000
TIEMPO 1 315.810000
TIEMPO 1 320.470000
TIEMPO 1 310.020000
TIEMPO 1 335.220000
TIEMPO 1 339.470000
GEN 5000 320.470000
TIEMPO 1 347.960000
TIEMPO 1 344.880000
TIEMPO 1 305.030000
TIEMPO 1 303.220000
TIEMPO 1 312.340000
GEN 5000 318.200000
TIEMPO 1 321.160000
TIEMPO 1 305.030000
TIEMPO 1 328.070000
TIEMPO 1 309.140000
GEN 5000 309.140000
GEN 5000 303.220000
GEN 5000 347.960000
GEN 5000 328.070000
GEN 5000 305.030000
GEN 5000 315.810000
GEN 5000 344.880000
GEN 5000 308.470000
GEN 5000 303.220000
GEN 5000 312.340000
GEN 5000 335.220000
GEN 5000 357.630000
GEN 5000 318.200000
GEN 5000 305.030000
GEN 5000 305.030000
GEN 5000 315.810000
GEN 7500 339.470000
GEN 7500 309.140000
GEN 7500 320.470000
GEN 7500 318.200000
GEN 7500 303.220000
GEN 7500 347.960000
GEN 7500 305.030000
GEN 7500 328.070000
GEN 7500 315.810000
GEN 7500 303.220000
GEN 7500 308.470000
GEN 10000 339.470000
TIEMPO 1.906117 339.470000
GEN 7500 344.880000
GEN 7500 312.340000
GEN 7500 335.220000
GEN 7500 330.760000
GEN 7500 305.030000
GEN 7500 318.200000
GEN 10000 309.140000
TIEMPO 1.969036 309.140000
TIEMPO 2 305.030000
GEN 7500 315.810000
TIEMPO 2 335.220000
TIEMPO 2 303.220000
TIEMPO 2 315.810000
TIEMPO 2 344.880000
TIEMPO 2 305.030000
GEN 7500 305.030000
TIEMPO 2 318.200000
TIEMPO 2 318.200000
TIEMPO 2 320.470000
TIEMPO 2 330.760000
TIEMPO 2 303.220000
TIEMPO 2 308.470000
TIEMPO 2 315.810000
TIEMPO 2 347.960000
TIEMPO 2 305.030000
TIEMPO 2 328.070000
TIEMPO 2 312.340000
GEN 10000 318.200000
TIEMPO 2.030549 318.200000
GEN 10000 320.470000
TIEMPO 2.034909 320.470000
GEN 10000 347.960000
TIEMPO 2.037326 347.960000
GREEDY 0 2.067964
GEN 10000 303.220000
TIEMPO 2.056239 303.220000
GEN 10000 305.030000
TIEMPO 2.089235 305.030000
GEN 10000 328.070000
TIEMPO 2.079387 328.070000
GEN 10000 303.220000
TIEMPO 2.164404 303.220000
GEN 10000 305.030000
TIEMPO 2.155357 305.030000
GEN 10000 305.030000
TIEMPO 2.174389 305.030000
GEN 10000 315.810000
TIEMPO 2.184734 315.810000
GEN 10000 335.220000
TIEMPO 2.191457 335.220000
GREEDY 5 2.225755
GEN 10000 308.820000
TIEMPO 2.227271 308.820000
GEN 10000 312.340000
TIEMPO 2.249370 312.340000
GEN 10000 344.880000
TIEMPO 2.267988 344.880000
GEN 10000 318.200000
TIEMPO 2.271137 318.200000
GEN 10000 308.470000
TIEMPO 2.289220 308.470000
GREEDY 5 2.301515
GEN 10000 313.240000
TIEMPO 2.337230 313.240000

 Current State ---------------------------------------------
Solution:  8 18 14 0 3 11 4 16 0 7 15 5 6 0 2 10 9 0 1 17 12 13 0 0 0 0 0 0 0 0 0 0 0 0 0 Fitness: 303.22

 :( ---------------------- THE END --------------- :) 
