Dimension>37
Dimension>37
Bandera>13
Fitness Greedy Costo>511.78
Solucion Greedy Costo>13 5 8 14 0 19 4 3 9 0 18 17 2 1 0 6 10 12 7 0 11 16 0 15 0 0 0 0 0 0 0 0 0 0 0 0 0 
Linea Vacia>
Bandera>13
Fitness Greedy Costo>511.78
Dimension>37
Solucion Greedy Costo>13 5 8 14 0 19 4 3 9 0 18 17 2 1 0 6 10 12 7 0 11 16 0 15 0 0 0 0 0 0 0 0 0 0 0 0 0 
Linea Vacia>
Dimension>37
Bandera>13
Bandera>13
Fitness Greedy Costo>511.78
Solucion Greedy Costo>13 5 8 14 0 19 4 3 9 0 18 17 2 1 0 6 10 12 7 0 11 16 0 15 0 0 0 0 0 0 0 0 0 0 0 0 0 
Linea Vacia>
Dimension>37
Bandera>13
Fitness Greedy Costo>511.78
Fitness Greedy Costo>511.78
Solucion Greedy Costo>13 5 8 14 0 19 4 3 9 0 18 17 2 1 0 6 10 12 7 0 11 16 0 15 0 0 0 0 0 0 0 0 0 0 0 0 0 
Linea Vacia>
Matriz de Costos>
0 42.24 41.06 40.23 28.66 26.72 37.57 64.71 32.49 44.38 44.62 60.65 57.89 14.11 33.98 71.91 99.43 43.93 31.41 
45.47 0 2.34 24.55 24.17 26.94 5.14 27.58 21.7 12 4.33 50.91 21.51 28.04 10.82 65.3 62.7 6.96 34.88 
Dimension>37
Bandera>13
Fitness Greedy Costo>511.78
Solucion Greedy Costo>13 5 8 14 0 19 4 3 9 0 18 17 2 1 0 6 10 12 7 0 11 16 0 15 0 0 0 0 0 0 0 0 0 0 0 0 0 
Linea Vacia>
Solucion Greedy Costo>13 5 8 14 0 19 4 3 9 0 18 17 2 1 0 6 10 12 7 0 11 16 0 15 0 0 0 0 0 0 0 0 0 0 0 0 0 
Linea Vacia>
Matriz de Costos>
41.46 3.25 0 21.18 20.82 23.62 4.98 24.24 18.29 8.45 9.18 47 18.09 24.65 7.24 69.85 58.93 4.87 31.7 
36 23.07 22.34 0 5.43 11.09 21.54 37.78 9.74 10.23 28.27 36.64 29.96 28.23 15.62 74.33 70.27 11.98 16.43 
0 42.24 41.06 40.23 28.66 26.72 37.57 64.71 32.49 44.38 44.62 60.65 57.89 14.11 33.98 71.91 99.43 43.93 31.41 
28.55 26.89 26.19 5.08 0 10.41 21.48 42.22 8.43 16.5 28.21 36.43 34.57 24.85 14.34 73.51 76.67 18.01 11.87 
45.47 0 2.34 24.55 24.17 26.94 5.14 27.58 21.7 12 4.33 50.91 21.51 28.04 10.82 65.3 62.7 6.96 34.88 
29.71 26.31 25.58 15.53 9.86 0 21.74 48.91 2.73 18.12 28.06 49.6 41.83 14.62 9.88 59.71 78.96 17.92 24.5 
41.46 3.25 0 21.18 20.82 23.62 4.98 24.24 18.29 8.45 9.18 47 18.09 24.65 7.24 69.85 58.93 4.87 31.7 
42.71 3.77 5.58 25.89 24.44 24.43 0 26.5 19.12 13.69 3.14 51.94 20.37 26.09 7.86 63.6 62.08 9.24 35.13 
67.32 27.49 26.76 37.31 43.33 46.1 26.87 0 40.45 25.44 33.46 40.71 9.54 48.72 30.23 94.2 37.37 24.03 53.32 
36 23.07 22.34 0 5.43 11.09 21.54 37.78 9.74 10.23 28.27 36.64 29.96 28.23 15.62 74.33 70.27 11.98 16.43 
28.55 26.89 26.19 5.08 0 10.41 21.48 42.22 8.43 16.5 28.21 36.43 34.57 24.85 14.34 73.51 76.67 18.01 11.87 
30.39 23.48 22.76 13.67 8.12 3.8 19.32 42.1 0 15.68 25.26 47.19 36.32 17.97 6.88 61.82 73.47 15.49 22.86 
42.07 14.86 14.11 7.02 13.22 17.46 15.76 30.04 12.16 0 22.69 37.52 22.06 32.91 12.58 81.17 60.17 5.45 22.48 
29.71 26.31 25.58 15.53 9.86 0 21.74 48.91 2.73 18.12 28.06 49.6 41.83 14.62 9.88 59.71 78.96 17.92 24.5 
42.71 3.77 5.58 25.89 24.44 24.43 0 26.5 19.12 13.69 3.14 51.94 20.37 26.09 7.86 63.6 62.08 9.24 35.13 
47.92 4.78 8.61 31.77 30.32 29.89 3.7 32.37 24.73 19.91 0 58.49 26.4 30.51 12.59 57.37 68.38 15.54 40.68 
62.07 48.42 47.26 33.25 34.35 47.18 49.5 48.23 45.61 33.78 56.78 0 41.75 65.33 47.06 110.62 66.4 38.3 26.2 
Matriz de Costos>
0 42.24 41.06 40.23 28.66 26.72 37.57 64.71 32.49 44.38 44.62 60.65 57.89 14.11 33.98 71.91 99.43 43.93 31.41 
67.32 27.49 26.76 37.31 43.33 46.1 26.87 0 40.45 25.44 33.46 40.71 9.54 48.72 30.23 94.2 37.37 24.03 53.32 
52.38 13.42 12.68 24.09 29.88 32.21 13.03 9.8 27.11 11.47 20.05 35.97 0 33.6 16.54 80.44 43.73 10.04 38.49 
Matriz de Costos>
0 42.24 41.06 40.23 28.66 26.72 37.57 64.71 32.49 44.38 44.62 60.65 57.89 14.11 33.98 71.91 99.43 43.93 31.41 
30.39 23.48 22.76 13.67 8.12 3.8 19.32 42.1 0 15.68 25.26 47.19 36.32 17.97 6.88 61.82 73.47 15.49 22.86 
42.07 14.86 14.11 7.02 13.22 17.46 15.76 30.04 12.16 0 22.69 37.52 22.06 32.91 12.58 81.17 60.17 5.45 22.48 
12.47 35.42 34.67 31.82 23.81 17.03 29.74 56.56 18.16 27.57 37.47 66.25 49.61 0 19.59 66.02 86.92 27.35 34.63 
35.44 10.63 9.87 19.37 13.8 11.86 6.35 30.66 6.23 8.97 12.53 46.81 24.62 22.04 0 67.29 66.9 8.78 28.18 
Matriz de Costos>
0 42.24 41.06 40.23 28.66 26.72 37.57 64.71 32.49 44.38 44.62 60.65 57.89 14.11 33.98 71.91 99.43 43.93 31.41 
45.47 0 2.34 24.55 24.17 26.94 5.14 27.58 21.7 12 4.33 50.91 21.51 28.04 10.82 65.3 62.7 6.96 34.88 
41.46 3.25 0 21.18 20.82 23.62 4.98 24.24 18.29 8.45 9.18 47 18.09 24.65 7.24 69.85 58.93 4.87 31.7 
36 23.07 22.34 0 5.43 11.09 21.54 37.78 9.74 10.23 28.27 36.64 29.96 28.23 15.62 74.33 70.27 11.98 16.43 
Matriz de Costos>
45.47 0 2.34 24.55 24.17 26.94 5.14 27.58 21.7 12 4.33 50.91 21.51 28.04 10.82 65.3 62.7 6.96 34.88 
41.46 3.25 0 21.18 20.82 23.62 4.98 24.24 18.29 8.45 9.18 47 18.09 24.65 7.24 69.85 58.93 4.87 31.7 
47.92 4.78 8.61 31.77 30.32 29.89 3.7 32.37 24.73 19.91 0 58.49 26.4 30.51 12.59 57.37 68.38 15.54 40.68 
72.64 63.09 68 78.39 73.14 62.54 61.35 88.58 61.24 73.87 54.4 111.03 85.51 58 64.97 0 112.06 73.37 86.66 
95.18 59.48 58.32 63.08 68.41 70.94 54.99 35.64 65.85 50.16 62.14 58.08 35.94 78.35 59.13 112.9 0 51.59 78.62 
28.55 26.89 26.19 5.08 0 10.41 21.48 42.22 8.43 16.5 28.21 36.43 34.57 24.85 14.34 73.51 76.67 18.01 11.87 
29.71 26.31 25.58 15.53 9.86 0 21.74 48.91 2.73 18.12 28.06 49.6 41.83 14.62 9.88 59.71 78.96 17.92 24.5 
0 42.24 41.06 40.23 28.66 26.72 37.57 64.71 32.49 44.38 44.62 60.65 57.89 14.11 33.98 71.91 99.43 43.93 31.41 
36 23.07 22.34 0 5.43 11.09 21.54 37.78 9.74 10.23 28.27 36.64 29.96 28.23 15.62 74.33 70.27 11.98 16.43 
62.07 48.42 47.26 33.25 34.35 47.18 49.5 48.23 45.61 33.78 56.78 0 41.75 65.33 47.06 110.62 66.4 38.3 26.2 
52.38 13.42 12.68 24.09 29.88 32.21 13.03 9.8 27.11 11.47 20.05 35.97 0 33.6 16.54 80.44 43.73 10.04 38.49 
42.81 7.8 7.05 15.03 17.6 19.58 9.08 24.53 14.15 3.26 16.2 40.67 16.84 30.38 8.13 75.56 59.87 0 28.65 
35.38 36.97 36.29 15.49 7.58 23.53 31.84 54.71 21.97 26.2 38.22 28.56 47.81 36.34 27.52 85.63 85.82 27.83 0 
45.47 0 2.34 24.55 24.17 26.94 5.14 27.58 21.7 12 4.33 50.91 21.51 28.04 10.82 65.3 62.7 6.96 34.88 
41.46 3.25 0 21.18 20.82 23.62 4.98 24.24 18.29 8.45 9.18 47 18.09 24.65 7.24 69.85 58.93 4.87 31.7 
42.71 3.77 5.58 25.89 24.44 24.43 0 26.5 19.12 13.69 3.14 51.94 20.37 26.09 7.86 63.6 62.08 9.24 35.13 
67.32 27.49 26.76 37.31 43.33 46.1 26.87 0 40.45 25.44 33.46 40.71 9.54 48.72 30.23 94.2 37.37 24.03 53.32 
Dimension>37
45.47 0 2.34 24.55 24.17 26.94 5.14 27.58 21.7 12 4.33 50.91 21.51 28.04 10.82 65.3 62.7 6.96 34.88 
41.46 3.25 0 21.18 20.82 23.62 4.98 24.24 18.29 8.45 9.18 47 18.09 24.65 7.24 69.85 58.93 4.87 31.7 
28.55 26.89 26.19 5.08 0 10.41 21.48 42.22 8.43 16.5 28.21 36.43 34.57 24.85 14.34 73.51 76.67 18.01 11.87 
29.71 26.31 25.58 15.53 9.86 0 21.74 48.91 2.73 18.12 28.06 49.6 41.83 14.62 9.88 59.71 78.96 17.92 24.5 
12.47 35.42 34.67 31.82 23.81 17.03 29.74 56.56 18.16 27.57 37.47 66.25 49.61 0 19.59 66.02 86.92 27.35 34.63 
35.44 10.63 9.87 19.37 13.8 11.86 6.35 30.66 6.23 8.97 12.53 46.81 24.62 22.04 0 67.29 66.9 8.78 28.18 
30.39 23.48 22.76 13.67 8.12 3.8 19.32 42.1 0 15.68 25.26 47.19 36.32 17.97 6.88 61.82 73.47 15.49 22.86 
42.07 14.86 14.11 7.02 13.22 17.46 15.76 30.04 12.16 0 22.69 37.52 22.06 32.91 12.58 81.17 60.17 5.45 22.48 
Bandera>13
Fitness Greedy Costo>511.78
36 23.07 22.34 0 5.43 11.09 21.54 37.78 9.74 10.23 28.27 36.64 29.96 28.23 15.62 74.33 70.27 11.98 16.43 
42.71 3.77 5.58 25.89 24.44 24.43 0 26.5 19.12 13.69 3.14 51.94 20.37 26.09 7.86 63.6 62.08 9.24 35.13 
72.64 63.09 68 78.39 73.14 62.54 61.35 88.58 61.24 73.87 54.4 111.03 85.51 58 64.97 0 112.06 73.37 86.66 
36 23.07 22.34 0 5.43 11.09 21.54 37.78 9.74 10.23 28.27 36.64 29.96 28.23 15.62 74.33 70.27 11.98 16.43 
28.55 26.89 26.19 5.08 0 10.41 21.48 42.22 8.43 16.5 28.21 36.43 34.57 24.85 14.34 73.51 76.67 18.01 11.87 
47.92 4.78 8.61 31.77 30.32 29.89 3.7 32.37 24.73 19.91 0 58.49 26.4 30.51 12.59 57.37 68.38 15.54 40.68 
62.07 48.42 47.26 33.25 34.35 47.18 49.5 48.23 45.61 33.78 56.78 0 41.75 65.33 47.06 110.62 66.4 38.3 26.2 
Solucion Greedy Costo>13 5 8 14 0 19 4 3 9 0 18 17 2 1 0 6 10 12 7 0 11 16 0 15 0 0 0 0 0 0 0 0 0 0 0 0 0 
Linea Vacia>
Dimension>37
67.32 27.49 26.76 37.31 43.33 46.1 26.87 0 40.45 25.44 33.46 40.71 9.54 48.72 30.23 94.2 37.37 24.03 53.32 
30.39 23.48 22.76 13.67 8.12 3.8 19.32 42.1 0 15.68 25.26 47.19 36.32 17.97 6.88 61.82 73.47 15.49 22.86 
95.18 59.48 58.32 63.08 68.41 70.94 54.99 35.64 65.85 50.16 62.14 58.08 35.94 78.35 59.13 112.9 0 51.59 78.62 
42.81 7.8 7.05 15.03 17.6 19.58 9.08 24.53 14.15 3.26 16.2 40.67 16.84 30.38 8.13 75.56 59.87 0 28.65 
29.71 26.31 25.58 15.53 9.86 0 21.74 48.91 2.73 18.12 28.06 49.6 41.83 14.62 9.88 59.71 78.96 17.92 24.5 
42.71 3.77 5.58 25.89 24.44 24.43 0 26.5 19.12 13.69 3.14 51.94 20.37 26.09 7.86 63.6 62.08 9.24 35.13 
52.38 13.42 12.68 24.09 29.88 32.21 13.03 9.8 27.11 11.47 20.05 35.97 0 33.6 16.54 80.44 43.73 10.04 38.49 
12.47 35.42 34.67 31.82 23.81 17.03 29.74 56.56 18.16 27.57 37.47 66.25 49.61 0 19.59 66.02 86.92 27.35 34.63 
28.55 26.89 26.19 5.08 0 10.41 21.48 42.22 8.43 16.5 28.21 36.43 34.57 24.85 14.34 73.51 76.67 18.01 11.87 
29.71 26.31 25.58 15.53 9.86 0 21.74 48.91 2.73 18.12 28.06 49.6 41.83 14.62 9.88 59.71 78.96 17.92 24.5 
42.07 14.86 14.11 7.02 13.22 17.46 15.76 30.04 12.16 0 22.69 37.52 22.06 32.91 12.58 81.17 60.17 5.45 22.48 
47.92 4.78 8.61 31.77 30.32 29.89 3.7 32.37 24.73 19.91 0 58.49 26.4 30.51 12.59 57.37 68.38 15.54 40.68 
35.38 36.97 36.29 15.49 7.58 23.53 31.84 54.71 21.97 26.2 38.22 28.56 47.81 36.34 27.52 85.63 85.82 27.83 0 
35.44 10.63 9.87 19.37 13.8 11.86 6.35 30.66 6.23 8.97 12.53 46.81 24.62 22.04 0 67.29 66.9 8.78 28.18 
72.64 63.09 68 78.39 73.14 62.54 61.35 88.58 61.24 73.87 54.4 111.03 85.51 58 64.97 0 112.06 73.37 86.66 
Bandera>13
Fitness Greedy Costo>511.78
Solucion Greedy Costo>13 5 8 14 0 19 4 3 9 0 18 17 2 1 0 6 10 12 7 0 11 16 0 15 0 0 0 0 0 0 0 0 0 0 0 0 0 
Linea Vacia>
42.71 3.77 5.58 25.89 24.44 24.43 0 26.5 19.12 13.69 3.14 51.94 20.37 26.09 7.86 63.6 62.08 9.24 35.13 
62.07 48.42 47.26 33.25 34.35 47.18 49.5 48.23 45.61 33.78 56.78 0 41.75 65.33 47.06 110.62 66.4 38.3 26.2 
67.32 27.49 26.76 37.31 43.33 46.1 26.87 0 40.45 25.44 33.46 40.71 9.54 48.72 30.23 94.2 37.37 24.03 53.32 
30.39 23.48 22.76 13.67 8.12 3.8 19.32 42.1 0 15.68 25.26 47.19 36.32 17.97 6.88 61.82 73.47 15.49 22.86 
95.18 59.48 58.32 63.08 68.41 70.94 54.99 35.64 65.85 50.16 62.14 58.08 35.94 78.35 59.13 112.9 0 51.59 78.62 
42.81 7.8 7.05 15.03 17.6 19.58 9.08 24.53 14.15 3.26 16.2 40.67 16.84 30.38 8.13 75.56 59.87 0 28.65 
67.32 27.49 26.76 37.31 43.33 46.1 26.87 0 40.45 25.44 33.46 40.71 9.54 48.72 30.23 94.2 37.37 24.03 53.32 
52.38 13.42 12.68 24.09 29.88 32.21 13.03 9.8 27.11 11.47 20.05 35.97 0 33.6 16.54 80.44 43.73 10.04 38.49 
12.47 35.42 34.67 31.82 23.81 17.03 29.74 56.56 18.16 27.57 37.47 66.25 49.61 0 19.59 66.02 86.92 27.35 34.63 
35.38 36.97 36.29 15.49 7.58 23.53 31.84 54.71 21.97 26.2 38.22 28.56 47.81 36.34 27.52 85.63 85.82 27.83 0 
30.39 23.48 22.76 13.67 8.12 3.8 19.32 42.1 0 15.68 25.26 47.19 36.32 17.97 6.88 61.82 73.47 15.49 22.86 
42.07 14.86 14.11 7.02 13.22 17.46 15.76 30.04 12.16 0 22.69 37.52 22.06 32.91 12.58 81.17 60.17 5.45 22.48 
35.44 10.63 9.87 19.37 13.8 11.86 6.35 30.66 6.23 8.97 12.53 46.81 24.62 22.04 0 67.29 66.9 8.78 28.18 
Dimension>37
47.92 4.78 8.61 31.77 30.32 29.89 3.7 32.37 24.73 19.91 0 58.49 26.4 30.51 12.59 57.37 68.38 15.54 40.68 
42.07 14.86 14.11 7.02 13.22 17.46 15.76 30.04 12.16 0 22.69 37.52 22.06 32.91 12.58 81.17 60.17 5.45 22.48 
47.92 4.78 8.61 31.77 30.32 29.89 3.7 32.37 24.73 19.91 0 58.49 26.4 30.51 12.59 57.37 68.38 15.54 40.68 
62.07 48.42 47.26 33.25 34.35 47.18 49.5 48.23 45.61 33.78 56.78 0 41.75 65.33 47.06 110.62 66.4 38.3 26.2 
72.64 63.09 68 78.39 73.14 62.54 61.35 88.58 61.24 73.87 54.4 111.03 85.51 58 64.97 0 112.06 73.37 86.66 
95.18 59.48 58.32 63.08 68.41 70.94 54.99 35.64 65.85 50.16 62.14 58.08 35.94 78.35 59.13 112.9 0 51.59 78.62 
42.81 7.8 7.05 15.03 17.6 19.58 9.08 24.53 14.15 3.26 16.2 40.67 16.84 30.38 8.13 75.56 59.87 0 28.65 
35.38 36.97 36.29 15.49 7.58 23.53 31.84 54.71 21.97 26.2 38.22 28.56 47.81 36.34 27.52 85.63 85.82 27.83 0 
62.07 48.42 47.26 33.25 34.35 47.18 49.5 48.23 45.61 33.78 56.78 0 41.75 65.33 47.06 110.62 66.4 38.3 26.2 
52.38 13.42 12.68 24.09 29.88 32.21 13.03 9.8 27.11 11.47 20.05 35.97 0 33.6 16.54 80.44 43.73 10.04 38.49 
12.47 35.42 34.67 31.82 23.81 17.03 29.74 56.56 18.16 27.57 37.47 66.25 49.61 0 19.59 66.02 86.92 27.35 34.63 
52.38 13.42 12.68 24.09 29.88 32.21 13.03 9.8 27.11 11.47 20.05 35.97 0 33.6 16.54 80.44 43.73 10.04 38.49 
Bandera>13
Fitness Greedy Costo>511.78
Matriz de Costos>
0 42.24 41.06 40.23 28.66 26.72 37.57 64.71 32.49 44.38 44.62 60.65 57.89 14.11 33.98 71.91 99.43 43.93 31.41 
Matriz de Costos>
0 42.24 41.06 40.23 28.66 26.72 37.57 64.71 32.49 44.38 44.62 60.65 57.89 14.11 33.98 71.91 99.43 43.93 31.41 
45.47 0 2.34 24.55 24.17 26.94 5.14 27.58 21.7 12 4.33 50.91 21.51 28.04 10.82 65.3 62.7 6.96 34.88 
41.46 3.25 0 21.18 20.82 23.62 4.98 24.24 18.29 8.45 9.18 47 18.09 24.65 7.24 69.85 58.93 4.87 31.7 
12.47 35.42 34.67 31.82 23.81 17.03 29.74 56.56 18.16 27.57 37.47 66.25 49.61 0 19.59 66.02 86.92 27.35 34.63 
35.44 10.63 9.87 19.37 13.8 11.86 6.35 30.66 6.23 8.97 12.53 46.81 24.62 22.04 0 67.29 66.9 8.78 28.18 
35.44 10.63 9.87 19.37 13.8 11.86 6.35 30.66 6.23 8.97 12.53 46.81 24.62 22.04 0 67.29 66.9 8.78 28.18 
72.64 63.09 68 78.39 73.14 62.54 61.35 88.58 61.24 73.87 54.4 111.03 85.51 58 64.97 0 112.06 73.37 86.66 
36 23.07 22.34 0 5.43 11.09 21.54 37.78 9.74 10.23 28.27 36.64 29.96 28.23 15.62 74.33 70.27 11.98 16.43 
28.55 26.89 26.19 5.08 0 10.41 21.48 42.22 8.43 16.5 28.21 36.43 34.57 24.85 14.34 73.51 76.67 18.01 11.87 
29.71 26.31 25.58 15.53 9.86 0 21.74 48.91 2.73 18.12 28.06 49.6 41.83 14.62 9.88 59.71 78.96 17.92 24.5 
Dimension>37
Bandera>13
Fitness Greedy Costo>511.78
72.64 63.09 68 78.39 73.14 62.54 61.35 88.58 61.24 73.87 54.4 111.03 85.51 58 64.97 0 112.06 73.37 86.66 
95.18 59.48 58.32 63.08 68.41 70.94 54.99 35.64 65.85 50.16 62.14 58.08 35.94 78.35 59.13 112.9 0 51.59 78.62 
42.81 7.8 7.05 15.03 17.6 19.58 9.08 24.53 14.15 3.26 16.2 40.67 16.84 30.38 8.13 75.56 59.87 0 28.65 
Solucion Greedy Costo>13 5 8 14 0 19 4 3 9 0 18 17 2 1 0 6 10 12 7 0 11 16 0 15 0 0 0 0 0 0 0 0 0 0 0 0 0 
Linea Vacia>
95.18 59.48 58.32 63.08 68.41 70.94 54.99 35.64 65.85 50.16 62.14 58.08 35.94 78.35 59.13 112.9 0 51.59 78.62 
42.81 7.8 7.05 15.03 17.6 19.58 9.08 24.53 14.15 3.26 16.2 40.67 16.84 30.38 8.13 75.56 59.87 0 28.65 
35.38 36.97 36.29 15.49 7.58 23.53 31.84 54.71 21.97 26.2 38.22 28.56 47.81 36.34 27.52 85.63 85.82 27.83 0 
45.47 0 2.34 24.55 24.17 26.94 5.14 27.58 21.7 12 4.33 50.91 21.51 28.04 10.82 65.3 62.7 6.96 34.88 
41.46 3.25 0 21.18 20.82 23.62 4.98 24.24 18.29 8.45 9.18 47 18.09 24.65 7.24 69.85 58.93 4.87 31.7 
36 23.07 22.34 0 5.43 11.09 21.54 37.78 9.74 10.23 28.27 36.64 29.96 28.23 15.62 74.33 70.27 11.98 16.43 
28.55 26.89 26.19 5.08 0 10.41 21.48 42.22 8.43 16.5 28.21 36.43 34.57 24.85 14.34 73.51 76.67 18.01 11.87 
42.71 3.77 5.58 25.89 24.44 24.43 0 26.5 19.12 13.69 3.14 51.94 20.37 26.09 7.86 63.6 62.08 9.24 35.13 
67.32 27.49 26.76 37.31 43.33 46.1 26.87 0 40.45 25.44 33.46 40.71 9.54 48.72 30.23 94.2 37.37 24.03 53.32 
30.39 23.48 22.76 13.67 8.12 3.8 19.32 42.1 0 15.68 25.26 47.19 36.32 17.97 6.88 61.82 73.47 15.49 22.86 
42.07 14.86 14.11 7.02 13.22 17.46 15.76 30.04 12.16 0 22.69 37.52 22.06 32.91 12.58 81.17 60.17 5.45 22.48 
35.38 36.97 36.29 15.49 7.58 23.53 31.84 54.71 21.97 26.2 38.22 28.56 47.81 36.34 27.52 85.63 85.82 27.83 0 
Solucion Greedy Costo>13 5 8 14 0 19 4 3 9 0 18 17 2 1 0 6 10 12 7 0 11 16 0 15 0 0 0 0 0 0 0 0 0 0 0 0 0 
Linea Vacia>
Dimension>37
Bandera>13
Fitness Greedy Costo>511.78
Solucion Greedy Costo>13 5 8 14 0 19 4 3 9 0 18 17 2 1 0 6 10 12 7 0 11 16 0 15 0 0 0 0 0 0 0 0 0 0 0 0 0 
Linea Vacia>
29.71 26.31 25.58 15.53 9.86 0 21.74 48.91 2.73 18.12 28.06 49.6 41.83 14.62 9.88 59.71 78.96 17.92 24.5 
42.71 3.77 5.58 25.89 24.44 24.43 0 26.5 19.12 13.69 3.14 51.94 20.37 26.09 7.86 63.6 62.08 9.24 35.13 
67.32 27.49 26.76 37.31 43.33 46.1 26.87 0 40.45 25.44 33.46 40.71 9.54 48.72 30.23 94.2 37.37 24.03 53.32 
47.92 4.78 8.61 31.77 30.32 29.89 3.7 32.37 24.73 19.91 0 58.49 26.4 30.51 12.59 57.37 68.38 15.54 40.68 
62.07 48.42 47.26 33.25 34.35 47.18 49.5 48.23 45.61 33.78 56.78 0 41.75 65.33 47.06 110.62 66.4 38.3 26.2 
52.38 13.42 12.68 24.09 29.88 32.21 13.03 9.8 27.11 11.47 20.05 35.97 0 33.6 16.54 80.44 43.73 10.04 38.49 
12.47 35.42 34.67 31.82 23.81 17.03 29.74 56.56 18.16 27.57 37.47 66.25 49.61 0 19.59 66.02 86.92 27.35 34.63 
35.44 10.63 9.87 19.37 13.8 11.86 6.35 30.66 6.23 8.97 12.53 46.81 24.62 22.04 0 67.29 66.9 8.78 28.18 
72.64 63.09 68 78.39 73.14 62.54 61.35 88.58 61.24 73.87 54.4 111.03 85.51 58 64.97 0 112.06 73.37 86.66 
95.18 59.48 58.32 63.08 68.41 70.94 54.99 35.64 65.85 50.16 62.14 58.08 35.94 78.35 59.13 112.9 0 51.59 78.62 
42.81 7.8 7.05 15.03 17.6 19.58 9.08 24.53 14.15 3.26 16.2 40.67 16.84 30.38 8.13 75.56 59.87 0 28.65 
30.39 23.48 22.76 13.67 8.12 3.8 19.32 42.1 0 15.68 25.26 47.19 36.32 17.97 6.88 61.82 73.47 15.49 22.86 
42.07 14.86 14.11 7.02 13.22 17.46 15.76 30.04 12.16 0 22.69 37.52 22.06 32.91 12.58 81.17 60.17 5.45 22.48 
47.92 4.78 8.61 31.77 30.32 29.89 3.7 32.37 24.73 19.91 0 58.49 26.4 30.51 12.59 57.37 68.38 15.54 40.68 
Dimension>37
35.38 36.97 36.29 15.49 7.58 23.53 31.84 54.71 21.97 26.2 38.22 28.56 47.81 36.34 27.52 85.63 85.82 27.83 0 
Bandera>13
Fitness Greedy Costo>511.78
Solucion Greedy Costo>13 5 8 14 0 19 4 3 9 0 18 17 2 1 0 6 10 12 7 0 11 16 0 15 0 0 0 0 0 0 0 0 0 0 0 0 0 
Linea Vacia>
Dimension>37
Bandera>13
Fitness Greedy Costo>511.78
62.07 48.42 47.26 33.25 34.35 47.18 49.5 48.23 45.61 33.78 56.78 0 41.75 65.33 47.06 110.62 66.4 38.3 26.2 
52.38 13.42 12.68 24.09 29.88 32.21 13.03 9.8 27.11 11.47 20.05 35.97 0 33.6 16.54 80.44 43.73 10.04 38.49 
12.47 35.42 34.67 31.82 23.81 17.03 29.74 56.56 18.16 27.57 37.47 66.25 49.61 0 19.59 66.02 86.92 27.35 34.63 
35.44 10.63 9.87 19.37 13.8 11.86 6.35 30.66 6.23 8.97 12.53 46.81 24.62 22.04 0 67.29 66.9 8.78 28.18 
Matriz de Costos>
0 42.24 41.06 40.23 28.66 26.72 37.57 64.71 32.49 44.38 44.62 60.65 57.89 14.11 33.98 71.91 99.43 43.93 31.41 
45.47 0 2.34 24.55 24.17 26.94 5.14 27.58 21.7 12 4.33 50.91 21.51 28.04 10.82 65.3 62.7 6.96 34.88 
41.46 3.25 0 21.18 20.82 23.62 4.98 24.24 18.29 8.45 9.18 47 18.09 24.65 7.24 69.85 58.93 4.87 31.7 
36 23.07 22.34 0 5.43 11.09 21.54 37.78 9.74 10.23 28.27 36.64 29.96 28.23 15.62 74.33 70.27 11.98 16.43 
Matriz de Costos>
0 42.24 41.06 40.23 28.66 26.72 37.57 64.71 32.49 44.38 44.62 60.65 57.89 14.11 33.98 71.91 99.43 43.93 31.41 
Matriz de Costos>
0 42.24 41.06 40.23 28.66 26.72 37.57 64.71 32.49 44.38 44.62 60.65 57.89 14.11 33.98 71.91 99.43 43.93 31.41 
45.47 0 2.34 24.55 24.17 26.94 5.14 27.58 21.7 12 4.33 50.91 21.51 28.04 10.82 65.3 62.7 6.96 34.88 
41.46 3.25 0 21.18 20.82 23.62 4.98 24.24 18.29 8.45 9.18 47 18.09 24.65 7.24 69.85 58.93 4.87 31.7 
36 23.07 22.34 0 5.43 11.09 21.54 37.78 9.74 10.23 28.27 36.64 29.96 28.23 15.62 74.33 70.27 11.98 16.43 
Solucion Greedy Costo>13 5 8 14 0 19 4 3 9 0 18 17 2 1 0 6 10 12 7 0 11 16 0 15 0 0 0 0 0 0 0 0 0 0 0 0 0 
Linea Vacia>
72.64 63.09 68 78.39 73.14 62.54 61.35 88.58 61.24 73.87 54.4 111.03 85.51 58 64.97 0 112.06 73.37 86.66 
95.18 59.48 58.32 63.08 68.41 70.94 54.99 35.64 65.85 50.16 62.14 58.08 35.94 78.35 59.13 112.9 0 51.59 78.62 
42.81 7.8 7.05 15.03 17.6 19.58 9.08 24.53 14.15 3.26 16.2 40.67 16.84 30.38 8.13 75.56 59.87 0 28.65 
35.38 36.97 36.29 15.49 7.58 23.53 31.84 54.71 21.97 26.2 38.22 28.56 47.81 36.34 27.52 85.63 85.82 27.83 0 
28.55 26.89 26.19 5.08 0 10.41 21.48 42.22 8.43 16.5 28.21 36.43 34.57 24.85 14.34 73.51 76.67 18.01 11.87 
29.71 26.31 25.58 15.53 9.86 0 21.74 48.91 2.73 18.12 28.06 49.6 41.83 14.62 9.88 59.71 78.96 17.92 24.5 
42.71 3.77 5.58 25.89 24.44 24.43 0 26.5 19.12 13.69 3.14 51.94 20.37 26.09 7.86 63.6 62.08 9.24 35.13 
67.32 27.49 26.76 37.31 43.33 46.1 26.87 0 40.45 25.44 33.46 40.71 9.54 48.72 30.23 94.2 37.37 24.03 53.32 
28.55 26.89 26.19 5.08 0 10.41 21.48 42.22 8.43 16.5 28.21 36.43 34.57 24.85 14.34 73.51 76.67 18.01 11.87 
29.71 26.31 25.58 15.53 9.86 0 21.74 48.91 2.73 18.12 28.06 49.6 41.83 14.62 9.88 59.71 78.96 17.92 24.5 
42.71 3.77 5.58 25.89 24.44 24.43 0 26.5 19.12 13.69 3.14 51.94 20.37 26.09 7.86 63.6 62.08 9.24 35.13 
45.47 0 2.34 24.55 24.17 26.94 5.14 27.58 21.7 12 4.33 50.91 21.51 28.04 10.82 65.3 62.7 6.96 34.88 
41.46 3.25 0 21.18 20.82 23.62 4.98 24.24 18.29 8.45 9.18 47 18.09 24.65 7.24 69.85 58.93 4.87 31.7 
36 23.07 22.34 0 5.43 11.09 21.54 37.78 9.74 10.23 28.27 36.64 29.96 28.23 15.62 74.33 70.27 11.98 16.43 
30.39 23.48 22.76 13.67 8.12 3.8 19.32 42.1 0 15.68 25.26 47.19 36.32 17.97 6.88 61.82 73.47 15.49 22.86 
42.07 14.86 14.11 7.02 13.22 17.46 15.76 30.04 12.16 0 22.69 37.52 22.06 32.91 12.58 81.17 60.17 5.45 22.48 
47.92 4.78 8.61 31.77 30.32 29.89 3.7 32.37 24.73 19.91 0 58.49 26.4 30.51 12.59 57.37 68.38 15.54 40.68 
67.32 27.49 26.76 37.31 43.33 46.1 26.87 0 40.45 25.44 33.46 40.71 9.54 48.72 30.23 94.2 37.37 24.03 53.32 
30.39 23.48 22.76 13.67 8.12 3.8 19.32 42.1 0 15.68 25.26 47.19 36.32 17.97 6.88 61.82 73.47 15.49 22.86 
42.07 14.86 14.11 7.02 13.22 17.46 15.76 30.04 12.16 0 22.69 37.52 22.06 32.91 12.58 81.17 60.17 5.45 22.48 
47.92 4.78 8.61 31.77 30.32 29.89 3.7 32.37 24.73 19.91 0 58.49 26.4 30.51 12.59 57.37 68.38 15.54 40.68 
Matriz de Costos>
0 42.24 41.06 40.23 28.66 26.72 37.57 64.71 32.49 44.38 44.62 60.65 57.89 14.11 33.98 71.91 99.43 43.93 31.41 
45.47 0 2.34 24.55 24.17 26.94 5.14 27.58 21.7 12 4.33 50.91 21.51 28.04 10.82 65.3 62.7 6.96 34.88 
41.46 3.25 0 21.18 20.82 23.62 4.98 24.24 18.29 8.45 9.18 47 18.09 24.65 7.24 69.85 58.93 4.87 31.7 
62.07 48.42 47.26 33.25 34.35 47.18 49.5 48.23 45.61 33.78 56.78 0 41.75 65.33 47.06 110.62 66.4 38.3 26.2 
52.38 13.42 12.68 24.09 29.88 32.21 13.03 9.8 27.11 11.47 20.05 35.97 0 33.6 16.54 80.44 43.73 10.04 38.49 
12.47 35.42 34.67 31.82 23.81 17.03 29.74 56.56 18.16 27.57 37.47 66.25 49.61 0 19.59 66.02 86.92 27.35 34.63 
35.44 10.63 9.87 19.37 13.8 11.86 6.35 30.66 6.23 8.97 12.53 46.81 24.62 22.04 0 67.29 66.9 8.78 28.18 
62.07 48.42 47.26 33.25 34.35 47.18 49.5 48.23 45.61 33.78 56.78 0 41.75 65.33 47.06 110.62 66.4 38.3 26.2 
52.38 13.42 12.68 24.09 29.88 32.21 13.03 9.8 27.11 11.47 20.05 35.97 0 33.6 16.54 80.44 43.73 10.04 38.49 
12.47 35.42 34.67 31.82 23.81 17.03 29.74 56.56 18.16 27.57 37.47 66.25 49.61 0 19.59 66.02 86.92 27.35 34.63 
35.44 10.63 9.87 19.37 13.8 11.86 6.35 30.66 6.23 8.97 12.53 46.81 24.62 22.04 0 67.29 66.9 8.78 28.18 
36 23.07 22.34 0 5.43 11.09 21.54 37.78 9.74 10.23 28.27 36.64 29.96 28.23 15.62 74.33 70.27 11.98 16.43 
28.55 26.89 26.19 5.08 0 10.41 21.48 42.22 8.43 16.5 28.21 36.43 34.57 24.85 14.34 73.51 76.67 18.01 11.87 
29.71 26.31 25.58 15.53 9.86 0 21.74 48.91 2.73 18.12 28.06 49.6 41.83 14.62 9.88 59.71 78.96 17.92 24.5 
42.71 3.77 5.58 25.89 24.44 24.43 0 26.5 19.12 13.69 3.14 51.94 20.37 26.09 7.86 63.6 62.08 9.24 35.13 
28.55 26.89 26.19 5.08 0 10.41 21.48 42.22 8.43 16.5 28.21 36.43 34.57 24.85 14.34 73.51 76.67 18.01 11.87 
29.71 26.31 25.58 15.53 9.86 0 21.74 48.91 2.73 18.12 28.06 49.6 41.83 14.62 9.88 59.71 78.96 17.92 24.5 
42.71 3.77 5.58 25.89 24.44 24.43 0 26.5 19.12 13.69 3.14 51.94 20.37 26.09 7.86 63.6 62.08 9.24 35.13 
72.64 63.09 68 78.39 73.14 62.54 61.35 88.58 61.24 73.87 54.4 111.03 85.51 58 64.97 0 112.06 73.37 86.66 
95.18 59.48 58.32 63.08 68.41 70.94 54.99 35.64 65.85 50.16 62.14 58.08 35.94 78.35 59.13 112.9 0 51.59 78.62 
42.81 7.8 7.05 15.03 17.6 19.58 9.08 24.53 14.15 3.26 16.2 40.67 16.84 30.38 8.13 75.56 59.87 0 28.65 
67.32 27.49 26.76 37.31 43.33 46.1 26.87 0 40.45 25.44 33.46 40.71 9.54 48.72 30.23 94.2 37.37 24.03 53.32 
30.39 23.48 22.76 13.67 8.12 3.8 19.32 42.1 0 15.68 25.26 47.19 36.32 17.97 6.88 61.82 73.47 15.49 22.86 
42.07 14.86 14.11 7.02 13.22 17.46 15.76 30.04 12.16 0 22.69 37.52 22.06 32.91 12.58 81.17 60.17 5.45 22.48 
35.38 36.97 36.29 15.49 7.58 23.53 31.84 54.71 21.97 26.2 38.22 28.56 47.81 36.34 27.52 85.63 85.82 27.83 0 
72.64 63.09 68 78.39 73.14 62.54 61.35 88.58 61.24 73.87 54.4 111.03 85.51 58 64.97 0 112.06 73.37 86.66 
95.18 59.48 58.32 63.08 68.41 70.94 54.99 35.64 65.85 50.16 62.14 58.08 35.94 78.35 59.13 112.9 0 51.59 78.62 
42.81 7.8 7.05 15.03 17.6 19.58 9.08 24.53 14.15 3.26 16.2 40.67 16.84 30.38 8.13 75.56 59.87 0 28.65 
35.38 36.97 36.29 15.49 7.58 23.53 31.84 54.71 21.97 26.2 38.22 28.56 47.81 36.34 27.52 85.63 85.82 27.83 0 
47.92 4.78 8.61 31.77 30.32 29.89 3.7 32.37 24.73 19.91 0 58.49 26.4 30.51 12.59 57.37 68.38 15.54 40.68 
62.07 48.42 47.26 33.25 34.35 47.18 49.5 48.23 45.61 33.78 56.78 0 41.75 65.33 47.06 110.62 66.4 38.3 26.2 
52.38 13.42 12.68 24.09 29.88 32.21 13.03 9.8 27.11 11.47 20.05 35.97 0 33.6 16.54 80.44 43.73 10.04 38.49 
Dimension>37
Bandera>13
Fitness Greedy Costo>511.78
Solucion Greedy Costo>13 5 8 14 0 19 4 3 9 0 18 17 2 1 0 6 10 12 7 0 11 16 0 15 0 0 0 0 0 0 0 0 0 0 0 0 0 
Linea Vacia>
67.32 27.49 26.76 37.31 43.33 46.1 26.87 0 40.45 25.44 33.46 40.71 9.54 48.72 30.23 94.2 37.37 24.03 53.32 
30.39 23.48 22.76 13.67 8.12 3.8 19.32 42.1 0 15.68 25.26 47.19 36.32 17.97 6.88 61.82 73.47 15.49 22.86 
Dimension>37
Bandera>13
Fitness Greedy Costo>511.78
Matriz de Costos>
0 42.24 41.06 40.23 28.66 26.72 37.57 64.71 32.49 44.38 44.62 60.65 57.89 14.11 33.98 71.91 99.43 43.93 31.41 
12.47 35.42 34.67 31.82 23.81 17.03 29.74 56.56 18.16 27.57 37.47 66.25 49.61 0 19.59 66.02 86.92 27.35 34.63 
35.44 10.63 9.87 19.37 13.8 11.86 6.35 30.66 6.23 8.97 12.53 46.81 24.62 22.04 0 67.29 66.9 8.78 28.18 
72.64 63.09 68 78.39 73.14 62.54 61.35 88.58 61.24 73.87 54.4 111.03 85.51 58 64.97 0 112.06 73.37 86.66 
95.18 59.48 58.32 63.08 68.41 70.94 54.99 35.64 65.85 50.16 62.14 58.08 35.94 78.35 59.13 112.9 0 51.59 78.62 
Solucion Greedy Costo>13 5 8 14 0 19 4 3 9 0 18 17 2 1 0 6 10 12 7 0 11 16 0 15 0 0 0 0 0 0 0 0 0 0 0 0 0 
Linea Vacia>
42.07 14.86 14.11 7.02 13.22 17.46 15.76 30.04 12.16 0 22.69 37.52 22.06 32.91 12.58 81.17 60.17 5.45 22.48 
47.92 4.78 8.61 31.77 30.32 29.89 3.7 32.37 24.73 19.91 0 58.49 26.4 30.51 12.59 57.37 68.38 15.54 40.68 
42.81 7.8 7.05 15.03 17.6 19.58 9.08 24.53 14.15 3.26 16.2 40.67 16.84 30.38 8.13 75.56 59.87 0 28.65 
35.38 36.97 36.29 15.49 7.58 23.53 31.84 54.71 21.97 26.2 38.22 28.56 47.81 36.34 27.52 85.63 85.82 27.83 0 
45.47 0 2.34 24.55 24.17 26.94 5.14 27.58 21.7 12 4.33 50.91 21.51 28.04 10.82 65.3 62.7 6.96 34.88 
62.07 48.42 47.26 33.25 34.35 47.18 49.5 48.23 45.61 33.78 56.78 0 41.75 65.33 47.06 110.62 66.4 38.3 26.2 
41.46 3.25 0 21.18 20.82 23.62 4.98 24.24 18.29 8.45 9.18 47 18.09 24.65 7.24 69.85 58.93 4.87 31.7 
Dimension>37
Matriz de Costos>
52.38 13.42 12.68 24.09 29.88 32.21 13.03 9.8 27.11 11.47 20.05 35.97 0 33.6 16.54 80.44 43.73 10.04 38.49 
36 23.07 22.34 0 5.43 11.09 21.54 37.78 9.74 10.23 28.27 36.64 29.96 28.23 15.62 74.33 70.27 11.98 16.43 
Bandera>13
Fitness Greedy Costo>511.78
Matriz de Costos>
0 42.24 41.06 40.23 28.66 26.72 37.57 64.71 32.49 44.38 44.62 60.65 57.89 14.11 33.98 71.91 99.43 43.93 31.41 
0 42.24 41.06 40.23 28.66 26.72 37.57 64.71 32.49 44.38 44.62 60.65 57.89 14.11 33.98 71.91 99.43 43.93 31.41 
45.47 0 2.34 24.55 24.17 26.94 5.14 27.58 21.7 12 4.33 50.91 21.51 28.04 10.82 65.3 62.7 6.96 34.88 
41.46 3.25 0 21.18 20.82 23.62 4.98 24.24 18.29 8.45 9.18 47 18.09 24.65 7.24 69.85 58.93 4.87 31.7 
12.47 35.42 34.67 31.82 23.81 17.03 29.74 56.56 18.16 27.57 37.47 66.25 49.61 0 19.59 66.02 86.92 27.35 34.63 
35.44 10.63 9.87 19.37 13.8 11.86 6.35 30.66 6.23 8.97 12.53 46.81 24.62 22.04 0 67.29 66.9 8.78 28.18 
Solucion Greedy Costo>13 5 8 14 0 19 4 3 9 0 18 17 2 1 0 6 10 12 7 0 11 16 0 15 0 0 0 0 0 0 0 0 0 0 0 0 0 
Linea Vacia>
45.47 0 2.34 24.55 24.17 26.94 5.14 27.58 21.7 12 4.33 50.91 21.51 28.04 10.82 65.3 62.7 6.96 34.88 
41.46 3.25 0 21.18 20.82 23.62 4.98 24.24 18.29 8.45 9.18 47 18.09 24.65 7.24 69.85 58.93 4.87 31.7 
36 23.07 22.34 0 5.43 11.09 21.54 37.78 9.74 10.23 28.27 36.64 29.96 28.23 15.62 74.33 70.27 11.98 16.43 
Dimension>37
Bandera>13
72.64 63.09 68 78.39 73.14 62.54 61.35 88.58 61.24 73.87 54.4 111.03 85.51 58 64.97 0 112.06 73.37 86.66 
28.55 26.89 26.19 5.08 0 10.41 21.48 42.22 8.43 16.5 28.21 36.43 34.57 24.85 14.34 73.51 76.67 18.01 11.87 
29.71 26.31 25.58 15.53 9.86 0 21.74 48.91 2.73 18.12 28.06 49.6 41.83 14.62 9.88 59.71 78.96 17.92 24.5 
42.71 3.77 5.58 25.89 24.44 24.43 0 26.5 19.12 13.69 3.14 51.94 20.37 26.09 7.86 63.6 62.08 9.24 35.13 
36 23.07 22.34 0 5.43 11.09 21.54 37.78 9.74 10.23 28.27 36.64 29.96 28.23 15.62 74.33 70.27 11.98 16.43 
28.55 26.89 26.19 5.08 0 10.41 21.48 42.22 8.43 16.5 28.21 36.43 34.57 24.85 14.34 73.51 76.67 18.01 11.87 
29.71 26.31 25.58 15.53 9.86 0 21.74 48.91 2.73 18.12 28.06 49.6 41.83 14.62 9.88 59.71 78.96 17.92 24.5 
42.71 3.77 5.58 25.89 24.44 24.43 0 26.5 19.12 13.69 3.14 51.94 20.37 26.09 7.86 63.6 62.08 9.24 35.13 
67.32 27.49 26.76 37.31 43.33 46.1 26.87 0 40.45 25.44 33.46 40.71 9.54 48.72 30.23 94.2 37.37 24.03 53.32 
30.39 23.48 22.76 13.67 8.12 3.8 19.32 42.1 0 15.68 25.26 47.19 36.32 17.97 6.88 61.82 73.47 15.49 22.86 
42.07 14.86 14.11 7.02 13.22 17.46 15.76 30.04 12.16 0 22.69 37.52 22.06 32.91 12.58 81.17 60.17 5.45 22.48 
Fitness Greedy Costo>511.78
Solucion Greedy Costo>13 5 8 14 0 19 4 3 9 0 18 17 2 1 0 6 10 12 7 0 11 16 0 15 0 0 0 0 0 0 0 0 0 0 0 0 0 
Linea Vacia>
95.18 59.48 58.32 63.08 68.41 70.94 54.99 35.64 65.85 50.16 62.14 58.08 35.94 78.35 59.13 112.9 0 51.59 78.62 
42.81 7.8 7.05 15.03 17.6 19.58 9.08 24.53 14.15 3.26 16.2 40.67 16.84 30.38 8.13 75.56 59.87 0 28.65 
28.55 26.89 26.19 5.08 0 10.41 21.48 42.22 8.43 16.5 28.21 36.43 34.57 24.85 14.34 73.51 76.67 18.01 11.87 
29.71 26.31 25.58 15.53 9.86 0 21.74 48.91 2.73 18.12 28.06 49.6 41.83 14.62 9.88 59.71 78.96 17.92 24.5 
42.71 3.77 5.58 25.89 24.44 24.43 0 26.5 19.12 13.69 3.14 51.94 20.37 26.09 7.86 63.6 62.08 9.24 35.13 
67.32 27.49 26.76 37.31 43.33 46.1 26.87 0 40.45 25.44 33.46 40.71 9.54 48.72 30.23 94.2 37.37 24.03 53.32 
47.92 4.78 8.61 31.77 30.32 29.89 3.7 32.37 24.73 19.91 0 58.49 26.4 30.51 12.59 57.37 68.38 15.54 40.68 
62.07 48.42 47.26 33.25 34.35 47.18 49.5 48.23 45.61 33.78 56.78 0 41.75 65.33 47.06 110.62 66.4 38.3 26.2 
52.38 13.42 12.68 24.09 29.88 32.21 13.03 9.8 27.11 11.47 20.05 35.97 0 33.6 16.54 80.44 43.73 10.04 38.49 
12.47 35.42 34.67 31.82 23.81 17.03 29.74 56.56 18.16 27.57 37.47 66.25 49.61 0 19.59 66.02 86.92 27.35 34.63 
67.32 27.49 26.76 37.31 43.33 46.1 26.87 0 40.45 25.44 33.46 40.71 9.54 48.72 30.23 94.2 37.37 24.03 53.32 
30.39 23.48 22.76 13.67 8.12 3.8 19.32 42.1 0 15.68 25.26 47.19 36.32 17.97 6.88 61.82 73.47 15.49 22.86 
Dimension>37
Bandera>13
Fitness Greedy Costo>511.78
Solucion Greedy Costo>13 5 8 14 0 19 4 3 9 0 18 17 2 1 0 6 10 12 7 0 11 16 0 15 0 0 0 0 0 0 0 0 0 0 0 0 0 
Linea Vacia>
35.38 36.97 36.29 15.49 7.58 23.53 31.84 54.71 21.97 26.2 38.22 28.56 47.81 36.34 27.52 85.63 85.82 27.83 0 
42.07 14.86 14.11 7.02 13.22 17.46 15.76 30.04 12.16 0 22.69 37.52 22.06 32.91 12.58 81.17 60.17 5.45 22.48 
47.92 4.78 8.61 31.77 30.32 29.89 3.7 32.37 24.73 19.91 0 58.49 26.4 30.51 12.59 57.37 68.38 15.54 40.68 
30.39 23.48 22.76 13.67 8.12 3.8 19.32 42.1 0 15.68 25.26 47.19 36.32 17.97 6.88 61.82 73.47 15.49 22.86 
42.07 14.86 14.11 7.02 13.22 17.46 15.76 30.04 12.16 0 22.69 37.52 22.06 32.91 12.58 81.17 60.17 5.45 22.48 
47.92 4.78 8.61 31.77 30.32 29.89 3.7 32.37 24.73 19.91 0 58.49 26.4 30.51 12.59 57.37 68.38 15.54 40.68 
35.44 10.63 9.87 19.37 13.8 11.86 6.35 30.66 6.23 8.97 12.53 46.81 24.62 22.04 0 67.29 66.9 8.78 28.18 
72.64 63.09 68 78.39 73.14 62.54 61.35 88.58 61.24 73.87 54.4 111.03 85.51 58 64.97 0 112.06 73.37 86.66 
95.18 59.48 58.32 63.08 68.41 70.94 54.99 35.64 65.85 50.16 62.14 58.08 35.94 78.35 59.13 112.9 0 51.59 78.62 
42.81 7.8 7.05 15.03 17.6 19.58 9.08 24.53 14.15 3.26 16.2 40.67 16.84 30.38 8.13 75.56 59.87 0 28.65 
35.38 36.97 36.29 15.49 7.58 23.53 31.84 54.71 21.97 26.2 38.22 28.56 47.81 36.34 27.52 85.63 85.82 27.83 0 
Dimension>37
Bandera>13
Matriz de Costos>
0 42.24 41.06 40.23 28.66 26.72 37.57 64.71 32.49 44.38 44.62 60.65 57.89 14.11 33.98 71.91 99.43 43.93 31.41 
45.47 0 2.34 24.55 24.17 26.94 5.14 27.58 21.7 12 4.33 50.91 21.51 28.04 10.82 65.3 62.7 6.96 34.88 
41.46 3.25 0 21.18 20.82 23.62 4.98 24.24 18.29 8.45 9.18 47 18.09 24.65 7.24 69.85 58.93 4.87 31.7 
62.07 48.42 47.26 33.25 34.35 47.18 49.5 48.23 45.61 33.78 56.78 0 41.75 65.33 47.06 110.62 66.4 38.3 26.2 
52.38 13.42 12.68 24.09 29.88 32.21 13.03 9.8 27.11 11.47 20.05 35.97 0 33.6 16.54 80.44 43.73 10.04 38.49 
12.47 35.42 34.67 31.82 23.81 17.03 29.74 56.56 18.16 27.57 37.47 66.25 49.61 0 19.59 66.02 86.92 27.35 34.63 
Fitness Greedy Costo>511.78
Solucion Greedy Costo>13 5 8 14 0 19 4 3 9 0 18 17 2 1 0 6 10 12 7 0 11 16 0 15 0 0 0 0 0 0 0 0 0 0 0 0 0 
Linea Vacia>
62.07 48.42 47.26 33.25 34.35 47.18 49.5 48.23 45.61 33.78 56.78 0 41.75 65.33 47.06 110.62 66.4 38.3 26.2 
52.38 13.42 12.68 24.09 29.88 32.21 13.03 9.8 27.11 11.47 20.05 35.97 0 33.6 16.54 80.44 43.73 10.04 38.49 
12.47 35.42 34.67 31.82 23.81 17.03 29.74 56.56 18.16 27.57 37.47 66.25 49.61 0 19.59 66.02 86.92 27.35 34.63 
Dimension>37
35.44 10.63 9.87 19.37 13.8 11.86 6.35 30.66 6.23 8.97 12.53 46.81 24.62 22.04 0 67.29 66.9 8.78 28.18 
72.64 63.09 68 78.39 73.14 62.54 61.35 88.58 61.24 73.87 54.4 111.03 85.51 58 64.97 0 112.06 73.37 86.66 
95.18 59.48 58.32 63.08 68.41 70.94 54.99 35.64 65.85 50.16 62.14 58.08 35.94 78.35 59.13 112.9 0 51.59 78.62 
Matriz de Costos>
0 42.24 41.06 40.23 28.66 26.72 37.57 64.71 32.49 44.38 44.62 60.65 57.89 14.11 33.98 71.91 99.43 43.93 31.41 
45.47 0 2.34 24.55 24.17 26.94 5.14 27.58 21.7 12 4.33 50.91 21.51 28.04 10.82 65.3 62.7 6.96 34.88 
41.46 3.25 0 21.18 20.82 23.62 4.98 24.24 18.29 8.45 9.18 47 18.09 24.65 7.24 69.85 58.93 4.87 31.7 
36 23.07 22.34 0 5.43 11.09 21.54 37.78 9.74 10.23 28.27 36.64 29.96 28.23 15.62 74.33 70.27 11.98 16.43 
35.44 10.63 9.87 19.37 13.8 11.86 6.35 30.66 6.23 8.97 12.53 46.81 24.62 22.04 0 67.29 66.9 8.78 28.18 
36 23.07 22.34 0 5.43 11.09 21.54 37.78 9.74 10.23 28.27 36.64 29.96 28.23 15.62 74.33 70.27 11.98 16.43 
28.55 26.89 26.19 5.08 0 10.41 21.48 42.22 8.43 16.5 28.21 36.43 34.57 24.85 14.34 73.51 76.67 18.01 11.87 
29.71 26.31 25.58 15.53 9.86 0 21.74 48.91 2.73 18.12 28.06 49.6 41.83 14.62 9.88 59.71 78.96 17.92 24.5 
28.55 26.89 26.19 5.08 0 10.41 21.48 42.22 8.43 16.5 28.21 36.43 34.57 24.85 14.34 73.51 76.67 18.01 11.87 
29.71 26.31 25.58 15.53 9.86 0 21.74 48.91 2.73 18.12 28.06 49.6 41.83 14.62 9.88 59.71 78.96 17.92 24.5 
Matriz de Costos>
0 42.24 41.06 40.23 28.66 26.72 37.57 64.71 32.49 44.38 44.62 60.65 57.89 14.11 33.98 71.91 99.43 43.93 31.41 
45.47 0 2.34 24.55 24.17 26.94 5.14 27.58 21.7 12 4.33 50.91 21.51 28.04 10.82 65.3 62.7 6.96 34.88 
Dimension>37
Bandera>13
Fitness Greedy Costo>511.78
Solucion Greedy Costo>13 5 8 14 0 19 4 3 9 0 18 17 2 1 0 6 10 12 7 0 11 16 0 15 0 0 0 0 0 0 0 0 0 0 0 0 0 
Linea Vacia>
72.64 63.09 68 78.39 73.14 62.54 61.35 88.58 61.24 73.87 54.4 111.03 85.51 58 64.97 0 112.06 73.37 86.66 
42.71 3.77 5.58 25.89 24.44 24.43 0 26.5 19.12 13.69 3.14 51.94 20.37 26.09 7.86 63.6 62.08 9.24 35.13 
Bandera>13
Fitness Greedy Costo>511.78
Solucion Greedy Costo>13 5 8 14 0 19 4 3 9 0 18 17 2 1 0 6 10 12 7 0 11 16 0 15 0 0 0 0 0 0 0 0 0 0 0 0 0 
42.81 7.8 7.05 15.03 17.6 19.58 9.08 24.53 14.15 3.26 16.2 40.67 16.84 30.38 8.13 75.56 59.87 0 28.65 
35.38 36.97 36.29 15.49 7.58 23.53 31.84 54.71 21.97 26.2 38.22 28.56 47.81 36.34 27.52 85.63 85.82 27.83 0 
42.71 3.77 5.58 25.89 24.44 24.43 0 26.5 19.12 13.69 3.14 51.94 20.37 26.09 7.86 63.6 62.08 9.24 35.13 
67.32 27.49 26.76 37.31 43.33 46.1 26.87 0 40.45 25.44 33.46 40.71 9.54 48.72 30.23 94.2 37.37 24.03 53.32 
41.46 3.25 0 21.18 20.82 23.62 4.98 24.24 18.29 8.45 9.18 47 18.09 24.65 7.24 69.85 58.93 4.87 31.7 
36 23.07 22.34 0 5.43 11.09 21.54 37.78 9.74 10.23 28.27 36.64 29.96 28.23 15.62 74.33 70.27 11.98 16.43 
28.55 26.89 26.19 5.08 0 10.41 21.48 42.22 8.43 16.5 28.21 36.43 34.57 24.85 14.34 73.51 76.67 18.01 11.87 
95.18 59.48 58.32 63.08 68.41 70.94 54.99 35.64 65.85 50.16 62.14 58.08 35.94 78.35 59.13 112.9 0 51.59 78.62 
42.81 7.8 7.05 15.03 17.6 19.58 9.08 24.53 14.15 3.26 16.2 40.67 16.84 30.38 8.13 75.56 59.87 0 28.65 
67.32 27.49 26.76 37.31 43.33 46.1 26.87 0 40.45 25.44 33.46 40.71 9.54 48.72 30.23 94.2 37.37 24.03 53.32 
30.39 23.48 22.76 13.67 8.12 3.8 19.32 42.1 0 15.68 25.26 47.19 36.32 17.97 6.88 61.82 73.47 15.49 22.86 
42.07 14.86 14.11 7.02 13.22 17.46 15.76 30.04 12.16 0 22.69 37.52 22.06 32.91 12.58 81.17 60.17 5.45 22.48 
Linea Vacia>
30.39 23.48 22.76 13.67 8.12 3.8 19.32 42.1 0 15.68 25.26 47.19 36.32 17.97 6.88 61.82 73.47 15.49 22.86 
42.07 14.86 14.11 7.02 13.22 17.46 15.76 30.04 12.16 0 22.69 37.52 22.06 32.91 12.58 81.17 60.17 5.45 22.48 
47.92 4.78 8.61 31.77 30.32 29.89 3.7 32.37 24.73 19.91 0 58.49 26.4 30.51 12.59 57.37 68.38 15.54 40.68 
29.71 26.31 25.58 15.53 9.86 0 21.74 48.91 2.73 18.12 28.06 49.6 41.83 14.62 9.88 59.71 78.96 17.92 24.5 
42.71 3.77 5.58 25.89 24.44 24.43 0 26.5 19.12 13.69 3.14 51.94 20.37 26.09 7.86 63.6 62.08 9.24 35.13 
67.32 27.49 26.76 37.31 43.33 46.1 26.87 0 40.45 25.44 33.46 40.71 9.54 48.72 30.23 94.2 37.37 24.03 53.32 
30.39 23.48 22.76 13.67 8.12 3.8 19.32 42.1 0 15.68 25.26 47.19 36.32 17.97 6.88 61.82 73.47 15.49 22.86 
Matriz de Costos>
0 42.24 41.06 40.23 28.66 26.72 37.57 64.71 32.49 44.38 44.62 60.65 57.89 14.11 33.98 71.91 99.43 43.93 31.41 
45.47 0 2.34 24.55 24.17 26.94 5.14 27.58 21.7 12 4.33 50.91 21.51 28.04 10.82 65.3 62.7 6.96 34.88 
35.38 36.97 36.29 15.49 7.58 23.53 31.84 54.71 21.97 26.2 38.22 28.56 47.81 36.34 27.52 85.63 85.82 27.83 0 
47.92 4.78 8.61 31.77 30.32 29.89 3.7 32.37 24.73 19.91 0 58.49 26.4 30.51 12.59 57.37 68.38 15.54 40.68 
62.07 48.42 47.26 33.25 34.35 47.18 49.5 48.23 45.61 33.78 56.78 0 41.75 65.33 47.06 110.62 66.4 38.3 26.2 
62.07 48.42 47.26 33.25 34.35 47.18 49.5 48.23 45.61 33.78 56.78 0 41.75 65.33 47.06 110.62 66.4 38.3 26.2 
52.38 13.42 12.68 24.09 29.88 32.21 13.03 9.8 27.11 11.47 20.05 35.97 0 33.6 16.54 80.44 43.73 10.04 38.49 
12.47 35.42 34.67 31.82 23.81 17.03 29.74 56.56 18.16 27.57 37.47 66.25 49.61 0 19.59 66.02 86.92 27.35 34.63 
41.46 3.25 0 21.18 20.82 23.62 4.98 24.24 18.29 8.45 9.18 47 18.09 24.65 7.24 69.85 58.93 4.87 31.7 
36 23.07 22.34 0 5.43 11.09 21.54 37.78 9.74 10.23 28.27 36.64 29.96 28.23 15.62 74.33 70.27 11.98 16.43 
Matriz de Costos>
0 42.24 41.06 40.23 28.66 26.72 37.57 64.71 32.49 44.38 44.62 60.65 57.89 14.11 33.98 71.91 99.43 43.93 31.41 
45.47 0 2.34 24.55 24.17 26.94 5.14 27.58 21.7 12 4.33 50.91 21.51 28.04 10.82 65.3 62.7 6.96 34.88 
52.38 13.42 12.68 24.09 29.88 32.21 13.03 9.8 27.11 11.47 20.05 35.97 0 33.6 16.54 80.44 43.73 10.04 38.49 
12.47 35.42 34.67 31.82 23.81 17.03 29.74 56.56 18.16 27.57 37.47 66.25 49.61 0 19.59 66.02 86.92 27.35 34.63 
35.44 10.63 9.87 19.37 13.8 11.86 6.35 30.66 6.23 8.97 12.53 46.81 24.62 22.04 0 67.29 66.9 8.78 28.18 
35.44 10.63 9.87 19.37 13.8 11.86 6.35 30.66 6.23 8.97 12.53 46.81 24.62 22.04 0 67.29 66.9 8.78 28.18 
72.64 63.09 68 78.39 73.14 62.54 61.35 88.58 61.24 73.87 54.4 111.03 85.51 58 64.97 0 112.06 73.37 86.66 
95.18 59.48 58.32 63.08 68.41 70.94 54.99 35.64 65.85 50.16 62.14 58.08 35.94 78.35 59.13 112.9 0 51.59 78.62 
42.81 7.8 7.05 15.03 17.6 19.58 9.08 24.53 14.15 3.26 16.2 40.67 16.84 30.38 8.13 75.56 59.87 0 28.65 
42.07 14.86 14.11 7.02 13.22 17.46 15.76 30.04 12.16 0 22.69 37.52 22.06 32.91 12.58 81.17 60.17 5.45 22.48 
47.92 4.78 8.61 31.77 30.32 29.89 3.7 32.37 24.73 19.91 0 58.49 26.4 30.51 12.59 57.37 68.38 15.54 40.68 
62.07 48.42 47.26 33.25 34.35 47.18 49.5 48.23 45.61 33.78 56.78 0 41.75 65.33 47.06 110.62 66.4 38.3 26.2 
52.38 13.42 12.68 24.09 29.88 32.21 13.03 9.8 27.11 11.47 20.05 35.97 0 33.6 16.54 80.44 43.73 10.04 38.49 
12.47 35.42 34.67 31.82 23.81 17.03 29.74 56.56 18.16 27.57 37.47 66.25 49.61 0 19.59 66.02 86.92 27.35 34.63 
35.44 10.63 9.87 19.37 13.8 11.86 6.35 30.66 6.23 8.97 12.53 46.81 24.62 22.04 0 67.29 66.9 8.78 28.18 
72.64 63.09 68 78.39 73.14 62.54 61.35 88.58 61.24 73.87 54.4 111.03 85.51 58 64.97 0 112.06 73.37 86.66 
28.55 26.89 26.19 5.08 0 10.41 21.48 42.22 8.43 16.5 28.21 36.43 34.57 24.85 14.34 73.51 76.67 18.01 11.87 
29.71 26.31 25.58 15.53 9.86 0 21.74 48.91 2.73 18.12 28.06 49.6 41.83 14.62 9.88 59.71 78.96 17.92 24.5 
42.71 3.77 5.58 25.89 24.44 24.43 0 26.5 19.12 13.69 3.14 51.94 20.37 26.09 7.86 63.6 62.08 9.24 35.13 
67.32 27.49 26.76 37.31 43.33 46.1 26.87 0 40.45 25.44 33.46 40.71 9.54 48.72 30.23 94.2 37.37 24.03 53.32 
41.46 3.25 0 21.18 20.82 23.62 4.98 24.24 18.29 8.45 9.18 47 18.09 24.65 7.24 69.85 58.93 4.87 31.7 
36 23.07 22.34 0 5.43 11.09 21.54 37.78 9.74 10.23 28.27 36.64 29.96 28.23 15.62 74.33 70.27 11.98 16.43 
28.55 26.89 26.19 5.08 0 10.41 21.48 42.22 8.43 16.5 28.21 36.43 34.57 24.85 14.34 73.51 76.67 18.01 11.87 
29.71 26.31 25.58 15.53 9.86 0 21.74 48.91 2.73 18.12 28.06 49.6 41.83 14.62 9.88 59.71 78.96 17.92 24.5 
42.71 3.77 5.58 25.89 24.44 24.43 0 26.5 19.12 13.69 3.14 51.94 20.37 26.09 7.86 63.6 62.08 9.24 35.13 
67.32 27.49 26.76 37.31 43.33 46.1 26.87 0 40.45 25.44 33.46 40.71 9.54 48.72 30.23 94.2 37.37 24.03 53.32 
Dimension>37
Bandera>13
Fitness Greedy Costo>511.78
Solucion Greedy Costo>13 5 8 14 0 19 4 3 9 0 18 17 2 1 0 6 10 12 7 0 11 16 0 15 0 0 0 0 0 0 0 0 0 0 0 0 0 
Linea Vacia>
72.64 63.09 68 78.39 73.14 62.54 61.35 88.58 61.24 73.87 54.4 111.03 85.51 58 64.97 0 112.06 73.37 86.66 
95.18 59.48 58.32 63.08 68.41 70.94 54.99 35.64 65.85 50.16 62.14 58.08 35.94 78.35 59.13 112.9 0 51.59 78.62 
42.81 7.8 7.05 15.03 17.6 19.58 9.08 24.53 14.15 3.26 16.2 40.67 16.84 30.38 8.13 75.56 59.87 0 28.65 
35.38 36.97 36.29 15.49 7.58 23.53 31.84 54.71 21.97 26.2 38.22 28.56 47.81 36.34 27.52 85.63 85.82 27.83 0 
95.18 59.48 58.32 63.08 68.41 70.94 54.99 35.64 65.85 50.16 62.14 58.08 35.94 78.35 59.13 112.9 0 51.59 78.62 
42.81 7.8 7.05 15.03 17.6 19.58 9.08 24.53 14.15 3.26 16.2 40.67 16.84 30.38 8.13 75.56 59.87 0 28.65 
35.38 36.97 36.29 15.49 7.58 23.53 31.84 54.71 21.97 26.2 38.22 28.56 47.81 36.34 27.52 85.63 85.82 27.83 0 
30.39 23.48 22.76 13.67 8.12 3.8 19.32 42.1 0 15.68 25.26 47.19 36.32 17.97 6.88 61.82 73.47 15.49 22.86 
42.07 14.86 14.11 7.02 13.22 17.46 15.76 30.04 12.16 0 22.69 37.52 22.06 32.91 12.58 81.17 60.17 5.45 22.48 
47.92 4.78 8.61 31.77 30.32 29.89 3.7 32.37 24.73 19.91 0 58.49 26.4 30.51 12.59 57.37 68.38 15.54 40.68 
62.07 48.42 47.26 33.25 34.35 47.18 49.5 48.23 45.61 33.78 56.78 0 41.75 65.33 47.06 110.62 66.4 38.3 26.2 
30.39 23.48 22.76 13.67 8.12 3.8 19.32 42.1 0 15.68 25.26 47.19 36.32 17.97 6.88 61.82 73.47 15.49 22.86 
42.07 14.86 14.11 7.02 13.22 17.46 15.76 30.04 12.16 0 22.69 37.52 22.06 32.91 12.58 81.17 60.17 5.45 22.48 
47.92 4.78 8.61 31.77 30.32 29.89 3.7 32.37 24.73 19.91 0 58.49 26.4 30.51 12.59 57.37 68.38 15.54 40.68 
62.07 48.42 47.26 33.25 34.35 47.18 49.5 48.23 45.61 33.78 56.78 0 41.75 65.33 47.06 110.62 66.4 38.3 26.2 
52.38 13.42 12.68 24.09 29.88 32.21 13.03 9.8 27.11 11.47 20.05 35.97 0 33.6 16.54 80.44 43.73 10.04 38.49 
35.38 36.97 36.29 15.49 7.58 23.53 31.84 54.71 21.97 26.2 38.22 28.56 47.81 36.34 27.52 85.63 85.82 27.83 0 
Matriz de Costos>
52.38 13.42 12.68 24.09 29.88 32.21 13.03 9.8 27.11 11.47 20.05 35.97 0 33.6 16.54 80.44 43.73 10.04 38.49 
12.47 35.42 34.67 31.82 23.81 17.03 29.74 56.56 18.16 27.57 37.47 66.25 49.61 0 19.59 66.02 86.92 27.35 34.63 
35.44 10.63 9.87 19.37 13.8 11.86 6.35 30.66 6.23 8.97 12.53 46.81 24.62 22.04 0 67.29 66.9 8.78 28.18 
72.64 63.09 68 78.39 73.14 62.54 61.35 88.58 61.24 73.87 54.4 111.03 85.51 58 64.97 0 112.06 73.37 86.66 
12.47 35.42 34.67 31.82 23.81 17.03 29.74 56.56 18.16 27.57 37.47 66.25 49.61 0 19.59 66.02 86.92 27.35 34.63 
35.44 10.63 9.87 19.37 13.8 11.86 6.35 30.66 6.23 8.97 12.53 46.81 24.62 22.04 0 67.29 66.9 8.78 28.18 
72.64 63.09 68 78.39 73.14 62.54 61.35 88.58 61.24 73.87 54.4 111.03 85.51 58 64.97 0 112.06 73.37 86.66 
95.18 59.48 58.32 63.08 68.41 70.94 54.99 35.64 65.85 50.16 62.14 58.08 35.94 78.35 59.13 112.9 0 51.59 78.62 
42.81 7.8 7.05 15.03 17.6 19.58 9.08 24.53 14.15 3.26 16.2 40.67 16.84 30.38 8.13 75.56 59.87 0 28.65 
35.38 36.97 36.29 15.49 7.58 23.53 31.84 54.71 21.97 26.2 38.22 28.56 47.81 36.34 27.52 85.63 85.82 27.83 0 
0 42.24 41.06 40.23 28.66 26.72 37.57 64.71 32.49 44.38 44.62 60.65 57.89 14.11 33.98 71.91 99.43 43.93 31.41 
45.47 0 2.34 24.55 24.17 26.94 5.14 27.58 21.7 12 4.33 50.91 21.51 28.04 10.82 65.3 62.7 6.96 34.88 
95.18 59.48 58.32 63.08 68.41 70.94 54.99 35.64 65.85 50.16 62.14 58.08 35.94 78.35 59.13 112.9 0 51.59 78.62 
42.81 7.8 7.05 15.03 17.6 19.58 9.08 24.53 14.15 3.26 16.2 40.67 16.84 30.38 8.13 75.56 59.87 0 28.65 
35.38 36.97 36.29 15.49 7.58 23.53 31.84 54.71 21.97 26.2 38.22 28.56 47.81 36.34 27.52 85.63 85.82 27.83 0 
Matriz de Costos>
0 42.24 41.06 40.23 28.66 26.72 37.57 64.71 32.49 44.38 44.62 60.65 57.89 14.11 33.98 71.91 99.43 43.93 31.41 
45.47 0 2.34 24.55 24.17 26.94 5.14 27.58 21.7 12 4.33 50.91 21.51 28.04 10.82 65.3 62.7 6.96 34.88 
41.46 3.25 0 21.18 20.82 23.62 4.98 24.24 18.29 8.45 9.18 47 18.09 24.65 7.24 69.85 58.93 4.87 31.7 
41.46 3.25 0 21.18 20.82 23.62 4.98 24.24 18.29 8.45 9.18 47 18.09 24.65 7.24 69.85 58.93 4.87 31.7 
36 23.07 22.34 0 5.43 11.09 21.54 37.78 9.74 10.23 28.27 36.64 29.96 28.23 15.62 74.33 70.27 11.98 16.43 
28.55 26.89 26.19 5.08 0 10.41 21.48 42.22 8.43 16.5 28.21 36.43 34.57 24.85 14.34 73.51 76.67 18.01 11.87 
36 23.07 22.34 0 5.43 11.09 21.54 37.78 9.74 10.23 28.27 36.64 29.96 28.23 15.62 74.33 70.27 11.98 16.43 
28.55 26.89 26.19 5.08 0 10.41 21.48 42.22 8.43 16.5 28.21 36.43 34.57 24.85 14.34 73.51 76.67 18.01 11.87 
Dimension>37
Bandera>13
Fitness Greedy Costo>511.78
29.71 26.31 25.58 15.53 9.86 0 21.74 48.91 2.73 18.12 28.06 49.6 41.83 14.62 9.88 59.71 78.96 17.92 24.5 
42.71 3.77 5.58 25.89 24.44 24.43 0 26.5 19.12 13.69 3.14 51.94 20.37 26.09 7.86 63.6 62.08 9.24 35.13 
67.32 27.49 26.76 37.31 43.33 46.1 26.87 0 40.45 25.44 33.46 40.71 9.54 48.72 30.23 94.2 37.37 24.03 53.32 
30.39 23.48 22.76 13.67 8.12 3.8 19.32 42.1 0 15.68 25.26 47.19 36.32 17.97 6.88 61.82 73.47 15.49 22.86 
42.07 14.86 14.11 7.02 13.22 17.46 15.76 30.04 12.16 0 22.69 37.52 22.06 32.91 12.58 81.17 60.17 5.45 22.48 
29.71 26.31 25.58 15.53 9.86 0 21.74 48.91 2.73 18.12 28.06 49.6 41.83 14.62 9.88 59.71 78.96 17.92 24.5 
42.71 3.77 5.58 25.89 24.44 24.43 0 26.5 19.12 13.69 3.14 51.94 20.37 26.09 7.86 63.6 62.08 9.24 35.13 
Solucion Greedy Costo>13 5 8 14 0 19 4 3 9 0 18 17 2 1 0 6 10 12 7 0 11 16 0 15 0 0 0 0 0 0 0 0 0 0 0 0 0 
Linea Vacia>
47.92 4.78 8.61 31.77 30.32 29.89 3.7 32.37 24.73 19.91 0 58.49 26.4 30.51 12.59 57.37 68.38 15.54 40.68 
62.07 48.42 47.26 33.25 34.35 47.18 49.5 48.23 45.61 33.78 56.78 0 41.75 65.33 47.06 110.62 66.4 38.3 26.2 
52.38 13.42 12.68 24.09 29.88 32.21 13.03 9.8 27.11 11.47 20.05 35.97 0 33.6 16.54 80.44 43.73 10.04 38.49 
12.47 35.42 34.67 31.82 23.81 17.03 29.74 56.56 18.16 27.57 37.47 66.25 49.61 0 19.59 66.02 86.92 27.35 34.63 
67.32 27.49 26.76 37.31 43.33 46.1 26.87 0 40.45 25.44 33.46 40.71 9.54 48.72 30.23 94.2 37.37 24.03 53.32 
30.39 23.48 22.76 13.67 8.12 3.8 19.32 42.1 0 15.68 25.26 47.19 36.32 17.97 6.88 61.82 73.47 15.49 22.86 
42.07 14.86 14.11 7.02 13.22 17.46 15.76 30.04 12.16 0 22.69 37.52 22.06 32.91 12.58 81.17 60.17 5.45 22.48 
47.92 4.78 8.61 31.77 30.32 29.89 3.7 32.37 24.73 19.91 0 58.49 26.4 30.51 12.59 57.37 68.38 15.54 40.68 
35.44 10.63 9.87 19.37 13.8 11.86 6.35 30.66 6.23 8.97 12.53 46.81 24.62 22.04 0 67.29 66.9 8.78 28.18 
72.64 63.09 68 78.39 73.14 62.54 61.35 88.58 61.24 73.87 54.4 111.03 85.51 58 64.97 0 112.06 73.37 86.66 
95.18 59.48 58.32 63.08 68.41 70.94 54.99 35.64 65.85 50.16 62.14 58.08 35.94 78.35 59.13 112.9 0 51.59 78.62 
42.81 7.8 7.05 15.03 17.6 19.58 9.08 24.53 14.15 3.26 16.2 40.67 16.84 30.38 8.13 75.56 59.87 0 28.65 
35.38 36.97 36.29 15.49 7.58 23.53 31.84 54.71 21.97 26.2 38.22 28.56 47.81 36.34 27.52 85.63 85.82 27.83 0 
62.07 48.42 47.26 33.25 34.35 47.18 49.5 48.23 45.61 33.78 56.78 0 41.75 65.33 47.06 110.62 66.4 38.3 26.2 
52.38 13.42 12.68 24.09 29.88 32.21 13.03 9.8 27.11 11.47 20.05 35.97 0 33.6 16.54 80.44 43.73 10.04 38.49 
12.47 35.42 34.67 31.82 23.81 17.03 29.74 56.56 18.16 27.57 37.47 66.25 49.61 0 19.59 66.02 86.92 27.35 34.63 
35.44 10.63 9.87 19.37 13.8 11.86 6.35 30.66 6.23 8.97 12.53 46.81 24.62 22.04 0 67.29 66.9 8.78 28.18 
72.64 63.09 68 78.39 73.14 62.54 61.35 88.58 61.24 73.87 54.4 111.03 85.51 58 64.97 0 112.06 73.37 86.66 
95.18 59.48 58.32 63.08 68.41 70.94 54.99 35.64 65.85 50.16 62.14 58.08 35.94 78.35 59.13 112.9 0 51.59 78.62 
Matriz de Costos>
0 42.24 41.06 40.23 28.66 26.72 37.57 64.71 32.49 44.38 44.62 60.65 57.89 14.11 33.98 71.91 99.43 43.93 31.41 
45.47 0 2.34 24.55 24.17 26.94 5.14 27.58 21.7 12 4.33 50.91 21.51 28.04 10.82 65.3 62.7 6.96 34.88 
42.81 7.8 7.05 15.03 17.6 19.58 9.08 24.53 14.15 3.26 16.2 40.67 16.84 30.38 8.13 75.56 59.87 0 28.65 
35.38 36.97 36.29 15.49 7.58 23.53 31.84 54.71 21.97 26.2 38.22 28.56 47.81 36.34 27.52 85.63 85.82 27.83 0 
41.46 3.25 0 21.18 20.82 23.62 4.98 24.24 18.29 8.45 9.18 47 18.09 24.65 7.24 69.85 58.93 4.87 31.7 
36 23.07 22.34 0 5.43 11.09 21.54 37.78 9.74 10.23 28.27 36.64 29.96 28.23 15.62 74.33 70.27 11.98 16.43 
28.55 26.89 26.19 5.08 0 10.41 21.48 42.22 8.43 16.5 28.21 36.43 34.57 24.85 14.34 73.51 76.67 18.01 11.87 
29.71 26.31 25.58 15.53 9.86 0 21.74 48.91 2.73 18.12 28.06 49.6 41.83 14.62 9.88 59.71 78.96 17.92 24.5 
42.71 3.77 5.58 25.89 24.44 24.43 0 26.5 19.12 13.69 3.14 51.94 20.37 26.09 7.86 63.6 62.08 9.24 35.13 
67.32 27.49 26.76 37.31 43.33 46.1 26.87 0 40.45 25.44 33.46 40.71 9.54 48.72 30.23 94.2 37.37 24.03 53.32 
30.39 23.48 22.76 13.67 8.12 3.8 19.32 42.1 0 15.68 25.26 47.19 36.32 17.97 6.88 61.82 73.47 15.49 22.86 
42.07 14.86 14.11 7.02 13.22 17.46 15.76 30.04 12.16 0 22.69 37.52 22.06 32.91 12.58 81.17 60.17 5.45 22.48 
47.92 4.78 8.61 31.77 30.32 29.89 3.7 32.37 24.73 19.91 0 58.49 26.4 30.51 12.59 57.37 68.38 15.54 40.68 
62.07 48.42 47.26 33.25 34.35 47.18 49.5 48.23 45.61 33.78 56.78 0 41.75 65.33 47.06 110.62 66.4 38.3 26.2 
52.38 13.42 12.68 24.09 29.88 32.21 13.03 9.8 27.11 11.47 20.05 35.97 0 33.6 16.54 80.44 43.73 10.04 38.49 
12.47 35.42 34.67 31.82 23.81 17.03 29.74 56.56 18.16 27.57 37.47 66.25 49.61 0 19.59 66.02 86.92 27.35 34.63 
35.44 10.63 9.87 19.37 13.8 11.86 6.35 30.66 6.23 8.97 12.53 46.81 24.62 22.04 0 67.29 66.9 8.78 28.18 
72.64 63.09 68 78.39 73.14 62.54 61.35 88.58 61.24 73.87 54.4 111.03 85.51 58 64.97 0 112.06 73.37 86.66 
95.18 59.48 58.32 63.08 68.41 70.94 54.99 35.64 65.85 50.16 62.14 58.08 35.94 78.35 59.13 112.9 0 51.59 78.62 
42.81 7.8 7.05 15.03 17.6 19.58 9.08 24.53 14.15 3.26 16.2 40.67 16.84 30.38 8.13 75.56 59.87 0 28.65 
Dimension>37
35.38 36.97 36.29 15.49 7.58 23.53 31.84 54.71 21.97 26.2 38.22 28.56 47.81 36.34 27.52 85.63 85.82 27.83 0 
Bandera>13
Fitness Greedy Costo>511.78
Solucion Greedy Costo>13 5 8 14 0 19 4 3 9 0 18 17 2 1 0 6 10 12 7 0 11 16 0 15 0 0 0 0 0 0 0 0 0 0 0 0 0 
Linea Vacia>
Dimension>37
Bandera>13
Fitness Greedy Costo>511.78
Solucion Greedy Costo>13 5 8 14 0 19 4 3 9 0 18 17 2 1 0 6 10 12 7 0 11 16 0 15 0 0 0 0 0 0 0 0 0 0 0 0 0 
Linea Vacia>
Matriz de Costos>
0 42.24 41.06 40.23 28.66 26.72 37.57 64.71 32.49 44.38 44.62 60.65 57.89 14.11 33.98 71.91 99.43 43.93 31.41 
45.47 0 2.34 24.55 24.17 26.94 5.14 27.58 21.7 12 4.33 50.91 21.51 28.04 10.82 65.3 62.7 6.96 34.88 
Matriz de Costos>
0 42.24 41.06 40.23 28.66 26.72 37.57 64.71 32.49 44.38 44.62 60.65 57.89 14.11 33.98 71.91 99.43 43.93 31.41 
41.46 3.25 0 21.18 20.82 23.62 4.98 24.24 18.29 8.45 9.18 47 18.09 24.65 7.24 69.85 58.93 4.87 31.7 
45.47 0 2.34 24.55 24.17 26.94 5.14 27.58 21.7 12 4.33 50.91 21.51 28.04 10.82 65.3 62.7 6.96 34.88 
41.46 3.25 0 21.18 20.82 23.62 4.98 24.24 18.29 8.45 9.18 47 18.09 24.65 7.24 69.85 58.93 4.87 31.7 
36 23.07 22.34 0 5.43 11.09 21.54 37.78 9.74 10.23 28.27 36.64 29.96 28.23 15.62 74.33 70.27 11.98 16.43 
28.55 26.89 26.19 5.08 0 10.41 21.48 42.22 8.43 16.5 28.21 36.43 34.57 24.85 14.34 73.51 76.67 18.01 11.87 
36 23.07 22.34 0 5.43 11.09 21.54 37.78 9.74 10.23 28.27 36.64 29.96 28.23 15.62 74.33 70.27 11.98 16.43 
28.55 26.89 26.19 5.08 0 10.41 21.48 42.22 8.43 16.5 28.21 36.43 34.57 24.85 14.34 73.51 76.67 18.01 11.87 
29.71 26.31 25.58 15.53 9.86 0 21.74 48.91 2.73 18.12 28.06 49.6 41.83 14.62 9.88 59.71 78.96 17.92 24.5 
29.71 26.31 25.58 15.53 9.86 0 21.74 48.91 2.73 18.12 28.06 49.6 41.83 14.62 9.88 59.71 78.96 17.92 24.5 
42.71 3.77 5.58 25.89 24.44 24.43 0 26.5 19.12 13.69 3.14 51.94 20.37 26.09 7.86 63.6 62.08 9.24 35.13 
42.71 3.77 5.58 25.89 24.44 24.43 0 26.5 19.12 13.69 3.14 51.94 20.37 26.09 7.86 63.6 62.08 9.24 35.13 
67.32 27.49 26.76 37.31 43.33 46.1 26.87 0 40.45 25.44 33.46 40.71 9.54 48.72 30.23 94.2 37.37 24.03 53.32 
30.39 23.48 22.76 13.67 8.12 3.8 19.32 42.1 0 15.68 25.26 47.19 36.32 17.97 6.88 61.82 73.47 15.49 22.86 
67.32 27.49 26.76 37.31 43.33 46.1 26.87 0 40.45 25.44 33.46 40.71 9.54 48.72 30.23 94.2 37.37 24.03 53.32 
42.07 14.86 14.11 7.02 13.22 17.46 15.76 30.04 12.16 0 22.69 37.52 22.06 32.91 12.58 81.17 60.17 5.45 22.48 
47.92 4.78 8.61 31.77 30.32 29.89 3.7 32.37 24.73 19.91 0 58.49 26.4 30.51 12.59 57.37 68.38 15.54 40.68 
30.39 23.48 22.76 13.67 8.12 3.8 19.32 42.1 0 15.68 25.26 47.19 36.32 17.97 6.88 61.82 73.47 15.49 22.86 
62.07 48.42 47.26 33.25 34.35 47.18 49.5 48.23 45.61 33.78 56.78 0 41.75 65.33 47.06 110.62 66.4 38.3 26.2 
42.07 14.86 14.11 7.02 13.22 17.46 15.76 30.04 12.16 0 22.69 37.52 22.06 32.91 12.58 81.17 60.17 5.45 22.48 
52.38 13.42 12.68 24.09 29.88 32.21 13.03 9.8 27.11 11.47 20.05 35.97 0 33.6 16.54 80.44 43.73 10.04 38.49 
12.47 35.42 34.67 31.82 23.81 17.03 29.74 56.56 18.16 27.57 37.47 66.25 49.61 0 19.59 66.02 86.92 27.35 34.63 
47.92 4.78 8.61 31.77 30.32 29.89 3.7 32.37 24.73 19.91 0 58.49 26.4 30.51 12.59 57.37 68.38 15.54 40.68 
35.44 10.63 9.87 19.37 13.8 11.86 6.35 30.66 6.23 8.97 12.53 46.81 24.62 22.04 0 67.29 66.9 8.78 28.18 
62.07 48.42 47.26 33.25 34.35 47.18 49.5 48.23 45.61 33.78 56.78 0 41.75 65.33 47.06 110.62 66.4 38.3 26.2 
72.64 63.09 68 78.39 73.14 62.54 61.35 88.58 61.24 73.87 54.4 111.03 85.51 58 64.97 0 112.06 73.37 86.66 
52.38 13.42 12.68 24.09 29.88 32.21 13.03 9.8 27.11 11.47 20.05 35.97 0 33.6 16.54 80.44 43.73 10.04 38.49 
12.47 35.42 34.67 31.82 23.81 17.03 29.74 56.56 18.16 27.57 37.47 66.25 49.61 0 19.59 66.02 86.92 27.35 34.63 
95.18 59.48 58.32 63.08 68.41 70.94 54.99 35.64 65.85 50.16 62.14 58.08 35.94 78.35 59.13 112.9 0 51.59 78.62 
42.81 7.8 7.05 15.03 17.6 19.58 9.08 24.53 14.15 3.26 16.2 40.67 16.84 30.38 8.13 75.56 59.87 0 28.65 
35.38 36.97 36.29 15.49 7.58 23.53 31.84 54.71 21.97 26.2 38.22 28.56 47.81 36.34 27.52 85.63 85.82 27.83 0 
35.44 10.63 9.87 19.37 13.8 11.86 6.35 30.66 6.23 8.97 12.53 46.81 24.62 22.04 0 67.29 66.9 8.78 28.18 
72.64 63.09 68 78.39 73.14 62.54 61.35 88.58 61.24 73.87 54.4 111.03 85.51 58 64.97 0 112.06 73.37 86.66 
95.18 59.48 58.32 63.08 68.41 70.94 54.99 35.64 65.85 50.16 62.14 58.08 35.94 78.35 59.13 112.9 0 51.59 78.62 
42.81 7.8 7.05 15.03 17.6 19.58 9.08 24.53 14.15 3.26 16.2 40.67 16.84 30.38 8.13 75.56 59.87 0 28.65 
35.38 36.97 36.29 15.49 7.58 23.53 31.84 54.71 21.97 26.2 38.22 28.56 47.81 36.34 27.52 85.63 85.82 27.83 0 
GEN 0 511.780000
GREEDY 0 0.000000
TIEMPO 0 511.780000
GEN 0 511.780000
GREEDY 0 0.000000
TIEMPO 0 511.780000
GEN 0 511.780000
GREEDY 0 0.000000
TIEMPO 0 511.780000
GEN 0 511.780000
GREEDY 0 0.000000
TIEMPO 0 511.780000
GEN 0 511.780000
GREEDY 0 0.000000
TIEMPO 0 511.780000
GEN 0 511.780000
GREEDY 0 0.000000
TIEMPO 0 511.780000
GEN 0 511.780000
GEN 0 511.780000
GREEDY 0 0.000000
GREEDY 0 0.000000
TIEMPO 0 511.780000
TIEMPO 0 511.780000
GEN 0 511.780000
GREEDY 0 0.000000
TIEMPO 0 511.780000
GEN 0 511.780000
GREEDY 0 0.000000
TIEMPO 0 511.780000
GEN 0 511.780000
GREEDY 0 0.000000
GEN 0 511.780000
GREEDY 0 0.000000
GEN 0 511.780000
GREEDY 0 0.000000
GEN 0 511.780000
GREEDY 0 0.000000
TIEMPO 0 511.780000
TIEMPO 0 511.780000
TIEMPO 0 511.780000
TIEMPO 0 511.780000
GEN 0 511.780000
GREEDY 0 0.000000
TIEMPO 0 511.780000
GEN 0 511.780000
GREEDY 0 0.000000
TIEMPO 0 511.780000
GEN 0 511.780000
GREEDY 0 0.000000
GEN 0 511.780000
GREEDY 0 0.000000
TIEMPO 0 511.780000
TIEMPO 0 511.780000
GEN 0 511.780000
GREEDY 0 0.000000
TIEMPO 0 511.780000
GEN 0 511.780000
GREEDY 0 0.000000
TIEMPO 0 511.780000
GEN 0 511.780000
GREEDY 0 0.000000
TIEMPO 0 511.780000
GREEDY 5 0.014630
GEN 0 511.780000
GREEDY 0 0.000000
TIEMPO 0 511.780000
GEN 0 511.780000
GREEDY 0 0.000000
TIEMPO 0 511.780000
GEN 0 511.780000
GREEDY 0 0.000000
GREEDY 5 0.050268
TIEMPO 0 511.780000
GREEDY 10 0.065852
GREEDY 5 0.075552
GREEDY 5 0.063822
GREEDY 5 0.065292
GREEDY 5 0.061833
GREEDY 10 0.062634
GREEDY 5 0.053312
GREEDY 10 0.086232
GREEDY 5 0.066043
GREEDY 10 0.080956
GREEDY 5 0.065988
GREEDY 5 0.104219
GREEDY 10 0.090056
GREEDY 5 0.094239
GREEDY 5 0.089446
GREEDY 5 0.123075
GREEDY 5 0.098893
GREEDY 10 0.103354
GREEDY 5 0.118150
GREEDY 10 0.095172
GREEDY 5 0.093612
GREEDY 10 0.097512
GREEDY 10 0.138663
GREEDY 5 0.130852
GREEDY 10 0.145288
GREEDY 10 0.138486
GREEDY 10 0.145437
GREEDY 5 0.170118
GREEDY 5 0.157096
GREEDY 15 0.168417
GREEDY 5 0.169553
GREEDY 10 0.179884
GEN 2500 474.940000
GEN 2500 454.380000
GREEDY 10 0.205195
GREEDY 10 0.230248
GREEDY 15 0.234805
GREEDY 10 0.207377
GEN 2500 455.890000
GEN 2500 428.310000
GREEDY 10 0.245585
GEN 2500 458.530000
GEN 2500 462.620000
GEN 2500 449.100000
GEN 2500 454.020000
GEN 2500 446.700000
GEN 2500 432.730000
GREEDY 10 0.234504
GEN 2500 456.970000
GEN 2500 454.990000
GEN 2500 460.890000
GEN 2500 490.570000
GEN 2500 449.100000
GEN 2500 438.590000
GEN 2500 495.930000
GEN 2500 459.560000
GREEDY 5 0.351262
GEN 2500 454.020000
GEN 2500 499.410000
GEN 2500 504.530000
GEN 2500 454.020000
GEN 2500 440.470000
GREEDY 10 0.400057
GEN 5000 454.380000
GEN 5000 440.470000
GREEDY 15 0.408106
GEN 5000 454.020000
GEN 5000 454.020000
GEN 5000 454.380000
GEN 5000 462.620000
GEN 5000 427.870000
GEN 2500 434.010000
GEN 5000 441.840000
GEN 5000 448.150000
GEN 5000 452.520000
GEN 5000 460.890000
GEN 5000 432.730000
GEN 5000 438.590000
GEN 5000 449.100000
GEN 5000 494.310000
GEN 5000 448.520000
GEN 5000 454.020000
GEN 5000 451.910000
GREEDY 5 0.571684
GREEDY 5 0.599343
GEN 7500 440.470000
GEN 5000 475.640000
GEN 5000 454.020000
GEN 7500 454.020000
GEN 5000 462.070000
GEN 7500 454.020000
GEN 5000 440.470000
GEN 7500 462.620000
GEN 7500 454.380000
GEN 7500 427.870000
GREEDY 10 0.650210
GEN 7500 441.840000
GEN 7500 449.260000
GREEDY 5 0.637713
GEN 5000 449.100000
GEN 7500 448.150000
GEN 7500 452.520000
GEN 7500 460.890000
GEN 7500 454.020000
GEN 7500 430.750000
GEN 7500 438.590000
GEN 7500 449.100000
GREEDY 10 0.720739
GEN 7500 448.520000
GEN 7500 474.410000
GEN 10000 440.470000
TIEMPO 0.746007 440.470000
GEN 7500 451.910000
GEN 10000 454.020000
TIEMPO 0.747300 454.020000
GEN 10000 454.020000
TIEMPO 0.803664 454.020000
GEN 10000 460.640000
TIEMPO 0.796636 460.640000
GEN 10000 427.870000
TIEMPO 0.828905 427.870000
GEN 7500 454.020000
GEN 7500 443.890000
GEN 7500 443.380000
GEN 7500 440.470000
GEN 10000 441.840000
TIEMPO 0.831482 441.840000
GEN 10000 454.380000
TIEMPO 0.847986 454.380000
GEN 10000 449.260000
TIEMPO 0.882290 449.260000
GEN 5000 434.010000
GEN 10000 454.020000
TIEMPO 0.871750 454.020000
GEN 10000 448.150000
TIEMPO 0.916541 448.150000
GEN 10000 460.890000
TIEMPO 0.904047 460.890000
GEN 10000 452.520000
TIEMPO 0.923811 452.520000
GEN 10000 430.750000
TIEMPO 0.923926 430.750000
GEN 10000 438.590000
TIEMPO 0.934912 438.590000
GEN 10000 449.100000
TIEMPO 0.930724 449.100000
GEN 10000 448.520000
TIEMPO 0.951336 448.520000
GEN 10000 461.660000
TIEMPO 0.928990 461.660000
TIEMPO 1 443.380000
GEN 10000 451.910000
TIEMPO 0.963227 451.910000
TIEMPO 1 434.010000
TIEMPO 1 443.890000
TIEMPO 1 449.100000
TIEMPO 1 454.020000
GEN 10000 454.020000
TIEMPO 1.017119 454.020000
TIEMPO 1 440.470000
GEN 10000 443.890000
TIEMPO 1.032578 443.890000
GEN 10000 443.380000
TIEMPO 1.064565 443.380000
GEN 10000 440.470000
TIEMPO 1.021086 440.470000
GEN 7500 449.100000
GEN 7500 434.010000
GEN 10000 441.840000
TIEMPO 1.583675 441.840000
GEN 10000 434.010000
TIEMPO 1.774550 434.010000

 Current State ---------------------------------------------
Solution:  13 5 8 15 0 4 3 17 9 0 6 10 1 2 0 14 12 7 16 0 19 18 11 0 0 0 0 0 0 0 0 0 0 0 0 0 0 Fitness: 427.87

 :( ---------------------- THE END --------------- :) 
