Dimension>35
Bandera>13
Fitness Greedy Costo>323
Solucion Greedy Costo>2 9 12 11 0 6 10 3 0 7 13 14 5 0 8 18 17 15 0 4 16 0 1 0 0 0 0 0 0 0 0 0 0 0 0 
Linea Vacia>
Matriz de Costos>
0 50.13 1.81 10.62 46.09 15.01 8.3 11.76 21.42 3.48 14.02 5 4.76 27.53 27.53 53.47 60.88 40.38 
48.35 0 46.35 59.85 87.9 34.01 53.91 34.28 38.86 45.25 61.69 44.88 43.63 27.5 27.5 44.45 55.98 33.6 
1.89 46.62 0 10.66 46.19 11.51 8.34 8.2 18.02 1.69 13.53 3.27 3.04 24.24 24.24 49.98 57.5 36.97 
11.98 57.27 11.03 0 42.71 24.36 11.58 18.48 30.49 12.33 8.65 13.46 17.66 33.56 33.56 64.09 71.28 51.42 
42.11 88.23 42.3 41.61 0 53.06 37.86 57.16 53.15 44.92 32.37 39.01 49.51 76.51 76.51 40.32 33.48 52.2 
13.96 34.85 11.93 22.78 58.18 0 19.32 13.29 4.68 10.84 25.49 10.64 15.03 16.54 16.54 37.21 43.38 25.96 
6.3 55.38 6.47 10.78 39.36 16.56 0 18.14 22.93 8.13 7.69 4.39 12.34 34.62 34.62 53.38 58.02 42.02 
15.03 39.46 11.46 24.27 62.08 18.56 22.32 0 23.81 9.5 29.1 14.59 8 13.51 13.51 57.46 63.32 44.44 
Dimension>35
Bandera>13
Fitness Greedy Costo>323
Solucion Greedy Costo>2 9 12 11 0 6 10 3 0 7 13 14 5 0 8 18 17 15 0 4 16 0 1 0 0 0 0 0 0 0 0 0 0 0 0 
Linea Vacia>
Dimension>35
Bandera>13
Fitness Greedy Costo>323
Solucion Greedy Costo>2 9 12 11 0 6 10 3 0 7 13 14 5 0 8 18 17 15 0 4 16 0 1 0 0 0 0 0 0 0 0 0 0 0 0 
Linea Vacia>
Matriz de Costos>
0 50.13 1.81 10.62 46.09 15.01 8.3 11.76 21.42 3.48 14.02 5 4.76 27.53 27.53 53.47 60.88 40.38 
48.35 0 46.35 59.85 87.9 34.01 53.91 34.28 38.86 45.25 61.69 44.88 43.63 27.5 27.5 44.45 55.98 33.6 
1.89 46.62 0 10.66 46.19 11.51 8.34 8.2 18.02 1.69 13.53 3.27 3.04 24.24 24.24 49.98 57.5 36.97 
11.98 57.27 11.03 0 42.71 24.36 11.58 18.48 30.49 12.33 8.65 13.46 17.66 33.56 33.56 64.09 71.28 51.42 
42.11 88.23 42.3 41.61 0 53.06 37.86 57.16 53.15 44.92 32.37 39.01 49.51 76.51 76.51 40.32 33.48 52.2 
13.96 34.85 11.93 22.78 58.18 0 19.32 13.29 4.68 10.84 25.49 10.64 15.03 16.54 16.54 37.21 43.38 25.96 
6.3 55.38 6.47 10.78 39.36 16.56 0 18.14 22.93 8.13 7.69 4.39 12.34 34.62 34.62 53.38 58.02 42.02 
15.03 39.46 11.46 24.27 62.08 18.56 22.32 0 23.81 9.5 29.1 14.59 8 13.51 13.51 57.46 63.32 44.44 
16.22 35.34 14.21 24.96 58.09 0.9 21.54 15.57 0 13.14 27.66 12.94 17.29 18.78 18.78 35.4 43.33 24.05 
3.53 45.43 1.66 13.47 47.43 10.93 9.11 6.97 17.46 0 15.99 3.2 2.36 23.09 23.09 49.31 56.85 36.44 
10.63 60.43 10.8 4.02 34.65 20.57 4.09 21.54 26.83 12.14 0 9.43 16.31 38.54 38.54 60.65 67.97 47.73 
4.17 48.83 3.58 11.81 43.35 10.44 5.26 12.06 16.98 3.65 14.81 0 5.37 29.17 29.17 48.84 56.39 36.01 
3.65 43.65 1.8 13 48.65 11.98 10.16 5.36 18.48 1.57 17.03 3.28 0 21.58 21.58 50.56 58.07 37.42 
23.76 30.69 20.34 31.81 69.49 9.91 30.4 6.94 15.37 18.46 36.42 22.14 16.98 0 0 48.82 54.83 35.9 
Dimension>35
Bandera>13
Fitness Greedy Costo>323
Solucion Greedy Costo>2 9 12 11 0 6 10 3 0 7 13 14 5 0 8 18 17 15 0 4 16 0 1 0 0 0 0 0 0 0 0 0 0 0 0 
Linea Vacia>
16.22 35.34 14.21 24.96 58.09 0.9 21.54 15.57 0 13.14 27.66 12.94 17.29 18.78 18.78 35.4 43.33 24.05 
3.53 45.43 1.66 13.47 47.43 10.93 9.11 6.97 17.46 0 15.99 3.2 2.36 23.09 23.09 49.31 56.85 36.44 
10.63 60.43 10.8 4.02 34.65 20.57 4.09 21.54 26.83 12.14 0 9.43 16.31 38.54 38.54 60.65 67.97 47.73 
Matriz de Costos>
0 50.13 1.81 10.62 46.09 15.01 8.3 11.76 21.42 3.48 14.02 5 4.76 27.53 27.53 53.47 60.88 40.38 
23.76 30.69 20.34 31.81 69.49 9.91 30.4 6.94 15.37 18.46 36.42 22.14 16.98 0 0 48.82 54.83 35.9 
Dimension>35
4.17 48.83 3.58 11.81 43.35 10.44 5.26 12.06 16.98 3.65 14.81 0 5.37 29.17 29.17 48.84 56.39 36.01 
3.65 43.65 1.8 13 48.65 11.98 10.16 5.36 18.48 1.57 17.03 3.28 0 21.58 21.58 50.56 58.07 37.42 
50.77 45.05 48.79 62.35 43.47 32.12 51.9 50.5 32.57 47.69 55.57 47.31 52.28 42.3 42.3 0 13.95 11.28 
Matriz de Costos>
0 50.13 1.81 10.62 46.09 15.01 8.3 11.76 21.42 3.48 14.02 5 4.76 27.53 27.53 53.47 60.88 40.38 
Bandera>13
Fitness Greedy Costo>323
23.76 30.69 20.34 31.81 69.49 9.91 30.4 6.94 15.37 18.46 36.42 22.14 16.98 0 0 48.82 54.83 35.9 
48.35 0 46.35 59.85 87.9 34.01 53.91 34.28 38.86 45.25 61.69 44.88 43.63 27.5 27.5 44.45 55.98 33.6 
23.76 30.69 20.34 31.81 69.49 9.91 30.4 6.94 15.37 18.46 36.42 22.14 16.98 0 0 48.82 54.83 35.9 
48.35 0 46.35 59.85 87.9 34.01 53.91 34.28 38.86 45.25 61.69 44.88 43.63 27.5 27.5 44.45 55.98 33.6 
1.89 46.62 0 10.66 46.19 11.51 8.34 8.2 18.02 1.69 13.53 3.27 3.04 24.24 24.24 49.98 57.5 36.97 
57.01 57.23 55.08 68.33 33.27 35.68 56.14 57.09 36.09 54.02 59.84 53.64 58.5 48.06 48.06 10.61 0 21.98 
1.89 46.62 0 10.66 46.19 11.51 8.34 8.2 18.02 1.69 13.53 3.27 3.04 24.24 24.24 49.98 57.5 36.97 
11.98 57.27 11.03 0 42.71 24.36 11.58 18.48 30.49 12.33 8.65 13.46 17.66 33.56 33.56 64.09 71.28 51.42 
Solucion Greedy Costo>2 9 12 11 0 6 10 3 0 7 13 14 5 0 8 18 17 15 0 4 16 0 1 0 0 0 0 0 0 0 0 0 0 0 0 
Linea Vacia>
50.77 45.05 48.79 62.35 43.47 32.12 51.9 50.5 32.57 47.69 55.57 47.31 52.28 42.3 42.3 0 13.95 11.28 
57.01 57.23 55.08 68.33 33.27 35.68 56.14 57.09 36.09 54.02 59.84 53.64 58.5 48.06 48.06 10.61 0 21.98 
11.98 57.27 11.03 0 42.71 24.36 11.58 18.48 30.49 12.33 8.65 13.46 17.66 33.56 33.56 64.09 71.28 51.42 
46.81 43.15 44.8 59.55 47.28 27.02 45.99 46.8 27.5 43.69 49.65 43.31 48.3 38.09 38.09 6.56 16.34 0 
42.11 88.23 42.3 41.61 0 53.06 37.86 57.16 53.15 44.92 32.37 39.01 49.51 76.51 76.51 40.32 33.48 52.2 
46.81 43.15 44.8 59.55 47.28 27.02 45.99 46.8 27.5 43.69 49.65 43.31 48.3 38.09 38.09 6.56 16.34 0 
42.11 88.23 42.3 41.61 0 53.06 37.86 57.16 53.15 44.92 32.37 39.01 49.51 76.51 76.51 40.32 33.48 52.2 
13.96 34.85 11.93 22.78 58.18 0 19.32 13.29 4.68 10.84 25.49 10.64 15.03 16.54 16.54 37.21 43.38 25.96 
13.96 34.85 11.93 22.78 58.18 0 19.32 13.29 4.68 10.84 25.49 10.64 15.03 16.54 16.54 37.21 43.38 25.96 
6.3 55.38 6.47 10.78 39.36 16.56 0 18.14 22.93 8.13 7.69 4.39 12.34 34.62 34.62 53.38 58.02 42.02 
6.3 55.38 6.47 10.78 39.36 16.56 0 18.14 22.93 8.13 7.69 4.39 12.34 34.62 34.62 53.38 58.02 42.02 
15.03 39.46 11.46 24.27 62.08 18.56 22.32 0 23.81 9.5 29.1 14.59 8 13.51 13.51 57.46 63.32 44.44 
15.03 39.46 11.46 24.27 62.08 18.56 22.32 0 23.81 9.5 29.1 14.59 8 13.51 13.51 57.46 63.32 44.44 
16.22 35.34 14.21 24.96 58.09 0.9 21.54 15.57 0 13.14 27.66 12.94 17.29 18.78 18.78 35.4 43.33 24.05 
16.22 35.34 14.21 24.96 58.09 0.9 21.54 15.57 0 13.14 27.66 12.94 17.29 18.78 18.78 35.4 43.33 24.05 
3.53 45.43 1.66 13.47 47.43 10.93 9.11 6.97 17.46 0 15.99 3.2 2.36 23.09 23.09 49.31 56.85 36.44 
10.63 60.43 10.8 4.02 34.65 20.57 4.09 21.54 26.83 12.14 0 9.43 16.31 38.54 38.54 60.65 67.97 47.73 
3.53 45.43 1.66 13.47 47.43 10.93 9.11 6.97 17.46 0 15.99 3.2 2.36 23.09 23.09 49.31 56.85 36.44 
10.63 60.43 10.8 4.02 34.65 20.57 4.09 21.54 26.83 12.14 0 9.43 16.31 38.54 38.54 60.65 67.97 47.73 
4.17 48.83 3.58 11.81 43.35 10.44 5.26 12.06 16.98 3.65 14.81 0 5.37 29.17 29.17 48.84 56.39 36.01 
3.65 43.65 1.8 13 48.65 11.98 10.16 5.36 18.48 1.57 17.03 3.28 0 21.58 21.58 50.56 58.07 37.42 
4.17 48.83 3.58 11.81 43.35 10.44 5.26 12.06 16.98 3.65 14.81 0 5.37 29.17 29.17 48.84 56.39 36.01 
23.76 30.69 20.34 31.81 69.49 9.91 30.4 6.94 15.37 18.46 36.42 22.14 16.98 0 0 48.82 54.83 35.9 
3.65 43.65 1.8 13 48.65 11.98 10.16 5.36 18.48 1.57 17.03 3.28 0 21.58 21.58 50.56 58.07 37.42 
23.76 30.69 20.34 31.81 69.49 9.91 30.4 6.94 15.37 18.46 36.42 22.14 16.98 0 0 48.82 54.83 35.9 
50.77 45.05 48.79 62.35 43.47 32.12 51.9 50.5 32.57 47.69 55.57 47.31 52.28 42.3 42.3 0 13.95 11.28 
Matriz de Costos>
0 50.13 1.81 10.62 46.09 15.01 8.3 11.76 21.42 3.48 14.02 5 4.76 27.53 27.53 53.47 60.88 40.38 
23.76 30.69 20.34 31.81 69.49 9.91 30.4 6.94 15.37 18.46 36.42 22.14 16.98 0 0 48.82 54.83 35.9 
23.76 30.69 20.34 31.81 69.49 9.91 30.4 6.94 15.37 18.46 36.42 22.14 16.98 0 0 48.82 54.83 35.9 
57.01 57.23 55.08 68.33 33.27 35.68 56.14 57.09 36.09 54.02 59.84 53.64 58.5 48.06 48.06 10.61 0 21.98 
46.81 43.15 44.8 59.55 47.28 27.02 45.99 46.8 27.5 43.69 49.65 43.31 48.3 38.09 38.09 6.56 16.34 0 
48.35 0 46.35 59.85 87.9 34.01 53.91 34.28 38.86 45.25 61.69 44.88 43.63 27.5 27.5 44.45 55.98 33.6 
1.89 46.62 0 10.66 46.19 11.51 8.34 8.2 18.02 1.69 13.53 3.27 3.04 24.24 24.24 49.98 57.5 36.97 
50.77 45.05 48.79 62.35 43.47 32.12 51.9 50.5 32.57 47.69 55.57 47.31 52.28 42.3 42.3 0 13.95 11.28 
57.01 57.23 55.08 68.33 33.27 35.68 56.14 57.09 36.09 54.02 59.84 53.64 58.5 48.06 48.06 10.61 0 21.98 
11.98 57.27 11.03 0 42.71 24.36 11.58 18.48 30.49 12.33 8.65 13.46 17.66 33.56 33.56 64.09 71.28 51.42 
46.81 43.15 44.8 59.55 47.28 27.02 45.99 46.8 27.5 43.69 49.65 43.31 48.3 38.09 38.09 6.56 16.34 0 
42.11 88.23 42.3 41.61 0 53.06 37.86 57.16 53.15 44.92 32.37 39.01 49.51 76.51 76.51 40.32 33.48 52.2 
Dimension>35
Bandera>13
Fitness Greedy Costo>323
Solucion Greedy Costo>2 9 12 11 0 6 10 3 0 7 13 14 5 0 8 18 17 15 0 4 16 0 1 0 0 0 0 0 0 0 0 0 0 0 0 
Dimension>35
13.96 34.85 11.93 22.78 58.18 0 19.32 13.29 4.68 10.84 25.49 10.64 15.03 16.54 16.54 37.21 43.38 25.96 
6.3 55.38 6.47 10.78 39.36 16.56 0 18.14 22.93 8.13 7.69 4.39 12.34 34.62 34.62 53.38 58.02 42.02 
15.03 39.46 11.46 24.27 62.08 18.56 22.32 0 23.81 9.5 29.1 14.59 8 13.51 13.51 57.46 63.32 44.44 
Linea Vacia>
16.22 35.34 14.21 24.96 58.09 0.9 21.54 15.57 0 13.14 27.66 12.94 17.29 18.78 18.78 35.4 43.33 24.05 
3.53 45.43 1.66 13.47 47.43 10.93 9.11 6.97 17.46 0 15.99 3.2 2.36 23.09 23.09 49.31 56.85 36.44 
10.63 60.43 10.8 4.02 34.65 20.57 4.09 21.54 26.83 12.14 0 9.43 16.31 38.54 38.54 60.65 67.97 47.73 
Bandera>13
Fitness Greedy Costo>323
Solucion Greedy Costo>2 9 12 11 0 6 10 3 0 7 13 14 5 0 8 18 17 15 0 4 16 0 1 0 0 0 0 0 0 0 0 0 0 0 0 
Linea Vacia>
4.17 48.83 3.58 11.81 43.35 10.44 5.26 12.06 16.98 3.65 14.81 0 5.37 29.17 29.17 48.84 56.39 36.01 
3.65 43.65 1.8 13 48.65 11.98 10.16 5.36 18.48 1.57 17.03 3.28 0 21.58 21.58 50.56 58.07 37.42 
Dimension>35
Bandera>13
Dimension>35
Fitness Greedy Costo>323
Solucion Greedy Costo>2 9 12 11 0 6 10 3 0 7 13 14 5 0 8 18 17 15 0 4 16 0 1 0 0 0 0 0 0 0 0 0 0 0 0 
Linea Vacia>
23.76 30.69 20.34 31.81 69.49 9.91 30.4 6.94 15.37 18.46 36.42 22.14 16.98 0 0 48.82 54.83 35.9 
23.76 30.69 20.34 31.81 69.49 9.91 30.4 6.94 15.37 18.46 36.42 22.14 16.98 0 0 48.82 54.83 35.9 
Bandera>13
Fitness Greedy Costo>323
50.77 45.05 48.79 62.35 43.47 32.12 51.9 50.5 32.57 47.69 55.57 47.31 52.28 42.3 42.3 0 13.95 11.28 
57.01 57.23 55.08 68.33 33.27 35.68 56.14 57.09 36.09 54.02 59.84 53.64 58.5 48.06 48.06 10.61 0 21.98 
Solucion Greedy Costo>2 9 12 11 0 6 10 3 0 7 13 14 5 0 8 18 17 15 0 4 16 0 1 0 0 0 0 0 0 0 0 0 0 0 0 
Linea Vacia>
Matriz de Costos>
0 50.13 1.81 10.62 46.09 15.01 8.3 11.76 21.42 3.48 14.02 5 4.76 27.53 27.53 53.47 60.88 40.38 
48.35 0 46.35 59.85 87.9 34.01 53.91 34.28 38.86 45.25 61.69 44.88 43.63 27.5 27.5 44.45 55.98 33.6 
1.89 46.62 0 10.66 46.19 11.51 8.34 8.2 18.02 1.69 13.53 3.27 3.04 24.24 24.24 49.98 57.5 36.97 
46.81 43.15 44.8 59.55 47.28 27.02 45.99 46.8 27.5 43.69 49.65 43.31 48.3 38.09 38.09 6.56 16.34 0 
Matriz de Costos>
0 50.13 1.81 10.62 46.09 15.01 8.3 11.76 21.42 3.48 14.02 5 4.76 27.53 27.53 53.47 60.88 40.38 
48.35 0 46.35 59.85 87.9 34.01 53.91 34.28 38.86 45.25 61.69 44.88 43.63 27.5 27.5 44.45 55.98 33.6 
11.98 57.27 11.03 0 42.71 24.36 11.58 18.48 30.49 12.33 8.65 13.46 17.66 33.56 33.56 64.09 71.28 51.42 
42.11 88.23 42.3 41.61 0 53.06 37.86 57.16 53.15 44.92 32.37 39.01 49.51 76.51 76.51 40.32 33.48 52.2 
13.96 34.85 11.93 22.78 58.18 0 19.32 13.29 4.68 10.84 25.49 10.64 15.03 16.54 16.54 37.21 43.38 25.96 
6.3 55.38 6.47 10.78 39.36 16.56 0 18.14 22.93 8.13 7.69 4.39 12.34 34.62 34.62 53.38 58.02 42.02 
15.03 39.46 11.46 24.27 62.08 18.56 22.32 0 23.81 9.5 29.1 14.59 8 13.51 13.51 57.46 63.32 44.44 
Matriz de Costos>
0 50.13 1.81 10.62 46.09 15.01 8.3 11.76 21.42 3.48 14.02 5 4.76 27.53 27.53 53.47 60.88 40.38 
48.35 0 46.35 59.85 87.9 34.01 53.91 34.28 38.86 45.25 61.69 44.88 43.63 27.5 27.5 44.45 55.98 33.6 
1.89 46.62 0 10.66 46.19 11.51 8.34 8.2 18.02 1.69 13.53 3.27 3.04 24.24 24.24 49.98 57.5 36.97 
11.98 57.27 11.03 0 42.71 24.36 11.58 18.48 30.49 12.33 8.65 13.46 17.66 33.56 33.56 64.09 71.28 51.42 
1.89 46.62 0 10.66 46.19 11.51 8.34 8.2 18.02 1.69 13.53 3.27 3.04 24.24 24.24 49.98 57.5 36.97 
11.98 57.27 11.03 0 42.71 24.36 11.58 18.48 30.49 12.33 8.65 13.46 17.66 33.56 33.56 64.09 71.28 51.42 
42.11 88.23 42.3 41.61 0 53.06 37.86 57.16 53.15 44.92 32.37 39.01 49.51 76.51 76.51 40.32 33.48 52.2 
16.22 35.34 14.21 24.96 58.09 0.9 21.54 15.57 0 13.14 27.66 12.94 17.29 18.78 18.78 35.4 43.33 24.05 
3.53 45.43 1.66 13.47 47.43 10.93 9.11 6.97 17.46 0 15.99 3.2 2.36 23.09 23.09 49.31 56.85 36.44 
10.63 60.43 10.8 4.02 34.65 20.57 4.09 21.54 26.83 12.14 0 9.43 16.31 38.54 38.54 60.65 67.97 47.73 
13.96 34.85 11.93 22.78 58.18 0 19.32 13.29 4.68 10.84 25.49 10.64 15.03 16.54 16.54 37.21 43.38 25.96 
Matriz de Costos>
0 50.13 1.81 10.62 46.09 15.01 8.3 11.76 21.42 3.48 14.02 5 4.76 27.53 27.53 53.47 60.88 40.38 
4.17 48.83 3.58 11.81 43.35 10.44 5.26 12.06 16.98 3.65 14.81 0 5.37 29.17 29.17 48.84 56.39 36.01 
3.65 43.65 1.8 13 48.65 11.98 10.16 5.36 18.48 1.57 17.03 3.28 0 21.58 21.58 50.56 58.07 37.42 
42.11 88.23 42.3 41.61 0 53.06 37.86 57.16 53.15 44.92 32.37 39.01 49.51 76.51 76.51 40.32 33.48 52.2 
13.96 34.85 11.93 22.78 58.18 0 19.32 13.29 4.68 10.84 25.49 10.64 15.03 16.54 16.54 37.21 43.38 25.96 
6.3 55.38 6.47 10.78 39.36 16.56 0 18.14 22.93 8.13 7.69 4.39 12.34 34.62 34.62 53.38 58.02 42.02 
15.03 39.46 11.46 24.27 62.08 18.56 22.32 0 23.81 9.5 29.1 14.59 8 13.51 13.51 57.46 63.32 44.44 
6.3 55.38 6.47 10.78 39.36 16.56 0 18.14 22.93 8.13 7.69 4.39 12.34 34.62 34.62 53.38 58.02 42.02 
15.03 39.46 11.46 24.27 62.08 18.56 22.32 0 23.81 9.5 29.1 14.59 8 13.51 13.51 57.46 63.32 44.44 
48.35 0 46.35 59.85 87.9 34.01 53.91 34.28 38.86 45.25 61.69 44.88 43.63 27.5 27.5 44.45 55.98 33.6 
1.89 46.62 0 10.66 46.19 11.51 8.34 8.2 18.02 1.69 13.53 3.27 3.04 24.24 24.24 49.98 57.5 36.97 
Dimension>35
Bandera>13
Fitness Greedy Costo>323
Dimension>35
Bandera>13
Fitness Greedy Costo>323
16.22 35.34 14.21 24.96 58.09 0.9 21.54 15.57 0 13.14 27.66 12.94 17.29 18.78 18.78 35.4 43.33 24.05 
3.53 45.43 1.66 13.47 47.43 10.93 9.11 6.97 17.46 0 15.99 3.2 2.36 23.09 23.09 49.31 56.85 36.44 
23.76 30.69 20.34 31.81 69.49 9.91 30.4 6.94 15.37 18.46 36.42 22.14 16.98 0 0 48.82 54.83 35.9 
23.76 30.69 20.34 31.81 69.49 9.91 30.4 6.94 15.37 18.46 36.42 22.14 16.98 0 0 48.82 54.83 35.9 
50.77 45.05 48.79 62.35 43.47 32.12 51.9 50.5 32.57 47.69 55.57 47.31 52.28 42.3 42.3 0 13.95 11.28 
57.01 57.23 55.08 68.33 33.27 35.68 56.14 57.09 36.09 54.02 59.84 53.64 58.5 48.06 48.06 10.61 0 21.98 
46.81 43.15 44.8 59.55 47.28 27.02 45.99 46.8 27.5 43.69 49.65 43.31 48.3 38.09 38.09 6.56 16.34 0 
16.22 35.34 14.21 24.96 58.09 0.9 21.54 15.57 0 13.14 27.66 12.94 17.29 18.78 18.78 35.4 43.33 24.05 
3.53 45.43 1.66 13.47 47.43 10.93 9.11 6.97 17.46 0 15.99 3.2 2.36 23.09 23.09 49.31 56.85 36.44 
10.63 60.43 10.8 4.02 34.65 20.57 4.09 21.54 26.83 12.14 0 9.43 16.31 38.54 38.54 60.65 67.97 47.73 
4.17 48.83 3.58 11.81 43.35 10.44 5.26 12.06 16.98 3.65 14.81 0 5.37 29.17 29.17 48.84 56.39 36.01 
3.65 43.65 1.8 13 48.65 11.98 10.16 5.36 18.48 1.57 17.03 3.28 0 21.58 21.58 50.56 58.07 37.42 
10.63 60.43 10.8 4.02 34.65 20.57 4.09 21.54 26.83 12.14 0 9.43 16.31 38.54 38.54 60.65 67.97 47.73 
11.98 57.27 11.03 0 42.71 24.36 11.58 18.48 30.49 12.33 8.65 13.46 17.66 33.56 33.56 64.09 71.28 51.42 
42.11 88.23 42.3 41.61 0 53.06 37.86 57.16 53.15 44.92 32.37 39.01 49.51 76.51 76.51 40.32 33.48 52.2 
13.96 34.85 11.93 22.78 58.18 0 19.32 13.29 4.68 10.84 25.49 10.64 15.03 16.54 16.54 37.21 43.38 25.96 
Solucion Greedy Costo>2 9 12 11 0 6 10 3 0 7 13 14 5 0 8 18 17 15 0 4 16 0 1 0 0 0 0 0 0 0 0 0 0 0 0 
Linea Vacia>
Solucion Greedy Costo>2 9 12 11 0 6 10 3 0 7 13 14 5 0 8 18 17 15 0 4 16 0 1 0 0 0 0 0 0 0 0 0 0 0 0 
Linea Vacia>
4.17 48.83 3.58 11.81 43.35 10.44 5.26 12.06 16.98 3.65 14.81 0 5.37 29.17 29.17 48.84 56.39 36.01 
3.65 43.65 1.8 13 48.65 11.98 10.16 5.36 18.48 1.57 17.03 3.28 0 21.58 21.58 50.56 58.07 37.42 
23.76 30.69 20.34 31.81 69.49 9.91 30.4 6.94 15.37 18.46 36.42 22.14 16.98 0 0 48.82 54.83 35.9 
23.76 30.69 20.34 31.81 69.49 9.91 30.4 6.94 15.37 18.46 36.42 22.14 16.98 0 0 48.82 54.83 35.9 
50.77 45.05 48.79 62.35 43.47 32.12 51.9 50.5 32.57 47.69 55.57 47.31 52.28 42.3 42.3 0 13.95 11.28 
23.76 30.69 20.34 31.81 69.49 9.91 30.4 6.94 15.37 18.46 36.42 22.14 16.98 0 0 48.82 54.83 35.9 
6.3 55.38 6.47 10.78 39.36 16.56 0 18.14 22.93 8.13 7.69 4.39 12.34 34.62 34.62 53.38 58.02 42.02 
15.03 39.46 11.46 24.27 62.08 18.56 22.32 0 23.81 9.5 29.1 14.59 8 13.51 13.51 57.46 63.32 44.44 
57.01 57.23 55.08 68.33 33.27 35.68 56.14 57.09 36.09 54.02 59.84 53.64 58.5 48.06 48.06 10.61 0 21.98 
46.81 43.15 44.8 59.55 47.28 27.02 45.99 46.8 27.5 43.69 49.65 43.31 48.3 38.09 38.09 6.56 16.34 0 
23.76 30.69 20.34 31.81 69.49 9.91 30.4 6.94 15.37 18.46 36.42 22.14 16.98 0 0 48.82 54.83 35.9 
50.77 45.05 48.79 62.35 43.47 32.12 51.9 50.5 32.57 47.69 55.57 47.31 52.28 42.3 42.3 0 13.95 11.28 
16.22 35.34 14.21 24.96 58.09 0.9 21.54 15.57 0 13.14 27.66 12.94 17.29 18.78 18.78 35.4 43.33 24.05 
3.53 45.43 1.66 13.47 47.43 10.93 9.11 6.97 17.46 0 15.99 3.2 2.36 23.09 23.09 49.31 56.85 36.44 
57.01 57.23 55.08 68.33 33.27 35.68 56.14 57.09 36.09 54.02 59.84 53.64 58.5 48.06 48.06 10.61 0 21.98 
46.81 43.15 44.8 59.55 47.28 27.02 45.99 46.8 27.5 43.69 49.65 43.31 48.3 38.09 38.09 6.56 16.34 0 
10.63 60.43 10.8 4.02 34.65 20.57 4.09 21.54 26.83 12.14 0 9.43 16.31 38.54 38.54 60.65 67.97 47.73 
4.17 48.83 3.58 11.81 43.35 10.44 5.26 12.06 16.98 3.65 14.81 0 5.37 29.17 29.17 48.84 56.39 36.01 
Matriz de Costos>
Matriz de Costos>
0 50.13 1.81 10.62 46.09 15.01 8.3 11.76 21.42 3.48 14.02 5 4.76 27.53 27.53 53.47 60.88 40.38 
3.65 43.65 1.8 13 48.65 11.98 10.16 5.36 18.48 1.57 17.03 3.28 0 21.58 21.58 50.56 58.07 37.42 
23.76 30.69 20.34 31.81 69.49 9.91 30.4 6.94 15.37 18.46 36.42 22.14 16.98 0 0 48.82 54.83 35.9 
0 50.13 1.81 10.62 46.09 15.01 8.3 11.76 21.42 3.48 14.02 5 4.76 27.53 27.53 53.47 60.88 40.38 
48.35 0 46.35 59.85 87.9 34.01 53.91 34.28 38.86 45.25 61.69 44.88 43.63 27.5 27.5 44.45 55.98 33.6 
48.35 0 46.35 59.85 87.9 34.01 53.91 34.28 38.86 45.25 61.69 44.88 43.63 27.5 27.5 44.45 55.98 33.6 
1.89 46.62 0 10.66 46.19 11.51 8.34 8.2 18.02 1.69 13.53 3.27 3.04 24.24 24.24 49.98 57.5 36.97 
23.76 30.69 20.34 31.81 69.49 9.91 30.4 6.94 15.37 18.46 36.42 22.14 16.98 0 0 48.82 54.83 35.9 
50.77 45.05 48.79 62.35 43.47 32.12 51.9 50.5 32.57 47.69 55.57 47.31 52.28 42.3 42.3 0 13.95 11.28 
1.89 46.62 0 10.66 46.19 11.51 8.34 8.2 18.02 1.69 13.53 3.27 3.04 24.24 24.24 49.98 57.5 36.97 
11.98 57.27 11.03 0 42.71 24.36 11.58 18.48 30.49 12.33 8.65 13.46 17.66 33.56 33.56 64.09 71.28 51.42 
11.98 57.27 11.03 0 42.71 24.36 11.58 18.48 30.49 12.33 8.65 13.46 17.66 33.56 33.56 64.09 71.28 51.42 
42.11 88.23 42.3 41.61 0 53.06 37.86 57.16 53.15 44.92 32.37 39.01 49.51 76.51 76.51 40.32 33.48 52.2 
13.96 34.85 11.93 22.78 58.18 0 19.32 13.29 4.68 10.84 25.49 10.64 15.03 16.54 16.54 37.21 43.38 25.96 
42.11 88.23 42.3 41.61 0 53.06 37.86 57.16 53.15 44.92 32.37 39.01 49.51 76.51 76.51 40.32 33.48 52.2 
13.96 34.85 11.93 22.78 58.18 0 19.32 13.29 4.68 10.84 25.49 10.64 15.03 16.54 16.54 37.21 43.38 25.96 
57.01 57.23 55.08 68.33 33.27 35.68 56.14 57.09 36.09 54.02 59.84 53.64 58.5 48.06 48.06 10.61 0 21.98 
46.81 43.15 44.8 59.55 47.28 27.02 45.99 46.8 27.5 43.69 49.65 43.31 48.3 38.09 38.09 6.56 16.34 0 
Dimension>35
6.3 55.38 6.47 10.78 39.36 16.56 0 18.14 22.93 8.13 7.69 4.39 12.34 34.62 34.62 53.38 58.02 42.02 
15.03 39.46 11.46 24.27 62.08 18.56 22.32 0 23.81 9.5 29.1 14.59 8 13.51 13.51 57.46 63.32 44.44 
6.3 55.38 6.47 10.78 39.36 16.56 0 18.14 22.93 8.13 7.69 4.39 12.34 34.62 34.62 53.38 58.02 42.02 
15.03 39.46 11.46 24.27 62.08 18.56 22.32 0 23.81 9.5 29.1 14.59 8 13.51 13.51 57.46 63.32 44.44 
Bandera>13
Fitness Greedy Costo>323
Solucion Greedy Costo>2 9 12 11 0 6 10 3 0 7 13 14 5 0 8 18 17 15 0 4 16 0 1 0 0 0 0 0 0 0 0 0 0 0 0 
Linea Vacia>
16.22 35.34 14.21 24.96 58.09 0.9 21.54 15.57 0 13.14 27.66 12.94 17.29 18.78 18.78 35.4 43.33 24.05 
3.53 45.43 1.66 13.47 47.43 10.93 9.11 6.97 17.46 0 15.99 3.2 2.36 23.09 23.09 49.31 56.85 36.44 
16.22 35.34 14.21 24.96 58.09 0.9 21.54 15.57 0 13.14 27.66 12.94 17.29 18.78 18.78 35.4 43.33 24.05 
3.53 45.43 1.66 13.47 47.43 10.93 9.11 6.97 17.46 0 15.99 3.2 2.36 23.09 23.09 49.31 56.85 36.44 
Dimension>35
Dimension>35
Dimension>35
10.63 60.43 10.8 4.02 34.65 20.57 4.09 21.54 26.83 12.14 0 9.43 16.31 38.54 38.54 60.65 67.97 47.73 
4.17 48.83 3.58 11.81 43.35 10.44 5.26 12.06 16.98 3.65 14.81 0 5.37 29.17 29.17 48.84 56.39 36.01 
10.63 60.43 10.8 4.02 34.65 20.57 4.09 21.54 26.83 12.14 0 9.43 16.31 38.54 38.54 60.65 67.97 47.73 
4.17 48.83 3.58 11.81 43.35 10.44 5.26 12.06 16.98 3.65 14.81 0 5.37 29.17 29.17 48.84 56.39 36.01 
Bandera>13
Fitness Greedy Costo>323
Bandera>13
Fitness Greedy Costo>323
Solucion Greedy Costo>2 9 12 11 0 6 10 3 0 7 13 14 5 0 8 18 17 15 0 4 16 0 1 0 0 0 0 0 0 0 0 0 0 0 0 
Linea Vacia>
Bandera>13
Fitness Greedy Costo>323
Solucion Greedy Costo>2 9 12 11 0 6 10 3 0 7 13 14 5 0 8 18 17 15 0 4 16 0 1 0 0 0 0 0 0 0 0 0 0 0 0 
Linea Vacia>
Solucion Greedy Costo>2 9 12 11 0 6 10 3 0 7 13 14 5 0 8 18 17 15 0 4 16 0 1 0 0 0 0 0 0 0 0 0 0 0 0 
Linea Vacia>
3.65 43.65 1.8 13 48.65 11.98 10.16 5.36 18.48 1.57 17.03 3.28 0 21.58 21.58 50.56 58.07 37.42 
23.76 30.69 20.34 31.81 69.49 9.91 30.4 6.94 15.37 18.46 36.42 22.14 16.98 0 0 48.82 54.83 35.9 
23.76 30.69 20.34 31.81 69.49 9.91 30.4 6.94 15.37 18.46 36.42 22.14 16.98 0 0 48.82 54.83 35.9 
3.65 43.65 1.8 13 48.65 11.98 10.16 5.36 18.48 1.57 17.03 3.28 0 21.58 21.58 50.56 58.07 37.42 
23.76 30.69 20.34 31.81 69.49 9.91 30.4 6.94 15.37 18.46 36.42 22.14 16.98 0 0 48.82 54.83 35.9 
23.76 30.69 20.34 31.81 69.49 9.91 30.4 6.94 15.37 18.46 36.42 22.14 16.98 0 0 48.82 54.83 35.9 
Dimension>35
50.77 45.05 48.79 62.35 43.47 32.12 51.9 50.5 32.57 47.69 55.57 47.31 52.28 42.3 42.3 0 13.95 11.28 
57.01 57.23 55.08 68.33 33.27 35.68 56.14 57.09 36.09 54.02 59.84 53.64 58.5 48.06 48.06 10.61 0 21.98 
50.77 45.05 48.79 62.35 43.47 32.12 51.9 50.5 32.57 47.69 55.57 47.31 52.28 42.3 42.3 0 13.95 11.28 
57.01 57.23 55.08 68.33 33.27 35.68 56.14 57.09 36.09 54.02 59.84 53.64 58.5 48.06 48.06 10.61 0 21.98 
Matriz de Costos>
0 50.13 1.81 10.62 46.09 15.01 8.3 11.76 21.42 3.48 14.02 5 4.76 27.53 27.53 53.47 60.88 40.38 
48.35 0 46.35 59.85 87.9 34.01 53.91 34.28 38.86 45.25 61.69 44.88 43.63 27.5 27.5 44.45 55.98 33.6 
Bandera>13
Fitness Greedy Costo>323
Solucion Greedy Costo>2 9 12 11 0 6 10 3 0 7 13 14 5 0 8 18 17 15 0 4 16 0 1 0 0 0 0 0 0 0 0 0 0 0 0 
Linea Vacia>
46.81 43.15 44.8 59.55 47.28 27.02 45.99 46.8 27.5 43.69 49.65 43.31 48.3 38.09 38.09 6.56 16.34 0 
46.81 43.15 44.8 59.55 47.28 27.02 45.99 46.8 27.5 43.69 49.65 43.31 48.3 38.09 38.09 6.56 16.34 0 
1.89 46.62 0 10.66 46.19 11.51 8.34 8.2 18.02 1.69 13.53 3.27 3.04 24.24 24.24 49.98 57.5 36.97 
11.98 57.27 11.03 0 42.71 24.36 11.58 18.48 30.49 12.33 8.65 13.46 17.66 33.56 33.56 64.09 71.28 51.42 
42.11 88.23 42.3 41.61 0 53.06 37.86 57.16 53.15 44.92 32.37 39.01 49.51 76.51 76.51 40.32 33.48 52.2 
13.96 34.85 11.93 22.78 58.18 0 19.32 13.29 4.68 10.84 25.49 10.64 15.03 16.54 16.54 37.21 43.38 25.96 
Matriz de Costos>
0 50.13 1.81 10.62 46.09 15.01 8.3 11.76 21.42 3.48 14.02 5 4.76 27.53 27.53 53.47 60.88 40.38 
48.35 0 46.35 59.85 87.9 34.01 53.91 34.28 38.86 45.25 61.69 44.88 43.63 27.5 27.5 44.45 55.98 33.6 
Matriz de Costos>
0 50.13 1.81 10.62 46.09 15.01 8.3 11.76 21.42 3.48 14.02 5 4.76 27.53 27.53 53.47 60.88 40.38 
6.3 55.38 6.47 10.78 39.36 16.56 0 18.14 22.93 8.13 7.69 4.39 12.34 34.62 34.62 53.38 58.02 42.02 
1.89 46.62 0 10.66 46.19 11.51 8.34 8.2 18.02 1.69 13.53 3.27 3.04 24.24 24.24 49.98 57.5 36.97 
48.35 0 46.35 59.85 87.9 34.01 53.91 34.28 38.86 45.25 61.69 44.88 43.63 27.5 27.5 44.45 55.98 33.6 
1.89 46.62 0 10.66 46.19 11.51 8.34 8.2 18.02 1.69 13.53 3.27 3.04 24.24 24.24 49.98 57.5 36.97 
15.03 39.46 11.46 24.27 62.08 18.56 22.32 0 23.81 9.5 29.1 14.59 8 13.51 13.51 57.46 63.32 44.44 
16.22 35.34 14.21 24.96 58.09 0.9 21.54 15.57 0 13.14 27.66 12.94 17.29 18.78 18.78 35.4 43.33 24.05 
11.98 57.27 11.03 0 42.71 24.36 11.58 18.48 30.49 12.33 8.65 13.46 17.66 33.56 33.56 64.09 71.28 51.42 
Matriz de Costos>
0 50.13 1.81 10.62 46.09 15.01 8.3 11.76 21.42 3.48 14.02 5 4.76 27.53 27.53 53.47 60.88 40.38 
11.98 57.27 11.03 0 42.71 24.36 11.58 18.48 30.49 12.33 8.65 13.46 17.66 33.56 33.56 64.09 71.28 51.42 
42.11 88.23 42.3 41.61 0 53.06 37.86 57.16 53.15 44.92 32.37 39.01 49.51 76.51 76.51 40.32 33.48 52.2 
Dimension>35
42.11 88.23 42.3 41.61 0 53.06 37.86 57.16 53.15 44.92 32.37 39.01 49.51 76.51 76.51 40.32 33.48 52.2 
13.96 34.85 11.93 22.78 58.18 0 19.32 13.29 4.68 10.84 25.49 10.64 15.03 16.54 16.54 37.21 43.38 25.96 
3.53 45.43 1.66 13.47 47.43 10.93 9.11 6.97 17.46 0 15.99 3.2 2.36 23.09 23.09 49.31 56.85 36.44 
10.63 60.43 10.8 4.02 34.65 20.57 4.09 21.54 26.83 12.14 0 9.43 16.31 38.54 38.54 60.65 67.97 47.73 
4.17 48.83 3.58 11.81 43.35 10.44 5.26 12.06 16.98 3.65 14.81 0 5.37 29.17 29.17 48.84 56.39 36.01 
3.65 43.65 1.8 13 48.65 11.98 10.16 5.36 18.48 1.57 17.03 3.28 0 21.58 21.58 50.56 58.07 37.42 
13.96 34.85 11.93 22.78 58.18 0 19.32 13.29 4.68 10.84 25.49 10.64 15.03 16.54 16.54 37.21 43.38 25.96 
6.3 55.38 6.47 10.78 39.36 16.56 0 18.14 22.93 8.13 7.69 4.39 12.34 34.62 34.62 53.38 58.02 42.02 
48.35 0 46.35 59.85 87.9 34.01 53.91 34.28 38.86 45.25 61.69 44.88 43.63 27.5 27.5 44.45 55.98 33.6 
1.89 46.62 0 10.66 46.19 11.51 8.34 8.2 18.02 1.69 13.53 3.27 3.04 24.24 24.24 49.98 57.5 36.97 
6.3 55.38 6.47 10.78 39.36 16.56 0 18.14 22.93 8.13 7.69 4.39 12.34 34.62 34.62 53.38 58.02 42.02 
15.03 39.46 11.46 24.27 62.08 18.56 22.32 0 23.81 9.5 29.1 14.59 8 13.51 13.51 57.46 63.32 44.44 
Bandera>13
Fitness Greedy Costo>323
Solucion Greedy Costo>2 9 12 11 0 6 10 3 0 7 13 14 5 0 8 18 17 15 0 4 16 0 1 0 0 0 0 0 0 0 0 0 0 0 0 
Linea Vacia>
11.98 57.27 11.03 0 42.71 24.36 11.58 18.48 30.49 12.33 8.65 13.46 17.66 33.56 33.56 64.09 71.28 51.42 
23.76 30.69 20.34 31.81 69.49 9.91 30.4 6.94 15.37 18.46 36.42 22.14 16.98 0 0 48.82 54.83 35.9 
23.76 30.69 20.34 31.81 69.49 9.91 30.4 6.94 15.37 18.46 36.42 22.14 16.98 0 0 48.82 54.83 35.9 
50.77 45.05 48.79 62.35 43.47 32.12 51.9 50.5 32.57 47.69 55.57 47.31 52.28 42.3 42.3 0 13.95 11.28 
15.03 39.46 11.46 24.27 62.08 18.56 22.32 0 23.81 9.5 29.1 14.59 8 13.51 13.51 57.46 63.32 44.44 
16.22 35.34 14.21 24.96 58.09 0.9 21.54 15.57 0 13.14 27.66 12.94 17.29 18.78 18.78 35.4 43.33 24.05 
Dimension>35
42.11 88.23 42.3 41.61 0 53.06 37.86 57.16 53.15 44.92 32.37 39.01 49.51 76.51 76.51 40.32 33.48 52.2 
Matriz de Costos>
0 50.13 1.81 10.62 46.09 15.01 8.3 11.76 21.42 3.48 14.02 5 4.76 27.53 27.53 53.47 60.88 40.38 
16.22 35.34 14.21 24.96 58.09 0.9 21.54 15.57 0 13.14 27.66 12.94 17.29 18.78 18.78 35.4 43.33 24.05 
3.53 45.43 1.66 13.47 47.43 10.93 9.11 6.97 17.46 0 15.99 3.2 2.36 23.09 23.09 49.31 56.85 36.44 
10.63 60.43 10.8 4.02 34.65 20.57 4.09 21.54 26.83 12.14 0 9.43 16.31 38.54 38.54 60.65 67.97 47.73 
57.01 57.23 55.08 68.33 33.27 35.68 56.14 57.09 36.09 54.02 59.84 53.64 58.5 48.06 48.06 10.61 0 21.98 
46.81 43.15 44.8 59.55 47.28 27.02 45.99 46.8 27.5 43.69 49.65 43.31 48.3 38.09 38.09 6.56 16.34 0 
Bandera>13
Fitness Greedy Costo>323
13.96 34.85 11.93 22.78 58.18 0 19.32 13.29 4.68 10.84 25.49 10.64 15.03 16.54 16.54 37.21 43.38 25.96 
4.17 48.83 3.58 11.81 43.35 10.44 5.26 12.06 16.98 3.65 14.81 0 5.37 29.17 29.17 48.84 56.39 36.01 
3.53 45.43 1.66 13.47 47.43 10.93 9.11 6.97 17.46 0 15.99 3.2 2.36 23.09 23.09 49.31 56.85 36.44 
10.63 60.43 10.8 4.02 34.65 20.57 4.09 21.54 26.83 12.14 0 9.43 16.31 38.54 38.54 60.65 67.97 47.73 
Solucion Greedy Costo>2 9 12 11 0 6 10 3 0 7 13 14 5 0 8 18 17 15 0 4 16 0 1 0 0 0 0 0 0 0 0 0 0 0 0 
Linea Vacia>
6.3 55.38 6.47 10.78 39.36 16.56 0 18.14 22.93 8.13 7.69 4.39 12.34 34.62 34.62 53.38 58.02 42.02 
15.03 39.46 11.46 24.27 62.08 18.56 22.32 0 23.81 9.5 29.1 14.59 8 13.51 13.51 57.46 63.32 44.44 
48.35 0 46.35 59.85 87.9 34.01 53.91 34.28 38.86 45.25 61.69 44.88 43.63 27.5 27.5 44.45 55.98 33.6 
1.89 46.62 0 10.66 46.19 11.51 8.34 8.2 18.02 1.69 13.53 3.27 3.04 24.24 24.24 49.98 57.5 36.97 
3.65 43.65 1.8 13 48.65 11.98 10.16 5.36 18.48 1.57 17.03 3.28 0 21.58 21.58 50.56 58.07 37.42 
23.76 30.69 20.34 31.81 69.49 9.91 30.4 6.94 15.37 18.46 36.42 22.14 16.98 0 0 48.82 54.83 35.9 
23.76 30.69 20.34 31.81 69.49 9.91 30.4 6.94 15.37 18.46 36.42 22.14 16.98 0 0 48.82 54.83 35.9 
4.17 48.83 3.58 11.81 43.35 10.44 5.26 12.06 16.98 3.65 14.81 0 5.37 29.17 29.17 48.84 56.39 36.01 
3.65 43.65 1.8 13 48.65 11.98 10.16 5.36 18.48 1.57 17.03 3.28 0 21.58 21.58 50.56 58.07 37.42 
23.76 30.69 20.34 31.81 69.49 9.91 30.4 6.94 15.37 18.46 36.42 22.14 16.98 0 0 48.82 54.83 35.9 
16.22 35.34 14.21 24.96 58.09 0.9 21.54 15.57 0 13.14 27.66 12.94 17.29 18.78 18.78 35.4 43.33 24.05 
3.53 45.43 1.66 13.47 47.43 10.93 9.11 6.97 17.46 0 15.99 3.2 2.36 23.09 23.09 49.31 56.85 36.44 
11.98 57.27 11.03 0 42.71 24.36 11.58 18.48 30.49 12.33 8.65 13.46 17.66 33.56 33.56 64.09 71.28 51.42 
42.11 88.23 42.3 41.61 0 53.06 37.86 57.16 53.15 44.92 32.37 39.01 49.51 76.51 76.51 40.32 33.48 52.2 
50.77 45.05 48.79 62.35 43.47 32.12 51.9 50.5 32.57 47.69 55.57 47.31 52.28 42.3 42.3 0 13.95 11.28 
57.01 57.23 55.08 68.33 33.27 35.68 56.14 57.09 36.09 54.02 59.84 53.64 58.5 48.06 48.06 10.61 0 21.98 
46.81 43.15 44.8 59.55 47.28 27.02 45.99 46.8 27.5 43.69 49.65 43.31 48.3 38.09 38.09 6.56 16.34 0 
23.76 30.69 20.34 31.81 69.49 9.91 30.4 6.94 15.37 18.46 36.42 22.14 16.98 0 0 48.82 54.83 35.9 
50.77 45.05 48.79 62.35 43.47 32.12 51.9 50.5 32.57 47.69 55.57 47.31 52.28 42.3 42.3 0 13.95 11.28 
57.01 57.23 55.08 68.33 33.27 35.68 56.14 57.09 36.09 54.02 59.84 53.64 58.5 48.06 48.06 10.61 0 21.98 
Matriz de Costos>
0 50.13 1.81 10.62 46.09 15.01 8.3 11.76 21.42 3.48 14.02 5 4.76 27.53 27.53 53.47 60.88 40.38 
48.35 0 46.35 59.85 87.9 34.01 53.91 34.28 38.86 45.25 61.69 44.88 43.63 27.5 27.5 44.45 55.98 33.6 
10.63 60.43 10.8 4.02 34.65 20.57 4.09 21.54 26.83 12.14 0 9.43 16.31 38.54 38.54 60.65 67.97 47.73 
4.17 48.83 3.58 11.81 43.35 10.44 5.26 12.06 16.98 3.65 14.81 0 5.37 29.17 29.17 48.84 56.39 36.01 
3.65 43.65 1.8 13 48.65 11.98 10.16 5.36 18.48 1.57 17.03 3.28 0 21.58 21.58 50.56 58.07 37.42 
13.96 34.85 11.93 22.78 58.18 0 19.32 13.29 4.68 10.84 25.49 10.64 15.03 16.54 16.54 37.21 43.38 25.96 
6.3 55.38 6.47 10.78 39.36 16.56 0 18.14 22.93 8.13 7.69 4.39 12.34 34.62 34.62 53.38 58.02 42.02 
15.03 39.46 11.46 24.27 62.08 18.56 22.32 0 23.81 9.5 29.1 14.59 8 13.51 13.51 57.46 63.32 44.44 
Dimension>35
Bandera>13
23.76 30.69 20.34 31.81 69.49 9.91 30.4 6.94 15.37 18.46 36.42 22.14 16.98 0 0 48.82 54.83 35.9 
16.22 35.34 14.21 24.96 58.09 0.9 21.54 15.57 0 13.14 27.66 12.94 17.29 18.78 18.78 35.4 43.33 24.05 
46.81 43.15 44.8 59.55 47.28 27.02 45.99 46.8 27.5 43.69 49.65 43.31 48.3 38.09 38.09 6.56 16.34 0 
Fitness Greedy Costo>323
Solucion Greedy Costo>2 9 12 11 0 6 10 3 0 7 13 14 5 0 8 18 17 15 0 4 16 0 1 0 0 0 0 0 0 0 0 0 0 0 0 
Linea Vacia>
Matriz de Costos>
0 50.13 1.81 10.62 46.09 15.01 8.3 11.76 21.42 3.48 14.02 5 4.76 27.53 27.53 53.47 60.88 40.38 
48.35 0 46.35 59.85 87.9 34.01 53.91 34.28 38.86 45.25 61.69 44.88 43.63 27.5 27.5 44.45 55.98 33.6 
1.89 46.62 0 10.66 46.19 11.51 8.34 8.2 18.02 1.69 13.53 3.27 3.04 24.24 24.24 49.98 57.5 36.97 
11.98 57.27 11.03 0 42.71 24.36 11.58 18.48 30.49 12.33 8.65 13.46 17.66 33.56 33.56 64.09 71.28 51.42 
42.11 88.23 42.3 41.61 0 53.06 37.86 57.16 53.15 44.92 32.37 39.01 49.51 76.51 76.51 40.32 33.48 52.2 
23.76 30.69 20.34 31.81 69.49 9.91 30.4 6.94 15.37 18.46 36.42 22.14 16.98 0 0 48.82 54.83 35.9 
50.77 45.05 48.79 62.35 43.47 32.12 51.9 50.5 32.57 47.69 55.57 47.31 52.28 42.3 42.3 0 13.95 11.28 
57.01 57.23 55.08 68.33 33.27 35.68 56.14 57.09 36.09 54.02 59.84 53.64 58.5 48.06 48.06 10.61 0 21.98 
3.53 45.43 1.66 13.47 47.43 10.93 9.11 6.97 17.46 0 15.99 3.2 2.36 23.09 23.09 49.31 56.85 36.44 
10.63 60.43 10.8 4.02 34.65 20.57 4.09 21.54 26.83 12.14 0 9.43 16.31 38.54 38.54 60.65 67.97 47.73 
4.17 48.83 3.58 11.81 43.35 10.44 5.26 12.06 16.98 3.65 14.81 0 5.37 29.17 29.17 48.84 56.39 36.01 
1.89 46.62 0 10.66 46.19 11.51 8.34 8.2 18.02 1.69 13.53 3.27 3.04 24.24 24.24 49.98 57.5 36.97 
11.98 57.27 11.03 0 42.71 24.36 11.58 18.48 30.49 12.33 8.65 13.46 17.66 33.56 33.56 64.09 71.28 51.42 
42.11 88.23 42.3 41.61 0 53.06 37.86 57.16 53.15 44.92 32.37 39.01 49.51 76.51 76.51 40.32 33.48 52.2 
13.96 34.85 11.93 22.78 58.18 0 19.32 13.29 4.68 10.84 25.49 10.64 15.03 16.54 16.54 37.21 43.38 25.96 
13.96 34.85 11.93 22.78 58.18 0 19.32 13.29 4.68 10.84 25.49 10.64 15.03 16.54 16.54 37.21 43.38 25.96 
6.3 55.38 6.47 10.78 39.36 16.56 0 18.14 22.93 8.13 7.69 4.39 12.34 34.62 34.62 53.38 58.02 42.02 
15.03 39.46 11.46 24.27 62.08 18.56 22.32 0 23.81 9.5 29.1 14.59 8 13.51 13.51 57.46 63.32 44.44 
16.22 35.34 14.21 24.96 58.09 0.9 21.54 15.57 0 13.14 27.66 12.94 17.29 18.78 18.78 35.4 43.33 24.05 
Dimension>35
Bandera>13
Fitness Greedy Costo>323
Solucion Greedy Costo>2 9 12 11 0 6 10 3 0 7 13 14 5 0 8 18 17 15 0 4 16 0 1 0 0 0 0 0 0 0 0 0 0 0 0 
Linea Vacia>
46.81 43.15 44.8 59.55 47.28 27.02 45.99 46.8 27.5 43.69 49.65 43.31 48.3 38.09 38.09 6.56 16.34 0 
3.65 43.65 1.8 13 48.65 11.98 10.16 5.36 18.48 1.57 17.03 3.28 0 21.58 21.58 50.56 58.07 37.42 
23.76 30.69 20.34 31.81 69.49 9.91 30.4 6.94 15.37 18.46 36.42 22.14 16.98 0 0 48.82 54.83 35.9 
23.76 30.69 20.34 31.81 69.49 9.91 30.4 6.94 15.37 18.46 36.42 22.14 16.98 0 0 48.82 54.83 35.9 
6.3 55.38 6.47 10.78 39.36 16.56 0 18.14 22.93 8.13 7.69 4.39 12.34 34.62 34.62 53.38 58.02 42.02 
15.03 39.46 11.46 24.27 62.08 18.56 22.32 0 23.81 9.5 29.1 14.59 8 13.51 13.51 57.46 63.32 44.44 
16.22 35.34 14.21 24.96 58.09 0.9 21.54 15.57 0 13.14 27.66 12.94 17.29 18.78 18.78 35.4 43.33 24.05 
3.53 45.43 1.66 13.47 47.43 10.93 9.11 6.97 17.46 0 15.99 3.2 2.36 23.09 23.09 49.31 56.85 36.44 
3.53 45.43 1.66 13.47 47.43 10.93 9.11 6.97 17.46 0 15.99 3.2 2.36 23.09 23.09 49.31 56.85 36.44 
10.63 60.43 10.8 4.02 34.65 20.57 4.09 21.54 26.83 12.14 0 9.43 16.31 38.54 38.54 60.65 67.97 47.73 
4.17 48.83 3.58 11.81 43.35 10.44 5.26 12.06 16.98 3.65 14.81 0 5.37 29.17 29.17 48.84 56.39 36.01 
50.77 45.05 48.79 62.35 43.47 32.12 51.9 50.5 32.57 47.69 55.57 47.31 52.28 42.3 42.3 0 13.95 11.28 
57.01 57.23 55.08 68.33 33.27 35.68 56.14 57.09 36.09 54.02 59.84 53.64 58.5 48.06 48.06 10.61 0 21.98 
46.81 43.15 44.8 59.55 47.28 27.02 45.99 46.8 27.5 43.69 49.65 43.31 48.3 38.09 38.09 6.56 16.34 0 
Matriz de Costos>
0 50.13 1.81 10.62 46.09 15.01 8.3 11.76 21.42 3.48 14.02 5 4.76 27.53 27.53 53.47 60.88 40.38 
10.63 60.43 10.8 4.02 34.65 20.57 4.09 21.54 26.83 12.14 0 9.43 16.31 38.54 38.54 60.65 67.97 47.73 
4.17 48.83 3.58 11.81 43.35 10.44 5.26 12.06 16.98 3.65 14.81 0 5.37 29.17 29.17 48.84 56.39 36.01 
3.65 43.65 1.8 13 48.65 11.98 10.16 5.36 18.48 1.57 17.03 3.28 0 21.58 21.58 50.56 58.07 37.42 
23.76 30.69 20.34 31.81 69.49 9.91 30.4 6.94 15.37 18.46 36.42 22.14 16.98 0 0 48.82 54.83 35.9 
3.65 43.65 1.8 13 48.65 11.98 10.16 5.36 18.48 1.57 17.03 3.28 0 21.58 21.58 50.56 58.07 37.42 
23.76 30.69 20.34 31.81 69.49 9.91 30.4 6.94 15.37 18.46 36.42 22.14 16.98 0 0 48.82 54.83 35.9 
23.76 30.69 20.34 31.81 69.49 9.91 30.4 6.94 15.37 18.46 36.42 22.14 16.98 0 0 48.82 54.83 35.9 
50.77 45.05 48.79 62.35 43.47 32.12 51.9 50.5 32.57 47.69 55.57 47.31 52.28 42.3 42.3 0 13.95 11.28 
57.01 57.23 55.08 68.33 33.27 35.68 56.14 57.09 36.09 54.02 59.84 53.64 58.5 48.06 48.06 10.61 0 21.98 
Matriz de Costos>
0 50.13 1.81 10.62 46.09 15.01 8.3 11.76 21.42 3.48 14.02 5 4.76 27.53 27.53 53.47 60.88 40.38 
48.35 0 46.35 59.85 87.9 34.01 53.91 34.28 38.86 45.25 61.69 44.88 43.63 27.5 27.5 44.45 55.98 33.6 
1.89 46.62 0 10.66 46.19 11.51 8.34 8.2 18.02 1.69 13.53 3.27 3.04 24.24 24.24 49.98 57.5 36.97 
48.35 0 46.35 59.85 87.9 34.01 53.91 34.28 38.86 45.25 61.69 44.88 43.63 27.5 27.5 44.45 55.98 33.6 
1.89 46.62 0 10.66 46.19 11.51 8.34 8.2 18.02 1.69 13.53 3.27 3.04 24.24 24.24 49.98 57.5 36.97 
11.98 57.27 11.03 0 42.71 24.36 11.58 18.48 30.49 12.33 8.65 13.46 17.66 33.56 33.56 64.09 71.28 51.42 
23.76 30.69 20.34 31.81 69.49 9.91 30.4 6.94 15.37 18.46 36.42 22.14 16.98 0 0 48.82 54.83 35.9 
50.77 45.05 48.79 62.35 43.47 32.12 51.9 50.5 32.57 47.69 55.57 47.31 52.28 42.3 42.3 0 13.95 11.28 
57.01 57.23 55.08 68.33 33.27 35.68 56.14 57.09 36.09 54.02 59.84 53.64 58.5 48.06 48.06 10.61 0 21.98 
11.98 57.27 11.03 0 42.71 24.36 11.58 18.48 30.49 12.33 8.65 13.46 17.66 33.56 33.56 64.09 71.28 51.42 
42.11 88.23 42.3 41.61 0 53.06 37.86 57.16 53.15 44.92 32.37 39.01 49.51 76.51 76.51 40.32 33.48 52.2 
13.96 34.85 11.93 22.78 58.18 0 19.32 13.29 4.68 10.84 25.49 10.64 15.03 16.54 16.54 37.21 43.38 25.96 
42.11 88.23 42.3 41.61 0 53.06 37.86 57.16 53.15 44.92 32.37 39.01 49.51 76.51 76.51 40.32 33.48 52.2 
13.96 34.85 11.93 22.78 58.18 0 19.32 13.29 4.68 10.84 25.49 10.64 15.03 16.54 16.54 37.21 43.38 25.96 
46.81 43.15 44.8 59.55 47.28 27.02 45.99 46.8 27.5 43.69 49.65 43.31 48.3 38.09 38.09 6.56 16.34 0 
46.81 43.15 44.8 59.55 47.28 27.02 45.99 46.8 27.5 43.69 49.65 43.31 48.3 38.09 38.09 6.56 16.34 0 
6.3 55.38 6.47 10.78 39.36 16.56 0 18.14 22.93 8.13 7.69 4.39 12.34 34.62 34.62 53.38 58.02 42.02 
6.3 55.38 6.47 10.78 39.36 16.56 0 18.14 22.93 8.13 7.69 4.39 12.34 34.62 34.62 53.38 58.02 42.02 
15.03 39.46 11.46 24.27 62.08 18.56 22.32 0 23.81 9.5 29.1 14.59 8 13.51 13.51 57.46 63.32 44.44 
16.22 35.34 14.21 24.96 58.09 0.9 21.54 15.57 0 13.14 27.66 12.94 17.29 18.78 18.78 35.4 43.33 24.05 
3.53 45.43 1.66 13.47 47.43 10.93 9.11 6.97 17.46 0 15.99 3.2 2.36 23.09 23.09 49.31 56.85 36.44 
15.03 39.46 11.46 24.27 62.08 18.56 22.32 0 23.81 9.5 29.1 14.59 8 13.51 13.51 57.46 63.32 44.44 
16.22 35.34 14.21 24.96 58.09 0.9 21.54 15.57 0 13.14 27.66 12.94 17.29 18.78 18.78 35.4 43.33 24.05 
10.63 60.43 10.8 4.02 34.65 20.57 4.09 21.54 26.83 12.14 0 9.43 16.31 38.54 38.54 60.65 67.97 47.73 
4.17 48.83 3.58 11.81 43.35 10.44 5.26 12.06 16.98 3.65 14.81 0 5.37 29.17 29.17 48.84 56.39 36.01 
3.65 43.65 1.8 13 48.65 11.98 10.16 5.36 18.48 1.57 17.03 3.28 0 21.58 21.58 50.56 58.07 37.42 
3.53 45.43 1.66 13.47 47.43 10.93 9.11 6.97 17.46 0 15.99 3.2 2.36 23.09 23.09 49.31 56.85 36.44 
10.63 60.43 10.8 4.02 34.65 20.57 4.09 21.54 26.83 12.14 0 9.43 16.31 38.54 38.54 60.65 67.97 47.73 
23.76 30.69 20.34 31.81 69.49 9.91 30.4 6.94 15.37 18.46 36.42 22.14 16.98 0 0 48.82 54.83 35.9 
23.76 30.69 20.34 31.81 69.49 9.91 30.4 6.94 15.37 18.46 36.42 22.14 16.98 0 0 48.82 54.83 35.9 
Dimension>35
Bandera>13
Fitness Greedy Costo>323
Dimension>35
50.77 45.05 48.79 62.35 43.47 32.12 51.9 50.5 32.57 47.69 55.57 47.31 52.28 42.3 42.3 0 13.95 11.28 
57.01 57.23 55.08 68.33 33.27 35.68 56.14 57.09 36.09 54.02 59.84 53.64 58.5 48.06 48.06 10.61 0 21.98 
4.17 48.83 3.58 11.81 43.35 10.44 5.26 12.06 16.98 3.65 14.81 0 5.37 29.17 29.17 48.84 56.39 36.01 
3.65 43.65 1.8 13 48.65 11.98 10.16 5.36 18.48 1.57 17.03 3.28 0 21.58 21.58 50.56 58.07 37.42 
23.76 30.69 20.34 31.81 69.49 9.91 30.4 6.94 15.37 18.46 36.42 22.14 16.98 0 0 48.82 54.83 35.9 
46.81 43.15 44.8 59.55 47.28 27.02 45.99 46.8 27.5 43.69 49.65 43.31 48.3 38.09 38.09 6.56 16.34 0 
Solucion Greedy Costo>2 9 12 11 0 6 10 3 0 7 13 14 5 0 8 18 17 15 0 4 16 0 1 0 0 0 0 0 0 0 0 0 0 0 0 
Linea Vacia>
Dimension>35
Bandera>13
Fitness Greedy Costo>323
Solucion Greedy Costo>2 9 12 11 0 6 10 3 0 7 13 14 5 0 8 18 17 15 0 4 16 0 1 0 0 0 0 0 0 0 0 0 0 0 0 
Linea Vacia>
Bandera>13
Fitness Greedy Costo>323
Solucion Greedy Costo>2 9 12 11 0 6 10 3 0 7 13 14 5 0 8 18 17 15 0 4 16 0 1 0 0 0 0 0 0 0 0 0 0 0 0 
Linea Vacia>
23.76 30.69 20.34 31.81 69.49 9.91 30.4 6.94 15.37 18.46 36.42 22.14 16.98 0 0 48.82 54.83 35.9 
50.77 45.05 48.79 62.35 43.47 32.12 51.9 50.5 32.57 47.69 55.57 47.31 52.28 42.3 42.3 0 13.95 11.28 
57.01 57.23 55.08 68.33 33.27 35.68 56.14 57.09 36.09 54.02 59.84 53.64 58.5 48.06 48.06 10.61 0 21.98 
46.81 43.15 44.8 59.55 47.28 27.02 45.99 46.8 27.5 43.69 49.65 43.31 48.3 38.09 38.09 6.56 16.34 0 
Matriz de Costos>
0 50.13 1.81 10.62 46.09 15.01 8.3 11.76 21.42 3.48 14.02 5 4.76 27.53 27.53 53.47 60.88 40.38 
48.35 0 46.35 59.85 87.9 34.01 53.91 34.28 38.86 45.25 61.69 44.88 43.63 27.5 27.5 44.45 55.98 33.6 
1.89 46.62 0 10.66 46.19 11.51 8.34 8.2 18.02 1.69 13.53 3.27 3.04 24.24 24.24 49.98 57.5 36.97 
11.98 57.27 11.03 0 42.71 24.36 11.58 18.48 30.49 12.33 8.65 13.46 17.66 33.56 33.56 64.09 71.28 51.42 
42.11 88.23 42.3 41.61 0 53.06 37.86 57.16 53.15 44.92 32.37 39.01 49.51 76.51 76.51 40.32 33.48 52.2 
Matriz de Costos>
0 50.13 1.81 10.62 46.09 15.01 8.3 11.76 21.42 3.48 14.02 5 4.76 27.53 27.53 53.47 60.88 40.38 
48.35 0 46.35 59.85 87.9 34.01 53.91 34.28 38.86 45.25 61.69 44.88 43.63 27.5 27.5 44.45 55.98 33.6 
1.89 46.62 0 10.66 46.19 11.51 8.34 8.2 18.02 1.69 13.53 3.27 3.04 24.24 24.24 49.98 57.5 36.97 
13.96 34.85 11.93 22.78 58.18 0 19.32 13.29 4.68 10.84 25.49 10.64 15.03 16.54 16.54 37.21 43.38 25.96 
6.3 55.38 6.47 10.78 39.36 16.56 0 18.14 22.93 8.13 7.69 4.39 12.34 34.62 34.62 53.38 58.02 42.02 
15.03 39.46 11.46 24.27 62.08 18.56 22.32 0 23.81 9.5 29.1 14.59 8 13.51 13.51 57.46 63.32 44.44 
16.22 35.34 14.21 24.96 58.09 0.9 21.54 15.57 0 13.14 27.66 12.94 17.29 18.78 18.78 35.4 43.33 24.05 
3.53 45.43 1.66 13.47 47.43 10.93 9.11 6.97 17.46 0 15.99 3.2 2.36 23.09 23.09 49.31 56.85 36.44 
11.98 57.27 11.03 0 42.71 24.36 11.58 18.48 30.49 12.33 8.65 13.46 17.66 33.56 33.56 64.09 71.28 51.42 
42.11 88.23 42.3 41.61 0 53.06 37.86 57.16 53.15 44.92 32.37 39.01 49.51 76.51 76.51 40.32 33.48 52.2 
13.96 34.85 11.93 22.78 58.18 0 19.32 13.29 4.68 10.84 25.49 10.64 15.03 16.54 16.54 37.21 43.38 25.96 
6.3 55.38 6.47 10.78 39.36 16.56 0 18.14 22.93 8.13 7.69 4.39 12.34 34.62 34.62 53.38 58.02 42.02 
15.03 39.46 11.46 24.27 62.08 18.56 22.32 0 23.81 9.5 29.1 14.59 8 13.51 13.51 57.46 63.32 44.44 
16.22 35.34 14.21 24.96 58.09 0.9 21.54 15.57 0 13.14 27.66 12.94 17.29 18.78 18.78 35.4 43.33 24.05 
3.53 45.43 1.66 13.47 47.43 10.93 9.11 6.97 17.46 0 15.99 3.2 2.36 23.09 23.09 49.31 56.85 36.44 
10.63 60.43 10.8 4.02 34.65 20.57 4.09 21.54 26.83 12.14 0 9.43 16.31 38.54 38.54 60.65 67.97 47.73 
4.17 48.83 3.58 11.81 43.35 10.44 5.26 12.06 16.98 3.65 14.81 0 5.37 29.17 29.17 48.84 56.39 36.01 
3.65 43.65 1.8 13 48.65 11.98 10.16 5.36 18.48 1.57 17.03 3.28 0 21.58 21.58 50.56 58.07 37.42 
23.76 30.69 20.34 31.81 69.49 9.91 30.4 6.94 15.37 18.46 36.42 22.14 16.98 0 0 48.82 54.83 35.9 
23.76 30.69 20.34 31.81 69.49 9.91 30.4 6.94 15.37 18.46 36.42 22.14 16.98 0 0 48.82 54.83 35.9 
50.77 45.05 48.79 62.35 43.47 32.12 51.9 50.5 32.57 47.69 55.57 47.31 52.28 42.3 42.3 0 13.95 11.28 
57.01 57.23 55.08 68.33 33.27 35.68 56.14 57.09 36.09 54.02 59.84 53.64 58.5 48.06 48.06 10.61 0 21.98 
Matriz de Costos>
0 50.13 1.81 10.62 46.09 15.01 8.3 11.76 21.42 3.48 14.02 5 4.76 27.53 27.53 53.47 60.88 40.38 
48.35 0 46.35 59.85 87.9 34.01 53.91 34.28 38.86 45.25 61.69 44.88 43.63 27.5 27.5 44.45 55.98 33.6 
1.89 46.62 0 10.66 46.19 11.51 8.34 8.2 18.02 1.69 13.53 3.27 3.04 24.24 24.24 49.98 57.5 36.97 
11.98 57.27 11.03 0 42.71 24.36 11.58 18.48 30.49 12.33 8.65 13.46 17.66 33.56 33.56 64.09 71.28 51.42 
Dimension>35
Bandera>13
Fitness Greedy Costo>323
Solucion Greedy Costo>2 9 12 11 0 6 10 3 0 7 13 14 5 0 8 18 17 15 0 4 16 0 1 0 0 0 0 0 0 0 0 0 0 0 0 
Linea Vacia>
46.81 43.15 44.8 59.55 47.28 27.02 45.99 46.8 27.5 43.69 49.65 43.31 48.3 38.09 38.09 6.56 16.34 0 
10.63 60.43 10.8 4.02 34.65 20.57 4.09 21.54 26.83 12.14 0 9.43 16.31 38.54 38.54 60.65 67.97 47.73 
4.17 48.83 3.58 11.81 43.35 10.44 5.26 12.06 16.98 3.65 14.81 0 5.37 29.17 29.17 48.84 56.39 36.01 
3.65 43.65 1.8 13 48.65 11.98 10.16 5.36 18.48 1.57 17.03 3.28 0 21.58 21.58 50.56 58.07 37.42 
23.76 30.69 20.34 31.81 69.49 9.91 30.4 6.94 15.37 18.46 36.42 22.14 16.98 0 0 48.82 54.83 35.9 
23.76 30.69 20.34 31.81 69.49 9.91 30.4 6.94 15.37 18.46 36.42 22.14 16.98 0 0 48.82 54.83 35.9 
50.77 45.05 48.79 62.35 43.47 32.12 51.9 50.5 32.57 47.69 55.57 47.31 52.28 42.3 42.3 0 13.95 11.28 
57.01 57.23 55.08 68.33 33.27 35.68 56.14 57.09 36.09 54.02 59.84 53.64 58.5 48.06 48.06 10.61 0 21.98 
46.81 43.15 44.8 59.55 47.28 27.02 45.99 46.8 27.5 43.69 49.65 43.31 48.3 38.09 38.09 6.56 16.34 0 
42.11 88.23 42.3 41.61 0 53.06 37.86 57.16 53.15 44.92 32.37 39.01 49.51 76.51 76.51 40.32 33.48 52.2 
13.96 34.85 11.93 22.78 58.18 0 19.32 13.29 4.68 10.84 25.49 10.64 15.03 16.54 16.54 37.21 43.38 25.96 
6.3 55.38 6.47 10.78 39.36 16.56 0 18.14 22.93 8.13 7.69 4.39 12.34 34.62 34.62 53.38 58.02 42.02 
15.03 39.46 11.46 24.27 62.08 18.56 22.32 0 23.81 9.5 29.1 14.59 8 13.51 13.51 57.46 63.32 44.44 
16.22 35.34 14.21 24.96 58.09 0.9 21.54 15.57 0 13.14 27.66 12.94 17.29 18.78 18.78 35.4 43.33 24.05 
3.53 45.43 1.66 13.47 47.43 10.93 9.11 6.97 17.46 0 15.99 3.2 2.36 23.09 23.09 49.31 56.85 36.44 
10.63 60.43 10.8 4.02 34.65 20.57 4.09 21.54 26.83 12.14 0 9.43 16.31 38.54 38.54 60.65 67.97 47.73 
4.17 48.83 3.58 11.81 43.35 10.44 5.26 12.06 16.98 3.65 14.81 0 5.37 29.17 29.17 48.84 56.39 36.01 
3.65 43.65 1.8 13 48.65 11.98 10.16 5.36 18.48 1.57 17.03 3.28 0 21.58 21.58 50.56 58.07 37.42 
Dimension>35
Bandera>13
Fitness Greedy Costo>323
Matriz de Costos>
0 50.13 1.81 10.62 46.09 15.01 8.3 11.76 21.42 3.48 14.02 5 4.76 27.53 27.53 53.47 60.88 40.38 
Solucion Greedy Costo>2 9 12 11 0 6 10 3 0 7 13 14 5 0 8 18 17 15 0 4 16 0 1 0 0 0 0 0 0 0 0 0 0 0 0 
Linea Vacia>
23.76 30.69 20.34 31.81 69.49 9.91 30.4 6.94 15.37 18.46 36.42 22.14 16.98 0 0 48.82 54.83 35.9 
23.76 30.69 20.34 31.81 69.49 9.91 30.4 6.94 15.37 18.46 36.42 22.14 16.98 0 0 48.82 54.83 35.9 
50.77 45.05 48.79 62.35 43.47 32.12 51.9 50.5 32.57 47.69 55.57 47.31 52.28 42.3 42.3 0 13.95 11.28 
48.35 0 46.35 59.85 87.9 34.01 53.91 34.28 38.86 45.25 61.69 44.88 43.63 27.5 27.5 44.45 55.98 33.6 
1.89 46.62 0 10.66 46.19 11.51 8.34 8.2 18.02 1.69 13.53 3.27 3.04 24.24 24.24 49.98 57.5 36.97 
57.01 57.23 55.08 68.33 33.27 35.68 56.14 57.09 36.09 54.02 59.84 53.64 58.5 48.06 48.06 10.61 0 21.98 
46.81 43.15 44.8 59.55 47.28 27.02 45.99 46.8 27.5 43.69 49.65 43.31 48.3 38.09 38.09 6.56 16.34 0 
11.98 57.27 11.03 0 42.71 24.36 11.58 18.48 30.49 12.33 8.65 13.46 17.66 33.56 33.56 64.09 71.28 51.42 
42.11 88.23 42.3 41.61 0 53.06 37.86 57.16 53.15 44.92 32.37 39.01 49.51 76.51 76.51 40.32 33.48 52.2 
Matriz de Costos>
0 50.13 1.81 10.62 46.09 15.01 8.3 11.76 21.42 3.48 14.02 5 4.76 27.53 27.53 53.47 60.88 40.38 
13.96 34.85 11.93 22.78 58.18 0 19.32 13.29 4.68 10.84 25.49 10.64 15.03 16.54 16.54 37.21 43.38 25.96 
6.3 55.38 6.47 10.78 39.36 16.56 0 18.14 22.93 8.13 7.69 4.39 12.34 34.62 34.62 53.38 58.02 42.02 
48.35 0 46.35 59.85 87.9 34.01 53.91 34.28 38.86 45.25 61.69 44.88 43.63 27.5 27.5 44.45 55.98 33.6 
1.89 46.62 0 10.66 46.19 11.51 8.34 8.2 18.02 1.69 13.53 3.27 3.04 24.24 24.24 49.98 57.5 36.97 
11.98 57.27 11.03 0 42.71 24.36 11.58 18.48 30.49 12.33 8.65 13.46 17.66 33.56 33.56 64.09 71.28 51.42 
15.03 39.46 11.46 24.27 62.08 18.56 22.32 0 23.81 9.5 29.1 14.59 8 13.51 13.51 57.46 63.32 44.44 
42.11 88.23 42.3 41.61 0 53.06 37.86 57.16 53.15 44.92 32.37 39.01 49.51 76.51 76.51 40.32 33.48 52.2 
16.22 35.34 14.21 24.96 58.09 0.9 21.54 15.57 0 13.14 27.66 12.94 17.29 18.78 18.78 35.4 43.33 24.05 
13.96 34.85 11.93 22.78 58.18 0 19.32 13.29 4.68 10.84 25.49 10.64 15.03 16.54 16.54 37.21 43.38 25.96 
6.3 55.38 6.47 10.78 39.36 16.56 0 18.14 22.93 8.13 7.69 4.39 12.34 34.62 34.62 53.38 58.02 42.02 
3.53 45.43 1.66 13.47 47.43 10.93 9.11 6.97 17.46 0 15.99 3.2 2.36 23.09 23.09 49.31 56.85 36.44 
15.03 39.46 11.46 24.27 62.08 18.56 22.32 0 23.81 9.5 29.1 14.59 8 13.51 13.51 57.46 63.32 44.44 
16.22 35.34 14.21 24.96 58.09 0.9 21.54 15.57 0 13.14 27.66 12.94 17.29 18.78 18.78 35.4 43.33 24.05 
10.63 60.43 10.8 4.02 34.65 20.57 4.09 21.54 26.83 12.14 0 9.43 16.31 38.54 38.54 60.65 67.97 47.73 
3.53 45.43 1.66 13.47 47.43 10.93 9.11 6.97 17.46 0 15.99 3.2 2.36 23.09 23.09 49.31 56.85 36.44 
10.63 60.43 10.8 4.02 34.65 20.57 4.09 21.54 26.83 12.14 0 9.43 16.31 38.54 38.54 60.65 67.97 47.73 
4.17 48.83 3.58 11.81 43.35 10.44 5.26 12.06 16.98 3.65 14.81 0 5.37 29.17 29.17 48.84 56.39 36.01 
4.17 48.83 3.58 11.81 43.35 10.44 5.26 12.06 16.98 3.65 14.81 0 5.37 29.17 29.17 48.84 56.39 36.01 
3.65 43.65 1.8 13 48.65 11.98 10.16 5.36 18.48 1.57 17.03 3.28 0 21.58 21.58 50.56 58.07 37.42 
3.65 43.65 1.8 13 48.65 11.98 10.16 5.36 18.48 1.57 17.03 3.28 0 21.58 21.58 50.56 58.07 37.42 
23.76 30.69 20.34 31.81 69.49 9.91 30.4 6.94 15.37 18.46 36.42 22.14 16.98 0 0 48.82 54.83 35.9 
23.76 30.69 20.34 31.81 69.49 9.91 30.4 6.94 15.37 18.46 36.42 22.14 16.98 0 0 48.82 54.83 35.9 
23.76 30.69 20.34 31.81 69.49 9.91 30.4 6.94 15.37 18.46 36.42 22.14 16.98 0 0 48.82 54.83 35.9 
50.77 45.05 48.79 62.35 43.47 32.12 51.9 50.5 32.57 47.69 55.57 47.31 52.28 42.3 42.3 0 13.95 11.28 
23.76 30.69 20.34 31.81 69.49 9.91 30.4 6.94 15.37 18.46 36.42 22.14 16.98 0 0 48.82 54.83 35.9 
57.01 57.23 55.08 68.33 33.27 35.68 56.14 57.09 36.09 54.02 59.84 53.64 58.5 48.06 48.06 10.61 0 21.98 
46.81 43.15 44.8 59.55 47.28 27.02 45.99 46.8 27.5 43.69 49.65 43.31 48.3 38.09 38.09 6.56 16.34 0 
50.77 45.05 48.79 62.35 43.47 32.12 51.9 50.5 32.57 47.69 55.57 47.31 52.28 42.3 42.3 0 13.95 11.28 
57.01 57.23 55.08 68.33 33.27 35.68 56.14 57.09 36.09 54.02 59.84 53.64 58.5 48.06 48.06 10.61 0 21.98 
46.81 43.15 44.8 59.55 47.28 27.02 45.99 46.8 27.5 43.69 49.65 43.31 48.3 38.09 38.09 6.56 16.34 0 
GEN 0 323.000000
GREEDY 0 0.000000
GEN 0 323.000000
GREEDY 0 0.000000
GEN 0 323.000000
GREEDY 0 0.000000
GEN 0 323.000000
GREEDY 0 0.000000
GEN 0 323.000000
GREEDY 0 0.000000
GEN 0 323.000000
TIEMPO 0 323.000000
TIEMPO 0 323.000000
GREEDY 0 0.000000
TIEMPO 0 323.000000
TIEMPO 0 323.000000
TIEMPO 0 323.000000
TIEMPO 0 323.000000
GEN 0 323.000000
GREEDY 0 0.000000
TIEMPO 0 323.000000
GEN 0 323.000000
GREEDY 0 0.000000
TIEMPO 0 323.000000
GEN 0 308.040000
GREEDY 0 0.000000
TIEMPO 0 308.040000
GREEDY 5 0.004896
GEN 0 323.000000
GREEDY 0 0.000000
GEN 0 323.000000
GREEDY 0 0.000000
TIEMPO 0 323.000000
GREEDY 5 0.002001
TIEMPO 0 323.000000
GEN 0 323.000000
GREEDY 0 0.000000
GEN 0 323.000000
GREEDY 0 0.000000
GEN 0 323.000000
GREEDY 0 0.000000
GEN 0 323.000000
GREEDY 0 0.000000
GEN 0 323.000000
GREEDY 0 0.000000
GEN 0 323.000000
GREEDY 0 0.000000
TIEMPO 0 323.000000
GEN 0 323.000000
GREEDY 0 0.000000
TIEMPO 0 323.000000
TIEMPO 0 323.000000
TIEMPO 0 323.000000
TIEMPO 0 323.000000
TIEMPO 0 323.000000
GEN 0 320.490000
GREEDY 0 0.000000
GEN 0 323.000000
GREEDY 0 0.000000
TIEMPO 0 323.000000
GEN 0 323.000000
GREEDY 0 0.000000
GEN 0 323.000000
GREEDY 0 0.000000
TIEMPO 0 320.490000
TIEMPO 0 323.000000
TIEMPO 0 323.000000
TIEMPO 0 323.000000
GREEDY 5 0.011848
GREEDY 5 0.003930
GREEDY 5 0.006339
GEN 0 323.000000
GREEDY 0 0.000000
TIEMPO 0 323.000000
GREEDY 10 0.008330
GREEDY 5 0.011375
GREEDY 5 0.009200
GEN 0 323.000000
GREEDY 0 0.000000
TIEMPO 0 323.000000
GREEDY 10 0.025757
GREEDY 5 0.038328
GREEDY 5 0.029994
GREEDY 5 0.040313
GREEDY 5 0.044134
GREEDY 5 0.035480
GREEDY 10 0.045629
GREEDY 10 0.038730
GREEDY 5 0.050654
GREEDY 5 0.043053
GREEDY 5 0.046046
GREEDY 10 0.058954
GREEDY 5 0.050538
GREEDY 5 0.066415
GREEDY 5 0.076276
GREEDY 5 0.049367
GREEDY 10 0.079277
GREEDY 15 0.082708
GREEDY 5 0.100914
GREEDY 10 0.104095
GREEDY 5 0.097395
GREEDY 5 0.109443
GREEDY 5 0.133345
GREEDY 10 0.164101
GEN 2500 296.010000
GEN 2500 291.420000
GREEDY 10 0.186387
GREEDY 10 0.183126
GEN 2500 296.010000
GEN 2500 296.010000
GREEDY 10 0.201127
GEN 2500 291.420000
GEN 2500 295.320000
GEN 2500 266.880000
GEN 2500 305.750000
GREEDY 5 0.266138
GEN 2500 281.650000
GEN 2500 305.750000
GEN 2500 305.750000
GEN 2500 281.650000
GEN 2500 291.420000
GEN 2500 288.900000
GEN 5000 281.950000
GEN 2500 306.050000
GEN 5000 291.420000
GEN 2500 295.320000
GEN 2500 295.320000
GEN 2500 288.900000
GEN 5000 296.010000
GEN 2500 281.650000
GEN 2500 280.030000
GEN 2500 281.650000
GEN 5000 295.320000
GEN 5000 266.880000
GREEDY 10 0.421903
GEN 2500 285.040000
GREEDY 10 0.407218
GEN 2500 296.010000
GEN 5000 285.300000
GEN 5000 296.010000
GEN 5000 291.420000
GEN 5000 296.010000
GEN 7500 281.950000
GEN 2500 288.900000
GEN 5000 281.650000
GEN 7500 291.420000
GEN 7500 296.010000
GEN 5000 306.050000
GEN 7500 281.950000
GEN 7500 295.320000
GEN 7500 266.880000
GREEDY 10 0.661767
GEN 5000 295.320000
GEN 5000 290.130000
GEN 5000 288.900000
GEN 5000 288.900000
GREEDY 10 0.698704
GEN 10000 281.950000
TIEMPO 0.689078 281.950000
GEN 5000 295.320000
GEN 5000 281.650000
GEN 5000 281.650000
GEN 5000 285.040000
GEN 5000 281.650000
GEN 10000 291.420000
TIEMPO 0.733425 291.420000
GEN 7500 291.420000
GEN 5000 280.030000
GREEDY 15 0.748767
GEN 10000 296.010000
TIEMPO 0.778778 296.010000
GEN 10000 281.950000
TIEMPO 0.786863 281.950000
GEN 7500 296.010000
GEN 5000 281.650000
GEN 7500 281.650000
GEN 5000 296.010000
GEN 10000 289.570000
TIEMPO 0.832088 289.570000
GEN 10000 266.880000
TIEMPO 0.827956 266.880000
GEN 7500 296.010000
GEN 7500 306.050000
GREEDY 10 0.856525
GEN 7500 281.650000
GEN 7500 288.900000
GEN 7500 281.650000
GEN 5000 288.900000
GREEDY 10 0.981387
TIEMPO 1 288.900000
TIEMPO 1 281.650000
TIEMPO 1 285.040000
TIEMPO 1 286.500000
TIEMPO 1 266.780000
TIEMPO 1 296.010000
TIEMPO 1 295.320000
TIEMPO 1 281.650000
TIEMPO 1 296.010000
TIEMPO 1 285.040000
TIEMPO 1 281.650000
TIEMPO 1 281.650000
TIEMPO 1 288.900000
TIEMPO 1 288.900000
GEN 7500 295.320000
TIEMPO 1 295.320000
GEN 7500 285.040000
TIEMPO 1 281.650000
TIEMPO 1 296.010000
GEN 10000 285.040000
TIEMPO 1.019831 285.040000
TIEMPO 1 281.650000
GEN 7500 266.780000
GEN 7500 281.650000
GEN 7500 295.320000
GEN 7500 288.900000
GEN 10000 281.650000
TIEMPO 1.077696 281.650000
GEN 7500 281.650000
GEN 10000 281.950000
TIEMPO 1.099179 281.950000
GEN 10000 281.650000
TIEMPO 1.090650 281.650000
GEN 7500 296.010000
GEN 10000 296.010000
TIEMPO 1.089410 296.010000
GEN 7500 281.650000
GEN 10000 296.010000
TIEMPO 1.146336 296.010000
GEN 10000 281.650000
TIEMPO 1.120520 281.650000
GEN 10000 288.900000
TIEMPO 1.145627 288.900000
GEN 7500 288.900000
GEN 10000 283.510000
TIEMPO 1.189944 283.510000
GEN 10000 295.320000
TIEMPO 1.215356 295.320000
GEN 10000 295.320000
TIEMPO 1.214801 295.320000
GEN 10000 281.650000
TIEMPO 1.225552 281.650000
GEN 10000 266.780000
TIEMPO 1.242099 266.780000
GEN 10000 288.900000
TIEMPO 1.269402 288.900000
GEN 10000 281.650000
TIEMPO 1.291225 281.650000
GEN 10000 296.010000
TIEMPO 1.306248 296.010000
GEN 10000 281.650000
TIEMPO 1.335283 281.650000
GEN 10000 288.900000
TIEMPO 1.341349 288.900000

 Current State ---------------------------------------------
Solution:  2 11 6 0 3 10 4 0 7 13 14 1 0 18 17 15 16 0 12 9 5 8 0 0 0 0 0 0 0 0 0 0 0 0 0 Fitness: 266.78

 :( ---------------------- THE END --------------- :) 
