Dimension>39
Bandera>13
Fitness Greedy Costo>347.58
Solucion Greedy Costo>2 9 12 11 0 6 10 3 0 7 13 5 8 0 17 16 14 15 0 4 20 18 19 0 1 0 0 0 0 0 0 0 0 0 0 0 0 0 0 
Linea Vacia>
Matriz de Costos>
0 50.13 1.81 10.62 46.09 15.01 8.3 12.02 21.42 3.48 14.02 5 4.76 27.53 53.47 60.88 40.38 38.52 46.09 65.78 
48.35 0 46.35 59.85 87.9 34.01 53.91 34.28 38.86 45.25 61.69 44.88 43.63 27.5 44.45 55.98 33.6 32.03 73.69 57.74 
1.89 46.62 0 10.66 46.19 11.51 8.34 8.2 18.02 1.69 13.53 3.27 3.04 24.24 49.98 57.5 36.97 35.41 42.52 62.46 
12.62 57.27 11.7 0 42.71 24.36 11.58 18.48 30.49 12.99 8.65 12.08 17.66 33.56 64.09 71.28 51.42 49.57 58.86 74.69 
42.11 88.23 42.3 41.61 0 53.06 37.86 57.16 53.15 44.92 32.37 39.01 49.51 76.51 40.32 33.48 52.2 50.34 23.66 27.89 
13.96 34.85 11.93 24.1 58.18 0 19.32 13.29 4.68 10.84 25.49 10.64 15.03 16.54 37.21 43.38 25.96 24.32 35.69 49.78 
6.3 55.38 6.47 10.78 39.36 16.56 0 18.14 22.93 8.13 7.69 4.39 12.34 34.62 53.38 58.02 42.02 40.11 40.65 65.19 
15.03 39.46 11.46 24.27 62.08 18.56 22.32 0 23.81 9.5 29.1 14.59 8 13.51 57.46 64.54 44.44 42.54 51.66 69.79 
16.22 35.34 14.21 26.28 58.09 0.9 21.54 15.57 0 13.14 27.66 12.94 17.29 18.78 35.4 43.33 24.05 22.4 35.91 47.62 
3.53 45.43 1.66 13.47 47.43 10.93 9.11 6.97 17.46 0 15.99 3.2 2.36 23.09 49.31 56.85 36.44 34.87 41.85 61.8 
10.63 60.43 10.8 4.02 34.65 20.57 4.09 21.54 26.83 12.14 0 9.43 16.31 36.43 60.65 67.97 47.73 45.85 50.51 66.79 
4.17 48.83 3.58 11.81 43.35 10.44 5.26 12.06 16.98 3.65 14.81 0 5.37 28.23 48.84 56.39 36.01 34.44 40.56 61.36 
3.65 43.65 1.8 13 48.65 11.98 10.16 5.36 18.48 1.57 17.03 3.28 0 21.58 50.56 58.07 37.42 35.86 43.09 63.02 
23.76 30.69 20.34 31.81 69.49 9.91 30.4 6.94 15.37 18.46 36.42 22.14 16.98 0 48.82 55.28 35.9 34.33 46.25 61.36 
50.77 45.05 48.79 62.35 43.47 32.12 51.9 50.5 32.57 47.69 55.57 47.31 52.28 42.3 0 13.95 11.28 9.53 29.69 14.92 
57.01 57.58 55.08 68.33 33.97 35.68 56.14 57.09 36.09 54.02 59.84 53.64 58.5 48.06 10.61 0 21.98 20.5 16.57 6.47 
46.81 43.15 46.28 59.55 47.28 27.02 45.99 46.8 27.5 45.18 48.4 44.8 49.8 38.09 6.56 16.34 0 7.42 35 17.49 
40.35 36.14 38.28 52.26 49.14 26.58 46.12 40.01 27.92 37.15 50.52 36.92 41.88 32.97 8.3 18.02 0.59 0 36.55 19.16 
42.11 70.74 40.23 52.11 26.63 26.27 38.85 42.71 26.8 39.29 42 39.08 43.58 47.94 22.15 16.56 30.06 30.28 0 22.07 
60.6 55.5 58.71 71.96 33.48 42.62 64.48 60.42 42.77 57.65 69.1 57.26 62.12 52.32 9.38 7.84 19.73 18.04 21.98 0 
Dimension>39
Bandera>13
Fitness Greedy Costo>347.58
Solucion Greedy Costo>2 9 12 11 0 6 10 3 0 7 13 5 8 0 17 16 14 15 0 4 20 18 19 0 1 0 0 0 0 0 0 0 0 0 0 0 0 0 0 
Linea Vacia>
Matriz de Costos>
0 50.13 1.81 10.62 46.09 15.01 8.3 12.02 21.42 3.48 14.02 5 4.76 27.53 53.47 60.88 40.38 38.52 46.09 65.78 
48.35 0 46.35 59.85 87.9 34.01 53.91 34.28 38.86 45.25 61.69 44.88 43.63 27.5 44.45 55.98 33.6 32.03 73.69 57.74 
1.89 46.62 0 10.66 46.19 11.51 8.34 8.2 18.02 1.69 13.53 3.27 3.04 24.24 49.98 57.5 36.97 35.41 42.52 62.46 
12.62 57.27 11.7 0 42.71 24.36 11.58 18.48 30.49 12.99 8.65 12.08 17.66 33.56 64.09 71.28 51.42 49.57 58.86 74.69 
42.11 88.23 42.3 41.61 0 53.06 37.86 57.16 53.15 44.92 32.37 39.01 49.51 76.51 40.32 33.48 52.2 50.34 23.66 27.89 
13.96 34.85 11.93 24.1 58.18 0 19.32 13.29 4.68 10.84 25.49 10.64 15.03 16.54 37.21 43.38 25.96 24.32 35.69 49.78 
6.3 55.38 6.47 10.78 39.36 16.56 0 18.14 22.93 8.13 7.69 4.39 12.34 34.62 53.38 58.02 42.02 40.11 40.65 65.19 
15.03 39.46 11.46 24.27 62.08 18.56 22.32 0 23.81 9.5 29.1 14.59 8 13.51 57.46 64.54 44.44 42.54 51.66 69.79 
16.22 35.34 14.21 26.28 58.09 0.9 21.54 15.57 0 13.14 27.66 12.94 17.29 18.78 35.4 43.33 24.05 22.4 35.91 47.62 
3.53 45.43 1.66 13.47 47.43 10.93 9.11 6.97 17.46 0 15.99 3.2 2.36 23.09 49.31 56.85 36.44 34.87 41.85 61.8 
10.63 60.43 10.8 4.02 34.65 20.57 4.09 21.54 26.83 12.14 0 9.43 16.31 36.43 60.65 67.97 47.73 45.85 50.51 66.79 
4.17 48.83 3.58 11.81 43.35 10.44 5.26 12.06 16.98 3.65 14.81 0 5.37 28.23 48.84 56.39 36.01 34.44 40.56 61.36 
3.65 43.65 1.8 13 48.65 11.98 10.16 5.36 18.48 1.57 17.03 3.28 0 21.58 50.56 58.07 37.42 35.86 43.09 63.02 
23.76 30.69 20.34 31.81 69.49 9.91 30.4 6.94 15.37 18.46 36.42 22.14 16.98 0 48.82 55.28 35.9 34.33 46.25 61.36 
50.77 45.05 48.79 62.35 43.47 32.12 51.9 50.5 32.57 47.69 55.57 47.31 52.28 42.3 0 13.95 11.28 9.53 29.69 14.92 
57.01 57.58 55.08 68.33 33.97 35.68 56.14 57.09 36.09 54.02 59.84 53.64 58.5 48.06 10.61 0 21.98 20.5 16.57 6.47 
46.81 43.15 46.28 59.55 47.28 27.02 45.99 46.8 27.5 45.18 48.4 44.8 49.8 38.09 6.56 16.34 0 7.42 35 17.49 
40.35 36.14 38.28 52.26 49.14 26.58 46.12 40.01 27.92 37.15 50.52 36.92 41.88 32.97 8.3 18.02 0.59 0 36.55 19.16 
42.11 70.74 40.23 52.11 26.63 26.27 38.85 42.71 26.8 39.29 42 39.08 43.58 47.94 22.15 16.56 30.06 30.28 0 22.07 
60.6 55.5 58.71 71.96 33.48 42.62 64.48 60.42 42.77 57.65 69.1 57.26 62.12 52.32 9.38 7.84 19.73 18.04 21.98 0 
Dimension>39
Bandera>13
Fitness Greedy Costo>347.58
Solucion Greedy Costo>2 9 12 11 0 6 10 3 0 7 13 5 8 0 17 16 14 15 0 4 20 18 19 0 1 0 0 0 0 0 0 0 0 0 0 0 0 0 0 
Linea Vacia>
Matriz de Costos>
0 50.13 1.81 10.62 46.09 15.01 8.3 12.02 21.42 3.48 14.02 5 4.76 27.53 53.47 60.88 40.38 38.52 46.09 65.78 
48.35 0 46.35 59.85 87.9 34.01 53.91 34.28 38.86 45.25 61.69 44.88 43.63 27.5 44.45 55.98 33.6 32.03 73.69 57.74 
1.89 46.62 0 10.66 46.19 11.51 8.34 8.2 18.02 1.69 13.53 3.27 3.04 24.24 49.98 57.5 36.97 35.41 42.52 62.46 
12.62 57.27 11.7 0 42.71 24.36 11.58 18.48 30.49 12.99 8.65 12.08 17.66 33.56 64.09 71.28 51.42 49.57 58.86 74.69 
42.11 88.23 42.3 41.61 0 53.06 37.86 57.16 53.15 44.92 32.37 39.01 49.51 76.51 40.32 33.48 52.2 50.34 23.66 27.89 
13.96 34.85 11.93 24.1 58.18 0 19.32 13.29 4.68 10.84 25.49 10.64 15.03 16.54 37.21 43.38 25.96 24.32 35.69 49.78 
6.3 55.38 6.47 10.78 39.36 16.56 0 18.14 22.93 8.13 7.69 4.39 12.34 34.62 53.38 58.02 42.02 40.11 40.65 65.19 
15.03 39.46 11.46 24.27 62.08 18.56 22.32 0 23.81 9.5 29.1 14.59 8 13.51 57.46 64.54 44.44 42.54 51.66 69.79 
16.22 35.34 14.21 26.28 58.09 0.9 21.54 15.57 0 13.14 27.66 12.94 17.29 18.78 35.4 43.33 24.05 22.4 35.91 47.62 
3.53 45.43 1.66 13.47 47.43 10.93 9.11 6.97 17.46 0 15.99 3.2 2.36 23.09 49.31 56.85 36.44 34.87 41.85 61.8 
10.63 60.43 10.8 4.02 34.65 20.57 4.09 21.54 26.83 12.14 0 9.43 16.31 36.43 60.65 67.97 47.73 45.85 50.51 66.79 
4.17 48.83 3.58 11.81 43.35 10.44 5.26 12.06 16.98 3.65 14.81 0 5.37 28.23 48.84 56.39 36.01 34.44 40.56 61.36 
3.65 43.65 1.8 13 48.65 11.98 10.16 5.36 18.48 1.57 17.03 3.28 0 21.58 50.56 58.07 37.42 35.86 43.09 63.02 
23.76 30.69 20.34 31.81 69.49 9.91 30.4 6.94 15.37 18.46 36.42 22.14 16.98 0 48.82 55.28 35.9 34.33 46.25 61.36 
50.77 45.05 48.79 62.35 43.47 32.12 51.9 50.5 32.57 47.69 55.57 47.31 52.28 42.3 0 13.95 11.28 9.53 29.69 14.92 
57.01 57.58 55.08 68.33 33.97 35.68 56.14 57.09 36.09 54.02 59.84 53.64 58.5 48.06 10.61 0 21.98 20.5 16.57 6.47 
46.81 43.15 46.28 59.55 47.28 27.02 45.99 46.8 27.5 45.18 48.4 44.8 49.8 38.09 6.56 16.34 0 7.42 35 17.49 
40.35 36.14 38.28 52.26 49.14 26.58 46.12 40.01 27.92 37.15 50.52 36.92 41.88 32.97 8.3 18.02 0.59 0 36.55 19.16 
42.11 70.74 40.23 52.11 26.63 26.27 38.85 42.71 26.8 39.29 42 39.08 43.58 47.94 22.15 16.56 30.06 30.28 0 22.07 
60.6 55.5 58.71 71.96 33.48 42.62 64.48 60.42 42.77 57.65 69.1 57.26 62.12 52.32 9.38 7.84 19.73 18.04 21.98 0 
Dimension>39
Bandera>13
Fitness Greedy Costo>347.58
Solucion Greedy Costo>2 9 12 11 0 6 10 3 0 7 13 5 8 0 17 16 14 15 0 4 20 18 19 0 1 0 0 0 0 0 0 0 0 0 0 0 0 0 0 
Linea Vacia>
Matriz de Costos>
0 50.13 1.81 10.62 46.09 15.01 8.3 12.02 21.42 3.48 14.02 5 4.76 27.53 53.47 60.88 40.38 38.52 46.09 65.78 
48.35 0 46.35 59.85 87.9 34.01 53.91 34.28 38.86 45.25 61.69 44.88 43.63 27.5 44.45 55.98 33.6 32.03 73.69 57.74 
1.89 46.62 0 10.66 46.19 11.51 8.34 8.2 18.02 1.69 13.53 3.27 3.04 24.24 49.98 57.5 36.97 35.41 42.52 62.46 
12.62 57.27 11.7 0 42.71 24.36 11.58 18.48 30.49 12.99 8.65 12.08 17.66 33.56 64.09 71.28 51.42 49.57 58.86 74.69 
42.11 88.23 42.3 41.61 0 53.06 37.86 57.16 53.15 44.92 32.37 39.01 49.51 76.51 40.32 33.48 52.2 50.34 23.66 27.89 
13.96 34.85 11.93 24.1 58.18 0 19.32 13.29 4.68 10.84 25.49 10.64 15.03 16.54 37.21 43.38 25.96 24.32 35.69 49.78 
6.3 55.38 6.47 10.78 39.36 16.56 0 18.14 22.93 8.13 7.69 4.39 12.34 34.62 53.38 58.02 42.02 40.11 40.65 65.19 
15.03 39.46 11.46 24.27 62.08 18.56 22.32 0 23.81 9.5 29.1 14.59 8 13.51 57.46 64.54 44.44 42.54 51.66 69.79 
16.22 35.34 14.21 26.28 58.09 0.9 21.54 15.57 0 13.14 27.66 12.94 17.29 18.78 35.4 43.33 24.05 22.4 35.91 47.62 
3.53 45.43 1.66 13.47 47.43 10.93 9.11 6.97 17.46 0 15.99 3.2 2.36 23.09 49.31 56.85 36.44 34.87 41.85 61.8 
10.63 60.43 10.8 4.02 34.65 20.57 4.09 21.54 26.83 12.14 0 9.43 16.31 36.43 60.65 67.97 47.73 45.85 50.51 66.79 
4.17 48.83 3.58 11.81 43.35 10.44 5.26 12.06 16.98 3.65 14.81 0 5.37 28.23 48.84 56.39 36.01 34.44 40.56 61.36 
3.65 43.65 1.8 13 48.65 11.98 10.16 5.36 18.48 1.57 17.03 3.28 0 21.58 50.56 58.07 37.42 35.86 43.09 63.02 
23.76 30.69 20.34 31.81 69.49 9.91 30.4 6.94 15.37 18.46 36.42 22.14 16.98 0 48.82 55.28 35.9 34.33 46.25 61.36 
50.77 45.05 48.79 62.35 43.47 32.12 51.9 50.5 32.57 47.69 55.57 47.31 52.28 42.3 0 13.95 11.28 9.53 29.69 14.92 
57.01 57.58 55.08 68.33 33.97 35.68 56.14 57.09 36.09 54.02 59.84 53.64 58.5 48.06 10.61 0 21.98 20.5 16.57 6.47 
46.81 43.15 46.28 59.55 47.28 27.02 45.99 46.8 27.5 45.18 48.4 44.8 49.8 38.09 6.56 16.34 0 7.42 35 17.49 
40.35 36.14 38.28 52.26 49.14 26.58 46.12 40.01 27.92 37.15 50.52 36.92 41.88 32.97 8.3 18.02 0.59 0 36.55 19.16 
42.11 70.74 40.23 52.11 26.63 26.27 38.85 42.71 26.8 39.29 42 39.08 43.58 47.94 22.15 16.56 30.06 30.28 0 22.07 
60.6 55.5 58.71 71.96 33.48 42.62 64.48 60.42 42.77 57.65 69.1 57.26 62.12 52.32 9.38 7.84 19.73 18.04 21.98 0 
Dimension>39
Bandera>13
Fitness Greedy Costo>347.58
Solucion Greedy Costo>2 9 12 11 0 6 10 3 0 7 13 5 8 0 17 16 14 15 0 4 20 18 19 0 1 0 0 0 0 0 0 0 0 0 0 0 0 0 0 
Linea Vacia>
Dimension>39
Bandera>13
Fitness Greedy Costo>347.58
Solucion Greedy Costo>2 9 12 11 0 6 10 3 0 7 13 5 8 0 17 16 14 15 0 4 20 18 19 0 1 0 0 0 0 0 0 0 0 0 0 0 0 0 0 
Linea Vacia>
Matriz de Costos>
0 50.13 1.81 10.62 46.09 15.01 8.3 12.02 21.42 3.48 14.02 5 4.76 27.53 53.47 60.88 40.38 38.52 46.09 65.78 
48.35 0 46.35 59.85 87.9 34.01 53.91 34.28 38.86 45.25 61.69 44.88 43.63 27.5 44.45 55.98 33.6 32.03 73.69 57.74 
1.89 46.62 0 10.66 46.19 11.51 8.34 8.2 18.02 1.69 13.53 3.27 3.04 24.24 49.98 57.5 36.97 35.41 42.52 62.46 
12.62 57.27 11.7 0 42.71 24.36 11.58 18.48 30.49 12.99 8.65 12.08 17.66 33.56 64.09 71.28 51.42 49.57 58.86 74.69 
42.11 88.23 42.3 41.61 0 53.06 37.86 57.16 53.15 44.92 32.37 39.01 49.51 76.51 40.32 33.48 52.2 50.34 23.66 27.89 
13.96 34.85 11.93 24.1 58.18 0 19.32 13.29 4.68 10.84 25.49 10.64 15.03 16.54 37.21 43.38 25.96 24.32 35.69 49.78 
6.3 55.38 6.47 10.78 39.36 16.56 0 18.14 22.93 8.13 7.69 4.39 12.34 34.62 53.38 58.02 42.02 40.11 40.65 65.19 
15.03 39.46 11.46 24.27 62.08 18.56 22.32 0 23.81 9.5 29.1 14.59 8 13.51 57.46 64.54 44.44 42.54 51.66 69.79 
16.22 35.34 14.21 26.28 58.09 0.9 21.54 15.57 0 13.14 27.66 12.94 17.29 18.78 35.4 43.33 24.05 22.4 35.91 47.62 
3.53 45.43 1.66 13.47 47.43 10.93 9.11 6.97 17.46 0 15.99 3.2 2.36 23.09 49.31 56.85 36.44 34.87 41.85 61.8 
10.63 60.43 10.8 4.02 34.65 20.57 4.09 21.54 26.83 12.14 0 9.43 16.31 36.43 60.65 67.97 47.73 45.85 50.51 66.79 
4.17 48.83 3.58 11.81 43.35 10.44 5.26 12.06 16.98 3.65 14.81 0 5.37 28.23 48.84 56.39 36.01 34.44 40.56 61.36 
3.65 43.65 1.8 13 48.65 11.98 10.16 5.36 18.48 1.57 17.03 3.28 0 21.58 50.56 58.07 37.42 35.86 43.09 63.02 
23.76 30.69 20.34 31.81 69.49 9.91 30.4 6.94 15.37 18.46 36.42 22.14 16.98 0 48.82 55.28 35.9 34.33 46.25 61.36 
50.77 45.05 48.79 62.35 43.47 32.12 51.9 50.5 32.57 47.69 55.57 47.31 52.28 42.3 0 13.95 11.28 9.53 29.69 14.92 
57.01 57.58 55.08 68.33 33.97 35.68 56.14 57.09 36.09 54.02 59.84 53.64 58.5 48.06 10.61 0 21.98 20.5 16.57 6.47 
46.81 43.15 46.28 59.55 47.28 27.02 45.99 46.8 27.5 45.18 48.4 44.8 49.8 38.09 6.56 16.34 0 7.42 35 17.49 
40.35 36.14 38.28 52.26 49.14 26.58 46.12 40.01 27.92 37.15 50.52 36.92 41.88 32.97 8.3 18.02 0.59 0 36.55 19.16 
42.11 70.74 40.23 52.11 26.63 26.27 38.85 42.71 26.8 39.29 42 39.08 43.58 47.94 22.15 16.56 30.06 30.28 0 22.07 
60.6 55.5 58.71 71.96 33.48 42.62 64.48 60.42 42.77 57.65 69.1 57.26 62.12 52.32 9.38 7.84 19.73 18.04 21.98 0 
Dimension>39
Bandera>13
Fitness Greedy Costo>347.58
Solucion Greedy Costo>2 9 12 11 0 6 10 3 0 7 13 5 8 0 17 16 14 15 0 4 20 18 19 0 1 0 0 0 0 0 0 0 0 0 0 0 0 0 0 
Linea Vacia>
Matriz de Costos>
0 50.13 1.81 10.62 46.09 15.01 8.3 12.02 21.42 3.48 14.02 5 4.76 27.53 53.47 60.88 40.38 38.52 46.09 65.78 
48.35 0 46.35 59.85 87.9 34.01 53.91 34.28 38.86 45.25 61.69 44.88 43.63 27.5 44.45 55.98 33.6 32.03 73.69 57.74 
1.89 46.62 0 10.66 46.19 11.51 8.34 8.2 18.02 1.69 13.53 3.27 3.04 24.24 49.98 57.5 36.97 35.41 42.52 62.46 
12.62 57.27 11.7 0 42.71 24.36 11.58 18.48 30.49 12.99 8.65 12.08 17.66 33.56 64.09 71.28 51.42 49.57 58.86 74.69 
42.11 88.23 42.3 41.61 0 53.06 37.86 57.16 53.15 44.92 32.37 39.01 49.51 76.51 40.32 33.48 52.2 50.34 23.66 27.89 
13.96 34.85 11.93 24.1 58.18 0 19.32 13.29 4.68 10.84 25.49 10.64 15.03 16.54 37.21 43.38 25.96 24.32 35.69 49.78 
6.3 55.38 6.47 10.78 39.36 16.56 0 18.14 22.93 8.13 7.69 4.39 12.34 34.62 53.38 58.02 42.02 40.11 40.65 65.19 
15.03 39.46 11.46 24.27 62.08 18.56 22.32 0 23.81 9.5 29.1 14.59 8 13.51 57.46 64.54 44.44 42.54 51.66 69.79 
16.22 35.34 14.21 26.28 58.09 0.9 21.54 15.57 0 13.14 27.66 12.94 17.29 18.78 35.4 43.33 24.05 22.4 35.91 47.62 
3.53 45.43 1.66 13.47 47.43 10.93 9.11 6.97 17.46 0 15.99 3.2 2.36 23.09 49.31 56.85 36.44 34.87 41.85 61.8 
10.63 60.43 10.8 4.02 34.65 20.57 4.09 21.54 26.83 12.14 0 9.43 16.31 36.43 60.65 67.97 47.73 45.85 50.51 66.79 
4.17 48.83 3.58 11.81 43.35 10.44 5.26 12.06 16.98 3.65 14.81 0 5.37 28.23 48.84 56.39 36.01 34.44 40.56 61.36 
3.65 43.65 1.8 13 48.65 11.98 10.16 5.36 18.48 1.57 17.03 3.28 0 21.58 50.56 58.07 37.42 35.86 43.09 63.02 
23.76 30.69 20.34 31.81 69.49 9.91 30.4 6.94 15.37 18.46 36.42 22.14 16.98 0 48.82 55.28 35.9 34.33 46.25 61.36 
50.77 45.05 48.79 62.35 43.47 32.12 51.9 50.5 32.57 47.69 55.57 47.31 52.28 42.3 0 13.95 11.28 9.53 29.69 14.92 
57.01 57.58 55.08 68.33 33.97 35.68 56.14 57.09 36.09 54.02 59.84 53.64 58.5 48.06 10.61 0 21.98 20.5 16.57 6.47 
46.81 43.15 46.28 59.55 47.28 27.02 45.99 46.8 27.5 45.18 48.4 44.8 49.8 38.09 6.56 16.34 0 7.42 35 17.49 
40.35 36.14 38.28 52.26 49.14 26.58 46.12 40.01 27.92 37.15 50.52 36.92 41.88 32.97 8.3 18.02 0.59 0 36.55 19.16 
42.11 70.74 40.23 52.11 26.63 26.27 38.85 42.71 26.8 39.29 42 39.08 43.58 47.94 22.15 16.56 30.06 30.28 0 22.07 
60.6 55.5 58.71 71.96 33.48 42.62 64.48 60.42 42.77 57.65 69.1 57.26 62.12 52.32 9.38 7.84 19.73 18.04 21.98 0 
Dimension>39
Bandera>13
Fitness Greedy Costo>347.58
Solucion Greedy Costo>2 9 12 11 0 6 10 3 0 7 13 5 8 0 17 16 14 15 0 4 20 18 19 0 1 0 0 0 0 0 0 0 0 0 0 0 0 0 0 
Linea Vacia>
Matriz de Costos>
0 50.13 1.81 10.62 46.09 15.01 8.3 12.02 21.42 3.48 14.02 5 4.76 27.53 53.47 60.88 40.38 38.52 46.09 65.78 
48.35 0 46.35 59.85 87.9 34.01 53.91 34.28 38.86 45.25 61.69 44.88 43.63 27.5 44.45 55.98 33.6 32.03 73.69 57.74 
1.89 46.62 0 10.66 46.19 11.51 8.34 8.2 18.02 1.69 13.53 3.27 3.04 24.24 49.98 57.5 36.97 35.41 42.52 62.46 
12.62 57.27 11.7 0 42.71 24.36 11.58 18.48 30.49 12.99 8.65 12.08 17.66 33.56 64.09 71.28 51.42 49.57 58.86 74.69 
42.11 88.23 42.3 41.61 0 53.06 37.86 57.16 53.15 44.92 32.37 39.01 49.51 76.51 40.32 33.48 52.2 50.34 23.66 27.89 
13.96 34.85 11.93 24.1 58.18 0 19.32 13.29 4.68 10.84 25.49 10.64 15.03 16.54 37.21 43.38 25.96 24.32 35.69 49.78 
6.3 55.38 6.47 10.78 39.36 16.56 0 18.14 22.93 8.13 7.69 4.39 12.34 34.62 53.38 58.02 42.02 40.11 40.65 65.19 
15.03 39.46 11.46 24.27 62.08 18.56 22.32 0 23.81 9.5 29.1 14.59 8 13.51 57.46 64.54 44.44 42.54 51.66 69.79 
16.22 35.34 14.21 26.28 58.09 0.9 21.54 15.57 0 13.14 27.66 12.94 17.29 18.78 35.4 43.33 24.05 22.4 35.91 47.62 
3.53 45.43 1.66 13.47 47.43 10.93 9.11 6.97 17.46 0 15.99 3.2 2.36 23.09 49.31 56.85 36.44 34.87 41.85 61.8 
10.63 60.43 10.8 4.02 34.65 20.57 4.09 21.54 26.83 12.14 0 9.43 16.31 36.43 60.65 67.97 47.73 45.85 50.51 66.79 
4.17 48.83 3.58 11.81 43.35 10.44 5.26 12.06 16.98 3.65 14.81 0 5.37 28.23 48.84 56.39 36.01 34.44 40.56 61.36 
3.65 43.65 1.8 13 48.65 11.98 10.16 5.36 18.48 1.57 17.03 3.28 0 21.58 50.56 58.07 37.42 35.86 43.09 63.02 
23.76 30.69 20.34 31.81 69.49 9.91 30.4 6.94 15.37 18.46 36.42 22.14 16.98 0 48.82 55.28 35.9 34.33 46.25 61.36 
50.77 45.05 48.79 62.35 43.47 32.12 51.9 50.5 32.57 47.69 55.57 47.31 52.28 42.3 0 13.95 11.28 9.53 29.69 14.92 
57.01 57.58 55.08 68.33 33.97 35.68 56.14 57.09 36.09 54.02 59.84 53.64 58.5 48.06 10.61 0 21.98 20.5 16.57 6.47 
46.81 43.15 46.28 59.55 47.28 27.02 45.99 46.8 27.5 45.18 48.4 44.8 49.8 38.09 6.56 16.34 0 7.42 35 17.49 
40.35 36.14 38.28 52.26 49.14 26.58 46.12 40.01 27.92 37.15 50.52 36.92 41.88 32.97 8.3 18.02 0.59 0 36.55 19.16 
42.11 70.74 40.23 52.11 26.63 26.27 38.85 42.71 26.8 39.29 42 39.08 43.58 47.94 22.15 16.56 30.06 30.28 0 22.07 
60.6 55.5 58.71 71.96 33.48 42.62 64.48 60.42 42.77 57.65 69.1 57.26 62.12 52.32 9.38 7.84 19.73 18.04 21.98 0 
Dimension>39
Bandera>13
Fitness Greedy Costo>347.58
Solucion Greedy Costo>2 9 12 11 0 6 10 3 0 7 13 5 8 0 17 16 14 15 0 4 20 18 19 0 1 0 0 0 0 0 0 0 0 0 0 0 0 0 0 
Linea Vacia>
Matriz de Costos>
0 50.13 1.81 10.62 46.09 15.01 8.3 12.02 21.42 3.48 14.02 5 4.76 27.53 53.47 60.88 40.38 38.52 46.09 65.78 
48.35 0 46.35 59.85 87.9 34.01 53.91 34.28 38.86 45.25 61.69 44.88 43.63 27.5 44.45 55.98 33.6 32.03 73.69 57.74 
1.89 46.62 0 10.66 46.19 11.51 8.34 8.2 18.02 1.69 13.53 3.27 3.04 24.24 49.98 57.5 36.97 35.41 42.52 62.46 
12.62 57.27 11.7 0 42.71 24.36 11.58 18.48 30.49 12.99 8.65 12.08 17.66 33.56 64.09 71.28 51.42 49.57 58.86 74.69 
42.11 88.23 42.3 41.61 0 53.06 37.86 57.16 53.15 44.92 32.37 39.01 49.51 76.51 40.32 33.48 52.2 50.34 23.66 27.89 
13.96 34.85 11.93 24.1 58.18 0 19.32 13.29 4.68 10.84 25.49 10.64 15.03 16.54 37.21 43.38 25.96 24.32 35.69 49.78 
6.3 55.38 6.47 10.78 39.36 16.56 0 18.14 22.93 8.13 7.69 4.39 12.34 34.62 53.38 58.02 42.02 40.11 40.65 65.19 
15.03 39.46 11.46 24.27 62.08 18.56 22.32 0 23.81 9.5 29.1 14.59 8 13.51 57.46 64.54 44.44 42.54 51.66 69.79 
16.22 35.34 14.21 26.28 58.09 0.9 21.54 15.57 0 13.14 27.66 12.94 17.29 18.78 35.4 43.33 24.05 22.4 35.91 47.62 
3.53 45.43 1.66 13.47 47.43 10.93 9.11 6.97 17.46 0 15.99 3.2 2.36 23.09 49.31 56.85 36.44 34.87 41.85 61.8 
10.63 60.43 10.8 4.02 34.65 20.57 4.09 21.54 26.83 12.14 0 9.43 16.31 36.43 60.65 67.97 47.73 45.85 50.51 66.79 
4.17 48.83 3.58 11.81 43.35 10.44 5.26 12.06 16.98 3.65 14.81 0 5.37 28.23 48.84 56.39 36.01 34.44 40.56 61.36 
3.65 43.65 1.8 13 48.65 11.98 10.16 5.36 18.48 1.57 17.03 3.28 0 21.58 50.56 58.07 37.42 35.86 43.09 63.02 
23.76 30.69 20.34 31.81 69.49 9.91 30.4 6.94 15.37 18.46 36.42 22.14 16.98 0 48.82 55.28 35.9 34.33 46.25 61.36 
50.77 45.05 48.79 62.35 43.47 32.12 51.9 50.5 32.57 47.69 55.57 47.31 52.28 42.3 0 13.95 11.28 9.53 29.69 14.92 
57.01 57.58 55.08 68.33 33.97 35.68 56.14 57.09 36.09 54.02 59.84 53.64 58.5 48.06 10.61 0 21.98 20.5 16.57 6.47 
46.81 43.15 46.28 59.55 47.28 27.02 45.99 46.8 27.5 45.18 48.4 44.8 49.8 38.09 6.56 16.34 0 7.42 35 17.49 
40.35 36.14 38.28 52.26 49.14 26.58 46.12 40.01 27.92 37.15 50.52 36.92 41.88 32.97 8.3 18.02 0.59 0 36.55 19.16 
42.11 70.74 40.23 52.11 26.63 26.27 38.85 42.71 26.8 39.29 42 39.08 43.58 47.94 22.15 16.56 30.06 30.28 0 22.07 
60.6 55.5 58.71 71.96 33.48 42.62 64.48 60.42 42.77 57.65 69.1 57.26 62.12 52.32 9.38 7.84 19.73 18.04 21.98 0 
Dimension>39
Bandera>13
Fitness Greedy Costo>347.58
Solucion Greedy Costo>2 9 12 11 0 6 10 3 0 7 13 5 8 0 17 16 14 15 0 4 20 18 19 0 1 0 0 0 0 0 0 0 0 0 0 0 0 0 0 
Linea Vacia>
Dimension>39
Bandera>13
Fitness Greedy Costo>347.58
Solucion Greedy Costo>2 9 12 11 0 6 10 3 0 7 13 5 8 0 17 16 14 15 0 4 20 18 19 0 1 0 0 0 0 0 0 0 0 0 0 0 0 0 0 
Linea Vacia>
Matriz de Costos>
0 50.13 1.81 10.62 46.09 15.01 8.3 12.02 21.42 3.48 14.02 5 4.76 27.53 53.47 60.88 40.38 38.52 46.09 65.78 
48.35 0 46.35 59.85 87.9 34.01 53.91 34.28 38.86 45.25 61.69 44.88 43.63 27.5 44.45 55.98 33.6 32.03 73.69 57.74 
1.89 46.62 0 10.66 46.19 11.51 8.34 8.2 18.02 1.69 13.53 3.27 3.04 24.24 49.98 57.5 36.97 35.41 42.52 62.46 
12.62 57.27 11.7 0 42.71 24.36 11.58 18.48 30.49 12.99 8.65 12.08 17.66 33.56 64.09 71.28 51.42 49.57 58.86 74.69 
42.11 88.23 42.3 41.61 0 53.06 37.86 57.16 53.15 44.92 32.37 39.01 49.51 76.51 40.32 33.48 52.2 50.34 23.66 27.89 
13.96 34.85 11.93 24.1 58.18 0 19.32 13.29 4.68 10.84 25.49 10.64 15.03 16.54 37.21 43.38 25.96 24.32 35.69 49.78 
6.3 55.38 6.47 10.78 39.36 16.56 0 18.14 22.93 8.13 7.69 4.39 12.34 34.62 53.38 58.02 42.02 40.11 40.65 65.19 
15.03 39.46 11.46 24.27 62.08 18.56 22.32 0 23.81 9.5 29.1 14.59 8 13.51 57.46 64.54 44.44 42.54 51.66 69.79 
16.22 35.34 14.21 26.28 58.09 0.9 21.54 15.57 0 13.14 27.66 12.94 17.29 18.78 35.4 43.33 24.05 22.4 35.91 47.62 
Matriz de Costos>
0 50.13 1.81 10.62 46.09 15.01 8.3 12.02 21.42 3.48 14.02 5 4.76 27.53 53.47 60.88 40.38 38.52 46.09 65.78 
48.35 0 46.35 59.85 87.9 34.01 53.91 34.28 38.86 45.25 61.69 44.88 43.63 27.5 44.45 55.98 33.6 32.03 73.69 57.74 
1.89 46.62 0 10.66 46.19 11.51 8.34 8.2 18.02 1.69 13.53 3.27 3.04 24.24 49.98 57.5 36.97 35.41 42.52 62.46 
12.62 57.27 11.7 0 42.71 24.36 11.58 18.48 30.49 12.99 8.65 12.08 17.66 33.56 64.09 71.28 51.42 49.57 58.86 74.69 
Dimension>39
Bandera>13
Fitness Greedy Costo>347.58
Solucion Greedy Costo>2 9 12 11 0 6 10 3 0 7 13 5 8 0 17 16 14 15 0 4 20 18 19 0 1 0 0 0 0 0 0 0 0 0 0 0 0 0 0 
Linea Vacia>
Matriz de Costos>
0 50.13 1.81 10.62 46.09 15.01 8.3 12.02 21.42 3.48 14.02 5 4.76 27.53 53.47 60.88 40.38 38.52 46.09 65.78 
48.35 0 46.35 59.85 87.9 34.01 53.91 34.28 38.86 45.25 61.69 44.88 43.63 27.5 44.45 55.98 33.6 32.03 73.69 57.74 
1.89 46.62 0 10.66 46.19 11.51 8.34 8.2 18.02 1.69 13.53 3.27 3.04 24.24 49.98 57.5 36.97 35.41 42.52 62.46 
12.62 57.27 11.7 0 42.71 24.36 11.58 18.48 30.49 12.99 8.65 12.08 17.66 33.56 64.09 71.28 51.42 49.57 58.86 74.69 
42.11 88.23 42.3 41.61 0 53.06 37.86 57.16 53.15 44.92 32.37 39.01 49.51 76.51 40.32 33.48 52.2 50.34 23.66 27.89 
42.11 88.23 42.3 41.61 0 53.06 37.86 57.16 53.15 44.92 32.37 39.01 49.51 76.51 40.32 33.48 52.2 50.34 23.66 27.89 
13.96 34.85 11.93 24.1 58.18 0 19.32 13.29 4.68 10.84 25.49 10.64 15.03 16.54 37.21 43.38 25.96 24.32 35.69 49.78 
6.3 55.38 6.47 10.78 39.36 16.56 0 18.14 22.93 8.13 7.69 4.39 12.34 34.62 53.38 58.02 42.02 40.11 40.65 65.19 
15.03 39.46 11.46 24.27 62.08 18.56 22.32 0 23.81 9.5 29.1 14.59 8 13.51 57.46 64.54 44.44 42.54 51.66 69.79 
13.96 34.85 11.93 24.1 58.18 0 19.32 13.29 4.68 10.84 25.49 10.64 15.03 16.54 37.21 43.38 25.96 24.32 35.69 49.78 
6.3 55.38 6.47 10.78 39.36 16.56 0 18.14 22.93 8.13 7.69 4.39 12.34 34.62 53.38 58.02 42.02 40.11 40.65 65.19 
15.03 39.46 11.46 24.27 62.08 18.56 22.32 0 23.81 9.5 29.1 14.59 8 13.51 57.46 64.54 44.44 42.54 51.66 69.79 
16.22 35.34 14.21 26.28 58.09 0.9 21.54 15.57 0 13.14 27.66 12.94 17.29 18.78 35.4 43.33 24.05 22.4 35.91 47.62 
3.53 45.43 1.66 13.47 47.43 10.93 9.11 6.97 17.46 0 15.99 3.2 2.36 23.09 49.31 56.85 36.44 34.87 41.85 61.8 
10.63 60.43 10.8 4.02 34.65 20.57 4.09 21.54 26.83 12.14 0 9.43 16.31 36.43 60.65 67.97 47.73 45.85 50.51 66.79 
4.17 48.83 3.58 11.81 43.35 10.44 5.26 12.06 16.98 3.65 14.81 0 5.37 28.23 48.84 56.39 36.01 34.44 40.56 61.36 
Matriz de Costos>
0 50.13 1.81 10.62 46.09 15.01 8.3 12.02 21.42 3.48 14.02 5 4.76 27.53 53.47 60.88 40.38 38.52 46.09 65.78 
48.35 0 46.35 59.85 87.9 34.01 53.91 34.28 38.86 45.25 61.69 44.88 43.63 27.5 44.45 55.98 33.6 32.03 73.69 57.74 
1.89 46.62 0 10.66 46.19 11.51 8.34 8.2 18.02 1.69 13.53 3.27 3.04 24.24 49.98 57.5 36.97 35.41 42.52 62.46 
12.62 57.27 11.7 0 42.71 24.36 11.58 18.48 30.49 12.99 8.65 12.08 17.66 33.56 64.09 71.28 51.42 49.57 58.86 74.69 
42.11 88.23 42.3 41.61 0 53.06 37.86 57.16 53.15 44.92 32.37 39.01 49.51 76.51 40.32 33.48 52.2 50.34 23.66 27.89 
13.96 34.85 11.93 24.1 58.18 0 19.32 13.29 4.68 10.84 25.49 10.64 15.03 16.54 37.21 43.38 25.96 24.32 35.69 49.78 
6.3 55.38 6.47 10.78 39.36 16.56 0 18.14 22.93 8.13 7.69 4.39 12.34 34.62 53.38 58.02 42.02 40.11 40.65 65.19 
15.03 39.46 11.46 24.27 62.08 18.56 22.32 0 23.81 9.5 29.1 14.59 8 13.51 57.46 64.54 44.44 42.54 51.66 69.79 
16.22 35.34 14.21 26.28 58.09 0.9 21.54 15.57 0 13.14 27.66 12.94 17.29 18.78 35.4 43.33 24.05 22.4 35.91 47.62 
3.53 45.43 1.66 13.47 47.43 10.93 9.11 6.97 17.46 0 15.99 3.2 2.36 23.09 49.31 56.85 36.44 34.87 41.85 61.8 
10.63 60.43 10.8 4.02 34.65 20.57 4.09 21.54 26.83 12.14 0 9.43 16.31 36.43 60.65 67.97 47.73 45.85 50.51 66.79 
4.17 48.83 3.58 11.81 43.35 10.44 5.26 12.06 16.98 3.65 14.81 0 5.37 28.23 48.84 56.39 36.01 34.44 40.56 61.36 
3.65 43.65 1.8 13 48.65 11.98 10.16 5.36 18.48 1.57 17.03 3.28 0 21.58 50.56 58.07 37.42 35.86 43.09 63.02 
23.76 30.69 20.34 31.81 69.49 9.91 30.4 6.94 15.37 18.46 36.42 22.14 16.98 0 48.82 55.28 35.9 34.33 46.25 61.36 
50.77 45.05 48.79 62.35 43.47 32.12 51.9 50.5 32.57 47.69 55.57 47.31 52.28 42.3 0 13.95 11.28 9.53 29.69 14.92 
57.01 57.58 55.08 68.33 33.97 35.68 56.14 57.09 36.09 54.02 59.84 53.64 58.5 48.06 10.61 0 21.98 20.5 16.57 6.47 
46.81 43.15 46.28 59.55 47.28 27.02 45.99 46.8 27.5 45.18 48.4 44.8 49.8 38.09 6.56 16.34 0 7.42 35 17.49 
40.35 36.14 38.28 52.26 49.14 26.58 46.12 40.01 27.92 37.15 50.52 36.92 41.88 32.97 8.3 18.02 0.59 0 36.55 19.16 
42.11 70.74 40.23 52.11 26.63 26.27 38.85 42.71 26.8 39.29 42 39.08 43.58 47.94 22.15 16.56 30.06 30.28 0 22.07 
16.22 35.34 14.21 26.28 58.09 0.9 21.54 15.57 0 13.14 27.66 12.94 17.29 18.78 35.4 43.33 24.05 22.4 35.91 47.62 
3.53 45.43 1.66 13.47 47.43 10.93 9.11 6.97 17.46 0 15.99 3.2 2.36 23.09 49.31 56.85 36.44 34.87 41.85 61.8 
10.63 60.43 10.8 4.02 34.65 20.57 4.09 21.54 26.83 12.14 0 9.43 16.31 36.43 60.65 67.97 47.73 45.85 50.51 66.79 
4.17 48.83 3.58 11.81 43.35 10.44 5.26 12.06 16.98 3.65 14.81 0 5.37 28.23 48.84 56.39 36.01 34.44 40.56 61.36 
3.65 43.65 1.8 13 48.65 11.98 10.16 5.36 18.48 1.57 17.03 3.28 0 21.58 50.56 58.07 37.42 35.86 43.09 63.02 
23.76 30.69 20.34 31.81 69.49 9.91 30.4 6.94 15.37 18.46 36.42 22.14 16.98 0 48.82 55.28 35.9 34.33 46.25 61.36 
50.77 45.05 48.79 62.35 43.47 32.12 51.9 50.5 32.57 47.69 55.57 47.31 52.28 42.3 0 13.95 11.28 9.53 29.69 14.92 
57.01 57.58 55.08 68.33 33.97 35.68 56.14 57.09 36.09 54.02 59.84 53.64 58.5 48.06 10.61 0 21.98 20.5 16.57 6.47 
46.81 43.15 46.28 59.55 47.28 27.02 45.99 46.8 27.5 45.18 48.4 44.8 49.8 38.09 6.56 16.34 0 7.42 35 17.49 
3.65 43.65 1.8 13 48.65 11.98 10.16 5.36 18.48 1.57 17.03 3.28 0 21.58 50.56 58.07 37.42 35.86 43.09 63.02 
23.76 30.69 20.34 31.81 69.49 9.91 30.4 6.94 15.37 18.46 36.42 22.14 16.98 0 48.82 55.28 35.9 34.33 46.25 61.36 
50.77 45.05 48.79 62.35 43.47 32.12 51.9 50.5 32.57 47.69 55.57 47.31 52.28 42.3 0 13.95 11.28 9.53 29.69 14.92 
57.01 57.58 55.08 68.33 33.97 35.68 56.14 57.09 36.09 54.02 59.84 53.64 58.5 48.06 10.61 0 21.98 20.5 16.57 6.47 
46.81 43.15 46.28 59.55 47.28 27.02 45.99 46.8 27.5 45.18 48.4 44.8 49.8 38.09 6.56 16.34 0 7.42 35 17.49 
40.35 36.14 38.28 52.26 49.14 26.58 46.12 40.01 27.92 37.15 50.52 36.92 41.88 32.97 8.3 18.02 0.59 0 36.55 19.16 
42.11 70.74 40.23 52.11 26.63 26.27 38.85 42.71 26.8 39.29 42 39.08 43.58 47.94 22.15 16.56 30.06 30.28 0 22.07 
60.6 55.5 58.71 71.96 33.48 42.62 64.48 60.42 42.77 57.65 69.1 57.26 62.12 52.32 9.38 7.84 19.73 18.04 21.98 0 
3.53 45.43 1.66 13.47 47.43 10.93 9.11 6.97 17.46 0 15.99 3.2 2.36 23.09 49.31 56.85 36.44 34.87 41.85 61.8 
10.63 60.43 10.8 4.02 34.65 20.57 4.09 21.54 26.83 12.14 0 9.43 16.31 36.43 60.65 67.97 47.73 45.85 50.51 66.79 
4.17 48.83 3.58 11.81 43.35 10.44 5.26 12.06 16.98 3.65 14.81 0 5.37 28.23 48.84 56.39 36.01 34.44 40.56 61.36 
3.65 43.65 1.8 13 48.65 11.98 10.16 5.36 18.48 1.57 17.03 3.28 0 21.58 50.56 58.07 37.42 35.86 43.09 63.02 
23.76 30.69 20.34 31.81 69.49 9.91 30.4 6.94 15.37 18.46 36.42 22.14 16.98 0 48.82 55.28 35.9 34.33 46.25 61.36 
50.77 45.05 48.79 62.35 43.47 32.12 51.9 50.5 32.57 47.69 55.57 47.31 52.28 42.3 0 13.95 11.28 9.53 29.69 14.92 
57.01 57.58 55.08 68.33 33.97 35.68 56.14 57.09 36.09 54.02 59.84 53.64 58.5 48.06 10.61 0 21.98 20.5 16.57 6.47 
46.81 43.15 46.28 59.55 47.28 27.02 45.99 46.8 27.5 45.18 48.4 44.8 49.8 38.09 6.56 16.34 0 7.42 35 17.49 
40.35 36.14 38.28 52.26 49.14 26.58 46.12 40.01 27.92 37.15 50.52 36.92 41.88 32.97 8.3 18.02 0.59 0 36.55 19.16 
42.11 70.74 40.23 52.11 26.63 26.27 38.85 42.71 26.8 39.29 42 39.08 43.58 47.94 22.15 16.56 30.06 30.28 0 22.07 
60.6 55.5 58.71 71.96 33.48 42.62 64.48 60.42 42.77 57.65 69.1 57.26 62.12 52.32 9.38 7.84 19.73 18.04 21.98 0 
40.35 36.14 38.28 52.26 49.14 26.58 46.12 40.01 27.92 37.15 50.52 36.92 41.88 32.97 8.3 18.02 0.59 0 36.55 19.16 
42.11 70.74 40.23 52.11 26.63 26.27 38.85 42.71 26.8 39.29 42 39.08 43.58 47.94 22.15 16.56 30.06 30.28 0 22.07 
60.6 55.5 58.71 71.96 33.48 42.62 64.48 60.42 42.77 57.65 69.1 57.26 62.12 52.32 9.38 7.84 19.73 18.04 21.98 0 
60.6 55.5 58.71 71.96 33.48 42.62 64.48 60.42 42.77 57.65 69.1 57.26 62.12 52.32 9.38 7.84 19.73 18.04 21.98 0 
Dimension>39
Bandera>13
Fitness Greedy Costo>347.58
Solucion Greedy Costo>2 9 12 11 0 6 10 3 0 7 13 5 8 0 17 16 14 15 0 4 20 18 19 0 1 0 0 0 0 0 0 0 0 0 0 0 0 0 0 
Linea Vacia>
Matriz de Costos>
0 50.13 1.81 10.62 46.09 15.01 8.3 12.02 21.42 3.48 14.02 5 4.76 27.53 53.47 60.88 40.38 38.52 46.09 65.78 
48.35 0 46.35 59.85 87.9 34.01 53.91 34.28 38.86 45.25 61.69 44.88 43.63 27.5 44.45 55.98 33.6 32.03 73.69 57.74 
1.89 46.62 0 10.66 46.19 11.51 8.34 8.2 18.02 1.69 13.53 3.27 3.04 24.24 49.98 57.5 36.97 35.41 42.52 62.46 
12.62 57.27 11.7 0 42.71 24.36 11.58 18.48 30.49 12.99 8.65 12.08 17.66 33.56 64.09 71.28 51.42 49.57 58.86 74.69 
42.11 88.23 42.3 41.61 0 53.06 37.86 57.16 53.15 44.92 32.37 39.01 49.51 76.51 40.32 33.48 52.2 50.34 23.66 27.89 
13.96 34.85 11.93 24.1 58.18 0 19.32 13.29 4.68 10.84 25.49 10.64 15.03 16.54 37.21 43.38 25.96 24.32 35.69 49.78 
6.3 55.38 6.47 10.78 39.36 16.56 0 18.14 22.93 8.13 7.69 4.39 12.34 34.62 53.38 58.02 42.02 40.11 40.65 65.19 
15.03 39.46 11.46 24.27 62.08 18.56 22.32 0 23.81 9.5 29.1 14.59 8 13.51 57.46 64.54 44.44 42.54 51.66 69.79 
Dimension>39
Bandera>13
Fitness Greedy Costo>347.58
Solucion Greedy Costo>2 9 12 11 0 6 10 3 0 7 13 5 8 0 17 16 14 15 0 4 20 18 19 0 1 0 0 0 0 0 0 0 0 0 0 0 0 0 0 
Linea Vacia>
Matriz de Costos>
Dimension>39
Bandera>13
Fitness Greedy Costo>347.58
Solucion Greedy Costo>2 9 12 11 0 6 10 3 0 7 13 5 8 0 17 16 14 15 0 4 20 18 19 0 1 0 0 0 0 0 0 0 0 0 0 0 0 0 0 
Linea Vacia>
Matriz de Costos>
0 50.13 1.81 10.62 46.09 15.01 8.3 12.02 21.42 3.48 14.02 5 4.76 27.53 53.47 60.88 40.38 38.52 46.09 65.78 
48.35 0 46.35 59.85 87.9 34.01 53.91 34.28 38.86 45.25 61.69 44.88 43.63 27.5 44.45 55.98 33.6 32.03 73.69 57.74 
1.89 46.62 0 10.66 46.19 11.51 8.34 8.2 18.02 1.69 13.53 3.27 3.04 24.24 49.98 57.5 36.97 35.41 42.52 62.46 
12.62 57.27 11.7 0 42.71 24.36 11.58 18.48 30.49 12.99 8.65 12.08 17.66 33.56 64.09 71.28 51.42 49.57 58.86 74.69 
42.11 88.23 42.3 41.61 0 53.06 37.86 57.16 53.15 44.92 32.37 39.01 49.51 76.51 40.32 33.48 52.2 50.34 23.66 27.89 
13.96 34.85 11.93 24.1 58.18 0 19.32 13.29 4.68 10.84 25.49 10.64 15.03 16.54 37.21 43.38 25.96 24.32 35.69 49.78 
6.3 55.38 6.47 10.78 39.36 16.56 0 18.14 22.93 8.13 7.69 4.39 12.34 34.62 53.38 58.02 42.02 40.11 40.65 65.19 
15.03 39.46 11.46 24.27 62.08 18.56 22.32 0 23.81 9.5 29.1 14.59 8 13.51 57.46 64.54 44.44 42.54 51.66 69.79 
16.22 35.34 14.21 26.28 58.09 0.9 21.54 15.57 0 13.14 27.66 12.94 17.29 18.78 35.4 43.33 24.05 22.4 35.91 47.62 
3.53 45.43 1.66 13.47 47.43 10.93 9.11 6.97 17.46 0 15.99 3.2 2.36 23.09 49.31 56.85 36.44 34.87 41.85 61.8 
16.22 35.34 14.21 26.28 58.09 0.9 21.54 15.57 0 13.14 27.66 12.94 17.29 18.78 35.4 43.33 24.05 22.4 35.91 47.62 
3.53 45.43 1.66 13.47 47.43 10.93 9.11 6.97 17.46 0 15.99 3.2 2.36 23.09 49.31 56.85 36.44 34.87 41.85 61.8 
10.63 60.43 10.8 4.02 34.65 20.57 4.09 21.54 26.83 12.14 0 9.43 16.31 36.43 60.65 67.97 47.73 45.85 50.51 66.79 
4.17 48.83 3.58 11.81 43.35 10.44 5.26 12.06 16.98 3.65 14.81 0 5.37 28.23 48.84 56.39 36.01 34.44 40.56 61.36 
3.65 43.65 1.8 13 48.65 11.98 10.16 5.36 18.48 1.57 17.03 3.28 0 21.58 50.56 58.07 37.42 35.86 43.09 63.02 
23.76 30.69 20.34 31.81 69.49 9.91 30.4 6.94 15.37 18.46 36.42 22.14 16.98 0 48.82 55.28 35.9 34.33 46.25 61.36 
50.77 45.05 48.79 62.35 43.47 32.12 51.9 50.5 32.57 47.69 55.57 47.31 52.28 42.3 0 13.95 11.28 9.53 29.69 14.92 
57.01 57.58 55.08 68.33 33.97 35.68 56.14 57.09 36.09 54.02 59.84 53.64 58.5 48.06 10.61 0 21.98 20.5 16.57 6.47 
46.81 43.15 46.28 59.55 47.28 27.02 45.99 46.8 27.5 45.18 48.4 44.8 49.8 38.09 6.56 16.34 0 7.42 35 17.49 
40.35 36.14 38.28 52.26 49.14 26.58 46.12 40.01 27.92 37.15 50.52 36.92 41.88 32.97 8.3 18.02 0.59 0 36.55 19.16 
42.11 70.74 40.23 52.11 26.63 26.27 38.85 42.71 26.8 39.29 42 39.08 43.58 47.94 22.15 16.56 30.06 30.28 0 22.07 
60.6 55.5 58.71 71.96 33.48 42.62 64.48 60.42 42.77 57.65 69.1 57.26 62.12 52.32 9.38 7.84 19.73 18.04 21.98 0 
Dimension>39
Bandera>13
Fitness Greedy Costo>347.58
Solucion Greedy Costo>2 9 12 11 0 6 10 3 0 7 13 5 8 0 17 16 14 15 0 4 20 18 19 0 1 0 0 0 0 0 0 0 0 0 0 0 0 0 0 
Linea Vacia>
10.63 60.43 10.8 4.02 34.65 20.57 4.09 21.54 26.83 12.14 0 9.43 16.31 36.43 60.65 67.97 47.73 45.85 50.51 66.79 
4.17 48.83 3.58 11.81 43.35 10.44 5.26 12.06 16.98 3.65 14.81 0 5.37 28.23 48.84 56.39 36.01 34.44 40.56 61.36 
3.65 43.65 1.8 13 48.65 11.98 10.16 5.36 18.48 1.57 17.03 3.28 0 21.58 50.56 58.07 37.42 35.86 43.09 63.02 
23.76 30.69 20.34 31.81 69.49 9.91 30.4 6.94 15.37 18.46 36.42 22.14 16.98 0 48.82 55.28 35.9 34.33 46.25 61.36 
50.77 45.05 48.79 62.35 43.47 32.12 51.9 50.5 32.57 47.69 55.57 47.31 52.28 42.3 0 13.95 11.28 9.53 29.69 14.92 
57.01 57.58 55.08 68.33 33.97 35.68 56.14 57.09 36.09 54.02 59.84 53.64 58.5 48.06 10.61 0 21.98 20.5 16.57 6.47 
46.81 43.15 46.28 59.55 47.28 27.02 45.99 46.8 27.5 45.18 48.4 44.8 49.8 38.09 6.56 16.34 0 7.42 35 17.49 
40.35 36.14 38.28 52.26 49.14 26.58 46.12 40.01 27.92 37.15 50.52 36.92 41.88 32.97 8.3 18.02 0.59 0 36.55 19.16 
42.11 70.74 40.23 52.11 26.63 26.27 38.85 42.71 26.8 39.29 42 39.08 43.58 47.94 22.15 16.56 30.06 30.28 0 22.07 
60.6 55.5 58.71 71.96 33.48 42.62 64.48 60.42 42.77 57.65 69.1 57.26 62.12 52.32 9.38 7.84 19.73 18.04 21.98 0 
0 50.13 1.81 10.62 46.09 15.01 8.3 12.02 21.42 3.48 14.02 5 4.76 27.53 53.47 60.88 40.38 38.52 46.09 65.78 
48.35 0 46.35 59.85 87.9 34.01 53.91 34.28 38.86 45.25 61.69 44.88 43.63 27.5 44.45 55.98 33.6 32.03 73.69 57.74 
1.89 46.62 0 10.66 46.19 11.51 8.34 8.2 18.02 1.69 13.53 3.27 3.04 24.24 49.98 57.5 36.97 35.41 42.52 62.46 
12.62 57.27 11.7 0 42.71 24.36 11.58 18.48 30.49 12.99 8.65 12.08 17.66 33.56 64.09 71.28 51.42 49.57 58.86 74.69 
42.11 88.23 42.3 41.61 0 53.06 37.86 57.16 53.15 44.92 32.37 39.01 49.51 76.51 40.32 33.48 52.2 50.34 23.66 27.89 
13.96 34.85 11.93 24.1 58.18 0 19.32 13.29 4.68 10.84 25.49 10.64 15.03 16.54 37.21 43.38 25.96 24.32 35.69 49.78 
6.3 55.38 6.47 10.78 39.36 16.56 0 18.14 22.93 8.13 7.69 4.39 12.34 34.62 53.38 58.02 42.02 40.11 40.65 65.19 
15.03 39.46 11.46 24.27 62.08 18.56 22.32 0 23.81 9.5 29.1 14.59 8 13.51 57.46 64.54 44.44 42.54 51.66 69.79 
16.22 35.34 14.21 26.28 58.09 0.9 21.54 15.57 0 13.14 27.66 12.94 17.29 18.78 35.4 43.33 24.05 22.4 35.91 47.62 
3.53 45.43 1.66 13.47 47.43 10.93 9.11 6.97 17.46 0 15.99 3.2 2.36 23.09 49.31 56.85 36.44 34.87 41.85 61.8 
10.63 60.43 10.8 4.02 34.65 20.57 4.09 21.54 26.83 12.14 0 9.43 16.31 36.43 60.65 67.97 47.73 45.85 50.51 66.79 
4.17 48.83 3.58 11.81 43.35 10.44 5.26 12.06 16.98 3.65 14.81 0 5.37 28.23 48.84 56.39 36.01 34.44 40.56 61.36 
3.65 43.65 1.8 13 48.65 11.98 10.16 5.36 18.48 1.57 17.03 3.28 0 21.58 50.56 58.07 37.42 35.86 43.09 63.02 
23.76 30.69 20.34 31.81 69.49 9.91 30.4 6.94 15.37 18.46 36.42 22.14 16.98 0 48.82 55.28 35.9 34.33 46.25 61.36 
50.77 45.05 48.79 62.35 43.47 32.12 51.9 50.5 32.57 47.69 55.57 47.31 52.28 42.3 0 13.95 11.28 9.53 29.69 14.92 
57.01 57.58 55.08 68.33 33.97 35.68 56.14 57.09 36.09 54.02 59.84 53.64 58.5 48.06 10.61 0 21.98 20.5 16.57 6.47 
46.81 43.15 46.28 59.55 47.28 27.02 45.99 46.8 27.5 45.18 48.4 44.8 49.8 38.09 6.56 16.34 0 7.42 35 17.49 
40.35 36.14 38.28 52.26 49.14 26.58 46.12 40.01 27.92 37.15 50.52 36.92 41.88 32.97 8.3 18.02 0.59 0 36.55 19.16 
42.11 70.74 40.23 52.11 26.63 26.27 38.85 42.71 26.8 39.29 42 39.08 43.58 47.94 22.15 16.56 30.06 30.28 0 22.07 
60.6 55.5 58.71 71.96 33.48 42.62 64.48 60.42 42.77 57.65 69.1 57.26 62.12 52.32 9.38 7.84 19.73 18.04 21.98 0 
Matriz de Costos>
0 50.13 1.81 10.62 46.09 15.01 8.3 12.02 21.42 3.48 14.02 5 4.76 27.53 53.47 60.88 40.38 38.52 46.09 65.78 
48.35 0 46.35 59.85 87.9 34.01 53.91 34.28 38.86 45.25 61.69 44.88 43.63 27.5 44.45 55.98 33.6 32.03 73.69 57.74 
1.89 46.62 0 10.66 46.19 11.51 8.34 8.2 18.02 1.69 13.53 3.27 3.04 24.24 49.98 57.5 36.97 35.41 42.52 62.46 
12.62 57.27 11.7 0 42.71 24.36 11.58 18.48 30.49 12.99 8.65 12.08 17.66 33.56 64.09 71.28 51.42 49.57 58.86 74.69 
42.11 88.23 42.3 41.61 0 53.06 37.86 57.16 53.15 44.92 32.37 39.01 49.51 76.51 40.32 33.48 52.2 50.34 23.66 27.89 
13.96 34.85 11.93 24.1 58.18 0 19.32 13.29 4.68 10.84 25.49 10.64 15.03 16.54 37.21 43.38 25.96 24.32 35.69 49.78 
6.3 55.38 6.47 10.78 39.36 16.56 0 18.14 22.93 8.13 7.69 4.39 12.34 34.62 53.38 58.02 42.02 40.11 40.65 65.19 
15.03 39.46 11.46 24.27 62.08 18.56 22.32 0 23.81 9.5 29.1 14.59 8 13.51 57.46 64.54 44.44 42.54 51.66 69.79 
16.22 35.34 14.21 26.28 58.09 0.9 21.54 15.57 0 13.14 27.66 12.94 17.29 18.78 35.4 43.33 24.05 22.4 35.91 47.62 
3.53 45.43 1.66 13.47 47.43 10.93 9.11 6.97 17.46 0 15.99 3.2 2.36 23.09 49.31 56.85 36.44 34.87 41.85 61.8 
10.63 60.43 10.8 4.02 34.65 20.57 4.09 21.54 26.83 12.14 0 9.43 16.31 36.43 60.65 67.97 47.73 45.85 50.51 66.79 
Dimension>39
Bandera>13
Fitness Greedy Costo>347.58
Solucion Greedy Costo>2 9 12 11 0 6 10 3 0 7 13 5 8 0 17 16 14 15 0 4 20 18 19 0 1 0 0 0 0 0 0 0 0 0 0 0 0 0 0 
Linea Vacia>
Matriz de Costos>
0 50.13 1.81 10.62 46.09 15.01 8.3 12.02 21.42 3.48 14.02 5 4.76 27.53 53.47 60.88 40.38 38.52 46.09 65.78 
48.35 0 46.35 59.85 87.9 34.01 53.91 34.28 38.86 45.25 61.69 44.88 43.63 27.5 44.45 55.98 33.6 32.03 73.69 57.74 
1.89 46.62 0 10.66 46.19 11.51 8.34 8.2 18.02 1.69 13.53 3.27 3.04 24.24 49.98 57.5 36.97 35.41 42.52 62.46 
12.62 57.27 11.7 0 42.71 24.36 11.58 18.48 30.49 12.99 8.65 12.08 17.66 33.56 64.09 71.28 51.42 49.57 58.86 74.69 
Dimension>39
Bandera>13
Fitness Greedy Costo>347.58
Solucion Greedy Costo>2 9 12 11 0 6 10 3 0 7 13 5 8 0 17 16 14 15 0 4 20 18 19 0 1 0 0 0 0 0 0 0 0 0 0 0 0 0 0 
Linea Vacia>
Matriz de Costos>
0 50.13 1.81 10.62 46.09 15.01 8.3 12.02 21.42 3.48 14.02 5 4.76 27.53 53.47 60.88 40.38 38.52 46.09 65.78 
48.35 0 46.35 59.85 87.9 34.01 53.91 34.28 38.86 45.25 61.69 44.88 43.63 27.5 44.45 55.98 33.6 32.03 73.69 57.74 
1.89 46.62 0 10.66 46.19 11.51 8.34 8.2 18.02 1.69 13.53 3.27 3.04 24.24 49.98 57.5 36.97 35.41 42.52 62.46 
4.17 48.83 3.58 11.81 43.35 10.44 5.26 12.06 16.98 3.65 14.81 0 5.37 28.23 48.84 56.39 36.01 34.44 40.56 61.36 
3.65 43.65 1.8 13 48.65 11.98 10.16 5.36 18.48 1.57 17.03 3.28 0 21.58 50.56 58.07 37.42 35.86 43.09 63.02 
23.76 30.69 20.34 31.81 69.49 9.91 30.4 6.94 15.37 18.46 36.42 22.14 16.98 0 48.82 55.28 35.9 34.33 46.25 61.36 
50.77 45.05 48.79 62.35 43.47 32.12 51.9 50.5 32.57 47.69 55.57 47.31 52.28 42.3 0 13.95 11.28 9.53 29.69 14.92 
57.01 57.58 55.08 68.33 33.97 35.68 56.14 57.09 36.09 54.02 59.84 53.64 58.5 48.06 10.61 0 21.98 20.5 16.57 6.47 
46.81 43.15 46.28 59.55 47.28 27.02 45.99 46.8 27.5 45.18 48.4 44.8 49.8 38.09 6.56 16.34 0 7.42 35 17.49 
40.35 36.14 38.28 52.26 49.14 26.58 46.12 40.01 27.92 37.15 50.52 36.92 41.88 32.97 8.3 18.02 0.59 0 36.55 19.16 
42.11 70.74 40.23 52.11 26.63 26.27 38.85 42.71 26.8 39.29 42 39.08 43.58 47.94 22.15 16.56 30.06 30.28 0 22.07 
42.11 88.23 42.3 41.61 0 53.06 37.86 57.16 53.15 44.92 32.37 39.01 49.51 76.51 40.32 33.48 52.2 50.34 23.66 27.89 
13.96 34.85 11.93 24.1 58.18 0 19.32 13.29 4.68 10.84 25.49 10.64 15.03 16.54 37.21 43.38 25.96 24.32 35.69 49.78 
6.3 55.38 6.47 10.78 39.36 16.56 0 18.14 22.93 8.13 7.69 4.39 12.34 34.62 53.38 58.02 42.02 40.11 40.65 65.19 
15.03 39.46 11.46 24.27 62.08 18.56 22.32 0 23.81 9.5 29.1 14.59 8 13.51 57.46 64.54 44.44 42.54 51.66 69.79 
16.22 35.34 14.21 26.28 58.09 0.9 21.54 15.57 0 13.14 27.66 12.94 17.29 18.78 35.4 43.33 24.05 22.4 35.91 47.62 
3.53 45.43 1.66 13.47 47.43 10.93 9.11 6.97 17.46 0 15.99 3.2 2.36 23.09 49.31 56.85 36.44 34.87 41.85 61.8 
10.63 60.43 10.8 4.02 34.65 20.57 4.09 21.54 26.83 12.14 0 9.43 16.31 36.43 60.65 67.97 47.73 45.85 50.51 66.79 
4.17 48.83 3.58 11.81 43.35 10.44 5.26 12.06 16.98 3.65 14.81 0 5.37 28.23 48.84 56.39 36.01 34.44 40.56 61.36 
3.65 43.65 1.8 13 48.65 11.98 10.16 5.36 18.48 1.57 17.03 3.28 0 21.58 50.56 58.07 37.42 35.86 43.09 63.02 
23.76 30.69 20.34 31.81 69.49 9.91 30.4 6.94 15.37 18.46 36.42 22.14 16.98 0 48.82 55.28 35.9 34.33 46.25 61.36 
12.62 57.27 11.7 0 42.71 24.36 11.58 18.48 30.49 12.99 8.65 12.08 17.66 33.56 64.09 71.28 51.42 49.57 58.86 74.69 
42.11 88.23 42.3 41.61 0 53.06 37.86 57.16 53.15 44.92 32.37 39.01 49.51 76.51 40.32 33.48 52.2 50.34 23.66 27.89 
13.96 34.85 11.93 24.1 58.18 0 19.32 13.29 4.68 10.84 25.49 10.64 15.03 16.54 37.21 43.38 25.96 24.32 35.69 49.78 
6.3 55.38 6.47 10.78 39.36 16.56 0 18.14 22.93 8.13 7.69 4.39 12.34 34.62 53.38 58.02 42.02 40.11 40.65 65.19 
15.03 39.46 11.46 24.27 62.08 18.56 22.32 0 23.81 9.5 29.1 14.59 8 13.51 57.46 64.54 44.44 42.54 51.66 69.79 
16.22 35.34 14.21 26.28 58.09 0.9 21.54 15.57 0 13.14 27.66 12.94 17.29 18.78 35.4 43.33 24.05 22.4 35.91 47.62 
3.53 45.43 1.66 13.47 47.43 10.93 9.11 6.97 17.46 0 15.99 3.2 2.36 23.09 49.31 56.85 36.44 34.87 41.85 61.8 
10.63 60.43 10.8 4.02 34.65 20.57 4.09 21.54 26.83 12.14 0 9.43 16.31 36.43 60.65 67.97 47.73 45.85 50.51 66.79 
4.17 48.83 3.58 11.81 43.35 10.44 5.26 12.06 16.98 3.65 14.81 0 5.37 28.23 48.84 56.39 36.01 34.44 40.56 61.36 
3.65 43.65 1.8 13 48.65 11.98 10.16 5.36 18.48 1.57 17.03 3.28 0 21.58 50.56 58.07 37.42 35.86 43.09 63.02 
23.76 30.69 20.34 31.81 69.49 9.91 30.4 6.94 15.37 18.46 36.42 22.14 16.98 0 48.82 55.28 35.9 34.33 46.25 61.36 
60.6 55.5 58.71 71.96 33.48 42.62 64.48 60.42 42.77 57.65 69.1 57.26 62.12 52.32 9.38 7.84 19.73 18.04 21.98 0 
50.77 45.05 48.79 62.35 43.47 32.12 51.9 50.5 32.57 47.69 55.57 47.31 52.28 42.3 0 13.95 11.28 9.53 29.69 14.92 
57.01 57.58 55.08 68.33 33.97 35.68 56.14 57.09 36.09 54.02 59.84 53.64 58.5 48.06 10.61 0 21.98 20.5 16.57 6.47 
46.81 43.15 46.28 59.55 47.28 27.02 45.99 46.8 27.5 45.18 48.4 44.8 49.8 38.09 6.56 16.34 0 7.42 35 17.49 
40.35 36.14 38.28 52.26 49.14 26.58 46.12 40.01 27.92 37.15 50.52 36.92 41.88 32.97 8.3 18.02 0.59 0 36.55 19.16 
42.11 70.74 40.23 52.11 26.63 26.27 38.85 42.71 26.8 39.29 42 39.08 43.58 47.94 22.15 16.56 30.06 30.28 0 22.07 
60.6 55.5 58.71 71.96 33.48 42.62 64.48 60.42 42.77 57.65 69.1 57.26 62.12 52.32 9.38 7.84 19.73 18.04 21.98 0 
50.77 45.05 48.79 62.35 43.47 32.12 51.9 50.5 32.57 47.69 55.57 47.31 52.28 42.3 0 13.95 11.28 9.53 29.69 14.92 
57.01 57.58 55.08 68.33 33.97 35.68 56.14 57.09 36.09 54.02 59.84 53.64 58.5 48.06 10.61 0 21.98 20.5 16.57 6.47 
46.81 43.15 46.28 59.55 47.28 27.02 45.99 46.8 27.5 45.18 48.4 44.8 49.8 38.09 6.56 16.34 0 7.42 35 17.49 
40.35 36.14 38.28 52.26 49.14 26.58 46.12 40.01 27.92 37.15 50.52 36.92 41.88 32.97 8.3 18.02 0.59 0 36.55 19.16 
42.11 70.74 40.23 52.11 26.63 26.27 38.85 42.71 26.8 39.29 42 39.08 43.58 47.94 22.15 16.56 30.06 30.28 0 22.07 
60.6 55.5 58.71 71.96 33.48 42.62 64.48 60.42 42.77 57.65 69.1 57.26 62.12 52.32 9.38 7.84 19.73 18.04 21.98 0 
Dimension>39
Bandera>13
Fitness Greedy Costo>347.58
Solucion Greedy Costo>2 9 12 11 0 6 10 3 0 7 13 5 8 0 17 16 14 15 0 4 20 18 19 0 1 0 0 0 0 0 0 0 0 0 0 0 0 0 0 
Linea Vacia>
Dimension>39
Bandera>13
Fitness Greedy Costo>347.58
Solucion Greedy Costo>2 9 12 11 0 6 10 3 0 7 13 5 8 0 17 16 14 15 0 4 20 18 19 0 1 0 0 0 0 0 0 0 0 0 0 0 0 0 0 
Linea Vacia>
Dimension>39
Bandera>13
Fitness Greedy Costo>347.58
Solucion Greedy Costo>2 9 12 11 0 6 10 3 0 7 13 5 8 0 17 16 14 15 0 4 20 18 19 0 1 0 0 0 0 0 0 0 0 0 0 0 0 0 0 
Linea Vacia>
Dimension>39
Bandera>13
Fitness Greedy Costo>347.58
Solucion Greedy Costo>2 9 12 11 0 6 10 3 0 7 13 5 8 0 17 16 14 15 0 4 20 18 19 0 1 0 0 0 0 0 0 0 0 0 0 0 0 0 0 
Linea Vacia>
Matriz de Costos>
0 50.13 1.81 10.62 46.09 15.01 8.3 12.02 21.42 3.48 14.02 5 4.76 27.53 53.47 60.88 40.38 38.52 46.09 65.78 
48.35 0 46.35 59.85 87.9 34.01 53.91 34.28 38.86 45.25 61.69 44.88 43.63 27.5 44.45 55.98 33.6 32.03 73.69 57.74 
1.89 46.62 0 10.66 46.19 11.51 8.34 8.2 18.02 1.69 13.53 3.27 3.04 24.24 49.98 57.5 36.97 35.41 42.52 62.46 
12.62 57.27 11.7 0 42.71 24.36 11.58 18.48 30.49 12.99 8.65 12.08 17.66 33.56 64.09 71.28 51.42 49.57 58.86 74.69 
Matriz de Costos>
0 50.13 1.81 10.62 46.09 15.01 8.3 12.02 21.42 3.48 14.02 5 4.76 27.53 53.47 60.88 40.38 38.52 46.09 65.78 
48.35 0 46.35 59.85 87.9 34.01 53.91 34.28 38.86 45.25 61.69 44.88 43.63 27.5 44.45 55.98 33.6 32.03 73.69 57.74 
1.89 46.62 0 10.66 46.19 11.51 8.34 8.2 18.02 1.69 13.53 3.27 3.04 24.24 49.98 57.5 36.97 35.41 42.52 62.46 
12.62 57.27 11.7 0 42.71 24.36 11.58 18.48 30.49 12.99 8.65 12.08 17.66 33.56 64.09 71.28 51.42 49.57 58.86 74.69 
42.11 88.23 42.3 41.61 0 53.06 37.86 57.16 53.15 44.92 32.37 39.01 49.51 76.51 40.32 33.48 52.2 50.34 23.66 27.89 
13.96 34.85 11.93 24.1 58.18 0 19.32 13.29 4.68 10.84 25.49 10.64 15.03 16.54 37.21 43.38 25.96 24.32 35.69 49.78 
6.3 55.38 6.47 10.78 39.36 16.56 0 18.14 22.93 8.13 7.69 4.39 12.34 34.62 53.38 58.02 42.02 40.11 40.65 65.19 
15.03 39.46 11.46 24.27 62.08 18.56 22.32 0 23.81 9.5 29.1 14.59 8 13.51 57.46 64.54 44.44 42.54 51.66 69.79 
16.22 35.34 14.21 26.28 58.09 0.9 21.54 15.57 0 13.14 27.66 12.94 17.29 18.78 35.4 43.33 24.05 22.4 35.91 47.62 
3.53 45.43 1.66 13.47 47.43 10.93 9.11 6.97 17.46 0 15.99 3.2 2.36 23.09 49.31 56.85 36.44 34.87 41.85 61.8 
10.63 60.43 10.8 4.02 34.65 20.57 4.09 21.54 26.83 12.14 0 9.43 16.31 36.43 60.65 67.97 47.73 45.85 50.51 66.79 
4.17 48.83 3.58 11.81 43.35 10.44 5.26 12.06 16.98 3.65 14.81 0 5.37 28.23 48.84 56.39 36.01 34.44 40.56 61.36 
Dimension>39
Bandera>13
Fitness Greedy Costo>347.58
Solucion Greedy Costo>2 9 12 11 0 6 10 3 0 7 13 5 8 0 17 16 14 15 0 4 20 18 19 0 1 0 0 0 0 0 0 0 0 0 0 0 0 0 0 
Linea Vacia>
42.11 88.23 42.3 41.61 0 53.06 37.86 57.16 53.15 44.92 32.37 39.01 49.51 76.51 40.32 33.48 52.2 50.34 23.66 27.89 
13.96 34.85 11.93 24.1 58.18 0 19.32 13.29 4.68 10.84 25.49 10.64 15.03 16.54 37.21 43.38 25.96 24.32 35.69 49.78 
6.3 55.38 6.47 10.78 39.36 16.56 0 18.14 22.93 8.13 7.69 4.39 12.34 34.62 53.38 58.02 42.02 40.11 40.65 65.19 
3.65 43.65 1.8 13 48.65 11.98 10.16 5.36 18.48 1.57 17.03 3.28 0 21.58 50.56 58.07 37.42 35.86 43.09 63.02 
23.76 30.69 20.34 31.81 69.49 9.91 30.4 6.94 15.37 18.46 36.42 22.14 16.98 0 48.82 55.28 35.9 34.33 46.25 61.36 
50.77 45.05 48.79 62.35 43.47 32.12 51.9 50.5 32.57 47.69 55.57 47.31 52.28 42.3 0 13.95 11.28 9.53 29.69 14.92 
57.01 57.58 55.08 68.33 33.97 35.68 56.14 57.09 36.09 54.02 59.84 53.64 58.5 48.06 10.61 0 21.98 20.5 16.57 6.47 
46.81 43.15 46.28 59.55 47.28 27.02 45.99 46.8 27.5 45.18 48.4 44.8 49.8 38.09 6.56 16.34 0 7.42 35 17.49 
40.35 36.14 38.28 52.26 49.14 26.58 46.12 40.01 27.92 37.15 50.52 36.92 41.88 32.97 8.3 18.02 0.59 0 36.55 19.16 
Matriz de Costos>
0 50.13 1.81 10.62 46.09 15.01 8.3 12.02 21.42 3.48 14.02 5 4.76 27.53 53.47 60.88 40.38 38.52 46.09 65.78 
48.35 0 46.35 59.85 87.9 34.01 53.91 34.28 38.86 45.25 61.69 44.88 43.63 27.5 44.45 55.98 33.6 32.03 73.69 57.74 
1.89 46.62 0 10.66 46.19 11.51 8.34 8.2 18.02 1.69 13.53 3.27 3.04 24.24 49.98 57.5 36.97 35.41 42.52 62.46 
12.62 57.27 11.7 0 42.71 24.36 11.58 18.48 30.49 12.99 8.65 12.08 17.66 33.56 64.09 71.28 51.42 49.57 58.86 74.69 
42.11 88.23 42.3 41.61 0 53.06 37.86 57.16 53.15 44.92 32.37 39.01 49.51 76.51 40.32 33.48 52.2 50.34 23.66 27.89 
15.03 39.46 11.46 24.27 62.08 18.56 22.32 0 23.81 9.5 29.1 14.59 8 13.51 57.46 64.54 44.44 42.54 51.66 69.79 
16.22 35.34 14.21 26.28 58.09 0.9 21.54 15.57 0 13.14 27.66 12.94 17.29 18.78 35.4 43.33 24.05 22.4 35.91 47.62 
3.53 45.43 1.66 13.47 47.43 10.93 9.11 6.97 17.46 0 15.99 3.2 2.36 23.09 49.31 56.85 36.44 34.87 41.85 61.8 
10.63 60.43 10.8 4.02 34.65 20.57 4.09 21.54 26.83 12.14 0 9.43 16.31 36.43 60.65 67.97 47.73 45.85 50.51 66.79 
42.11 70.74 40.23 52.11 26.63 26.27 38.85 42.71 26.8 39.29 42 39.08 43.58 47.94 22.15 16.56 30.06 30.28 0 22.07 
60.6 55.5 58.71 71.96 33.48 42.62 64.48 60.42 42.77 57.65 69.1 57.26 62.12 52.32 9.38 7.84 19.73 18.04 21.98 0 
13.96 34.85 11.93 24.1 58.18 0 19.32 13.29 4.68 10.84 25.49 10.64 15.03 16.54 37.21 43.38 25.96 24.32 35.69 49.78 
6.3 55.38 6.47 10.78 39.36 16.56 0 18.14 22.93 8.13 7.69 4.39 12.34 34.62 53.38 58.02 42.02 40.11 40.65 65.19 
15.03 39.46 11.46 24.27 62.08 18.56 22.32 0 23.81 9.5 29.1 14.59 8 13.51 57.46 64.54 44.44 42.54 51.66 69.79 
16.22 35.34 14.21 26.28 58.09 0.9 21.54 15.57 0 13.14 27.66 12.94 17.29 18.78 35.4 43.33 24.05 22.4 35.91 47.62 
3.53 45.43 1.66 13.47 47.43 10.93 9.11 6.97 17.46 0 15.99 3.2 2.36 23.09 49.31 56.85 36.44 34.87 41.85 61.8 
10.63 60.43 10.8 4.02 34.65 20.57 4.09 21.54 26.83 12.14 0 9.43 16.31 36.43 60.65 67.97 47.73 45.85 50.51 66.79 
Matriz de Costos>
0 50.13 1.81 10.62 46.09 15.01 8.3 12.02 21.42 3.48 14.02 5 4.76 27.53 53.47 60.88 40.38 38.52 46.09 65.78 
48.35 0 46.35 59.85 87.9 34.01 53.91 34.28 38.86 45.25 61.69 44.88 43.63 27.5 44.45 55.98 33.6 32.03 73.69 57.74 
1.89 46.62 0 10.66 46.19 11.51 8.34 8.2 18.02 1.69 13.53 3.27 3.04 24.24 49.98 57.5 36.97 35.41 42.52 62.46 
12.62 57.27 11.7 0 42.71 24.36 11.58 18.48 30.49 12.99 8.65 12.08 17.66 33.56 64.09 71.28 51.42 49.57 58.86 74.69 
42.11 88.23 42.3 41.61 0 53.06 37.86 57.16 53.15 44.92 32.37 39.01 49.51 76.51 40.32 33.48 52.2 50.34 23.66 27.89 
13.96 34.85 11.93 24.1 58.18 0 19.32 13.29 4.68 10.84 25.49 10.64 15.03 16.54 37.21 43.38 25.96 24.32 35.69 49.78 
6.3 55.38 6.47 10.78 39.36 16.56 0 18.14 22.93 8.13 7.69 4.39 12.34 34.62 53.38 58.02 42.02 40.11 40.65 65.19 
15.03 39.46 11.46 24.27 62.08 18.56 22.32 0 23.81 9.5 29.1 14.59 8 13.51 57.46 64.54 44.44 42.54 51.66 69.79 
Matriz de Costos>
0 50.13 1.81 10.62 46.09 15.01 8.3 12.02 21.42 3.48 14.02 5 4.76 27.53 53.47 60.88 40.38 38.52 46.09 65.78 
48.35 0 46.35 59.85 87.9 34.01 53.91 34.28 38.86 45.25 61.69 44.88 43.63 27.5 44.45 55.98 33.6 32.03 73.69 57.74 
1.89 46.62 0 10.66 46.19 11.51 8.34 8.2 18.02 1.69 13.53 3.27 3.04 24.24 49.98 57.5 36.97 35.41 42.52 62.46 
12.62 57.27 11.7 0 42.71 24.36 11.58 18.48 30.49 12.99 8.65 12.08 17.66 33.56 64.09 71.28 51.42 49.57 58.86 74.69 
4.17 48.83 3.58 11.81 43.35 10.44 5.26 12.06 16.98 3.65 14.81 0 5.37 28.23 48.84 56.39 36.01 34.44 40.56 61.36 
3.65 43.65 1.8 13 48.65 11.98 10.16 5.36 18.48 1.57 17.03 3.28 0 21.58 50.56 58.07 37.42 35.86 43.09 63.02 
23.76 30.69 20.34 31.81 69.49 9.91 30.4 6.94 15.37 18.46 36.42 22.14 16.98 0 48.82 55.28 35.9 34.33 46.25 61.36 
50.77 45.05 48.79 62.35 43.47 32.12 51.9 50.5 32.57 47.69 55.57 47.31 52.28 42.3 0 13.95 11.28 9.53 29.69 14.92 
4.17 48.83 3.58 11.81 43.35 10.44 5.26 12.06 16.98 3.65 14.81 0 5.37 28.23 48.84 56.39 36.01 34.44 40.56 61.36 
3.65 43.65 1.8 13 48.65 11.98 10.16 5.36 18.48 1.57 17.03 3.28 0 21.58 50.56 58.07 37.42 35.86 43.09 63.02 
23.76 30.69 20.34 31.81 69.49 9.91 30.4 6.94 15.37 18.46 36.42 22.14 16.98 0 48.82 55.28 35.9 34.33 46.25 61.36 
50.77 45.05 48.79 62.35 43.47 32.12 51.9 50.5 32.57 47.69 55.57 47.31 52.28 42.3 0 13.95 11.28 9.53 29.69 14.92 
57.01 57.58 55.08 68.33 33.97 35.68 56.14 57.09 36.09 54.02 59.84 53.64 58.5 48.06 10.61 0 21.98 20.5 16.57 6.47 
16.22 35.34 14.21 26.28 58.09 0.9 21.54 15.57 0 13.14 27.66 12.94 17.29 18.78 35.4 43.33 24.05 22.4 35.91 47.62 
3.53 45.43 1.66 13.47 47.43 10.93 9.11 6.97 17.46 0 15.99 3.2 2.36 23.09 49.31 56.85 36.44 34.87 41.85 61.8 
10.63 60.43 10.8 4.02 34.65 20.57 4.09 21.54 26.83 12.14 0 9.43 16.31 36.43 60.65 67.97 47.73 45.85 50.51 66.79 
4.17 48.83 3.58 11.81 43.35 10.44 5.26 12.06 16.98 3.65 14.81 0 5.37 28.23 48.84 56.39 36.01 34.44 40.56 61.36 
3.65 43.65 1.8 13 48.65 11.98 10.16 5.36 18.48 1.57 17.03 3.28 0 21.58 50.56 58.07 37.42 35.86 43.09 63.02 
23.76 30.69 20.34 31.81 69.49 9.91 30.4 6.94 15.37 18.46 36.42 22.14 16.98 0 48.82 55.28 35.9 34.33 46.25 61.36 
50.77 45.05 48.79 62.35 43.47 32.12 51.9 50.5 32.57 47.69 55.57 47.31 52.28 42.3 0 13.95 11.28 9.53 29.69 14.92 
57.01 57.58 55.08 68.33 33.97 35.68 56.14 57.09 36.09 54.02 59.84 53.64 58.5 48.06 10.61 0 21.98 20.5 16.57 6.47 
42.11 88.23 42.3 41.61 0 53.06 37.86 57.16 53.15 44.92 32.37 39.01 49.51 76.51 40.32 33.48 52.2 50.34 23.66 27.89 
13.96 34.85 11.93 24.1 58.18 0 19.32 13.29 4.68 10.84 25.49 10.64 15.03 16.54 37.21 43.38 25.96 24.32 35.69 49.78 
6.3 55.38 6.47 10.78 39.36 16.56 0 18.14 22.93 8.13 7.69 4.39 12.34 34.62 53.38 58.02 42.02 40.11 40.65 65.19 
Dimension>39
Bandera>13
Fitness Greedy Costo>347.58
Solucion Greedy Costo>2 9 12 11 0 6 10 3 0 7 13 5 8 0 17 16 14 15 0 4 20 18 19 0 1 0 0 0 0 0 0 0 0 0 0 0 0 0 0 
Linea Vacia>
57.01 57.58 55.08 68.33 33.97 35.68 56.14 57.09 36.09 54.02 59.84 53.64 58.5 48.06 10.61 0 21.98 20.5 16.57 6.47 
46.81 43.15 46.28 59.55 47.28 27.02 45.99 46.8 27.5 45.18 48.4 44.8 49.8 38.09 6.56 16.34 0 7.42 35 17.49 
40.35 36.14 38.28 52.26 49.14 26.58 46.12 40.01 27.92 37.15 50.52 36.92 41.88 32.97 8.3 18.02 0.59 0 36.55 19.16 
46.81 43.15 46.28 59.55 47.28 27.02 45.99 46.8 27.5 45.18 48.4 44.8 49.8 38.09 6.56 16.34 0 7.42 35 17.49 
40.35 36.14 38.28 52.26 49.14 26.58 46.12 40.01 27.92 37.15 50.52 36.92 41.88 32.97 8.3 18.02 0.59 0 36.55 19.16 
42.11 70.74 40.23 52.11 26.63 26.27 38.85 42.71 26.8 39.29 42 39.08 43.58 47.94 22.15 16.56 30.06 30.28 0 22.07 
60.6 55.5 58.71 71.96 33.48 42.62 64.48 60.42 42.77 57.65 69.1 57.26 62.12 52.32 9.38 7.84 19.73 18.04 21.98 0 
46.81 43.15 46.28 59.55 47.28 27.02 45.99 46.8 27.5 45.18 48.4 44.8 49.8 38.09 6.56 16.34 0 7.42 35 17.49 
40.35 36.14 38.28 52.26 49.14 26.58 46.12 40.01 27.92 37.15 50.52 36.92 41.88 32.97 8.3 18.02 0.59 0 36.55 19.16 
42.11 70.74 40.23 52.11 26.63 26.27 38.85 42.71 26.8 39.29 42 39.08 43.58 47.94 22.15 16.56 30.06 30.28 0 22.07 
60.6 55.5 58.71 71.96 33.48 42.62 64.48 60.42 42.77 57.65 69.1 57.26 62.12 52.32 9.38 7.84 19.73 18.04 21.98 0 
15.03 39.46 11.46 24.27 62.08 18.56 22.32 0 23.81 9.5 29.1 14.59 8 13.51 57.46 64.54 44.44 42.54 51.66 69.79 
16.22 35.34 14.21 26.28 58.09 0.9 21.54 15.57 0 13.14 27.66 12.94 17.29 18.78 35.4 43.33 24.05 22.4 35.91 47.62 
3.53 45.43 1.66 13.47 47.43 10.93 9.11 6.97 17.46 0 15.99 3.2 2.36 23.09 49.31 56.85 36.44 34.87 41.85 61.8 
10.63 60.43 10.8 4.02 34.65 20.57 4.09 21.54 26.83 12.14 0 9.43 16.31 36.43 60.65 67.97 47.73 45.85 50.51 66.79 
42.11 70.74 40.23 52.11 26.63 26.27 38.85 42.71 26.8 39.29 42 39.08 43.58 47.94 22.15 16.56 30.06 30.28 0 22.07 
60.6 55.5 58.71 71.96 33.48 42.62 64.48 60.42 42.77 57.65 69.1 57.26 62.12 52.32 9.38 7.84 19.73 18.04 21.98 0 
Dimension>39
Bandera>13
Fitness Greedy Costo>347.58
Solucion Greedy Costo>2 9 12 11 0 6 10 3 0 7 13 5 8 0 17 16 14 15 0 4 20 18 19 0 1 0 0 0 0 0 0 0 0 0 0 0 0 0 0 
Linea Vacia>
4.17 48.83 3.58 11.81 43.35 10.44 5.26 12.06 16.98 3.65 14.81 0 5.37 28.23 48.84 56.39 36.01 34.44 40.56 61.36 
3.65 43.65 1.8 13 48.65 11.98 10.16 5.36 18.48 1.57 17.03 3.28 0 21.58 50.56 58.07 37.42 35.86 43.09 63.02 
23.76 30.69 20.34 31.81 69.49 9.91 30.4 6.94 15.37 18.46 36.42 22.14 16.98 0 48.82 55.28 35.9 34.33 46.25 61.36 
50.77 45.05 48.79 62.35 43.47 32.12 51.9 50.5 32.57 47.69 55.57 47.31 52.28 42.3 0 13.95 11.28 9.53 29.69 14.92 
57.01 57.58 55.08 68.33 33.97 35.68 56.14 57.09 36.09 54.02 59.84 53.64 58.5 48.06 10.61 0 21.98 20.5 16.57 6.47 
46.81 43.15 46.28 59.55 47.28 27.02 45.99 46.8 27.5 45.18 48.4 44.8 49.8 38.09 6.56 16.34 0 7.42 35 17.49 
40.35 36.14 38.28 52.26 49.14 26.58 46.12 40.01 27.92 37.15 50.52 36.92 41.88 32.97 8.3 18.02 0.59 0 36.55 19.16 
42.11 70.74 40.23 52.11 26.63 26.27 38.85 42.71 26.8 39.29 42 39.08 43.58 47.94 22.15 16.56 30.06 30.28 0 22.07 
60.6 55.5 58.71 71.96 33.48 42.62 64.48 60.42 42.77 57.65 69.1 57.26 62.12 52.32 9.38 7.84 19.73 18.04 21.98 0 
Matriz de Costos>
0 50.13 1.81 10.62 46.09 15.01 8.3 12.02 21.42 3.48 14.02 5 4.76 27.53 53.47 60.88 40.38 38.52 46.09 65.78 
48.35 0 46.35 59.85 87.9 34.01 53.91 34.28 38.86 45.25 61.69 44.88 43.63 27.5 44.45 55.98 33.6 32.03 73.69 57.74 
Matriz de Costos>
0 50.13 1.81 10.62 46.09 15.01 8.3 12.02 21.42 3.48 14.02 5 4.76 27.53 53.47 60.88 40.38 38.52 46.09 65.78 
48.35 0 46.35 59.85 87.9 34.01 53.91 34.28 38.86 45.25 61.69 44.88 43.63 27.5 44.45 55.98 33.6 32.03 73.69 57.74 
1.89 46.62 0 10.66 46.19 11.51 8.34 8.2 18.02 1.69 13.53 3.27 3.04 24.24 49.98 57.5 36.97 35.41 42.52 62.46 
12.62 57.27 11.7 0 42.71 24.36 11.58 18.48 30.49 12.99 8.65 12.08 17.66 33.56 64.09 71.28 51.42 49.57 58.86 74.69 
42.11 88.23 42.3 41.61 0 53.06 37.86 57.16 53.15 44.92 32.37 39.01 49.51 76.51 40.32 33.48 52.2 50.34 23.66 27.89 
13.96 34.85 11.93 24.1 58.18 0 19.32 13.29 4.68 10.84 25.49 10.64 15.03 16.54 37.21 43.38 25.96 24.32 35.69 49.78 
6.3 55.38 6.47 10.78 39.36 16.56 0 18.14 22.93 8.13 7.69 4.39 12.34 34.62 53.38 58.02 42.02 40.11 40.65 65.19 
1.89 46.62 0 10.66 46.19 11.51 8.34 8.2 18.02 1.69 13.53 3.27 3.04 24.24 49.98 57.5 36.97 35.41 42.52 62.46 
12.62 57.27 11.7 0 42.71 24.36 11.58 18.48 30.49 12.99 8.65 12.08 17.66 33.56 64.09 71.28 51.42 49.57 58.86 74.69 
42.11 88.23 42.3 41.61 0 53.06 37.86 57.16 53.15 44.92 32.37 39.01 49.51 76.51 40.32 33.48 52.2 50.34 23.66 27.89 
13.96 34.85 11.93 24.1 58.18 0 19.32 13.29 4.68 10.84 25.49 10.64 15.03 16.54 37.21 43.38 25.96 24.32 35.69 49.78 
15.03 39.46 11.46 24.27 62.08 18.56 22.32 0 23.81 9.5 29.1 14.59 8 13.51 57.46 64.54 44.44 42.54 51.66 69.79 
16.22 35.34 14.21 26.28 58.09 0.9 21.54 15.57 0 13.14 27.66 12.94 17.29 18.78 35.4 43.33 24.05 22.4 35.91 47.62 
3.53 45.43 1.66 13.47 47.43 10.93 9.11 6.97 17.46 0 15.99 3.2 2.36 23.09 49.31 56.85 36.44 34.87 41.85 61.8 
10.63 60.43 10.8 4.02 34.65 20.57 4.09 21.54 26.83 12.14 0 9.43 16.31 36.43 60.65 67.97 47.73 45.85 50.51 66.79 
4.17 48.83 3.58 11.81 43.35 10.44 5.26 12.06 16.98 3.65 14.81 0 5.37 28.23 48.84 56.39 36.01 34.44 40.56 61.36 
3.65 43.65 1.8 13 48.65 11.98 10.16 5.36 18.48 1.57 17.03 3.28 0 21.58 50.56 58.07 37.42 35.86 43.09 63.02 
6.3 55.38 6.47 10.78 39.36 16.56 0 18.14 22.93 8.13 7.69 4.39 12.34 34.62 53.38 58.02 42.02 40.11 40.65 65.19 
15.03 39.46 11.46 24.27 62.08 18.56 22.32 0 23.81 9.5 29.1 14.59 8 13.51 57.46 64.54 44.44 42.54 51.66 69.79 
16.22 35.34 14.21 26.28 58.09 0.9 21.54 15.57 0 13.14 27.66 12.94 17.29 18.78 35.4 43.33 24.05 22.4 35.91 47.62 
23.76 30.69 20.34 31.81 69.49 9.91 30.4 6.94 15.37 18.46 36.42 22.14 16.98 0 48.82 55.28 35.9 34.33 46.25 61.36 
50.77 45.05 48.79 62.35 43.47 32.12 51.9 50.5 32.57 47.69 55.57 47.31 52.28 42.3 0 13.95 11.28 9.53 29.69 14.92 
57.01 57.58 55.08 68.33 33.97 35.68 56.14 57.09 36.09 54.02 59.84 53.64 58.5 48.06 10.61 0 21.98 20.5 16.57 6.47 
46.81 43.15 46.28 59.55 47.28 27.02 45.99 46.8 27.5 45.18 48.4 44.8 49.8 38.09 6.56 16.34 0 7.42 35 17.49 
40.35 36.14 38.28 52.26 49.14 26.58 46.12 40.01 27.92 37.15 50.52 36.92 41.88 32.97 8.3 18.02 0.59 0 36.55 19.16 
3.53 45.43 1.66 13.47 47.43 10.93 9.11 6.97 17.46 0 15.99 3.2 2.36 23.09 49.31 56.85 36.44 34.87 41.85 61.8 
10.63 60.43 10.8 4.02 34.65 20.57 4.09 21.54 26.83 12.14 0 9.43 16.31 36.43 60.65 67.97 47.73 45.85 50.51 66.79 
42.11 70.74 40.23 52.11 26.63 26.27 38.85 42.71 26.8 39.29 42 39.08 43.58 47.94 22.15 16.56 30.06 30.28 0 22.07 
60.6 55.5 58.71 71.96 33.48 42.62 64.48 60.42 42.77 57.65 69.1 57.26 62.12 52.32 9.38 7.84 19.73 18.04 21.98 0 
4.17 48.83 3.58 11.81 43.35 10.44 5.26 12.06 16.98 3.65 14.81 0 5.37 28.23 48.84 56.39 36.01 34.44 40.56 61.36 
3.65 43.65 1.8 13 48.65 11.98 10.16 5.36 18.48 1.57 17.03 3.28 0 21.58 50.56 58.07 37.42 35.86 43.09 63.02 
23.76 30.69 20.34 31.81 69.49 9.91 30.4 6.94 15.37 18.46 36.42 22.14 16.98 0 48.82 55.28 35.9 34.33 46.25 61.36 
50.77 45.05 48.79 62.35 43.47 32.12 51.9 50.5 32.57 47.69 55.57 47.31 52.28 42.3 0 13.95 11.28 9.53 29.69 14.92 
57.01 57.58 55.08 68.33 33.97 35.68 56.14 57.09 36.09 54.02 59.84 53.64 58.5 48.06 10.61 0 21.98 20.5 16.57 6.47 
46.81 43.15 46.28 59.55 47.28 27.02 45.99 46.8 27.5 45.18 48.4 44.8 49.8 38.09 6.56 16.34 0 7.42 35 17.49 
40.35 36.14 38.28 52.26 49.14 26.58 46.12 40.01 27.92 37.15 50.52 36.92 41.88 32.97 8.3 18.02 0.59 0 36.55 19.16 
42.11 70.74 40.23 52.11 26.63 26.27 38.85 42.71 26.8 39.29 42 39.08 43.58 47.94 22.15 16.56 30.06 30.28 0 22.07 
60.6 55.5 58.71 71.96 33.48 42.62 64.48 60.42 42.77 57.65 69.1 57.26 62.12 52.32 9.38 7.84 19.73 18.04 21.98 0 
GEN 0 347.580000
GEN 0 347.580000
TIEMPO 0 347.580000
TIEMPO 0 347.580000
GEN 0 347.580000
TIEMPO 0 347.580000
GEN 0 347.580000
TIEMPO 0 347.580000
GREEDY 0 0.003751
GREEDY 0 0.004568
GEN 0 347.580000
GEN 0 347.580000
GEN 0 347.580000
GEN 0 347.580000
TIEMPO 0 347.580000
TIEMPO 0 347.580000
TIEMPO 0 347.580000
TIEMPO 0 347.580000
GEN 0 347.580000
TIEMPO 0 347.580000
GREEDY 0 0.000879
GEN 0 347.580000
GEN 0 347.580000
TIEMPO 0 347.580000
TIEMPO 0 347.580000
GEN 0 347.580000
TIEMPO 0 347.580000
GEN 0 347.580000
TIEMPO 0 347.580000
GEN 0 347.580000
GEN 0 347.580000
GEN 0 347.580000
GEN 0 347.580000
TIEMPO 0 347.580000
TIEMPO 0 347.580000
TIEMPO 0 347.580000
TIEMPO 0 347.580000
GEN 0 347.580000
GEN 0 347.580000
GREEDY 0 0.001965
TIEMPO 0 347.580000
TIEMPO 0 347.580000
GEN 0 347.580000
TIEMPO 0 347.580000
GEN 0 347.580000
TIEMPO 0 347.580000
GEN 0 347.580000
TIEMPO 0 347.580000
GREEDY 0 0.021342
GREEDY 0 0.012808
GREEDY 0 0.004962
GEN 0 347.580000
TIEMPO 0 347.580000
GEN 0 347.580000
TIEMPO 0 347.580000
GREEDY 0 0.003867
GREEDY 0 0.028828
GREEDY 0 0.044026
GREEDY 0 0.044905
GREEDY 0 0.057308
GREEDY 0 0.046276
GREEDY 0 0.066811
GREEDY 0 0.090660
GREEDY 0 0.108910
GREEDY 0 0.091637
GREEDY 0 0.110566
GREEDY 0 0.110364
GREEDY 0 0.152988
GEN 2500 338.280000
GREEDY 0 0.236803
GEN 2500 337.640000
GREEDY 0 0.236822
GEN 2500 338.280000
GREEDY 0 0.246806
GEN 2500 337.030000
GREEDY 5 0.328585
GREEDY 5 0.367355
GREEDY 0 0.360705
GEN 5000 338.280000
GREEDY 5 0.431068
GEN 2500 337.640000
GEN 2500 338.280000
GEN 5000 322.080000
GEN 5000 337.640000
GEN 5000 323.440000
GREEDY 5 0.524496
GEN 2500 322.240000
GREEDY 5 0.579163
GEN 2500 338.280000
GEN 7500 338.280000
GEN 7500 322.080000
GEN 2500 338.280000
GEN 2500 338.280000
GEN 2500 337.640000
GEN 7500 326.160000
GEN 2500 337.640000
GEN 2500 338.280000
GEN 2500 338.280000
GEN 2500 341.720000
GREEDY 10 0.718793
GEN 2500 338.280000
GEN 2500 338.280000
GEN 2500 337.640000
GEN 7500 306.040000
GEN 2500 338.280000
GEN 2500 337.030000
GEN 2500 340.810000
GEN 2500 341.720000
GEN 2500 338.280000
GEN 2500 337.030000
GEN 10000 333.210000
TIEMPO 0.799665 333.210000
GEN 10000 321.580000
TIEMPO 0.843451 321.580000
GREEDY 5 0.835236
GEN 10000 325.670000
TIEMPO 0.868465 325.670000
GEN 5000 323.120000
GEN 5000 322.240000
GEN 10000 306.040000
TIEMPO 0.950283 306.040000
GEN 5000 338.280000
GREEDY 10 0.938226
GEN 5000 338.280000
TIEMPO 1 338.280000
TIEMPO 1 338.280000
TIEMPO 1 338.280000
TIEMPO 1 337.640000
TIEMPO 1 337.030000
GEN 5000 322.240000
TIEMPO 1 322.240000
TIEMPO 1 338.280000
TIEMPO 1 337.640000
TIEMPO 1 337.030000
TIEMPO 1 338.050000
TIEMPO 1 338.280000
TIEMPO 1 306.040000
TIEMPO 1 338.280000
TIEMPO 1 338.280000
TIEMPO 1 322.240000
TIEMPO 1 337.640000
TIEMPO 1 338.280000
TIEMPO 1 338.280000
TIEMPO 1 337.030000
TIEMPO 1 337.640000
GREEDY 5 1.022854
GREEDY 5 1.048387
GEN 7500 306.040000
GEN 5000 338.280000
GEN 5000 329.160000
GEN 7500 338.280000
GREEDY 5 1.200668
GREEDY 5 1.171370
GEN 10000 306.040000
TIEMPO 1.297105 306.040000
GEN 5000 338.280000
GEN 10000 338.280000
TIEMPO 1.340762 338.280000
GREEDY 5 1.338825
GEN 5000 337.640000
GEN 5000 322.240000
GEN 5000 322.240000
GEN 7500 322.240000
GEN 5000 338.280000
GEN 5000 326.750000
GEN 7500 338.280000
GEN 5000 338.280000
GEN 5000 338.280000
GEN 5000 338.280000
GEN 5000 337.030000
GEN 5000 337.640000
GEN 7500 322.240000
GEN 5000 338.280000
GEN 5000 320.150000
GREEDY 10 1.530666
GEN 7500 338.280000
GEN 7500 322.240000
GEN 7500 337.640000
GREEDY 5 1.667408
GREEDY 5 1.813798
GEN 10000 328.020000
TIEMPO 1.829612 328.020000
GEN 7500 325.670000
GEN 7500 322.240000
GEN 7500 338.280000
GEN 10000 322.240000
TIEMPO 1.870906 322.240000
GREEDY 5 1.876543
GEN 7500 337.030000
GEN 10000 322.240000
TIEMPO 1.878627 322.240000
GEN 7500 338.280000
GEN 7500 322.240000
GEN 7500 338.280000
GEN 7500 338.280000
GEN 10000 326.750000
TIEMPO 1.907933 326.750000
GEN 7500 338.280000
GEN 7500 310.660000
GEN 10000 338.280000
TIEMPO 1.962000 338.280000
GEN 7500 338.280000
TIEMPO 2 337.030000
TIEMPO 2 325.670000
GEN 7500 325.670000
TIEMPO 2 338.280000
TIEMPO 2 338.280000
TIEMPO 2 322.240000
TIEMPO 2 338.280000
TIEMPO 2 322.240000
TIEMPO 2 338.280000
TIEMPO 2 338.280000
TIEMPO 2 322.240000
TIEMPO 2 338.280000
TIEMPO 2 310.660000
TIEMPO 2 325.670000
GEN 10000 322.240000
TIEMPO 2.020830 322.240000
GEN 10000 322.240000
TIEMPO 2.040910 322.240000
GEN 10000 337.030000
TIEMPO 2.088925 337.030000
GEN 10000 338.280000
TIEMPO 2.090453 338.280000
GEN 10000 338.280000
TIEMPO 2.146543 338.280000
GEN 10000 322.240000
TIEMPO 2.139783 322.240000
GEN 10000 337.030000
TIEMPO 2.152049 337.030000
GEN 10000 310.660000
TIEMPO 2.173582 310.660000
GEN 10000 338.280000
TIEMPO 2.201468 338.280000
GEN 10000 338.280000
TIEMPO 2.199538 338.280000
GEN 10000 338.280000
TIEMPO 2.258050 338.280000
GEN 10000 325.670000
TIEMPO 2.356947 325.670000
GEN 10000 325.670000
TIEMPO 2.340818 325.670000

 Current State ---------------------------------------------
Solution:  11 6 10 3 0 12 7 13 1 0 17 16 14 19 0 4 20 18 15 0 2 9 5 8 0 0 0 0 0 0 0 0 0 0 0 0 0 0 0 Fitness: 306.04

 :( ---------------------- THE END --------------- :) 
