Dimension>23
Bandera>13
Fitness Greedy Costo>293.28
Solucion Greedy Costo>4 0 9 8 2 11 0 7 3 5 12 0 6 1 10 0 0 0 0 0 0 0 0 
Linea Vacia>
Dimension>23
Bandera>13
Fitness Greedy Costo>293.28
Solucion Greedy Costo>4 0 9 8 2 11 0 7 3 5 12 0 6 1 10 0 0 0 0 0 0 0 0 
Linea Vacia>
Dimension>23
Bandera>13
Fitness Greedy Costo>293.28
Solucion Greedy Costo>4 0 9 8 2 11 0 7 3 5 12 0 6 1 10 0 0 0 0 0 0 0 0 
Linea Vacia>
Dimension>23
Bandera>13
Fitness Greedy Costo>293.28
Solucion Greedy Costo>4 0 9 8 2 11 0 7 3 5 12 0 6 1 10 0 0 0 0 0 0 0 0 
Linea Vacia>
Dimension>23
Bandera>13
Fitness Greedy Costo>293.28
Solucion Greedy Costo>4 0 9 8 2 11 0 7 3 5 12 0 6 1 10 0 0 0 0 0 0 0 0 
Linea Vacia>
Matriz de Costos>
0 62.84 27 43.69 5.83 39.87 49.36 28.35 18.07 11.14 55.48 34.93 
66.65 0 34.1 31.85 72.11 21.16 60.06 35.76 53.14 53.41 10.22 24.2 
Matriz de Costos>
0 62.84 27 43.69 5.83 39.87 49.36 28.35 18.07 11.14 55.48 34.93 
26.19 34.24 0 31.2 37.85 13.49 63.91 31.65 16.17 21.62 25.53 8.41 
66.65 0 34.1 31.85 72.11 21.16 60.06 35.76 53.14 53.41 10.22 24.2 
Matriz de Costos>
0 62.84 27 43.69 5.83 39.87 49.36 28.35 18.07 11.14 55.48 34.93 
44.17 30.35 29.18 0 45.71 15.43 27.28 15.65 44.56 52.22 40.33 36.63 
26.19 34.24 0 31.2 37.85 13.49 63.91 31.65 16.17 21.62 25.53 8.41 
66.65 0 34.1 31.85 72.11 21.16 60.06 35.76 53.14 53.41 10.22 24.2 
26.19 34.24 0 31.2 37.85 13.49 63.91 31.65 16.17 21.62 25.53 8.41 
Matriz de Costos>
4.99 67.21 31.11 45.11 0 41.79 40.17 28.45 21.29 18.92 56.01 38.89 
40.19 20.7 13.4 15.42 52.99 0 46.49 15.9 29.85 35.16 21.06 21.35 
44.17 30.35 29.18 0 45.71 15.43 27.28 15.65 44.56 52.22 40.33 36.63 
Matriz de Costos>
44.17 30.35 29.18 0 45.71 15.43 27.28 15.65 44.56 52.22 40.33 36.63 
4.99 67.21 31.11 45.11 0 41.79 40.17 28.45 21.29 18.92 56.01 38.89 
Dimension>23
0 62.84 27 43.69 5.83 39.87 49.36 28.35 18.07 11.14 55.48 34.93 
66.65 0 34.1 31.85 72.11 21.16 60.06 35.76 53.14 53.41 10.22 24.2 
47.59 59.41 59.8 24.12 38.61 43.82 0 30.11 66.27 59.59 66.66 68.19 
4.99 67.21 31.11 45.11 0 41.79 40.17 28.45 21.29 18.92 56.01 38.89 
40.19 20.7 13.4 15.42 52.99 0 46.49 15.9 29.85 35.16 21.06 21.35 
40.19 20.7 13.4 15.42 52.99 0 46.49 15.9 29.85 35.16 21.06 21.35 
47.59 59.41 59.8 24.12 38.61 43.82 0 30.11 66.27 59.59 66.66 68.19 
26.19 34.24 0 31.2 37.85 13.49 63.91 31.65 16.17 21.62 25.53 8.41 
30.2 35.31 30.41 15.88 31.67 16.4 32.63 0 33.59 34 40.04 37.78 
16.6 47.78 11.23 41.71 23.36 25.27 66.33 31.4 0 5.07 37.76 21.82 
0 62.84 27 43.69 5.83 39.87 49.36 28.35 18.07 11.14 55.48 34.93 
66.65 0 34.1 31.85 72.11 21.16 60.06 35.76 53.14 53.41 10.22 24.2 
30.2 35.31 30.41 15.88 31.67 16.4 32.63 0 33.59 34 40.04 37.78 
16.6 47.78 11.23 41.71 23.36 25.27 66.33 31.4 0 5.07 37.76 21.82 
Bandera>13
44.17 30.35 29.18 0 45.71 15.43 27.28 15.65 44.56 52.22 40.33 36.63 
4.99 67.21 31.11 45.11 0 41.79 40.17 28.45 21.29 18.92 56.01 38.89 
12.37 54.16 18.21 50.58 17.02 32.16 63.18 30.18 5.93 0 45.21 27.51 
51.65 14.87 25.87 40.3 58.7 22.3 68.53 39.52 42.8 43.04 0 16.44 
47.59 59.41 59.8 24.12 38.61 43.82 0 30.11 66.27 59.59 66.66 68.19 
30.2 35.31 30.41 15.88 31.67 16.4 32.63 0 33.59 34 40.04 37.78 
26.19 34.24 0 31.2 37.85 13.49 63.91 31.65 16.17 21.62 25.53 8.41 
44.17 30.35 29.18 0 45.71 15.43 27.28 15.65 44.56 52.22 40.33 36.63 
12.37 54.16 18.21 50.58 17.02 32.16 63.18 30.18 5.93 0 45.21 27.51 
51.65 14.87 25.87 40.3 58.7 22.3 68.53 39.52 42.8 43.04 0 16.44 
Fitness Greedy Costo>293.28
Solucion Greedy Costo>4 0 9 8 2 11 0 7 3 5 12 0 6 1 10 0 0 0 0 0 0 0 0 
Linea Vacia>
40.19 20.7 13.4 15.42 52.99 0 46.49 15.9 29.85 35.16 21.06 21.35 
34.78 22.71 13.96 40.06 44.91 23.1 70.4 40.36 27.05 26.79 13.49 0 
16.6 47.78 11.23 41.71 23.36 25.27 66.33 31.4 0 5.07 37.76 21.82 
4.99 67.21 31.11 45.11 0 41.79 40.17 28.45 21.29 18.92 56.01 38.89 
40.19 20.7 13.4 15.42 52.99 0 46.49 15.9 29.85 35.16 21.06 21.35 
34.78 22.71 13.96 40.06 44.91 23.1 70.4 40.36 27.05 26.79 13.49 0 
47.59 59.41 59.8 24.12 38.61 43.82 0 30.11 66.27 59.59 66.66 68.19 
12.37 54.16 18.21 50.58 17.02 32.16 63.18 30.18 5.93 0 45.21 27.51 
51.65 14.87 25.87 40.3 58.7 22.3 68.53 39.52 42.8 43.04 0 16.44 
30.2 35.31 30.41 15.88 31.67 16.4 32.63 0 33.59 34 40.04 37.78 
Dimension>23
16.6 47.78 11.23 41.71 23.36 25.27 66.33 31.4 0 5.07 37.76 21.82 
34.78 22.71 13.96 40.06 44.91 23.1 70.4 40.36 27.05 26.79 13.49 0 
Dimension>23
12.37 54.16 18.21 50.58 17.02 32.16 63.18 30.18 5.93 0 45.21 27.51 
Bandera>13
Fitness Greedy Costo>293.28
Matriz de Costos>
51.65 14.87 25.87 40.3 58.7 22.3 68.53 39.52 42.8 43.04 0 16.44 
34.78 22.71 13.96 40.06 44.91 23.1 70.4 40.36 27.05 26.79 13.49 0 
47.59 59.41 59.8 24.12 38.61 43.82 0 30.11 66.27 59.59 66.66 68.19 
Solucion Greedy Costo>4 0 9 8 2 11 0 7 3 5 12 0 6 1 10 0 0 0 0 0 0 0 0 
Linea Vacia>
0 62.84 27 43.69 5.83 39.87 49.36 28.35 18.07 11.14 55.48 34.93 
Bandera>13
Fitness Greedy Costo>293.28
30.2 35.31 30.41 15.88 31.67 16.4 32.63 0 33.59 34 40.04 37.78 
16.6 47.78 11.23 41.71 23.36 25.27 66.33 31.4 0 5.07 37.76 21.82 
Dimension>23
66.65 0 34.1 31.85 72.11 21.16 60.06 35.76 53.14 53.41 10.22 24.2 
12.37 54.16 18.21 50.58 17.02 32.16 63.18 30.18 5.93 0 45.21 27.51 
26.19 34.24 0 31.2 37.85 13.49 63.91 31.65 16.17 21.62 25.53 8.41 
51.65 14.87 25.87 40.3 58.7 22.3 68.53 39.52 42.8 43.04 0 16.44 
Matriz de Costos>
0 62.84 27 43.69 5.83 39.87 49.36 28.35 18.07 11.14 55.48 34.93 
44.17 30.35 29.18 0 45.71 15.43 27.28 15.65 44.56 52.22 40.33 36.63 
4.99 67.21 31.11 45.11 0 41.79 40.17 28.45 21.29 18.92 56.01 38.89 
Solucion Greedy Costo>4 0 9 8 2 11 0 7 3 5 12 0 6 1 10 0 0 0 0 0 0 0 0 
Linea Vacia>
34.78 22.71 13.96 40.06 44.91 23.1 70.4 40.36 27.05 26.79 13.49 0 
Bandera>13
Fitness Greedy Costo>293.28
Solucion Greedy Costo>4 0 9 8 2 11 0 7 3 5 12 0 6 1 10 0 0 0 0 0 0 0 0 
Linea Vacia>
66.65 0 34.1 31.85 72.11 21.16 60.06 35.76 53.14 53.41 10.22 24.2 
26.19 34.24 0 31.2 37.85 13.49 63.91 31.65 16.17 21.62 25.53 8.41 
40.19 20.7 13.4 15.42 52.99 0 46.49 15.9 29.85 35.16 21.06 21.35 
44.17 30.35 29.18 0 45.71 15.43 27.28 15.65 44.56 52.22 40.33 36.63 
4.99 67.21 31.11 45.11 0 41.79 40.17 28.45 21.29 18.92 56.01 38.89 
47.59 59.41 59.8 24.12 38.61 43.82 0 30.11 66.27 59.59 66.66 68.19 
40.19 20.7 13.4 15.42 52.99 0 46.49 15.9 29.85 35.16 21.06 21.35 
30.2 35.31 30.41 15.88 31.67 16.4 32.63 0 33.59 34 40.04 37.78 
16.6 47.78 11.23 41.71 23.36 25.27 66.33 31.4 0 5.07 37.76 21.82 
12.37 54.16 18.21 50.58 17.02 32.16 63.18 30.18 5.93 0 45.21 27.51 
51.65 14.87 25.87 40.3 58.7 22.3 68.53 39.52 42.8 43.04 0 16.44 
47.59 59.41 59.8 24.12 38.61 43.82 0 30.11 66.27 59.59 66.66 68.19 
30.2 35.31 30.41 15.88 31.67 16.4 32.63 0 33.59 34 40.04 37.78 
16.6 47.78 11.23 41.71 23.36 25.27 66.33 31.4 0 5.07 37.76 21.82 
12.37 54.16 18.21 50.58 17.02 32.16 63.18 30.18 5.93 0 45.21 27.51 
51.65 14.87 25.87 40.3 58.7 22.3 68.53 39.52 42.8 43.04 0 16.44 
34.78 22.71 13.96 40.06 44.91 23.1 70.4 40.36 27.05 26.79 13.49 0 
34.78 22.71 13.96 40.06 44.91 23.1 70.4 40.36 27.05 26.79 13.49 0 
Matriz de Costos>
0 62.84 27 43.69 5.83 39.87 49.36 28.35 18.07 11.14 55.48 34.93 
66.65 0 34.1 31.85 72.11 21.16 60.06 35.76 53.14 53.41 10.22 24.2 
26.19 34.24 0 31.2 37.85 13.49 63.91 31.65 16.17 21.62 25.53 8.41 
Matriz de Costos>
0 62.84 27 43.69 5.83 39.87 49.36 28.35 18.07 11.14 55.48 34.93 
66.65 0 34.1 31.85 72.11 21.16 60.06 35.76 53.14 53.41 10.22 24.2 
26.19 34.24 0 31.2 37.85 13.49 63.91 31.65 16.17 21.62 25.53 8.41 
44.17 30.35 29.18 0 45.71 15.43 27.28 15.65 44.56 52.22 40.33 36.63 
Dimension>23
Bandera>13
Fitness Greedy Costo>293.28
Solucion Greedy Costo>4 0 9 8 2 11 0 7 3 5 12 0 6 1 10 0 0 0 0 0 0 0 0 
Linea Vacia>
44.17 30.35 29.18 0 45.71 15.43 27.28 15.65 44.56 52.22 40.33 36.63 
4.99 67.21 31.11 45.11 0 41.79 40.17 28.45 21.29 18.92 56.01 38.89 
40.19 20.7 13.4 15.42 52.99 0 46.49 15.9 29.85 35.16 21.06 21.35 
4.99 67.21 31.11 45.11 0 41.79 40.17 28.45 21.29 18.92 56.01 38.89 
40.19 20.7 13.4 15.42 52.99 0 46.49 15.9 29.85 35.16 21.06 21.35 
47.59 59.41 59.8 24.12 38.61 43.82 0 30.11 66.27 59.59 66.66 68.19 
47.59 59.41 59.8 24.12 38.61 43.82 0 30.11 66.27 59.59 66.66 68.19 
30.2 35.31 30.41 15.88 31.67 16.4 32.63 0 33.59 34 40.04 37.78 
16.6 47.78 11.23 41.71 23.36 25.27 66.33 31.4 0 5.07 37.76 21.82 
30.2 35.31 30.41 15.88 31.67 16.4 32.63 0 33.59 34 40.04 37.78 
16.6 47.78 11.23 41.71 23.36 25.27 66.33 31.4 0 5.07 37.76 21.82 
12.37 54.16 18.21 50.58 17.02 32.16 63.18 30.18 5.93 0 45.21 27.51 
Dimension>23
Bandera>13
Fitness Greedy Costo>293.28
Solucion Greedy Costo>4 0 9 8 2 11 0 7 3 5 12 0 6 1 10 0 0 0 0 0 0 0 0 
Linea Vacia>
Matriz de Costos>
0 62.84 27 43.69 5.83 39.87 49.36 28.35 18.07 11.14 55.48 34.93 
66.65 0 34.1 31.85 72.11 21.16 60.06 35.76 53.14 53.41 10.22 24.2 
26.19 34.24 0 31.2 37.85 13.49 63.91 31.65 16.17 21.62 25.53 8.41 
44.17 30.35 29.18 0 45.71 15.43 27.28 15.65 44.56 52.22 40.33 36.63 
4.99 67.21 31.11 45.11 0 41.79 40.17 28.45 21.29 18.92 56.01 38.89 
Dimension>23
Bandera>13
Fitness Greedy Costo>293.28
12.37 54.16 18.21 50.58 17.02 32.16 63.18 30.18 5.93 0 45.21 27.51 
51.65 14.87 25.87 40.3 58.7 22.3 68.53 39.52 42.8 43.04 0 16.44 
34.78 22.71 13.96 40.06 44.91 23.1 70.4 40.36 27.05 26.79 13.49 0 
51.65 14.87 25.87 40.3 58.7 22.3 68.53 39.52 42.8 43.04 0 16.44 
34.78 22.71 13.96 40.06 44.91 23.1 70.4 40.36 27.05 26.79 13.49 0 
40.19 20.7 13.4 15.42 52.99 0 46.49 15.9 29.85 35.16 21.06 21.35 
47.59 59.41 59.8 24.12 38.61 43.82 0 30.11 66.27 59.59 66.66 68.19 
30.2 35.31 30.41 15.88 31.67 16.4 32.63 0 33.59 34 40.04 37.78 
16.6 47.78 11.23 41.71 23.36 25.27 66.33 31.4 0 5.07 37.76 21.82 
12.37 54.16 18.21 50.58 17.02 32.16 63.18 30.18 5.93 0 45.21 27.51 
51.65 14.87 25.87 40.3 58.7 22.3 68.53 39.52 42.8 43.04 0 16.44 
34.78 22.71 13.96 40.06 44.91 23.1 70.4 40.36 27.05 26.79 13.49 0 
Solucion Greedy Costo>4 0 9 8 2 11 0 7 3 5 12 0 6 1 10 0 0 0 0 0 0 0 0 
Linea Vacia>
Matriz de Costos>
0 62.84 27 43.69 5.83 39.87 49.36 28.35 18.07 11.14 55.48 34.93 
66.65 0 34.1 31.85 72.11 21.16 60.06 35.76 53.14 53.41 10.22 24.2 
26.19 34.24 0 31.2 37.85 13.49 63.91 31.65 16.17 21.62 25.53 8.41 
Matriz de Costos>
0 62.84 27 43.69 5.83 39.87 49.36 28.35 18.07 11.14 55.48 34.93 
66.65 0 34.1 31.85 72.11 21.16 60.06 35.76 53.14 53.41 10.22 24.2 
26.19 34.24 0 31.2 37.85 13.49 63.91 31.65 16.17 21.62 25.53 8.41 
44.17 30.35 29.18 0 45.71 15.43 27.28 15.65 44.56 52.22 40.33 36.63 
44.17 30.35 29.18 0 45.71 15.43 27.28 15.65 44.56 52.22 40.33 36.63 
4.99 67.21 31.11 45.11 0 41.79 40.17 28.45 21.29 18.92 56.01 38.89 
40.19 20.7 13.4 15.42 52.99 0 46.49 15.9 29.85 35.16 21.06 21.35 
47.59 59.41 59.8 24.12 38.61 43.82 0 30.11 66.27 59.59 66.66 68.19 
30.2 35.31 30.41 15.88 31.67 16.4 32.63 0 33.59 34 40.04 37.78 
16.6 47.78 11.23 41.71 23.36 25.27 66.33 31.4 0 5.07 37.76 21.82 
12.37 54.16 18.21 50.58 17.02 32.16 63.18 30.18 5.93 0 45.21 27.51 
51.65 14.87 25.87 40.3 58.7 22.3 68.53 39.52 42.8 43.04 0 16.44 
4.99 67.21 31.11 45.11 0 41.79 40.17 28.45 21.29 18.92 56.01 38.89 
40.19 20.7 13.4 15.42 52.99 0 46.49 15.9 29.85 35.16 21.06 21.35 
47.59 59.41 59.8 24.12 38.61 43.82 0 30.11 66.27 59.59 66.66 68.19 
30.2 35.31 30.41 15.88 31.67 16.4 32.63 0 33.59 34 40.04 37.78 
16.6 47.78 11.23 41.71 23.36 25.27 66.33 31.4 0 5.07 37.76 21.82 
12.37 54.16 18.21 50.58 17.02 32.16 63.18 30.18 5.93 0 45.21 27.51 
51.65 14.87 25.87 40.3 58.7 22.3 68.53 39.52 42.8 43.04 0 16.44 
34.78 22.71 13.96 40.06 44.91 23.1 70.4 40.36 27.05 26.79 13.49 0 
Dimension>23
Bandera>13
Fitness Greedy Costo>293.28
Solucion Greedy Costo>4 0 9 8 2 11 0 7 3 5 12 0 6 1 10 0 0 0 0 0 0 0 0 
Linea Vacia>
Dimension>23
Bandera>13
Fitness Greedy Costo>293.28
Solucion Greedy Costo>4 0 9 8 2 11 0 7 3 5 12 0 6 1 10 0 0 0 0 0 0 0 0 
Linea Vacia>
34.78 22.71 13.96 40.06 44.91 23.1 70.4 40.36 27.05 26.79 13.49 0 
Matriz de Costos>
0 62.84 27 43.69 5.83 39.87 49.36 28.35 18.07 11.14 55.48 34.93 
66.65 0 34.1 31.85 72.11 21.16 60.06 35.76 53.14 53.41 10.22 24.2 
26.19 34.24 0 31.2 37.85 13.49 63.91 31.65 16.17 21.62 25.53 8.41 
44.17 30.35 29.18 0 45.71 15.43 27.28 15.65 44.56 52.22 40.33 36.63 
4.99 67.21 31.11 45.11 0 41.79 40.17 28.45 21.29 18.92 56.01 38.89 
40.19 20.7 13.4 15.42 52.99 0 46.49 15.9 29.85 35.16 21.06 21.35 
47.59 59.41 59.8 24.12 38.61 43.82 0 30.11 66.27 59.59 66.66 68.19 
30.2 35.31 30.41 15.88 31.67 16.4 32.63 0 33.59 34 40.04 37.78 
16.6 47.78 11.23 41.71 23.36 25.27 66.33 31.4 0 5.07 37.76 21.82 
12.37 54.16 18.21 50.58 17.02 32.16 63.18 30.18 5.93 0 45.21 27.51 
51.65 14.87 25.87 40.3 58.7 22.3 68.53 39.52 42.8 43.04 0 16.44 
34.78 22.71 13.96 40.06 44.91 23.1 70.4 40.36 27.05 26.79 13.49 0 
Matriz de Costos>
0 62.84 27 43.69 5.83 39.87 49.36 28.35 18.07 11.14 55.48 34.93 
66.65 0 34.1 31.85 72.11 21.16 60.06 35.76 53.14 53.41 10.22 24.2 
Dimension>23
Bandera>13
Fitness Greedy Costo>293.28
Solucion Greedy Costo>4 0 9 8 2 11 0 7 3 5 12 0 6 1 10 0 0 0 0 0 0 0 0 
Linea Vacia>
26.19 34.24 0 31.2 37.85 13.49 63.91 31.65 16.17 21.62 25.53 8.41 
44.17 30.35 29.18 0 45.71 15.43 27.28 15.65 44.56 52.22 40.33 36.63 
4.99 67.21 31.11 45.11 0 41.79 40.17 28.45 21.29 18.92 56.01 38.89 
40.19 20.7 13.4 15.42 52.99 0 46.49 15.9 29.85 35.16 21.06 21.35 
47.59 59.41 59.8 24.12 38.61 43.82 0 30.11 66.27 59.59 66.66 68.19 
30.2 35.31 30.41 15.88 31.67 16.4 32.63 0 33.59 34 40.04 37.78 
16.6 47.78 11.23 41.71 23.36 25.27 66.33 31.4 0 5.07 37.76 21.82 
12.37 54.16 18.21 50.58 17.02 32.16 63.18 30.18 5.93 0 45.21 27.51 
51.65 14.87 25.87 40.3 58.7 22.3 68.53 39.52 42.8 43.04 0 16.44 
34.78 22.71 13.96 40.06 44.91 23.1 70.4 40.36 27.05 26.79 13.49 0 
Matriz de Costos>
0 62.84 27 43.69 5.83 39.87 49.36 28.35 18.07 11.14 55.48 34.93 
66.65 0 34.1 31.85 72.11 21.16 60.06 35.76 53.14 53.41 10.22 24.2 
26.19 34.24 0 31.2 37.85 13.49 63.91 31.65 16.17 21.62 25.53 8.41 
44.17 30.35 29.18 0 45.71 15.43 27.28 15.65 44.56 52.22 40.33 36.63 
4.99 67.21 31.11 45.11 0 41.79 40.17 28.45 21.29 18.92 56.01 38.89 
40.19 20.7 13.4 15.42 52.99 0 46.49 15.9 29.85 35.16 21.06 21.35 
47.59 59.41 59.8 24.12 38.61 43.82 0 30.11 66.27 59.59 66.66 68.19 
Dimension>23
Bandera>13
Fitness Greedy Costo>293.28
Solucion Greedy Costo>4 0 9 8 2 11 0 7 3 5 12 0 6 1 10 0 0 0 0 0 0 0 0 
Linea Vacia>
30.2 35.31 30.41 15.88 31.67 16.4 32.63 0 33.59 34 40.04 37.78 
16.6 47.78 11.23 41.71 23.36 25.27 66.33 31.4 0 5.07 37.76 21.82 
12.37 54.16 18.21 50.58 17.02 32.16 63.18 30.18 5.93 0 45.21 27.51 
51.65 14.87 25.87 40.3 58.7 22.3 68.53 39.52 42.8 43.04 0 16.44 
34.78 22.71 13.96 40.06 44.91 23.1 70.4 40.36 27.05 26.79 13.49 0 
Matriz de Costos>
0 62.84 27 43.69 5.83 39.87 49.36 28.35 18.07 11.14 55.48 34.93 
66.65 0 34.1 31.85 72.11 21.16 60.06 35.76 53.14 53.41 10.22 24.2 
26.19 34.24 0 31.2 37.85 13.49 63.91 31.65 16.17 21.62 25.53 8.41 
44.17 30.35 29.18 0 45.71 15.43 27.28 15.65 44.56 52.22 40.33 36.63 
4.99 67.21 31.11 45.11 0 41.79 40.17 28.45 21.29 18.92 56.01 38.89 
40.19 20.7 13.4 15.42 52.99 0 46.49 15.9 29.85 35.16 21.06 21.35 
Dimension>23
Bandera>13
Fitness Greedy Costo>293.28
Solucion Greedy Costo>4 0 9 8 2 11 0 7 3 5 12 0 6 1 10 0 0 0 0 0 0 0 0 
Linea Vacia>
47.59 59.41 59.8 24.12 38.61 43.82 0 30.11 66.27 59.59 66.66 68.19 
30.2 35.31 30.41 15.88 31.67 16.4 32.63 0 33.59 34 40.04 37.78 
16.6 47.78 11.23 41.71 23.36 25.27 66.33 31.4 0 5.07 37.76 21.82 
12.37 54.16 18.21 50.58 17.02 32.16 63.18 30.18 5.93 0 45.21 27.51 
51.65 14.87 25.87 40.3 58.7 22.3 68.53 39.52 42.8 43.04 0 16.44 
34.78 22.71 13.96 40.06 44.91 23.1 70.4 40.36 27.05 26.79 13.49 0 
Matriz de Costos>
0 62.84 27 43.69 5.83 39.87 49.36 28.35 18.07 11.14 55.48 34.93 
66.65 0 34.1 31.85 72.11 21.16 60.06 35.76 53.14 53.41 10.22 24.2 
26.19 34.24 0 31.2 37.85 13.49 63.91 31.65 16.17 21.62 25.53 8.41 
44.17 30.35 29.18 0 45.71 15.43 27.28 15.65 44.56 52.22 40.33 36.63 
4.99 67.21 31.11 45.11 0 41.79 40.17 28.45 21.29 18.92 56.01 38.89 
40.19 20.7 13.4 15.42 52.99 0 46.49 15.9 29.85 35.16 21.06 21.35 
47.59 59.41 59.8 24.12 38.61 43.82 0 30.11 66.27 59.59 66.66 68.19 
30.2 35.31 30.41 15.88 31.67 16.4 32.63 0 33.59 34 40.04 37.78 
16.6 47.78 11.23 41.71 23.36 25.27 66.33 31.4 0 5.07 37.76 21.82 
12.37 54.16 18.21 50.58 17.02 32.16 63.18 30.18 5.93 0 45.21 27.51 
51.65 14.87 25.87 40.3 58.7 22.3 68.53 39.52 42.8 43.04 0 16.44 
34.78 22.71 13.96 40.06 44.91 23.1 70.4 40.36 27.05 26.79 13.49 0 
Dimension>23
Bandera>13
Fitness Greedy Costo>293.28
Solucion Greedy Costo>4 0 9 8 2 11 0 7 3 5 12 0 6 1 10 0 0 0 0 0 0 0 0 
Linea Vacia>
Matriz de Costos>
0 62.84 27 43.69 5.83 39.87 49.36 28.35 18.07 11.14 55.48 34.93 
66.65 0 34.1 31.85 72.11 21.16 60.06 35.76 53.14 53.41 10.22 24.2 
26.19 34.24 0 31.2 37.85 13.49 63.91 31.65 16.17 21.62 25.53 8.41 
44.17 30.35 29.18 0 45.71 15.43 27.28 15.65 44.56 52.22 40.33 36.63 
4.99 67.21 31.11 45.11 0 41.79 40.17 28.45 21.29 18.92 56.01 38.89 
40.19 20.7 13.4 15.42 52.99 0 46.49 15.9 29.85 35.16 21.06 21.35 
47.59 59.41 59.8 24.12 38.61 43.82 0 30.11 66.27 59.59 66.66 68.19 
30.2 35.31 30.41 15.88 31.67 16.4 32.63 0 33.59 34 40.04 37.78 
Dimension>23
Bandera>13
Fitness Greedy Costo>293.28
Solucion Greedy Costo>4 0 9 8 2 11 0 7 3 5 12 0 6 1 10 0 0 0 0 0 0 0 0 
Linea Vacia>
16.6 47.78 11.23 41.71 23.36 25.27 66.33 31.4 0 5.07 37.76 21.82 
12.37 54.16 18.21 50.58 17.02 32.16 63.18 30.18 5.93 0 45.21 27.51 
51.65 14.87 25.87 40.3 58.7 22.3 68.53 39.52 42.8 43.04 0 16.44 
34.78 22.71 13.96 40.06 44.91 23.1 70.4 40.36 27.05 26.79 13.49 0 
Matriz de Costos>
0 62.84 27 43.69 5.83 39.87 49.36 28.35 18.07 11.14 55.48 34.93 
66.65 0 34.1 31.85 72.11 21.16 60.06 35.76 53.14 53.41 10.22 24.2 
26.19 34.24 0 31.2 37.85 13.49 63.91 31.65 16.17 21.62 25.53 8.41 
44.17 30.35 29.18 0 45.71 15.43 27.28 15.65 44.56 52.22 40.33 36.63 
4.99 67.21 31.11 45.11 0 41.79 40.17 28.45 21.29 18.92 56.01 38.89 
40.19 20.7 13.4 15.42 52.99 0 46.49 15.9 29.85 35.16 21.06 21.35 
47.59 59.41 59.8 24.12 38.61 43.82 0 30.11 66.27 59.59 66.66 68.19 
30.2 35.31 30.41 15.88 31.67 16.4 32.63 0 33.59 34 40.04 37.78 
16.6 47.78 11.23 41.71 23.36 25.27 66.33 31.4 0 5.07 37.76 21.82 
12.37 54.16 18.21 50.58 17.02 32.16 63.18 30.18 5.93 0 45.21 27.51 
51.65 14.87 25.87 40.3 58.7 22.3 68.53 39.52 42.8 43.04 0 16.44 
34.78 22.71 13.96 40.06 44.91 23.1 70.4 40.36 27.05 26.79 13.49 0 
Dimension>23
Dimension>23
Bandera>13
Fitness Greedy Costo>293.28
Bandera>13
Fitness Greedy Costo>293.28
Solucion Greedy Costo>4 0 9 8 2 11 0 7 3 5 12 0 6 1 10 0 0 0 0 0 0 0 0 
Linea Vacia>
Solucion Greedy Costo>4 0 9 8 2 11 0 7 3 5 12 0 6 1 10 0 0 0 0 0 0 0 0 
Linea Vacia>
Dimension>23
Bandera>13
Fitness Greedy Costo>293.28
Solucion Greedy Costo>4 0 9 8 2 11 0 7 3 5 12 0 6 1 10 0 0 0 0 0 0 0 0 
Linea Vacia>
Matriz de Costos>
0 62.84 27 43.69 5.83 39.87 49.36 28.35 18.07 11.14 55.48 34.93 
66.65 0 34.1 31.85 72.11 21.16 60.06 35.76 53.14 53.41 10.22 24.2 
Matriz de Costos>
0 62.84 27 43.69 5.83 39.87 49.36 28.35 18.07 11.14 55.48 34.93 
26.19 34.24 0 31.2 37.85 13.49 63.91 31.65 16.17 21.62 25.53 8.41 
44.17 30.35 29.18 0 45.71 15.43 27.28 15.65 44.56 52.22 40.33 36.63 
4.99 67.21 31.11 45.11 0 41.79 40.17 28.45 21.29 18.92 56.01 38.89 
40.19 20.7 13.4 15.42 52.99 0 46.49 15.9 29.85 35.16 21.06 21.35 
47.59 59.41 59.8 24.12 38.61 43.82 0 30.11 66.27 59.59 66.66 68.19 
66.65 0 34.1 31.85 72.11 21.16 60.06 35.76 53.14 53.41 10.22 24.2 
26.19 34.24 0 31.2 37.85 13.49 63.91 31.65 16.17 21.62 25.53 8.41 
Dimension>23
30.2 35.31 30.41 15.88 31.67 16.4 32.63 0 33.59 34 40.04 37.78 
16.6 47.78 11.23 41.71 23.36 25.27 66.33 31.4 0 5.07 37.76 21.82 
44.17 30.35 29.18 0 45.71 15.43 27.28 15.65 44.56 52.22 40.33 36.63 
4.99 67.21 31.11 45.11 0 41.79 40.17 28.45 21.29 18.92 56.01 38.89 
Matriz de Costos>
0 62.84 27 43.69 5.83 39.87 49.36 28.35 18.07 11.14 55.48 34.93 
66.65 0 34.1 31.85 72.11 21.16 60.06 35.76 53.14 53.41 10.22 24.2 
12.37 54.16 18.21 50.58 17.02 32.16 63.18 30.18 5.93 0 45.21 27.51 
51.65 14.87 25.87 40.3 58.7 22.3 68.53 39.52 42.8 43.04 0 16.44 
34.78 22.71 13.96 40.06 44.91 23.1 70.4 40.36 27.05 26.79 13.49 0 
Bandera>13
Fitness Greedy Costo>293.28
Solucion Greedy Costo>4 0 9 8 2 11 0 7 3 5 12 0 6 1 10 0 0 0 0 0 0 0 0 
Linea Vacia>
26.19 34.24 0 31.2 37.85 13.49 63.91 31.65 16.17 21.62 25.53 8.41 
44.17 30.35 29.18 0 45.71 15.43 27.28 15.65 44.56 52.22 40.33 36.63 
4.99 67.21 31.11 45.11 0 41.79 40.17 28.45 21.29 18.92 56.01 38.89 
40.19 20.7 13.4 15.42 52.99 0 46.49 15.9 29.85 35.16 21.06 21.35 
40.19 20.7 13.4 15.42 52.99 0 46.49 15.9 29.85 35.16 21.06 21.35 
47.59 59.41 59.8 24.12 38.61 43.82 0 30.11 66.27 59.59 66.66 68.19 
30.2 35.31 30.41 15.88 31.67 16.4 32.63 0 33.59 34 40.04 37.78 
16.6 47.78 11.23 41.71 23.36 25.27 66.33 31.4 0 5.07 37.76 21.82 
12.37 54.16 18.21 50.58 17.02 32.16 63.18 30.18 5.93 0 45.21 27.51 
47.59 59.41 59.8 24.12 38.61 43.82 0 30.11 66.27 59.59 66.66 68.19 
30.2 35.31 30.41 15.88 31.67 16.4 32.63 0 33.59 34 40.04 37.78 
16.6 47.78 11.23 41.71 23.36 25.27 66.33 31.4 0 5.07 37.76 21.82 
51.65 14.87 25.87 40.3 58.7 22.3 68.53 39.52 42.8 43.04 0 16.44 
34.78 22.71 13.96 40.06 44.91 23.1 70.4 40.36 27.05 26.79 13.49 0 
12.37 54.16 18.21 50.58 17.02 32.16 63.18 30.18 5.93 0 45.21 27.51 
51.65 14.87 25.87 40.3 58.7 22.3 68.53 39.52 42.8 43.04 0 16.44 
34.78 22.71 13.96 40.06 44.91 23.1 70.4 40.36 27.05 26.79 13.49 0 
Matriz de Costos>
0 62.84 27 43.69 5.83 39.87 49.36 28.35 18.07 11.14 55.48 34.93 
66.65 0 34.1 31.85 72.11 21.16 60.06 35.76 53.14 53.41 10.22 24.2 
26.19 34.24 0 31.2 37.85 13.49 63.91 31.65 16.17 21.62 25.53 8.41 
44.17 30.35 29.18 0 45.71 15.43 27.28 15.65 44.56 52.22 40.33 36.63 
4.99 67.21 31.11 45.11 0 41.79 40.17 28.45 21.29 18.92 56.01 38.89 
40.19 20.7 13.4 15.42 52.99 0 46.49 15.9 29.85 35.16 21.06 21.35 
47.59 59.41 59.8 24.12 38.61 43.82 0 30.11 66.27 59.59 66.66 68.19 
30.2 35.31 30.41 15.88 31.67 16.4 32.63 0 33.59 34 40.04 37.78 
16.6 47.78 11.23 41.71 23.36 25.27 66.33 31.4 0 5.07 37.76 21.82 
12.37 54.16 18.21 50.58 17.02 32.16 63.18 30.18 5.93 0 45.21 27.51 
51.65 14.87 25.87 40.3 58.7 22.3 68.53 39.52 42.8 43.04 0 16.44 
34.78 22.71 13.96 40.06 44.91 23.1 70.4 40.36 27.05 26.79 13.49 0 
Dimension>23
Bandera>13
Fitness Greedy Costo>293.28
Solucion Greedy Costo>4 0 9 8 2 11 0 7 3 5 12 0 6 1 10 0 0 0 0 0 0 0 0 
Linea Vacia>
Matriz de Costos>
0 62.84 27 43.69 5.83 39.87 49.36 28.35 18.07 11.14 55.48 34.93 
66.65 0 34.1 31.85 72.11 21.16 60.06 35.76 53.14 53.41 10.22 24.2 
26.19 34.24 0 31.2 37.85 13.49 63.91 31.65 16.17 21.62 25.53 8.41 
44.17 30.35 29.18 0 45.71 15.43 27.28 15.65 44.56 52.22 40.33 36.63 
4.99 67.21 31.11 45.11 0 41.79 40.17 28.45 21.29 18.92 56.01 38.89 
40.19 20.7 13.4 15.42 52.99 0 46.49 15.9 29.85 35.16 21.06 21.35 
47.59 59.41 59.8 24.12 38.61 43.82 0 30.11 66.27 59.59 66.66 68.19 
30.2 35.31 30.41 15.88 31.67 16.4 32.63 0 33.59 34 40.04 37.78 
16.6 47.78 11.23 41.71 23.36 25.27 66.33 31.4 0 5.07 37.76 21.82 
12.37 54.16 18.21 50.58 17.02 32.16 63.18 30.18 5.93 0 45.21 27.51 
51.65 14.87 25.87 40.3 58.7 22.3 68.53 39.52 42.8 43.04 0 16.44 
34.78 22.71 13.96 40.06 44.91 23.1 70.4 40.36 27.05 26.79 13.49 0 
Dimension>23
Bandera>13
Fitness Greedy Costo>293.28
Solucion Greedy Costo>4 0 9 8 2 11 0 7 3 5 12 0 6 1 10 0 0 0 0 0 0 0 0 
Linea Vacia>
Matriz de Costos>
0 62.84 27 43.69 5.83 39.87 49.36 28.35 18.07 11.14 55.48 34.93 
66.65 0 34.1 31.85 72.11 21.16 60.06 35.76 53.14 53.41 10.22 24.2 
26.19 34.24 0 31.2 37.85 13.49 63.91 31.65 16.17 21.62 25.53 8.41 
44.17 30.35 29.18 0 45.71 15.43 27.28 15.65 44.56 52.22 40.33 36.63 
4.99 67.21 31.11 45.11 0 41.79 40.17 28.45 21.29 18.92 56.01 38.89 
40.19 20.7 13.4 15.42 52.99 0 46.49 15.9 29.85 35.16 21.06 21.35 
47.59 59.41 59.8 24.12 38.61 43.82 0 30.11 66.27 59.59 66.66 68.19 
30.2 35.31 30.41 15.88 31.67 16.4 32.63 0 33.59 34 40.04 37.78 
16.6 47.78 11.23 41.71 23.36 25.27 66.33 31.4 0 5.07 37.76 21.82 
12.37 54.16 18.21 50.58 17.02 32.16 63.18 30.18 5.93 0 45.21 27.51 
51.65 14.87 25.87 40.3 58.7 22.3 68.53 39.52 42.8 43.04 0 16.44 
34.78 22.71 13.96 40.06 44.91 23.1 70.4 40.36 27.05 26.79 13.49 0 
GEN 0 431.800000
TIEMPO 0 431.800000
GEN 0 390.630000
TIEMPO 0 390.630000
GEN 0 401.740000
TIEMPO 0 401.740000
GEN 0 438.470000
TIEMPO 0 438.470000
GEN 0 386.910000
TIEMPO 0 386.910000
GEN 0 405.180000
TIEMPO 0 372.310000
GREEDY 0 0.001241
GREEDY 0 0.001254
GREEDY 0 0.001389
GREEDY 5 0.001755
GREEDY 5 0.001830
GREEDY 0 0.003780
GEN 0 400.730000
TIEMPO 0 400.730000
GREEDY 5 0.003296
GREEDY 5 0.004785
GEN 0 395.720000
GREEDY 10 0.005807
TIEMPO 0 395.720000
GREEDY 0 0.006155
GREEDY 0 0.005493
GREEDY 5 0.005805
GEN 0 419.900000
GEN 0 383.020000
GEN 0 434.020000
TIEMPO 0 419.900000
TIEMPO 0 405.980000
TIEMPO 0 383.020000
GREEDY 0 0.003788
GEN 0 431.620000
TIEMPO 0 431.620000
GREEDY 0 0.001409
GREEDY 5 0.002012
GREEDY 10 0.002096
GREEDY 0 0.002269
GREEDY 10 0.008481
GREEDY 15 0.008553
GREEDY 5 0.002820
GREEDY 5 0.006054
GREEDY 10 0.008972
GREEDY 10 0.009363
GEN 0 347.740000
GEN 0 383.000000
GEN 0 422.510000
GEN 0 380.820000
GEN 0 372.270000
TIEMPO 0 347.740000
TIEMPO 0 393.990000
TIEMPO 0 380.820000
TIEMPO 0 383.000000
GEN 0 414.920000
TIEMPO 0 414.920000
GEN 0 424.920000
GEN 0 378.160000
TIEMPO 0 372.270000
TIEMPO 0 424.920000
TIEMPO 0 378.160000
GREEDY 0 0.001009
GREEDY 0 0.001241
GREEDY 5 0.001680
GREEDY 10 0.001766
GREEDY 20 0.011757
GREEDY 0 0.002070
GREEDY 5 0.002144
GREEDY 0 0.002321
GREEDY 0 0.008014
GREEDY 5 0.008103
GEN 0 407.170000
TIEMPO 0 407.170000
GREEDY 5 0.003229
GREEDY 0 0.003436
GEN 0 411.410000
TIEMPO 0 411.410000
GREEDY 5 0.005181
GREEDY 0 0.005397
GREEDY 10 0.005986
GREEDY 10 0.005888
GREEDY 15 0.005959
GREEDY 10 0.006189
GEN 0 431.260000
TIEMPO 0 416.630000
GREEDY 0 0.002915
GEN 0 441.220000
TIEMPO 0 441.220000
GREEDY 5 0.003603
GREEDY 0 0.008421
GREEDY 15 0.019089
GREEDY 0 0.006725
GREEDY 5 0.006875
GREEDY 5 0.009835
GREEDY 0 0.010203
GREEDY 15 0.010126
GREEDY 0 0.003926
GREEDY 20 0.020623
GREEDY 0 0.004010
GREEDY 5 0.004824
GREEDY 5 0.011614
GREEDY 10 0.005287
GREEDY 10 0.012343
GREEDY 5 0.006535
GREEDY 10 0.020149
GREEDY 0 0.019022
GREEDY 5 0.019076
GREEDY 10 0.019132
GREEDY 15 0.021277
GREEDY 10 0.016779
GREEDY 20 0.017866
GREEDY 5 0.017993
GREEDY 10 0.018048
GREEDY 15 0.022574
GREEDY 5 0.018715
GREEDY 5 0.031586
GREEDY 10 0.027877
GREEDY 15 0.021310
GREEDY 15 0.022328
GREEDY 15 0.026702
GREEDY 10 0.027908
GREEDY 10 0.019317
GREEDY 10 0.022883
GREEDY 15 0.022986
GREEDY 15 0.037958
GREEDY 15 0.021154
GREEDY 15 0.021622
GREEDY 10 0.027207
GREEDY 20 0.027053
GREEDY 10 0.032258
GREEDY 10 0.046467
GREEDY 15 0.046584
GREEDY 15 0.041811
GREEDY 20 0.044790
GREEDY 0 0.044158
GREEDY 20 0.036557
GREEDY 15 0.050806
GREEDY 20 0.050891
GREEDY 5 0.060104
GREEDY 10 0.066484
GREEDY 15 0.066596
GREEDY 20 0.075291
GREEDY 15 0.065300
GREEDY 20 0.069577
GREEDY 20 0.070650
GREEDY 20 0.083689
GREEDY 10 0.092792
GREEDY 15 0.092954
GREEDY 20 0.094058
GREEDY 20 0.118001
GEN 2500 233.600000
GEN 2500 220.700000
GEN 2500 233.600000
GEN 2500 236.490000
GEN 2500 220.700000
GEN 2500 243.510000
GEN 2500 256.980000
GEN 2500 248.420000
GEN 2500 260.530000
GREEDY 15 0.151693
GREEDY 15 0.165307
GREEDY 15 0.180589
GEN 2500 220.700000
GEN 2500 230.830000
GEN 2500 228.380000
GREEDY 20 0.200476
GEN 2500 247.760000
GREEDY 15 0.206030
GREEDY 20 0.207347
GEN 2500 227.560000
GEN 2500 220.700000
GREEDY 20 0.224137
GEN 2500 243.510000
GEN 5000 220.700000
GEN 2500 260.530000
GREEDY 20 0.232233
GEN 2500 228.380000
GEN 5000 233.600000
GEN 5000 233.600000
GEN 5000 227.560000
GEN 5000 228.380000
GEN 5000 236.490000
GEN 5000 243.510000
GEN 2500 236.490000
GEN 2500 220.700000
GEN 5000 220.700000
GEN 5000 220.700000
GEN 2500 230.830000
GEN 2500 236.490000
GEN 2500 220.700000
GEN 2500 220.700000
GEN 5000 220.700000
GEN 5000 228.380000
GEN 7500 220.700000
GEN 5000 230.830000
GEN 7500 227.560000
GEN 7500 228.380000
GEN 5000 227.560000
GEN 7500 233.600000
GEN 7500 220.700000
GEN 5000 220.700000
GEN 7500 236.490000
GEN 7500 243.510000
GEN 5000 228.380000
GEN 5000 247.760000
GEN 7500 220.700000
GEN 5000 243.510000
GEN 5000 220.700000
GEN 7500 220.700000
GEN 5000 220.700000
GEN 5000 236.490000
GEN 10000 220.700000
TIEMPO 0.459456 220.700000
GEN 7500 220.700000
GEN 10000 227.560000
TIEMPO 0.478773 227.560000
GEN 10000 228.380000
TIEMPO 0.468932 228.380000
GEN 7500 227.560000
GEN 7500 228.380000
GEN 10000 233.600000
TIEMPO 0.481872 233.600000
GEN 10000 220.700000
TIEMPO 0.500642 220.700000
GEN 7500 220.700000
GEN 10000 234.860000
TIEMPO 0.504555 234.860000
GEN 5000 220.700000
GEN 5000 260.530000
GEN 10000 243.510000
TIEMPO 0.512251 243.510000
GEN 10000 220.700000
TIEMPO 0.528141 220.700000
GEN 7500 228.380000
GEN 7500 220.700000
GEN 5000 236.490000
GEN 7500 247.760000
GEN 7500 243.510000
GEN 10000 227.560000
TIEMPO 0.595096 227.560000
GEN 5000 230.830000
GEN 7500 220.700000
GEN 7500 236.490000
GEN 10000 220.700000
TIEMPO 0.604377 220.700000
GEN 7500 230.830000
GEN 10000 220.700000
TIEMPO 0.622830 220.700000
GEN 10000 220.700000
TIEMPO 0.619963 220.700000
GEN 10000 228.380000
TIEMPO 0.631352 228.380000
GEN 7500 220.700000
GEN 10000 228.380000
TIEMPO 0.683530 228.380000
GEN 10000 247.760000
TIEMPO 0.688183 247.760000
GEN 7500 236.490000
GEN 10000 220.700000
TIEMPO 0.709932 220.700000
GEN 10000 234.860000
TIEMPO 0.738782 234.860000
GEN 10000 220.700000
TIEMPO 0.738781 220.700000
GEN 10000 220.700000
TIEMPO 0.739035 220.700000
GEN 7500 260.530000
GEN 7500 230.830000
GEN 10000 230.830000
TIEMPO 0.795483 230.830000
GEN 10000 243.510000
TIEMPO 0.848631 243.510000
GEN 10000 236.490000
TIEMPO 0.859713 236.490000
GEN 10000 230.830000
TIEMPO 0.942072 230.830000
GEN 10000 260.530000
TIEMPO 0.967056 260.530000

 Current State ---------------------------------------------
Solution:  9 8 2 5 0 11 12 10 1 0 4 7 3 6 0 0 0 0 0 0 0 0 0 Fitness: 220.7

 :( ---------------------- THE END --------------- :) 
