Dimension>23
Bandera>13
Fitness Greedy Costo>293.28
Solucion Greedy Costo>4 0 9 8 2 11 0 7 3 5 12 0 6 1 10 0 0 0 0 0 0 0 0 
Linea Vacia>
Matriz de Costos>
0 62.84 27 43.69 5.83 39.87 49.36 28.35 18.07 11.14 55.48 34.93 
66.65 0 34.1 31.85 72.11 21.16 60.06 35.76 53.14 53.41 10.22 24.2 
26.19 34.24 0 31.2 37.85 13.49 63.91 31.65 16.17 21.62 25.53 8.41 
44.17 30.35 29.18 0 45.71 15.43 27.28 15.65 44.56 52.22 40.33 36.63 
4.99 67.21 31.11 45.11 0 41.79 40.17 28.45 21.29 18.92 56.01 38.89 
40.19 20.7 13.4 15.42 52.99 0 46.49 15.9 29.85 35.16 21.06 21.35 
47.59 59.41 59.8 24.12 38.61 43.82 0 30.11 66.27 59.59 66.66 68.19 
30.2 35.31 30.41 15.88 31.67 16.4 32.63 0 33.59 34 40.04 37.78 
16.6 47.78 11.23 41.71 23.36 25.27 66.33 31.4 0 5.07 37.76 21.82 
12.37 54.16 18.21 50.58 17.02 32.16 63.18 30.18 5.93 0 45.21 27.51 
51.65 14.87 25.87 40.3 58.7 22.3 68.53 39.52 42.8 43.04 0 16.44 
34.78 22.71 13.96 40.06 44.91 23.1 70.4 40.36 27.05 26.79 13.49 0 
Dimension>23
Bandera>13
Fitness Greedy Costo>293.28
Solucion Greedy Costo>4 0 9 8 2 11 0 7 3 5 12 0 6 1 10 0 0 0 0 0 0 0 0 
Linea Vacia>
Matriz de Costos>
0 62.84 27 43.69 5.83 39.87 49.36 28.35 18.07 11.14 55.48 34.93 
66.65 0 34.1 31.85 72.11 21.16 60.06 35.76 53.14 53.41 10.22 24.2 
26.19 34.24 0 31.2 37.85 13.49 63.91 31.65 16.17 21.62 25.53 8.41 
44.17 30.35 29.18 0 45.71 15.43 27.28 15.65 44.56 52.22 40.33 36.63 
4.99 67.21 31.11 45.11 0 41.79 40.17 28.45 21.29 18.92 56.01 38.89 
40.19 20.7 13.4 15.42 52.99 0 46.49 15.9 29.85 35.16 21.06 21.35 
47.59 59.41 59.8 24.12 38.61 43.82 0 30.11 66.27 59.59 66.66 68.19 
30.2 35.31 30.41 15.88 31.67 16.4 32.63 0 33.59 34 40.04 37.78 
16.6 47.78 11.23 41.71 23.36 25.27 66.33 31.4 0 5.07 37.76 21.82 
12.37 54.16 18.21 50.58 17.02 32.16 63.18 30.18 5.93 0 45.21 27.51 
51.65 14.87 25.87 40.3 58.7 22.3 68.53 39.52 42.8 43.04 0 16.44 
34.78 22.71 13.96 40.06 44.91 23.1 70.4 40.36 27.05 26.79 13.49 0 
Dimension>23
Bandera>13
Fitness Greedy Costo>293.28
Solucion Greedy Costo>4 0 9 8 2 11 0 7 3 5 12 0 6 1 10 0 0 0 0 0 0 0 0 
Linea Vacia>
Matriz de Costos>
0 62.84 27 43.69 5.83 39.87 49.36 28.35 18.07 11.14 55.48 34.93 
66.65 0 34.1 31.85 72.11 21.16 60.06 35.76 53.14 53.41 10.22 24.2 
26.19 34.24 0 31.2 37.85 13.49 63.91 31.65 16.17 21.62 25.53 8.41 
44.17 30.35 29.18 0 45.71 15.43 27.28 15.65 44.56 52.22 40.33 36.63 
4.99 67.21 31.11 45.11 0 41.79 40.17 28.45 21.29 18.92 56.01 38.89 
40.19 20.7 13.4 15.42 52.99 0 46.49 15.9 29.85 35.16 21.06 21.35 
47.59 59.41 59.8 24.12 38.61 43.82 0 30.11 66.27 59.59 66.66 68.19 
30.2 35.31 30.41 15.88 31.67 16.4 32.63 0 33.59 34 40.04 37.78 
16.6 47.78 11.23 41.71 23.36 25.27 66.33 31.4 0 5.07 37.76 21.82 
12.37 54.16 18.21 50.58 17.02 32.16 63.18 30.18 5.93 0 45.21 27.51 
51.65 14.87 25.87 40.3 58.7 22.3 68.53 39.52 42.8 43.04 0 16.44 
34.78 22.71 13.96 40.06 44.91 23.1 70.4 40.36 27.05 26.79 13.49 0 
Dimension>23
Bandera>13
Fitness Greedy Costo>293.28
Solucion Greedy Costo>4 0 9 8 2 11 0 7 3 5 12 0 6 1 10 0 0 0 0 0 0 0 0 
Linea Vacia>
Matriz de Costos>
0 62.84 27 43.69 5.83 39.87 49.36 28.35 18.07 11.14 55.48 34.93 
66.65 0 34.1 31.85 72.11 21.16 60.06 35.76 53.14 53.41 10.22 24.2 
26.19 34.24 0 31.2 37.85 13.49 63.91 31.65 16.17 21.62 25.53 8.41 
44.17 30.35 29.18 0 45.71 15.43 27.28 15.65 44.56 52.22 40.33 36.63 
4.99 67.21 31.11 45.11 0 41.79 40.17 28.45 21.29 18.92 56.01 38.89 
40.19 20.7 13.4 15.42 52.99 0 46.49 15.9 29.85 35.16 21.06 21.35 
47.59 59.41 59.8 24.12 38.61 43.82 0 30.11 66.27 59.59 66.66 68.19 
30.2 35.31 30.41 15.88 31.67 16.4 32.63 0 33.59 34 40.04 37.78 
16.6 47.78 11.23 41.71 23.36 25.27 66.33 31.4 0 5.07 37.76 21.82 
12.37 54.16 18.21 50.58 17.02 32.16 63.18 30.18 5.93 0 45.21 27.51 
51.65 14.87 25.87 40.3 58.7 22.3 68.53 39.52 42.8 43.04 0 16.44 
34.78 22.71 13.96 40.06 44.91 23.1 70.4 40.36 27.05 26.79 13.49 0 
Dimension>23
Bandera>13
Fitness Greedy Costo>293.28
Solucion Greedy Costo>4 0 9 8 2 11 0 7 3 5 12 0 6 1 10 0 0 0 0 0 0 0 0 
Linea Vacia>
Matriz de Costos>
0 62.84 27 43.69 5.83 39.87 49.36 28.35 18.07 11.14 55.48 34.93 
66.65 0 34.1 31.85 72.11 21.16 60.06 35.76 53.14 53.41 10.22 24.2 
26.19 34.24 0 31.2 37.85 13.49 63.91 31.65 16.17 21.62 25.53 8.41 
44.17 30.35 29.18 0 45.71 15.43 27.28 15.65 44.56 52.22 40.33 36.63 
4.99 67.21 31.11 45.11 0 41.79 40.17 28.45 21.29 18.92 56.01 38.89 
40.19 20.7 13.4 15.42 52.99 0 46.49 15.9 29.85 35.16 21.06 21.35 
47.59 59.41 59.8 24.12 38.61 43.82 0 30.11 66.27 59.59 66.66 68.19 
30.2 35.31 30.41 15.88 31.67 16.4 32.63 0 33.59 34 40.04 37.78 
16.6 47.78 11.23 41.71 23.36 25.27 66.33 31.4 0 5.07 37.76 21.82 
12.37 54.16 18.21 50.58 17.02 32.16 63.18 30.18 5.93 0 45.21 27.51 
51.65 14.87 25.87 40.3 58.7 22.3 68.53 39.52 42.8 43.04 0 16.44 
34.78 22.71 13.96 40.06 44.91 23.1 70.4 40.36 27.05 26.79 13.49 0 
Dimension>23
Bandera>13
Fitness Greedy Costo>293.28
Solucion Greedy Costo>4 0 9 8 2 11 0 7 3 5 12 0 6 1 10 0 0 0 0 0 0 0 0 
Linea Vacia>
Matriz de Costos>
0 62.84 27 43.69 5.83 39.87 49.36 28.35 18.07 11.14 55.48 34.93 
66.65 0 34.1 31.85 72.11 21.16 60.06 35.76 53.14 53.41 10.22 24.2 
26.19 34.24 0 31.2 37.85 13.49 63.91 31.65 16.17 21.62 25.53 8.41 
44.17 30.35 29.18 0 45.71 15.43 27.28 15.65 44.56 52.22 40.33 36.63 
4.99 67.21 31.11 45.11 0 41.79 40.17 28.45 21.29 18.92 56.01 38.89 
40.19 20.7 13.4 15.42 52.99 0 46.49 15.9 29.85 35.16 21.06 21.35 
47.59 59.41 59.8 24.12 38.61 43.82 0 30.11 66.27 59.59 66.66 68.19 
30.2 35.31 30.41 15.88 31.67 16.4 32.63 0 33.59 34 40.04 37.78 
16.6 47.78 11.23 41.71 23.36 25.27 66.33 31.4 0 5.07 37.76 21.82 
12.37 54.16 18.21 50.58 17.02 32.16 63.18 30.18 5.93 0 45.21 27.51 
51.65 14.87 25.87 40.3 58.7 22.3 68.53 39.52 42.8 43.04 0 16.44 
34.78 22.71 13.96 40.06 44.91 23.1 70.4 40.36 27.05 26.79 13.49 0 
Dimension>23
Bandera>13
Fitness Greedy Costo>293.28
Solucion Greedy Costo>4 0 9 8 2 11 0 7 3 5 12 0 6 1 10 0 0 0 0 0 0 0 0 
Linea Vacia>
Matriz de Costos>
0 62.84 27 43.69 5.83 39.87 49.36 28.35 18.07 11.14 55.48 34.93 
66.65 0 34.1 31.85 72.11 21.16 60.06 35.76 53.14 53.41 10.22 24.2 
26.19 34.24 0 31.2 37.85 13.49 63.91 31.65 16.17 21.62 25.53 8.41 
44.17 30.35 29.18 0 45.71 15.43 27.28 15.65 44.56 52.22 40.33 36.63 
4.99 67.21 31.11 45.11 0 41.79 40.17 28.45 21.29 18.92 56.01 38.89 
40.19 20.7 13.4 15.42 52.99 0 46.49 15.9 29.85 35.16 21.06 21.35 
47.59 59.41 59.8 24.12 38.61 43.82 0 30.11 66.27 59.59 66.66 68.19 
30.2 35.31 30.41 15.88 31.67 16.4 32.63 0 33.59 34 40.04 37.78 
16.6 47.78 11.23 41.71 23.36 25.27 66.33 31.4 0 5.07 37.76 21.82 
12.37 54.16 18.21 50.58 17.02 32.16 63.18 30.18 5.93 0 45.21 27.51 
51.65 14.87 25.87 40.3 58.7 22.3 68.53 39.52 42.8 43.04 0 16.44 
34.78 22.71 13.96 40.06 44.91 23.1 70.4 40.36 27.05 26.79 13.49 0 
Dimension>23
Bandera>13
Fitness Greedy Costo>293.28
Solucion Greedy Costo>4 0 9 8 2 11 0 7 3 5 12 0 6 1 10 0 0 0 0 0 0 0 0 
Linea Vacia>
Matriz de Costos>
0 62.84 27 43.69 5.83 39.87 49.36 28.35 18.07 11.14 55.48 34.93 
66.65 0 34.1 31.85 72.11 21.16 60.06 35.76 53.14 53.41 10.22 24.2 
26.19 34.24 0 31.2 37.85 13.49 63.91 31.65 16.17 21.62 25.53 8.41 
44.17 30.35 29.18 0 45.71 15.43 27.28 15.65 44.56 52.22 40.33 36.63 
4.99 67.21 31.11 45.11 0 41.79 40.17 28.45 21.29 18.92 56.01 38.89 
40.19 20.7 13.4 15.42 52.99 0 46.49 15.9 29.85 35.16 21.06 21.35 
47.59 59.41 59.8 24.12 38.61 43.82 0 30.11 66.27 59.59 66.66 68.19 
30.2 35.31 30.41 15.88 31.67 16.4 32.63 0 33.59 34 40.04 37.78 
16.6 47.78 11.23 41.71 23.36 25.27 66.33 31.4 0 5.07 37.76 21.82 
12.37 54.16 18.21 50.58 17.02 32.16 63.18 30.18 5.93 0 45.21 27.51 
51.65 14.87 25.87 40.3 58.7 22.3 68.53 39.52 42.8 43.04 0 16.44 
34.78 22.71 13.96 40.06 44.91 23.1 70.4 40.36 27.05 26.79 13.49 0 
Dimension>23
Bandera>13
Fitness Greedy Costo>293.28
Solucion Greedy Costo>4 0 9 8 2 11 0 7 3 5 12 0 6 1 10 0 0 0 0 0 0 0 0 
Linea Vacia>
Matriz de Costos>
0 62.84 27 43.69 5.83 39.87 49.36 28.35 18.07 11.14 55.48 34.93 
66.65 0 34.1 31.85 72.11 21.16 60.06 35.76 53.14 53.41 10.22 24.2 
26.19 34.24 0 31.2 37.85 13.49 63.91 31.65 16.17 21.62 25.53 8.41 
44.17 30.35 29.18 0 45.71 15.43 27.28 15.65 44.56 52.22 40.33 36.63 
4.99 67.21 31.11 45.11 0 41.79 40.17 28.45 21.29 18.92 56.01 38.89 
40.19 20.7 13.4 15.42 52.99 0 46.49 15.9 29.85 35.16 21.06 21.35 
47.59 59.41 59.8 24.12 38.61 43.82 0 30.11 66.27 59.59 66.66 68.19 
30.2 35.31 30.41 15.88 31.67 16.4 32.63 0 33.59 34 40.04 37.78 
16.6 47.78 11.23 41.71 23.36 25.27 66.33 31.4 0 5.07 37.76 21.82 
12.37 54.16 18.21 50.58 17.02 32.16 63.18 30.18 5.93 0 45.21 27.51 
51.65 14.87 25.87 40.3 58.7 22.3 68.53 39.52 42.8 43.04 0 16.44 
34.78 22.71 13.96 40.06 44.91 23.1 70.4 40.36 27.05 26.79 13.49 0 
Dimension>23
Bandera>13
Fitness Greedy Costo>293.28
Solucion Greedy Costo>4 0 9 8 2 11 0 7 3 5 12 0 6 1 10 0 0 0 0 0 0 0 0 
Linea Vacia>
Matriz de Costos>
0 62.84 27 43.69 5.83 39.87 49.36 28.35 18.07 11.14 55.48 34.93 
66.65 0 34.1 31.85 72.11 21.16 60.06 35.76 53.14 53.41 10.22 24.2 
26.19 34.24 0 31.2 37.85 13.49 63.91 31.65 16.17 21.62 25.53 8.41 
44.17 30.35 29.18 0 45.71 15.43 27.28 15.65 44.56 52.22 40.33 36.63 
4.99 67.21 31.11 45.11 0 41.79 40.17 28.45 21.29 18.92 56.01 38.89 
40.19 20.7 13.4 15.42 52.99 0 46.49 15.9 29.85 35.16 21.06 21.35 
47.59 59.41 59.8 24.12 38.61 43.82 0 30.11 66.27 59.59 66.66 68.19 
30.2 35.31 30.41 15.88 31.67 16.4 32.63 0 33.59 34 40.04 37.78 
16.6 47.78 11.23 41.71 23.36 25.27 66.33 31.4 0 5.07 37.76 21.82 
12.37 54.16 18.21 50.58 17.02 32.16 63.18 30.18 5.93 0 45.21 27.51 
51.65 14.87 25.87 40.3 58.7 22.3 68.53 39.52 42.8 43.04 0 16.44 
34.78 22.71 13.96 40.06 44.91 23.1 70.4 40.36 27.05 26.79 13.49 0 
Dimension>23
Bandera>13
Fitness Greedy Costo>293.28
Solucion Greedy Costo>4 0 9 8 2 11 0 7 3 5 12 0 6 1 10 0 0 0 0 0 0 0 0 
Linea Vacia>
Matriz de Costos>
0 62.84 27 43.69 5.83 39.87 49.36 28.35 18.07 11.14 55.48 34.93 
66.65 0 34.1 31.85 72.11 21.16 60.06 35.76 53.14 53.41 10.22 24.2 
26.19 34.24 0 31.2 37.85 13.49 63.91 31.65 16.17 21.62 25.53 8.41 
44.17 30.35 29.18 0 45.71 15.43 27.28 15.65 44.56 52.22 40.33 36.63 
4.99 67.21 31.11 45.11 0 41.79 40.17 28.45 21.29 18.92 56.01 38.89 
40.19 20.7 13.4 15.42 52.99 0 46.49 15.9 29.85 35.16 21.06 21.35 
47.59 59.41 59.8 24.12 38.61 43.82 0 30.11 66.27 59.59 66.66 68.19 
30.2 35.31 30.41 15.88 31.67 16.4 32.63 0 33.59 34 40.04 37.78 
16.6 47.78 11.23 41.71 23.36 25.27 66.33 31.4 0 5.07 37.76 21.82 
12.37 54.16 18.21 50.58 17.02 32.16 63.18 30.18 5.93 0 45.21 27.51 
51.65 14.87 25.87 40.3 58.7 22.3 68.53 39.52 42.8 43.04 0 16.44 
34.78 22.71 13.96 40.06 44.91 23.1 70.4 40.36 27.05 26.79 13.49 0 
Dimension>23
Bandera>13
Fitness Greedy Costo>293.28
Solucion Greedy Costo>4 0 9 8 2 11 0 7 3 5 12 0 6 1 10 0 0 0 0 0 0 0 0 
Linea Vacia>
Matriz de Costos>
0 62.84 27 43.69 5.83 39.87 49.36 28.35 18.07 11.14 55.48 34.93 
66.65 0 34.1 31.85 72.11 21.16 60.06 35.76 53.14 53.41 10.22 24.2 
26.19 34.24 0 31.2 37.85 13.49 63.91 31.65 16.17 21.62 25.53 8.41 
44.17 30.35 29.18 0 45.71 15.43 27.28 15.65 44.56 52.22 40.33 36.63 
4.99 67.21 31.11 45.11 0 41.79 40.17 28.45 21.29 18.92 56.01 38.89 
40.19 20.7 13.4 15.42 52.99 0 46.49 15.9 29.85 35.16 21.06 21.35 
47.59 59.41 59.8 24.12 38.61 43.82 0 30.11 66.27 59.59 66.66 68.19 
30.2 35.31 30.41 15.88 31.67 16.4 32.63 0 33.59 34 40.04 37.78 
16.6 47.78 11.23 41.71 23.36 25.27 66.33 31.4 0 5.07 37.76 21.82 
12.37 54.16 18.21 50.58 17.02 32.16 63.18 30.18 5.93 0 45.21 27.51 
51.65 14.87 25.87 40.3 58.7 22.3 68.53 39.52 42.8 43.04 0 16.44 
34.78 22.71 13.96 40.06 44.91 23.1 70.4 40.36 27.05 26.79 13.49 0 
Dimension>23
Bandera>13
Fitness Greedy Costo>293.28
Solucion Greedy Costo>4 0 9 8 2 11 0 7 3 5 12 0 6 1 10 0 0 0 0 0 0 0 0 
Linea Vacia>
Matriz de Costos>
0 62.84 27 43.69 5.83 39.87 49.36 28.35 18.07 11.14 55.48 34.93 
66.65 0 34.1 31.85 72.11 21.16 60.06 35.76 53.14 53.41 10.22 24.2 
26.19 34.24 0 31.2 37.85 13.49 63.91 31.65 16.17 21.62 25.53 8.41 
44.17 30.35 29.18 0 45.71 15.43 27.28 15.65 44.56 52.22 40.33 36.63 
4.99 67.21 31.11 45.11 0 41.79 40.17 28.45 21.29 18.92 56.01 38.89 
40.19 20.7 13.4 15.42 52.99 0 46.49 15.9 29.85 35.16 21.06 21.35 
47.59 59.41 59.8 24.12 38.61 43.82 0 30.11 66.27 59.59 66.66 68.19 
30.2 35.31 30.41 15.88 31.67 16.4 32.63 0 33.59 34 40.04 37.78 
16.6 47.78 11.23 41.71 23.36 25.27 66.33 31.4 0 5.07 37.76 21.82 
12.37 54.16 18.21 50.58 17.02 32.16 63.18 30.18 5.93 0 45.21 27.51 
51.65 14.87 25.87 40.3 58.7 22.3 68.53 39.52 42.8 43.04 0 16.44 
34.78 22.71 13.96 40.06 44.91 23.1 70.4 40.36 27.05 26.79 13.49 0 
Dimension>23
Bandera>13
Fitness Greedy Costo>293.28
Solucion Greedy Costo>4 0 9 8 2 11 0 7 3 5 12 0 6 1 10 0 0 0 0 0 0 0 0 
Linea Vacia>
Dimension>23
Bandera>13
Fitness Greedy Costo>293.28
Solucion Greedy Costo>4 0 9 8 2 11 0 7 3 5 12 0 6 1 10 0 0 0 0 0 0 0 0 
Linea Vacia>
Matriz de Costos>
0 62.84 27 43.69 5.83 39.87 49.36 28.35 18.07 11.14 55.48 34.93 
66.65 0 34.1 31.85 72.11 21.16 60.06 35.76 53.14 53.41 10.22 24.2 
26.19 34.24 0 31.2 37.85 13.49 63.91 31.65 16.17 21.62 25.53 8.41 
44.17 30.35 29.18 0 45.71 15.43 27.28 15.65 44.56 52.22 40.33 36.63 
4.99 67.21 31.11 45.11 0 41.79 40.17 28.45 21.29 18.92 56.01 38.89 
40.19 20.7 13.4 15.42 52.99 0 46.49 15.9 29.85 35.16 21.06 21.35 
47.59 59.41 59.8 24.12 38.61 43.82 0 30.11 66.27 59.59 66.66 68.19 
30.2 35.31 30.41 15.88 31.67 16.4 32.63 0 33.59 34 40.04 37.78 
16.6 47.78 11.23 41.71 23.36 25.27 66.33 31.4 0 5.07 37.76 21.82 
12.37 54.16 18.21 50.58 17.02 32.16 63.18 30.18 5.93 0 45.21 27.51 
51.65 14.87 25.87 40.3 58.7 22.3 68.53 39.52 42.8 43.04 0 16.44 
34.78 22.71 13.96 40.06 44.91 23.1 70.4 40.36 27.05 26.79 13.49 0 
Matriz de Costos>
0 62.84 27 43.69 5.83 39.87 49.36 28.35 18.07 11.14 55.48 34.93 
66.65 0 34.1 31.85 72.11 21.16 60.06 35.76 53.14 53.41 10.22 24.2 
26.19 34.24 0 31.2 37.85 13.49 63.91 31.65 16.17 21.62 25.53 8.41 
44.17 30.35 29.18 0 45.71 15.43 27.28 15.65 44.56 52.22 40.33 36.63 
4.99 67.21 31.11 45.11 0 41.79 40.17 28.45 21.29 18.92 56.01 38.89 
40.19 20.7 13.4 15.42 52.99 0 46.49 15.9 29.85 35.16 21.06 21.35 
47.59 59.41 59.8 24.12 38.61 43.82 0 30.11 66.27 59.59 66.66 68.19 
30.2 35.31 30.41 15.88 31.67 16.4 32.63 0 33.59 34 40.04 37.78 
16.6 47.78 11.23 41.71 23.36 25.27 66.33 31.4 0 5.07 37.76 21.82 
12.37 54.16 18.21 50.58 17.02 32.16 63.18 30.18 5.93 0 45.21 27.51 
51.65 14.87 25.87 40.3 58.7 22.3 68.53 39.52 42.8 43.04 0 16.44 
34.78 22.71 13.96 40.06 44.91 23.1 70.4 40.36 27.05 26.79 13.49 0 
Dimension>23
Bandera>13
Fitness Greedy Costo>293.28
Solucion Greedy Costo>4 0 9 8 2 11 0 7 3 5 12 0 6 1 10 0 0 0 0 0 0 0 0 
Linea Vacia>
Matriz de Costos>
0 62.84 27 43.69 5.83 39.87 49.36 28.35 18.07 11.14 55.48 34.93 
66.65 0 34.1 31.85 72.11 21.16 60.06 35.76 53.14 53.41 10.22 24.2 
26.19 34.24 0 31.2 37.85 13.49 63.91 31.65 16.17 21.62 25.53 8.41 
44.17 30.35 29.18 0 45.71 15.43 27.28 15.65 44.56 52.22 40.33 36.63 
4.99 67.21 31.11 45.11 0 41.79 40.17 28.45 21.29 18.92 56.01 38.89 
40.19 20.7 13.4 15.42 52.99 0 46.49 15.9 29.85 35.16 21.06 21.35 
47.59 59.41 59.8 24.12 38.61 43.82 0 30.11 66.27 59.59 66.66 68.19 
Dimension>23
Bandera>13
Fitness Greedy Costo>293.28
Solucion Greedy Costo>4 0 9 8 2 11 0 7 3 5 12 0 6 1 10 0 0 0 0 0 0 0 0 
Linea Vacia>
Matriz de Costos>
0 62.84 27 43.69 5.83 39.87 49.36 28.35 18.07 11.14 55.48 34.93 
66.65 0 34.1 31.85 72.11 21.16 60.06 35.76 53.14 53.41 10.22 24.2 
26.19 34.24 0 31.2 37.85 13.49 63.91 31.65 16.17 21.62 25.53 8.41 
44.17 30.35 29.18 0 45.71 15.43 27.28 15.65 44.56 52.22 40.33 36.63 
4.99 67.21 31.11 45.11 0 41.79 40.17 28.45 21.29 18.92 56.01 38.89 
40.19 20.7 13.4 15.42 52.99 0 46.49 15.9 29.85 35.16 21.06 21.35 
30.2 35.31 30.41 15.88 31.67 16.4 32.63 0 33.59 34 40.04 37.78 
16.6 47.78 11.23 41.71 23.36 25.27 66.33 31.4 0 5.07 37.76 21.82 
12.37 54.16 18.21 50.58 17.02 32.16 63.18 30.18 5.93 0 45.21 27.51 
51.65 14.87 25.87 40.3 58.7 22.3 68.53 39.52 42.8 43.04 0 16.44 
34.78 22.71 13.96 40.06 44.91 23.1 70.4 40.36 27.05 26.79 13.49 0 
Dimension>23
Bandera>13
Fitness Greedy Costo>293.28
Solucion Greedy Costo>4 0 9 8 2 11 0 7 3 5 12 0 6 1 10 0 0 0 0 0 0 0 0 
Linea Vacia>
Matriz de Costos>
0 62.84 27 43.69 5.83 39.87 49.36 28.35 18.07 11.14 55.48 34.93 
66.65 0 34.1 31.85 72.11 21.16 60.06 35.76 53.14 53.41 10.22 24.2 
26.19 34.24 0 31.2 37.85 13.49 63.91 31.65 16.17 21.62 25.53 8.41 
44.17 30.35 29.18 0 45.71 15.43 27.28 15.65 44.56 52.22 40.33 36.63 
4.99 67.21 31.11 45.11 0 41.79 40.17 28.45 21.29 18.92 56.01 38.89 
40.19 20.7 13.4 15.42 52.99 0 46.49 15.9 29.85 35.16 21.06 21.35 
47.59 59.41 59.8 24.12 38.61 43.82 0 30.11 66.27 59.59 66.66 68.19 
30.2 35.31 30.41 15.88 31.67 16.4 32.63 0 33.59 34 40.04 37.78 
16.6 47.78 11.23 41.71 23.36 25.27 66.33 31.4 0 5.07 37.76 21.82 
12.37 54.16 18.21 50.58 17.02 32.16 63.18 30.18 5.93 0 45.21 27.51 
51.65 14.87 25.87 40.3 58.7 22.3 68.53 39.52 42.8 43.04 0 16.44 
34.78 22.71 13.96 40.06 44.91 23.1 70.4 40.36 27.05 26.79 13.49 0 
47.59 59.41 59.8 24.12 38.61 43.82 0 30.11 66.27 59.59 66.66 68.19 
30.2 35.31 30.41 15.88 31.67 16.4 32.63 0 33.59 34 40.04 37.78 
16.6 47.78 11.23 41.71 23.36 25.27 66.33 31.4 0 5.07 37.76 21.82 
12.37 54.16 18.21 50.58 17.02 32.16 63.18 30.18 5.93 0 45.21 27.51 
51.65 14.87 25.87 40.3 58.7 22.3 68.53 39.52 42.8 43.04 0 16.44 
34.78 22.71 13.96 40.06 44.91 23.1 70.4 40.36 27.05 26.79 13.49 0 
Dimension>23
Bandera>13
Fitness Greedy Costo>293.28
Solucion Greedy Costo>4 0 9 8 2 11 0 7 3 5 12 0 6 1 10 0 0 0 0 0 0 0 0 
Linea Vacia>
Matriz de Costos>
0 62.84 27 43.69 5.83 39.87 49.36 28.35 18.07 11.14 55.48 34.93 
66.65 0 34.1 31.85 72.11 21.16 60.06 35.76 53.14 53.41 10.22 24.2 
26.19 34.24 0 31.2 37.85 13.49 63.91 31.65 16.17 21.62 25.53 8.41 
44.17 30.35 29.18 0 45.71 15.43 27.28 15.65 44.56 52.22 40.33 36.63 
4.99 67.21 31.11 45.11 0 41.79 40.17 28.45 21.29 18.92 56.01 38.89 
40.19 20.7 13.4 15.42 52.99 0 46.49 15.9 29.85 35.16 21.06 21.35 
47.59 59.41 59.8 24.12 38.61 43.82 0 30.11 66.27 59.59 66.66 68.19 
30.2 35.31 30.41 15.88 31.67 16.4 32.63 0 33.59 34 40.04 37.78 
16.6 47.78 11.23 41.71 23.36 25.27 66.33 31.4 0 5.07 37.76 21.82 
12.37 54.16 18.21 50.58 17.02 32.16 63.18 30.18 5.93 0 45.21 27.51 
51.65 14.87 25.87 40.3 58.7 22.3 68.53 39.52 42.8 43.04 0 16.44 
34.78 22.71 13.96 40.06 44.91 23.1 70.4 40.36 27.05 26.79 13.49 0 
Dimension>23
Bandera>13
Fitness Greedy Costo>293.28
Solucion Greedy Costo>4 0 9 8 2 11 0 7 3 5 12 0 6 1 10 0 0 0 0 0 0 0 0 
Linea Vacia>
Matriz de Costos>
0 62.84 27 43.69 5.83 39.87 49.36 28.35 18.07 11.14 55.48 34.93 
66.65 0 34.1 31.85 72.11 21.16 60.06 35.76 53.14 53.41 10.22 24.2 
26.19 34.24 0 31.2 37.85 13.49 63.91 31.65 16.17 21.62 25.53 8.41 
44.17 30.35 29.18 0 45.71 15.43 27.28 15.65 44.56 52.22 40.33 36.63 
4.99 67.21 31.11 45.11 0 41.79 40.17 28.45 21.29 18.92 56.01 38.89 
40.19 20.7 13.4 15.42 52.99 0 46.49 15.9 29.85 35.16 21.06 21.35 
47.59 59.41 59.8 24.12 38.61 43.82 0 30.11 66.27 59.59 66.66 68.19 
30.2 35.31 30.41 15.88 31.67 16.4 32.63 0 33.59 34 40.04 37.78 
16.6 47.78 11.23 41.71 23.36 25.27 66.33 31.4 0 5.07 37.76 21.82 
12.37 54.16 18.21 50.58 17.02 32.16 63.18 30.18 5.93 0 45.21 27.51 
51.65 14.87 25.87 40.3 58.7 22.3 68.53 39.52 42.8 43.04 0 16.44 
34.78 22.71 13.96 40.06 44.91 23.1 70.4 40.36 27.05 26.79 13.49 0 
Dimension>23
Bandera>13
Fitness Greedy Costo>293.28
Solucion Greedy Costo>4 0 9 8 2 11 0 7 3 5 12 0 6 1 10 0 0 0 0 0 0 0 0 
Linea Vacia>
Matriz de Costos>
0 62.84 27 43.69 5.83 39.87 49.36 28.35 18.07 11.14 55.48 34.93 
66.65 0 34.1 31.85 72.11 21.16 60.06 35.76 53.14 53.41 10.22 24.2 
26.19 34.24 0 31.2 37.85 13.49 63.91 31.65 16.17 21.62 25.53 8.41 
44.17 30.35 29.18 0 45.71 15.43 27.28 15.65 44.56 52.22 40.33 36.63 
4.99 67.21 31.11 45.11 0 41.79 40.17 28.45 21.29 18.92 56.01 38.89 
40.19 20.7 13.4 15.42 52.99 0 46.49 15.9 29.85 35.16 21.06 21.35 
47.59 59.41 59.8 24.12 38.61 43.82 0 30.11 66.27 59.59 66.66 68.19 
30.2 35.31 30.41 15.88 31.67 16.4 32.63 0 33.59 34 40.04 37.78 
16.6 47.78 11.23 41.71 23.36 25.27 66.33 31.4 0 5.07 37.76 21.82 
12.37 54.16 18.21 50.58 17.02 32.16 63.18 30.18 5.93 0 45.21 27.51 
51.65 14.87 25.87 40.3 58.7 22.3 68.53 39.52 42.8 43.04 0 16.44 
34.78 22.71 13.96 40.06 44.91 23.1 70.4 40.36 27.05 26.79 13.49 0 
Dimension>23
Bandera>13
Fitness Greedy Costo>293.28
Solucion Greedy Costo>4 0 9 8 2 11 0 7 3 5 12 0 6 1 10 0 0 0 0 0 0 0 0 
Linea Vacia>
Matriz de Costos>
0 62.84 27 43.69 5.83 39.87 49.36 28.35 18.07 11.14 55.48 34.93 
66.65 0 34.1 31.85 72.11 21.16 60.06 35.76 53.14 53.41 10.22 24.2 
26.19 34.24 0 31.2 37.85 13.49 63.91 31.65 16.17 21.62 25.53 8.41 
44.17 30.35 29.18 0 45.71 15.43 27.28 15.65 44.56 52.22 40.33 36.63 
4.99 67.21 31.11 45.11 0 41.79 40.17 28.45 21.29 18.92 56.01 38.89 
40.19 20.7 13.4 15.42 52.99 0 46.49 15.9 29.85 35.16 21.06 21.35 
47.59 59.41 59.8 24.12 38.61 43.82 0 30.11 66.27 59.59 66.66 68.19 
30.2 35.31 30.41 15.88 31.67 16.4 32.63 0 33.59 34 40.04 37.78 
16.6 47.78 11.23 41.71 23.36 25.27 66.33 31.4 0 5.07 37.76 21.82 
12.37 54.16 18.21 50.58 17.02 32.16 63.18 30.18 5.93 0 45.21 27.51 
51.65 14.87 25.87 40.3 58.7 22.3 68.53 39.52 42.8 43.04 0 16.44 
34.78 22.71 13.96 40.06 44.91 23.1 70.4 40.36 27.05 26.79 13.49 0 
Dimension>23
Bandera>13
Fitness Greedy Costo>293.28
Solucion Greedy Costo>4 0 9 8 2 11 0 7 3 5 12 0 6 1 10 0 0 0 0 0 0 0 0 
Linea Vacia>
Matriz de Costos>
0 62.84 27 43.69 5.83 39.87 49.36 28.35 18.07 11.14 55.48 34.93 
66.65 0 34.1 31.85 72.11 21.16 60.06 35.76 53.14 53.41 10.22 24.2 
26.19 34.24 0 31.2 37.85 13.49 63.91 31.65 16.17 21.62 25.53 8.41 
44.17 30.35 29.18 0 45.71 15.43 27.28 15.65 44.56 52.22 40.33 36.63 
4.99 67.21 31.11 45.11 0 41.79 40.17 28.45 21.29 18.92 56.01 38.89 
40.19 20.7 13.4 15.42 52.99 0 46.49 15.9 29.85 35.16 21.06 21.35 
47.59 59.41 59.8 24.12 38.61 43.82 0 30.11 66.27 59.59 66.66 68.19 
30.2 35.31 30.41 15.88 31.67 16.4 32.63 0 33.59 34 40.04 37.78 
16.6 47.78 11.23 41.71 23.36 25.27 66.33 31.4 0 5.07 37.76 21.82 
12.37 54.16 18.21 50.58 17.02 32.16 63.18 30.18 5.93 0 45.21 27.51 
51.65 14.87 25.87 40.3 58.7 22.3 68.53 39.52 42.8 43.04 0 16.44 
34.78 22.71 13.96 40.06 44.91 23.1 70.4 40.36 27.05 26.79 13.49 0 
Dimension>23
Bandera>13
Fitness Greedy Costo>293.28
Solucion Greedy Costo>4 0 9 8 2 11 0 7 3 5 12 0 6 1 10 0 0 0 0 0 0 0 0 
Linea Vacia>
Matriz de Costos>
0 62.84 27 43.69 5.83 39.87 49.36 28.35 18.07 11.14 55.48 34.93 
66.65 0 34.1 31.85 72.11 21.16 60.06 35.76 53.14 53.41 10.22 24.2 
26.19 34.24 0 31.2 37.85 13.49 63.91 31.65 16.17 21.62 25.53 8.41 
44.17 30.35 29.18 0 45.71 15.43 27.28 15.65 44.56 52.22 40.33 36.63 
4.99 67.21 31.11 45.11 0 41.79 40.17 28.45 21.29 18.92 56.01 38.89 
40.19 20.7 13.4 15.42 52.99 0 46.49 15.9 29.85 35.16 21.06 21.35 
47.59 59.41 59.8 24.12 38.61 43.82 0 30.11 66.27 59.59 66.66 68.19 
30.2 35.31 30.41 15.88 31.67 16.4 32.63 0 33.59 34 40.04 37.78 
16.6 47.78 11.23 41.71 23.36 25.27 66.33 31.4 0 5.07 37.76 21.82 
12.37 54.16 18.21 50.58 17.02 32.16 63.18 30.18 5.93 0 45.21 27.51 
51.65 14.87 25.87 40.3 58.7 22.3 68.53 39.52 42.8 43.04 0 16.44 
34.78 22.71 13.96 40.06 44.91 23.1 70.4 40.36 27.05 26.79 13.49 0 
Dimension>23
Bandera>13
Fitness Greedy Costo>293.28
Solucion Greedy Costo>4 0 9 8 2 11 0 7 3 5 12 0 6 1 10 0 0 0 0 0 0 0 0 
Linea Vacia>
Matriz de Costos>
0 62.84 27 43.69 5.83 39.87 49.36 28.35 18.07 11.14 55.48 34.93 
66.65 0 34.1 31.85 72.11 21.16 60.06 35.76 53.14 53.41 10.22 24.2 
26.19 34.24 0 31.2 37.85 13.49 63.91 31.65 16.17 21.62 25.53 8.41 
44.17 30.35 29.18 0 45.71 15.43 27.28 15.65 44.56 52.22 40.33 36.63 
4.99 67.21 31.11 45.11 0 41.79 40.17 28.45 21.29 18.92 56.01 38.89 
40.19 20.7 13.4 15.42 52.99 0 46.49 15.9 29.85 35.16 21.06 21.35 
47.59 59.41 59.8 24.12 38.61 43.82 0 30.11 66.27 59.59 66.66 68.19 
30.2 35.31 30.41 15.88 31.67 16.4 32.63 0 33.59 34 40.04 37.78 
16.6 47.78 11.23 41.71 23.36 25.27 66.33 31.4 0 5.07 37.76 21.82 
12.37 54.16 18.21 50.58 17.02 32.16 63.18 30.18 5.93 0 45.21 27.51 
51.65 14.87 25.87 40.3 58.7 22.3 68.53 39.52 42.8 43.04 0 16.44 
34.78 22.71 13.96 40.06 44.91 23.1 70.4 40.36 27.05 26.79 13.49 0 
GEN 0 396.350000
GEN 0 424.590000
GEN 0 446.440000
TIEMPO 0 392.600000
TIEMPO 0 396.350000
TIEMPO 0 413.720000
GEN 0 419.900000
GEN 0 401.740000
TIEMPO 0 419.900000
GEN 0 434.020000
TIEMPO 0 405.980000
TIEMPO 0 401.740000
GREEDY 0 0.000629
GEN 0 347.740000
GEN 0 441.220000
TIEMPO 0 347.740000
TIEMPO 0 441.220000
GEN 0 422.510000
GEN 0 380.820000
TIEMPO 0 380.820000
GREEDY 0 0.001279
TIEMPO 0 393.990000
GREEDY 5 0.001737
GREEDY 0 0.001341
GREEDY 5 0.002151
GREEDY 0 0.002954
GREEDY 5 0.003334
GREEDY 5 0.003702
GREEDY 0 0.004284
GREEDY 0 0.004116
GREEDY 5 0.004171
GREEDY 5 0.004357
GREEDY 10 0.004229
GREEDY 0 0.003458
GREEDY 0 0.004695
GEN 0 411.410000
GEN 0 426.980000
TIEMPO 0 411.410000
TIEMPO 0 426.980000
GREEDY 0 0.005438
GEN 0 352.340000
TIEMPO 0 352.340000
GREEDY 0 0.001771
GREEDY 5 0.006788
GREEDY 5 0.002169
GREEDY 10 0.007423
GREEDY 10 0.008988
GREEDY 5 0.008463
GREEDY 0 0.004003
GREEDY 5 0.004080
GEN 0 438.470000
GEN 0 433.960000
GREEDY 15 0.010904
TIEMPO 0 438.470000
TIEMPO 0 433.960000
GREEDY 5 0.010022
GREEDY 15 0.010288
GREEDY 10 0.011699
GEN 0 395.720000
GEN 0 381.130000
GEN 0 431.260000
TIEMPO 0 395.720000
TIEMPO 0 366.970000
TIEMPO 0 416.630000
GREEDY 0 0.003697
GREEDY 10 0.014396
GEN 0 407.170000
TIEMPO 0 407.170000
GEN 0 431.800000
GEN 0 390.630000
GEN 0 378.160000
TIEMPO 0 431.800000
TIEMPO 0 378.160000
TIEMPO 0 390.630000
GREEDY 20 0.016483
GREEDY 0 0.000673
GREEDY 5 0.001056
GREEDY 10 0.001117
GREEDY 15 0.018311
GREEDY 0 0.003495
GREEDY 0 0.006366
GREEDY 5 0.004530
GEN 0 425.850000
TIEMPO 0 425.850000
GREEDY 0 0.005096
GREEDY 20 0.020413
GREEDY 10 0.020240
GREEDY 15 0.021697
GREEDY 15 0.005824
GREEDY 15 0.022016
GREEDY 20 0.022167
GREEDY 0 0.001847
GREEDY 5 0.002649
GREEDY 10 0.002723
GREEDY 5 0.009706
GEN 0 431.620000
GREEDY 20 0.010129
TIEMPO 0 431.620000
GREEDY 10 0.026203
GREEDY 10 0.022456
GREEDY 15 0.022512
GREEDY 15 0.028559
GREEDY 20 0.024992
GREEDY 0 0.018109
GREEDY 5 0.018194
GREEDY 0 0.023226
GREEDY 10 0.020110
GREEDY 10 0.028249
GREEDY 5 0.020370
GREEDY 5 0.023590
GREEDY 15 0.021218
GREEDY 0 0.020629
GREEDY 5 0.020800
GREEDY 10 0.027552
GREEDY 10 0.038668
GREEDY 10 0.024718
GREEDY 0 0.025876
GREEDY 5 0.026466
GREEDY 10 0.026572
GREEDY 5 0.031058
GREEDY 0 0.043130
GREEDY 5 0.044233
GREEDY 15 0.025011
GREEDY 10 0.030899
GREEDY 10 0.047930
GREEDY 10 0.032984
GREEDY 15 0.037865
GREEDY 15 0.052900
GREEDY 0 0.027640
GREEDY 0 0.046593
GREEDY 15 0.049874
GREEDY 5 0.030659
GREEDY 20 0.050743
GREEDY 10 0.034780
GREEDY 15 0.034842
GREEDY 15 0.047313
GREEDY 15 0.047587
GREEDY 20 0.039293
GREEDY 10 0.066351
GREEDY 15 0.066456
GREEDY 15 0.055665
GREEDY 15 0.067819
GREEDY 20 0.052159
GREEDY 20 0.057617
GREEDY 10 0.057019
GREEDY 15 0.057111
GREEDY 20 0.099129
GREEDY 20 0.106745
GREEDY 20 0.091223
GEN 2500 228.380000
GREEDY 20 0.119774
GEN 2500 233.600000
GEN 2500 240.460000
GREEDY 20 0.142005
GREEDY 10 0.135737
GREEDY 20 0.141705
GREEDY 5 0.153228
GEN 2500 256.980000
GEN 2500 230.830000
GEN 2500 220.700000
GEN 2500 220.700000
GEN 2500 234.860000
GEN 2500 243.510000
GEN 2500 230.830000
GREEDY 15 0.184987
GEN 2500 220.700000
GREEDY 10 0.195679
GEN 2500 220.700000
GREEDY 15 0.198296
GEN 2500 248.420000
GREEDY 15 0.193564
GREEDY 20 0.195762
GEN 2500 228.380000
GEN 2500 230.830000
GEN 2500 245.670000
GEN 2500 233.600000
GEN 2500 260.530000
GEN 2500 237.360000
GEN 2500 228.380000
GREEDY 20 0.215022
GEN 2500 230.830000
GREEDY 15 0.266613
GREEDY 20 0.267567
GEN 5000 228.380000
GREEDY 20 0.256888
GEN 5000 227.560000
GEN 5000 240.460000
GEN 5000 220.700000
GEN 5000 230.830000
GEN 2500 228.380000
GEN 2500 220.700000
GEN 5000 233.600000
GEN 2500 227.560000
GREEDY 20 0.313836
GEN 5000 228.380000
GEN 5000 228.380000
GEN 5000 245.670000
GEN 5000 220.700000
GEN 5000 237.360000
GEN 5000 243.510000
GEN 5000 230.830000
GEN 5000 230.830000
GEN 5000 220.700000
GEN 5000 220.700000
GEN 5000 233.600000
GEN 5000 228.380000
GEN 5000 230.830000
GEN 7500 227.560000
GEN 7500 220.700000
GEN 7500 230.830000
GEN 7500 240.460000
GEN 5000 220.700000
GEN 7500 228.380000
GEN 7500 228.380000
GEN 7500 233.600000
GEN 7500 245.670000
GEN 5000 220.700000
GEN 5000 227.560000
GEN 7500 237.360000
GEN 7500 220.700000
GEN 7500 243.510000
GEN 7500 230.830000
GEN 7500 220.700000
GEN 7500 228.380000
GEN 7500 220.700000
GEN 5000 228.380000
GEN 5000 228.380000
GEN 7500 230.830000
GEN 7500 220.700000
GEN 10000 220.700000
TIEMPO 0.485159 220.700000
GEN 10000 227.560000
TIEMPO 0.499106 227.560000
GEN 7500 230.830000
GEN 7500 228.380000
GEN 10000 230.830000
TIEMPO 0.501258 230.830000
GEN 10000 240.460000
TIEMPO 0.519127 240.460000
GEN 10000 228.380000
TIEMPO 0.552456 228.380000
GEN 10000 228.380000
TIEMPO 0.559642 228.380000
GEN 10000 245.670000
TIEMPO 0.549123 245.670000
GEN 10000 243.510000
TIEMPO 0.569368 243.510000
GEN 10000 237.360000
TIEMPO 0.563128 237.360000
GEN 10000 220.700000
TIEMPO 0.570193 220.700000
GEN 10000 230.830000
TIEMPO 0.574974 230.830000
GEN 10000 233.600000
TIEMPO 0.577774 233.600000
GEN 10000 220.700000
TIEMPO 0.576686 220.700000
GEN 10000 220.700000
TIEMPO 0.572263 220.700000
GEN 7500 220.700000
GEN 7500 227.560000
GEN 10000 228.380000
TIEMPO 0.595282 228.380000
GEN 7500 228.380000
GEN 10000 230.830000
TIEMPO 0.627867 230.830000
GEN 10000 220.700000
TIEMPO 0.643946 220.700000
GEN 10000 230.830000
TIEMPO 0.659741 230.830000
GEN 10000 228.380000
TIEMPO 0.651042 228.380000
GEN 7500 220.700000
GEN 10000 220.700000
TIEMPO 0.728305 220.700000
GEN 10000 227.560000
TIEMPO 0.748403 227.560000
GEN 10000 228.380000
TIEMPO 0.740444 228.380000
GEN 7500 228.380000
TIEMPO 1 220.700000
TIEMPO 1 228.380000
GEN 10000 220.700000
TIEMPO 1.039670 220.700000
GEN 10000 228.380000
TIEMPO 1.237353 228.380000

 Current State ---------------------------------------------
Solution:  11 12 10 1 0 9 8 2 5 0 4 7 3 6 0 0 0 0 0 0 0 0 0 Fitness: 220.7

 :( ---------------------- THE END --------------- :) 
