Dimension>23
Bandera>13
Fitness Greedy Costo>293.28
Solucion Greedy Costo>4 0 9 8 2 11 0 7 3 5 12 0 6 1 10 0 0 0 0 0 0 0 0 
Linea Vacia>
Matriz de Costos>
0 62.84 27 43.69 5.83 39.87 49.36 28.35 18.07 11.14 55.48 34.93 
66.65 0 34.1 31.85 72.11 21.16 60.06 35.76 53.14 53.41 10.22 24.2 
26.19 34.24 0 31.2 37.85 13.49 63.91 31.65 16.17 21.62 25.53 8.41 
Dimension>23
Bandera>13
Fitness Greedy Costo>293.28
Solucion Greedy Costo>4 0 9 8 2 11 0 7 3 5 12 0 6 1 10 0 0 0 0 0 0 0 0 
Linea Vacia>
Matriz de Costos>
0 62.84 27 43.69 5.83 39.87 49.36 28.35 18.07 11.14 55.48 34.93 
66.65 0 34.1 31.85 72.11 21.16 60.06 35.76 53.14 53.41 10.22 24.2 
26.19 34.24 0 31.2 37.85 13.49 63.91 31.65 16.17 21.62 25.53 8.41 
44.17 30.35 29.18 0 45.71 15.43 27.28 15.65 44.56 52.22 40.33 36.63 
4.99 67.21 31.11 45.11 0 41.79 40.17 28.45 21.29 18.92 56.01 38.89 
Dimension>23
Bandera>13
Fitness Greedy Costo>293.28
Dimension>23
Bandera>13
Fitness Greedy Costo>293.28
Solucion Greedy Costo>4 0 9 8 2 11 0 7 3 5 12 0 6 1 10 0 0 0 0 0 0 0 0 
Linea Vacia>
44.17 30.35 29.18 0 45.71 15.43 27.28 15.65 44.56 52.22 40.33 36.63 
4.99 67.21 31.11 45.11 0 41.79 40.17 28.45 21.29 18.92 56.01 38.89 
40.19 20.7 13.4 15.42 52.99 0 46.49 15.9 29.85 35.16 21.06 21.35 
47.59 59.41 59.8 24.12 38.61 43.82 0 30.11 66.27 59.59 66.66 68.19 
30.2 35.31 30.41 15.88 31.67 16.4 32.63 0 33.59 34 40.04 37.78 
Solucion Greedy Costo>4 0 9 8 2 11 0 7 3 5 12 0 6 1 10 0 0 0 0 0 0 0 0 
Linea Vacia>
40.19 20.7 13.4 15.42 52.99 0 46.49 15.9 29.85 35.16 21.06 21.35 
47.59 59.41 59.8 24.12 38.61 43.82 0 30.11 66.27 59.59 66.66 68.19 
16.6 47.78 11.23 41.71 23.36 25.27 66.33 31.4 0 5.07 37.76 21.82 
12.37 54.16 18.21 50.58 17.02 32.16 63.18 30.18 5.93 0 45.21 27.51 
51.65 14.87 25.87 40.3 58.7 22.3 68.53 39.52 42.8 43.04 0 16.44 
Matriz de Costos>
0 62.84 27 43.69 5.83 39.87 49.36 28.35 18.07 11.14 55.48 34.93 
66.65 0 34.1 31.85 72.11 21.16 60.06 35.76 53.14 53.41 10.22 24.2 
26.19 34.24 0 31.2 37.85 13.49 63.91 31.65 16.17 21.62 25.53 8.41 
30.2 35.31 30.41 15.88 31.67 16.4 32.63 0 33.59 34 40.04 37.78 
16.6 47.78 11.23 41.71 23.36 25.27 66.33 31.4 0 5.07 37.76 21.82 
34.78 22.71 13.96 40.06 44.91 23.1 70.4 40.36 27.05 26.79 13.49 0 
44.17 30.35 29.18 0 45.71 15.43 27.28 15.65 44.56 52.22 40.33 36.63 
4.99 67.21 31.11 45.11 0 41.79 40.17 28.45 21.29 18.92 56.01 38.89 
12.37 54.16 18.21 50.58 17.02 32.16 63.18 30.18 5.93 0 45.21 27.51 
Matriz de Costos>
40.19 20.7 13.4 15.42 52.99 0 46.49 15.9 29.85 35.16 21.06 21.35 
47.59 59.41 59.8 24.12 38.61 43.82 0 30.11 66.27 59.59 66.66 68.19 
51.65 14.87 25.87 40.3 58.7 22.3 68.53 39.52 42.8 43.04 0 16.44 
30.2 35.31 30.41 15.88 31.67 16.4 32.63 0 33.59 34 40.04 37.78 
16.6 47.78 11.23 41.71 23.36 25.27 66.33 31.4 0 5.07 37.76 21.82 
34.78 22.71 13.96 40.06 44.91 23.1 70.4 40.36 27.05 26.79 13.49 0 
0 62.84 27 43.69 5.83 39.87 49.36 28.35 18.07 11.14 55.48 34.93 
66.65 0 34.1 31.85 72.11 21.16 60.06 35.76 53.14 53.41 10.22 24.2 
12.37 54.16 18.21 50.58 17.02 32.16 63.18 30.18 5.93 0 45.21 27.51 
51.65 14.87 25.87 40.3 58.7 22.3 68.53 39.52 42.8 43.04 0 16.44 
26.19 34.24 0 31.2 37.85 13.49 63.91 31.65 16.17 21.62 25.53 8.41 
34.78 22.71 13.96 40.06 44.91 23.1 70.4 40.36 27.05 26.79 13.49 0 
Dimension>23
44.17 30.35 29.18 0 45.71 15.43 27.28 15.65 44.56 52.22 40.33 36.63 
Dimension>23
4.99 67.21 31.11 45.11 0 41.79 40.17 28.45 21.29 18.92 56.01 38.89 
40.19 20.7 13.4 15.42 52.99 0 46.49 15.9 29.85 35.16 21.06 21.35 
47.59 59.41 59.8 24.12 38.61 43.82 0 30.11 66.27 59.59 66.66 68.19 
Bandera>13
Fitness Greedy Costo>293.28
30.2 35.31 30.41 15.88 31.67 16.4 32.63 0 33.59 34 40.04 37.78 
16.6 47.78 11.23 41.71 23.36 25.27 66.33 31.4 0 5.07 37.76 21.82 
Bandera>13
Fitness Greedy Costo>293.28
12.37 54.16 18.21 50.58 17.02 32.16 63.18 30.18 5.93 0 45.21 27.51 
51.65 14.87 25.87 40.3 58.7 22.3 68.53 39.52 42.8 43.04 0 16.44 
Solucion Greedy Costo>4 0 9 8 2 11 0 7 3 5 12 0 6 1 10 0 0 0 0 0 0 0 0 
Linea Vacia>
Solucion Greedy Costo>4 0 9 8 2 11 0 7 3 5 12 0 6 1 10 0 0 0 0 0 0 0 0 
Linea Vacia>
Dimension>23
34.78 22.71 13.96 40.06 44.91 23.1 70.4 40.36 27.05 26.79 13.49 0 
Matriz de Costos>
Bandera>13
Fitness Greedy Costo>293.28
Solucion Greedy Costo>4 0 9 8 2 11 0 7 3 5 12 0 6 1 10 0 0 0 0 0 0 0 0 
Linea Vacia>
Matriz de Costos>
0 62.84 27 43.69 5.83 39.87 49.36 28.35 18.07 11.14 55.48 34.93 
66.65 0 34.1 31.85 72.11 21.16 60.06 35.76 53.14 53.41 10.22 24.2 
0 62.84 27 43.69 5.83 39.87 49.36 28.35 18.07 11.14 55.48 34.93 
66.65 0 34.1 31.85 72.11 21.16 60.06 35.76 53.14 53.41 10.22 24.2 
26.19 34.24 0 31.2 37.85 13.49 63.91 31.65 16.17 21.62 25.53 8.41 
44.17 30.35 29.18 0 45.71 15.43 27.28 15.65 44.56 52.22 40.33 36.63 
4.99 67.21 31.11 45.11 0 41.79 40.17 28.45 21.29 18.92 56.01 38.89 
26.19 34.24 0 31.2 37.85 13.49 63.91 31.65 16.17 21.62 25.53 8.41 
44.17 30.35 29.18 0 45.71 15.43 27.28 15.65 44.56 52.22 40.33 36.63 
4.99 67.21 31.11 45.11 0 41.79 40.17 28.45 21.29 18.92 56.01 38.89 
40.19 20.7 13.4 15.42 52.99 0 46.49 15.9 29.85 35.16 21.06 21.35 
Matriz de Costos>
0 62.84 27 43.69 5.83 39.87 49.36 28.35 18.07 11.14 55.48 34.93 
66.65 0 34.1 31.85 72.11 21.16 60.06 35.76 53.14 53.41 10.22 24.2 
26.19 34.24 0 31.2 37.85 13.49 63.91 31.65 16.17 21.62 25.53 8.41 
40.19 20.7 13.4 15.42 52.99 0 46.49 15.9 29.85 35.16 21.06 21.35 
47.59 59.41 59.8 24.12 38.61 43.82 0 30.11 66.27 59.59 66.66 68.19 
30.2 35.31 30.41 15.88 31.67 16.4 32.63 0 33.59 34 40.04 37.78 
16.6 47.78 11.23 41.71 23.36 25.27 66.33 31.4 0 5.07 37.76 21.82 
47.59 59.41 59.8 24.12 38.61 43.82 0 30.11 66.27 59.59 66.66 68.19 
30.2 35.31 30.41 15.88 31.67 16.4 32.63 0 33.59 34 40.04 37.78 
16.6 47.78 11.23 41.71 23.36 25.27 66.33 31.4 0 5.07 37.76 21.82 
44.17 30.35 29.18 0 45.71 15.43 27.28 15.65 44.56 52.22 40.33 36.63 
4.99 67.21 31.11 45.11 0 41.79 40.17 28.45 21.29 18.92 56.01 38.89 
40.19 20.7 13.4 15.42 52.99 0 46.49 15.9 29.85 35.16 21.06 21.35 
47.59 59.41 59.8 24.12 38.61 43.82 0 30.11 66.27 59.59 66.66 68.19 
12.37 54.16 18.21 50.58 17.02 32.16 63.18 30.18 5.93 0 45.21 27.51 
51.65 14.87 25.87 40.3 58.7 22.3 68.53 39.52 42.8 43.04 0 16.44 
34.78 22.71 13.96 40.06 44.91 23.1 70.4 40.36 27.05 26.79 13.49 0 
12.37 54.16 18.21 50.58 17.02 32.16 63.18 30.18 5.93 0 45.21 27.51 
51.65 14.87 25.87 40.3 58.7 22.3 68.53 39.52 42.8 43.04 0 16.44 
34.78 22.71 13.96 40.06 44.91 23.1 70.4 40.36 27.05 26.79 13.49 0 
30.2 35.31 30.41 15.88 31.67 16.4 32.63 0 33.59 34 40.04 37.78 
16.6 47.78 11.23 41.71 23.36 25.27 66.33 31.4 0 5.07 37.76 21.82 
12.37 54.16 18.21 50.58 17.02 32.16 63.18 30.18 5.93 0 45.21 27.51 
51.65 14.87 25.87 40.3 58.7 22.3 68.53 39.52 42.8 43.04 0 16.44 
34.78 22.71 13.96 40.06 44.91 23.1 70.4 40.36 27.05 26.79 13.49 0 
Dimension>23
Bandera>13
Fitness Greedy Costo>293.28
Solucion Greedy Costo>4 0 9 8 2 11 0 7 3 5 12 0 6 1 10 0 0 0 0 0 0 0 0 
Linea Vacia>
Matriz de Costos>
0 62.84 27 43.69 5.83 39.87 49.36 28.35 18.07 11.14 55.48 34.93 
66.65 0 34.1 31.85 72.11 21.16 60.06 35.76 53.14 53.41 10.22 24.2 
26.19 34.24 0 31.2 37.85 13.49 63.91 31.65 16.17 21.62 25.53 8.41 
Dimension>23
44.17 30.35 29.18 0 45.71 15.43 27.28 15.65 44.56 52.22 40.33 36.63 
Bandera>13
Fitness Greedy Costo>293.28
4.99 67.21 31.11 45.11 0 41.79 40.17 28.45 21.29 18.92 56.01 38.89 
40.19 20.7 13.4 15.42 52.99 0 46.49 15.9 29.85 35.16 21.06 21.35 
Solucion Greedy Costo>4 0 9 8 2 11 0 7 3 5 12 0 6 1 10 0 0 0 0 0 0 0 0 
Linea Vacia>
47.59 59.41 59.8 24.12 38.61 43.82 0 30.11 66.27 59.59 66.66 68.19 
30.2 35.31 30.41 15.88 31.67 16.4 32.63 0 33.59 34 40.04 37.78 
Dimension>23
Dimension>23
16.6 47.78 11.23 41.71 23.36 25.27 66.33 31.4 0 5.07 37.76 21.82 
Dimension>23
Bandera>13
Fitness Greedy Costo>293.28
Solucion Greedy Costo>4 0 9 8 2 11 0 7 3 5 12 0 6 1 10 0 0 0 0 0 0 0 0 
Linea Vacia>
Matriz de Costos>
12.37 54.16 18.21 50.58 17.02 32.16 63.18 30.18 5.93 0 45.21 27.51 
51.65 14.87 25.87 40.3 58.7 22.3 68.53 39.52 42.8 43.04 0 16.44 
Bandera>13
Fitness Greedy Costo>293.28
Solucion Greedy Costo>4 0 9 8 2 11 0 7 3 5 12 0 6 1 10 0 0 0 0 0 0 0 0 
Linea Vacia>
0 62.84 27 43.69 5.83 39.87 49.36 28.35 18.07 11.14 55.48 34.93 
66.65 0 34.1 31.85 72.11 21.16 60.06 35.76 53.14 53.41 10.22 24.2 
34.78 22.71 13.96 40.06 44.91 23.1 70.4 40.36 27.05 26.79 13.49 0 
Bandera>13
Fitness Greedy Costo>293.28
Solucion Greedy Costo>4 0 9 8 2 11 0 7 3 5 12 0 6 1 10 0 0 0 0 0 0 0 0 
Linea Vacia>
Dimension>23
26.19 34.24 0 31.2 37.85 13.49 63.91 31.65 16.17 21.62 25.53 8.41 
44.17 30.35 29.18 0 45.71 15.43 27.28 15.65 44.56 52.22 40.33 36.63 
4.99 67.21 31.11 45.11 0 41.79 40.17 28.45 21.29 18.92 56.01 38.89 
Matriz de Costos>
0 62.84 27 43.69 5.83 39.87 49.36 28.35 18.07 11.14 55.48 34.93 
Dimension>23
Bandera>13
Fitness Greedy Costo>293.28
Dimension>23
Bandera>13
Fitness Greedy Costo>293.28
Solucion Greedy Costo>4 0 9 8 2 11 0 7 3 5 12 0 6 1 10 0 0 0 0 0 0 0 0 
Linea Vacia>
Dimension>23
Bandera>13
Fitness Greedy Costo>293.28
Matriz de Costos>
0 62.84 27 43.69 5.83 39.87 49.36 28.35 18.07 11.14 55.48 34.93 
40.19 20.7 13.4 15.42 52.99 0 46.49 15.9 29.85 35.16 21.06 21.35 
47.59 59.41 59.8 24.12 38.61 43.82 0 30.11 66.27 59.59 66.66 68.19 
30.2 35.31 30.41 15.88 31.67 16.4 32.63 0 33.59 34 40.04 37.78 
16.6 47.78 11.23 41.71 23.36 25.27 66.33 31.4 0 5.07 37.76 21.82 
Matriz de Costos>
0 62.84 27 43.69 5.83 39.87 49.36 28.35 18.07 11.14 55.48 34.93 
66.65 0 34.1 31.85 72.11 21.16 60.06 35.76 53.14 53.41 10.22 24.2 
66.65 0 34.1 31.85 72.11 21.16 60.06 35.76 53.14 53.41 10.22 24.2 
26.19 34.24 0 31.2 37.85 13.49 63.91 31.65 16.17 21.62 25.53 8.41 
44.17 30.35 29.18 0 45.71 15.43 27.28 15.65 44.56 52.22 40.33 36.63 
4.99 67.21 31.11 45.11 0 41.79 40.17 28.45 21.29 18.92 56.01 38.89 
Solucion Greedy Costo>4 0 9 8 2 11 0 7 3 5 12 0 6 1 10 0 0 0 0 0 0 0 0 
Linea Vacia>
Solucion Greedy Costo>4 0 9 8 2 11 0 7 3 5 12 0 6 1 10 0 0 0 0 0 0 0 0 
Linea Vacia>
Dimension>23
Bandera>13
Fitness Greedy Costo>293.28
Solucion Greedy Costo>4 0 9 8 2 11 0 7 3 5 12 0 6 1 10 0 0 0 0 0 0 0 0 
Linea Vacia>
Bandera>13
Fitness Greedy Costo>293.28
Solucion Greedy Costo>4 0 9 8 2 11 0 7 3 5 12 0 6 1 10 0 0 0 0 0 0 0 0 
Linea Vacia>
66.65 0 34.1 31.85 72.11 21.16 60.06 35.76 53.14 53.41 10.22 24.2 
26.19 34.24 0 31.2 37.85 13.49 63.91 31.65 16.17 21.62 25.53 8.41 
44.17 30.35 29.18 0 45.71 15.43 27.28 15.65 44.56 52.22 40.33 36.63 
12.37 54.16 18.21 50.58 17.02 32.16 63.18 30.18 5.93 0 45.21 27.51 
51.65 14.87 25.87 40.3 58.7 22.3 68.53 39.52 42.8 43.04 0 16.44 
34.78 22.71 13.96 40.06 44.91 23.1 70.4 40.36 27.05 26.79 13.49 0 
26.19 34.24 0 31.2 37.85 13.49 63.91 31.65 16.17 21.62 25.53 8.41 
44.17 30.35 29.18 0 45.71 15.43 27.28 15.65 44.56 52.22 40.33 36.63 
4.99 67.21 31.11 45.11 0 41.79 40.17 28.45 21.29 18.92 56.01 38.89 
40.19 20.7 13.4 15.42 52.99 0 46.49 15.9 29.85 35.16 21.06 21.35 
40.19 20.7 13.4 15.42 52.99 0 46.49 15.9 29.85 35.16 21.06 21.35 
47.59 59.41 59.8 24.12 38.61 43.82 0 30.11 66.27 59.59 66.66 68.19 
4.99 67.21 31.11 45.11 0 41.79 40.17 28.45 21.29 18.92 56.01 38.89 
40.19 20.7 13.4 15.42 52.99 0 46.49 15.9 29.85 35.16 21.06 21.35 
47.59 59.41 59.8 24.12 38.61 43.82 0 30.11 66.27 59.59 66.66 68.19 
47.59 59.41 59.8 24.12 38.61 43.82 0 30.11 66.27 59.59 66.66 68.19 
30.2 35.31 30.41 15.88 31.67 16.4 32.63 0 33.59 34 40.04 37.78 
30.2 35.31 30.41 15.88 31.67 16.4 32.63 0 33.59 34 40.04 37.78 
16.6 47.78 11.23 41.71 23.36 25.27 66.33 31.4 0 5.07 37.76 21.82 
12.37 54.16 18.21 50.58 17.02 32.16 63.18 30.18 5.93 0 45.21 27.51 
Matriz de Costos>
0 62.84 27 43.69 5.83 39.87 49.36 28.35 18.07 11.14 55.48 34.93 
66.65 0 34.1 31.85 72.11 21.16 60.06 35.76 53.14 53.41 10.22 24.2 
26.19 34.24 0 31.2 37.85 13.49 63.91 31.65 16.17 21.62 25.53 8.41 
Dimension>23
Matriz de Costos>
0 62.84 27 43.69 5.83 39.87 49.36 28.35 18.07 11.14 55.48 34.93 
66.65 0 34.1 31.85 72.11 21.16 60.06 35.76 53.14 53.41 10.22 24.2 
26.19 34.24 0 31.2 37.85 13.49 63.91 31.65 16.17 21.62 25.53 8.41 
Matriz de Costos>
0 62.84 27 43.69 5.83 39.87 49.36 28.35 18.07 11.14 55.48 34.93 
66.65 0 34.1 31.85 72.11 21.16 60.06 35.76 53.14 53.41 10.22 24.2 
26.19 34.24 0 31.2 37.85 13.49 63.91 31.65 16.17 21.62 25.53 8.41 
44.17 30.35 29.18 0 45.71 15.43 27.28 15.65 44.56 52.22 40.33 36.63 
30.2 35.31 30.41 15.88 31.67 16.4 32.63 0 33.59 34 40.04 37.78 
16.6 47.78 11.23 41.71 23.36 25.27 66.33 31.4 0 5.07 37.76 21.82 
12.37 54.16 18.21 50.58 17.02 32.16 63.18 30.18 5.93 0 45.21 27.51 
16.6 47.78 11.23 41.71 23.36 25.27 66.33 31.4 0 5.07 37.76 21.82 
12.37 54.16 18.21 50.58 17.02 32.16 63.18 30.18 5.93 0 45.21 27.51 
51.65 14.87 25.87 40.3 58.7 22.3 68.53 39.52 42.8 43.04 0 16.44 
34.78 22.71 13.96 40.06 44.91 23.1 70.4 40.36 27.05 26.79 13.49 0 
51.65 14.87 25.87 40.3 58.7 22.3 68.53 39.52 42.8 43.04 0 16.44 
34.78 22.71 13.96 40.06 44.91 23.1 70.4 40.36 27.05 26.79 13.49 0 
Matriz de Costos>
0 62.84 27 43.69 5.83 39.87 49.36 28.35 18.07 11.14 55.48 34.93 
66.65 0 34.1 31.85 72.11 21.16 60.06 35.76 53.14 53.41 10.22 24.2 
26.19 34.24 0 31.2 37.85 13.49 63.91 31.65 16.17 21.62 25.53 8.41 
44.17 30.35 29.18 0 45.71 15.43 27.28 15.65 44.56 52.22 40.33 36.63 
4.99 67.21 31.11 45.11 0 41.79 40.17 28.45 21.29 18.92 56.01 38.89 
40.19 20.7 13.4 15.42 52.99 0 46.49 15.9 29.85 35.16 21.06 21.35 
Bandera>13
Fitness Greedy Costo>293.28
Solucion Greedy Costo>4 0 9 8 2 11 0 7 3 5 12 0 6 1 10 0 0 0 0 0 0 0 0 
Linea Vacia>
44.17 30.35 29.18 0 45.71 15.43 27.28 15.65 44.56 52.22 40.33 36.63 
4.99 67.21 31.11 45.11 0 41.79 40.17 28.45 21.29 18.92 56.01 38.89 
40.19 20.7 13.4 15.42 52.99 0 46.49 15.9 29.85 35.16 21.06 21.35 
4.99 67.21 31.11 45.11 0 41.79 40.17 28.45 21.29 18.92 56.01 38.89 
40.19 20.7 13.4 15.42 52.99 0 46.49 15.9 29.85 35.16 21.06 21.35 
47.59 59.41 59.8 24.12 38.61 43.82 0 30.11 66.27 59.59 66.66 68.19 
30.2 35.31 30.41 15.88 31.67 16.4 32.63 0 33.59 34 40.04 37.78 
Dimension>23
Bandera>13
Fitness Greedy Costo>293.28
Solucion Greedy Costo>4 0 9 8 2 11 0 7 3 5 12 0 6 1 10 0 0 0 0 0 0 0 0 
Linea Vacia>
51.65 14.87 25.87 40.3 58.7 22.3 68.53 39.52 42.8 43.04 0 16.44 
34.78 22.71 13.96 40.06 44.91 23.1 70.4 40.36 27.05 26.79 13.49 0 
44.17 30.35 29.18 0 45.71 15.43 27.28 15.65 44.56 52.22 40.33 36.63 
4.99 67.21 31.11 45.11 0 41.79 40.17 28.45 21.29 18.92 56.01 38.89 
40.19 20.7 13.4 15.42 52.99 0 46.49 15.9 29.85 35.16 21.06 21.35 
47.59 59.41 59.8 24.12 38.61 43.82 0 30.11 66.27 59.59 66.66 68.19 
30.2 35.31 30.41 15.88 31.67 16.4 32.63 0 33.59 34 40.04 37.78 
16.6 47.78 11.23 41.71 23.36 25.27 66.33 31.4 0 5.07 37.76 21.82 
47.59 59.41 59.8 24.12 38.61 43.82 0 30.11 66.27 59.59 66.66 68.19 
30.2 35.31 30.41 15.88 31.67 16.4 32.63 0 33.59 34 40.04 37.78 
16.6 47.78 11.23 41.71 23.36 25.27 66.33 31.4 0 5.07 37.76 21.82 
12.37 54.16 18.21 50.58 17.02 32.16 63.18 30.18 5.93 0 45.21 27.51 
16.6 47.78 11.23 41.71 23.36 25.27 66.33 31.4 0 5.07 37.76 21.82 
12.37 54.16 18.21 50.58 17.02 32.16 63.18 30.18 5.93 0 45.21 27.51 
51.65 14.87 25.87 40.3 58.7 22.3 68.53 39.52 42.8 43.04 0 16.44 
34.78 22.71 13.96 40.06 44.91 23.1 70.4 40.36 27.05 26.79 13.49 0 
Dimension>23
Bandera>13
Fitness Greedy Costo>293.28
Matriz de Costos>
0 62.84 27 43.69 5.83 39.87 49.36 28.35 18.07 11.14 55.48 34.93 
66.65 0 34.1 31.85 72.11 21.16 60.06 35.76 53.14 53.41 10.22 24.2 
47.59 59.41 59.8 24.12 38.61 43.82 0 30.11 66.27 59.59 66.66 68.19 
30.2 35.31 30.41 15.88 31.67 16.4 32.63 0 33.59 34 40.04 37.78 
16.6 47.78 11.23 41.71 23.36 25.27 66.33 31.4 0 5.07 37.76 21.82 
12.37 54.16 18.21 50.58 17.02 32.16 63.18 30.18 5.93 0 45.21 27.51 
51.65 14.87 25.87 40.3 58.7 22.3 68.53 39.52 42.8 43.04 0 16.44 
34.78 22.71 13.96 40.06 44.91 23.1 70.4 40.36 27.05 26.79 13.49 0 
Matriz de Costos>
0 62.84 27 43.69 5.83 39.87 49.36 28.35 18.07 11.14 55.48 34.93 
66.65 0 34.1 31.85 72.11 21.16 60.06 35.76 53.14 53.41 10.22 24.2 
26.19 34.24 0 31.2 37.85 13.49 63.91 31.65 16.17 21.62 25.53 8.41 
44.17 30.35 29.18 0 45.71 15.43 27.28 15.65 44.56 52.22 40.33 36.63 
4.99 67.21 31.11 45.11 0 41.79 40.17 28.45 21.29 18.92 56.01 38.89 
51.65 14.87 25.87 40.3 58.7 22.3 68.53 39.52 42.8 43.04 0 16.44 
34.78 22.71 13.96 40.06 44.91 23.1 70.4 40.36 27.05 26.79 13.49 0 
Dimension>23
Bandera>13
Fitness Greedy Costo>293.28
26.19 34.24 0 31.2 37.85 13.49 63.91 31.65 16.17 21.62 25.53 8.41 
12.37 54.16 18.21 50.58 17.02 32.16 63.18 30.18 5.93 0 45.21 27.51 
51.65 14.87 25.87 40.3 58.7 22.3 68.53 39.52 42.8 43.04 0 16.44 
34.78 22.71 13.96 40.06 44.91 23.1 70.4 40.36 27.05 26.79 13.49 0 
40.19 20.7 13.4 15.42 52.99 0 46.49 15.9 29.85 35.16 21.06 21.35 
47.59 59.41 59.8 24.12 38.61 43.82 0 30.11 66.27 59.59 66.66 68.19 
30.2 35.31 30.41 15.88 31.67 16.4 32.63 0 33.59 34 40.04 37.78 
16.6 47.78 11.23 41.71 23.36 25.27 66.33 31.4 0 5.07 37.76 21.82 
12.37 54.16 18.21 50.58 17.02 32.16 63.18 30.18 5.93 0 45.21 27.51 
Matriz de Costos>
0 62.84 27 43.69 5.83 39.87 49.36 28.35 18.07 11.14 55.48 34.93 
66.65 0 34.1 31.85 72.11 21.16 60.06 35.76 53.14 53.41 10.22 24.2 
26.19 34.24 0 31.2 37.85 13.49 63.91 31.65 16.17 21.62 25.53 8.41 
44.17 30.35 29.18 0 45.71 15.43 27.28 15.65 44.56 52.22 40.33 36.63 
Solucion Greedy Costo>4 0 9 8 2 11 0 7 3 5 12 0 6 1 10 0 0 0 0 0 0 0 0 
Linea Vacia>
Solucion Greedy Costo>4 0 9 8 2 11 0 7 3 5 12 0 6 1 10 0 0 0 0 0 0 0 0 
Linea Vacia>
Matriz de Costos>
44.17 30.35 29.18 0 45.71 15.43 27.28 15.65 44.56 52.22 40.33 36.63 
4.99 67.21 31.11 45.11 0 41.79 40.17 28.45 21.29 18.92 56.01 38.89 
40.19 20.7 13.4 15.42 52.99 0 46.49 15.9 29.85 35.16 21.06 21.35 
51.65 14.87 25.87 40.3 58.7 22.3 68.53 39.52 42.8 43.04 0 16.44 
34.78 22.71 13.96 40.06 44.91 23.1 70.4 40.36 27.05 26.79 13.49 0 
4.99 67.21 31.11 45.11 0 41.79 40.17 28.45 21.29 18.92 56.01 38.89 
40.19 20.7 13.4 15.42 52.99 0 46.49 15.9 29.85 35.16 21.06 21.35 
47.59 59.41 59.8 24.12 38.61 43.82 0 30.11 66.27 59.59 66.66 68.19 
30.2 35.31 30.41 15.88 31.67 16.4 32.63 0 33.59 34 40.04 37.78 
0 62.84 27 43.69 5.83 39.87 49.36 28.35 18.07 11.14 55.48 34.93 
66.65 0 34.1 31.85 72.11 21.16 60.06 35.76 53.14 53.41 10.22 24.2 
26.19 34.24 0 31.2 37.85 13.49 63.91 31.65 16.17 21.62 25.53 8.41 
44.17 30.35 29.18 0 45.71 15.43 27.28 15.65 44.56 52.22 40.33 36.63 
4.99 67.21 31.11 45.11 0 41.79 40.17 28.45 21.29 18.92 56.01 38.89 
47.59 59.41 59.8 24.12 38.61 43.82 0 30.11 66.27 59.59 66.66 68.19 
30.2 35.31 30.41 15.88 31.67 16.4 32.63 0 33.59 34 40.04 37.78 
16.6 47.78 11.23 41.71 23.36 25.27 66.33 31.4 0 5.07 37.76 21.82 
12.37 54.16 18.21 50.58 17.02 32.16 63.18 30.18 5.93 0 45.21 27.51 
51.65 14.87 25.87 40.3 58.7 22.3 68.53 39.52 42.8 43.04 0 16.44 
Matriz de Costos>
0 62.84 27 43.69 5.83 39.87 49.36 28.35 18.07 11.14 55.48 34.93 
66.65 0 34.1 31.85 72.11 21.16 60.06 35.76 53.14 53.41 10.22 24.2 
26.19 34.24 0 31.2 37.85 13.49 63.91 31.65 16.17 21.62 25.53 8.41 
44.17 30.35 29.18 0 45.71 15.43 27.28 15.65 44.56 52.22 40.33 36.63 
4.99 67.21 31.11 45.11 0 41.79 40.17 28.45 21.29 18.92 56.01 38.89 
40.19 20.7 13.4 15.42 52.99 0 46.49 15.9 29.85 35.16 21.06 21.35 
16.6 47.78 11.23 41.71 23.36 25.27 66.33 31.4 0 5.07 37.76 21.82 
12.37 54.16 18.21 50.58 17.02 32.16 63.18 30.18 5.93 0 45.21 27.51 
51.65 14.87 25.87 40.3 58.7 22.3 68.53 39.52 42.8 43.04 0 16.44 
34.78 22.71 13.96 40.06 44.91 23.1 70.4 40.36 27.05 26.79 13.49 0 
34.78 22.71 13.96 40.06 44.91 23.1 70.4 40.36 27.05 26.79 13.49 0 
47.59 59.41 59.8 24.12 38.61 43.82 0 30.11 66.27 59.59 66.66 68.19 
30.2 35.31 30.41 15.88 31.67 16.4 32.63 0 33.59 34 40.04 37.78 
16.6 47.78 11.23 41.71 23.36 25.27 66.33 31.4 0 5.07 37.76 21.82 
12.37 54.16 18.21 50.58 17.02 32.16 63.18 30.18 5.93 0 45.21 27.51 
51.65 14.87 25.87 40.3 58.7 22.3 68.53 39.52 42.8 43.04 0 16.44 
34.78 22.71 13.96 40.06 44.91 23.1 70.4 40.36 27.05 26.79 13.49 0 
40.19 20.7 13.4 15.42 52.99 0 46.49 15.9 29.85 35.16 21.06 21.35 
47.59 59.41 59.8 24.12 38.61 43.82 0 30.11 66.27 59.59 66.66 68.19 
30.2 35.31 30.41 15.88 31.67 16.4 32.63 0 33.59 34 40.04 37.78 
16.6 47.78 11.23 41.71 23.36 25.27 66.33 31.4 0 5.07 37.76 21.82 
12.37 54.16 18.21 50.58 17.02 32.16 63.18 30.18 5.93 0 45.21 27.51 
51.65 14.87 25.87 40.3 58.7 22.3 68.53 39.52 42.8 43.04 0 16.44 
34.78 22.71 13.96 40.06 44.91 23.1 70.4 40.36 27.05 26.79 13.49 0 
Dimension>23
Bandera>13
Fitness Greedy Costo>293.28
Solucion Greedy Costo>4 0 9 8 2 11 0 7 3 5 12 0 6 1 10 0 0 0 0 0 0 0 0 
Linea Vacia>
Matriz de Costos>
0 62.84 27 43.69 5.83 39.87 49.36 28.35 18.07 11.14 55.48 34.93 
66.65 0 34.1 31.85 72.11 21.16 60.06 35.76 53.14 53.41 10.22 24.2 
26.19 34.24 0 31.2 37.85 13.49 63.91 31.65 16.17 21.62 25.53 8.41 
44.17 30.35 29.18 0 45.71 15.43 27.28 15.65 44.56 52.22 40.33 36.63 
4.99 67.21 31.11 45.11 0 41.79 40.17 28.45 21.29 18.92 56.01 38.89 
40.19 20.7 13.4 15.42 52.99 0 46.49 15.9 29.85 35.16 21.06 21.35 
Dimension>23
Bandera>13
Fitness Greedy Costo>293.28
Solucion Greedy Costo>4 0 9 8 2 11 0 7 3 5 12 0 6 1 10 0 0 0 0 0 0 0 0 
Linea Vacia>
Matriz de Costos>
0 62.84 27 43.69 5.83 39.87 49.36 28.35 18.07 11.14 55.48 34.93 
66.65 0 34.1 31.85 72.11 21.16 60.06 35.76 53.14 53.41 10.22 24.2 
26.19 34.24 0 31.2 37.85 13.49 63.91 31.65 16.17 21.62 25.53 8.41 
44.17 30.35 29.18 0 45.71 15.43 27.28 15.65 44.56 52.22 40.33 36.63 
47.59 59.41 59.8 24.12 38.61 43.82 0 30.11 66.27 59.59 66.66 68.19 
30.2 35.31 30.41 15.88 31.67 16.4 32.63 0 33.59 34 40.04 37.78 
16.6 47.78 11.23 41.71 23.36 25.27 66.33 31.4 0 5.07 37.76 21.82 
12.37 54.16 18.21 50.58 17.02 32.16 63.18 30.18 5.93 0 45.21 27.51 
51.65 14.87 25.87 40.3 58.7 22.3 68.53 39.52 42.8 43.04 0 16.44 
34.78 22.71 13.96 40.06 44.91 23.1 70.4 40.36 27.05 26.79 13.49 0 
Dimension>23
Bandera>13
Fitness Greedy Costo>293.28
Solucion Greedy Costo>4 0 9 8 2 11 0 7 3 5 12 0 6 1 10 0 0 0 0 0 0 0 0 
Linea Vacia>
4.99 67.21 31.11 45.11 0 41.79 40.17 28.45 21.29 18.92 56.01 38.89 
40.19 20.7 13.4 15.42 52.99 0 46.49 15.9 29.85 35.16 21.06 21.35 
47.59 59.41 59.8 24.12 38.61 43.82 0 30.11 66.27 59.59 66.66 68.19 
30.2 35.31 30.41 15.88 31.67 16.4 32.63 0 33.59 34 40.04 37.78 
16.6 47.78 11.23 41.71 23.36 25.27 66.33 31.4 0 5.07 37.76 21.82 
12.37 54.16 18.21 50.58 17.02 32.16 63.18 30.18 5.93 0 45.21 27.51 
51.65 14.87 25.87 40.3 58.7 22.3 68.53 39.52 42.8 43.04 0 16.44 
34.78 22.71 13.96 40.06 44.91 23.1 70.4 40.36 27.05 26.79 13.49 0 
Matriz de Costos>
0 62.84 27 43.69 5.83 39.87 49.36 28.35 18.07 11.14 55.48 34.93 
66.65 0 34.1 31.85 72.11 21.16 60.06 35.76 53.14 53.41 10.22 24.2 
26.19 34.24 0 31.2 37.85 13.49 63.91 31.65 16.17 21.62 25.53 8.41 
44.17 30.35 29.18 0 45.71 15.43 27.28 15.65 44.56 52.22 40.33 36.63 
4.99 67.21 31.11 45.11 0 41.79 40.17 28.45 21.29 18.92 56.01 38.89 
40.19 20.7 13.4 15.42 52.99 0 46.49 15.9 29.85 35.16 21.06 21.35 
47.59 59.41 59.8 24.12 38.61 43.82 0 30.11 66.27 59.59 66.66 68.19 
30.2 35.31 30.41 15.88 31.67 16.4 32.63 0 33.59 34 40.04 37.78 
16.6 47.78 11.23 41.71 23.36 25.27 66.33 31.4 0 5.07 37.76 21.82 
12.37 54.16 18.21 50.58 17.02 32.16 63.18 30.18 5.93 0 45.21 27.51 
51.65 14.87 25.87 40.3 58.7 22.3 68.53 39.52 42.8 43.04 0 16.44 
34.78 22.71 13.96 40.06 44.91 23.1 70.4 40.36 27.05 26.79 13.49 0 
Dimension>23
Bandera>13
Fitness Greedy Costo>293.28
Solucion Greedy Costo>4 0 9 8 2 11 0 7 3 5 12 0 6 1 10 0 0 0 0 0 0 0 0 
Linea Vacia>
Matriz de Costos>
0 62.84 27 43.69 5.83 39.87 49.36 28.35 18.07 11.14 55.48 34.93 
66.65 0 34.1 31.85 72.11 21.16 60.06 35.76 53.14 53.41 10.22 24.2 
26.19 34.24 0 31.2 37.85 13.49 63.91 31.65 16.17 21.62 25.53 8.41 
44.17 30.35 29.18 0 45.71 15.43 27.28 15.65 44.56 52.22 40.33 36.63 
4.99 67.21 31.11 45.11 0 41.79 40.17 28.45 21.29 18.92 56.01 38.89 
40.19 20.7 13.4 15.42 52.99 0 46.49 15.9 29.85 35.16 21.06 21.35 
47.59 59.41 59.8 24.12 38.61 43.82 0 30.11 66.27 59.59 66.66 68.19 
30.2 35.31 30.41 15.88 31.67 16.4 32.63 0 33.59 34 40.04 37.78 
16.6 47.78 11.23 41.71 23.36 25.27 66.33 31.4 0 5.07 37.76 21.82 
12.37 54.16 18.21 50.58 17.02 32.16 63.18 30.18 5.93 0 45.21 27.51 
51.65 14.87 25.87 40.3 58.7 22.3 68.53 39.52 42.8 43.04 0 16.44 
34.78 22.71 13.96 40.06 44.91 23.1 70.4 40.36 27.05 26.79 13.49 0 
GEN 0 401.130000
GEN 0 436.540000
GEN 0 419.810000
TIEMPO 0 431.540000
GEN 0 407.840000
GEN 0 430.340000
GEN 0 459.530000
TIEMPO 0 408.730000
TIEMPO 0 407.840000
TIEMPO 0 424.540000
TIEMPO 0 372.210000
TIEMPO 0 346.060000
GREEDY 0 0.001669
GREEDY 0 0.002716
GREEDY 0 0.003179
GEN 0 405.180000
TIEMPO 0 372.310000
GREEDY 0 0.003796
GREEDY 5 0.004209
GREEDY 10 0.004348
GEN 0 433.450000
TIEMPO 0 413.470000
GREEDY 0 0.001959
GREEDY 5 0.005151
GREEDY 5 0.002556
GREEDY 0 0.001799
GREEDY 5 0.002131
GREEDY 0 0.007373
GEN 0 388.110000
GEN 0 450.340000
GEN 0 430.800000
GEN 0 395.650000
GEN 0 419.050000
TIEMPO 0 371.990000
GEN 0 444.740000
GEN 0 456.160000
TIEMPO 0 413.110000
TIEMPO 0 450.340000
TIEMPO 0 410.680000
TIEMPO 0 419.990000
TIEMPO 0 456.120000
TIEMPO 0 395.650000
GREEDY 5 0.008587
GREEDY 10 0.005099
GREEDY 15 0.005163
GREEDY 15 0.009575
GEN 0 420.810000
GEN 0 440.480000
GEN 0 397.550000
TIEMPO 0 420.810000
GEN 0 419.870000
GEN 0 451.810000
GEN 0 419.310000
TIEMPO 0 440.480000
TIEMPO 0 397.550000
GEN 0 378.540000
TIEMPO 0 413.630000
TIEMPO 0 378.540000
TIEMPO 0 419.870000
TIEMPO 0 419.310000
GREEDY 0 0.000797
GREEDY 0 0.003104
GREEDY 5 0.001921
GREEDY 20 0.007784
GREEDY 0 0.002512
GREEDY 5 0.006111
GREEDY 10 0.011321
GREEDY 15 0.011422
GEN 0 389.590000
GREEDY 0 0.004897
TIEMPO 0 389.590000
GREEDY 10 0.007689
GREEDY 0 0.005840
GREEDY 5 0.006219
GREEDY 0 0.008149
GREEDY 5 0.008298
GREEDY 0 0.008782
GREEDY 0 0.008912
GREEDY 5 0.007123
GREEDY 0 0.009330
GREEDY 0 0.007778
GEN 0 403.060000
TIEMPO 0 403.060000
GREEDY 0 0.008242
GREEDY 10 0.008308
GREEDY 20 0.015562
GREEDY 0 0.009361
GREEDY 5 0.009462
GREEDY 0 0.004945
GREEDY 5 0.005101
GREEDY 0 0.012166
GREEDY 10 0.010252
GREEDY 0 0.020299
GREEDY 15 0.010368
GREEDY 5 0.010642
GREEDY 5 0.012689
GREEDY 10 0.006665
GREEDY 0 0.013671
GREEDY 10 0.011808
GREEDY 10 0.014787
GREEDY 5 0.014966
GREEDY 15 0.015794
GREEDY 5 0.016330
GREEDY 10 0.024925
GREEDY 15 0.014951
GREEDY 15 0.017721
GREEDY 10 0.019151
GREEDY 5 0.018905
GREEDY 5 0.021566
GREEDY 10 0.021627
GREEDY 15 0.021713
GREEDY 5 0.022347
GREEDY 15 0.031594
GREEDY 10 0.031490
GREEDY 10 0.024163
GREEDY 5 0.033072
GREEDY 15 0.025140
GREEDY 5 0.033625
GREEDY 0 0.025676
GREEDY 15 0.024953
GREEDY 10 0.026897
GREEDY 10 0.027387
GREEDY 15 0.027503
GREEDY 5 0.039804
GREEDY 5 0.032389
GREEDY 10 0.032726
GREEDY 5 0.038675
GREEDY 10 0.039188
GREEDY 10 0.042893
GREEDY 10 0.051425
GREEDY 20 0.045517
GREEDY 20 0.043865
GREEDY 10 0.056278
GREEDY 15 0.059358
GREEDY 20 0.051476
GREEDY 15 0.054297
GREEDY 20 0.062983
GREEDY 20 0.071748
GEN 2500 228.380000
GEN 2500 227.560000
GEN 2500 253.520000
GREEDY 20 0.112494
GEN 2500 234.860000
GEN 2500 231.250000
GEN 2500 243.510000
GEN 2500 258.410000
GEN 2500 236.490000
GEN 2500 258.050000
GEN 2500 249.470000
GEN 2500 220.700000
GEN 2500 266.590000
GEN 2500 252.720000
GEN 2500 275.760000
GEN 2500 231.250000
GEN 2500 249.390000
GEN 2500 244.150000
GEN 2500 243.510000
GEN 2500 228.380000
GEN 2500 233.600000
GREEDY 20 0.160915
GEN 2500 253.630000
GREEDY 10 0.179716
GREEDY 15 0.181253
GREEDY 20 0.181448
GEN 5000 228.380000
GEN 5000 253.520000
GEN 2500 230.830000
GEN 2500 248.420000
GEN 2500 230.830000
GEN 5000 231.250000
GEN 5000 234.860000
GEN 5000 243.510000
GEN 5000 227.560000
GEN 5000 258.410000
GEN 5000 231.250000
GEN 5000 258.050000
GEN 5000 249.470000
GEN 5000 266.590000
GEN 5000 252.720000
GEN 5000 275.760000
GEN 5000 243.510000
GEN 5000 231.250000
GEN 5000 249.390000
GEN 5000 233.600000
GEN 5000 244.150000
GEN 5000 228.380000
GEN 5000 220.700000
GEN 5000 253.630000
GEN 7500 220.700000
GEN 7500 231.250000
GEN 5000 230.830000
GEN 5000 248.420000
GEN 7500 243.510000
GEN 7500 234.860000
GEN 7500 258.410000
GREEDY 20 0.380353
GEN 7500 227.560000
GREEDY 15 0.389160
GREEDY 10 0.389178
GEN 7500 231.250000
GEN 7500 258.050000
GEN 7500 249.470000
GEN 7500 251.610000
GEN 7500 252.720000
GEN 10000 220.700000
TIEMPO 0.433554 220.700000
GEN 7500 275.760000
GEN 7500 253.520000
GEN 7500 243.510000
GEN 7500 233.600000
GEN 7500 236.490000
GEN 7500 231.250000
GEN 7500 244.150000
GEN 7500 228.380000
GEN 7500 253.630000
GEN 7500 220.700000
GEN 10000 231.250000
TIEMPO 0.463350 231.250000
GEN 5000 230.830000
GEN 10000 243.510000
TIEMPO 0.485122 243.510000
GEN 10000 227.560000
TIEMPO 0.489995 227.560000
GEN 10000 258.410000
TIEMPO 0.496676 258.410000
GEN 7500 230.830000
GREEDY 15 0.499819
GEN 7500 248.420000
GEN 10000 227.560000
TIEMPO 0.528479 227.560000
GEN 10000 227.560000
TIEMPO 0.549082 227.560000
GEN 10000 251.610000
TIEMPO 0.569136 251.610000
GEN 10000 243.510000
TIEMPO 0.567721 243.510000
GEN 10000 252.720000
TIEMPO 0.572769 252.720000
GEN 10000 275.760000
TIEMPO 0.576795 275.760000
GEN 10000 243.510000
TIEMPO 0.579687 243.510000
GEN 10000 233.600000
TIEMPO 0.585714 233.600000
GEN 10000 236.490000
TIEMPO 0.587334 236.490000
GEN 10000 231.250000
TIEMPO 0.588482 231.250000
GEN 10000 244.150000
TIEMPO 0.587743 244.150000
GEN 10000 228.380000
TIEMPO 0.590390 228.380000
GEN 10000 253.630000
TIEMPO 0.590098 253.630000
GEN 10000 258.050000
TIEMPO 0.606608 258.050000
GEN 10000 220.700000
TIEMPO 0.611304 220.700000
GEN 10000 230.830000
TIEMPO 0.642049 230.830000
GEN 10000 248.420000
TIEMPO 0.646870 248.420000
GEN 7500 230.830000
GEN 10000 253.520000
TIEMPO 0.733840 253.520000
GEN 10000 230.830000
TIEMPO 0.817676 230.830000

 Current State ---------------------------------------------
Solution:  9 8 2 5 0 11 12 10 1 0 4 7 3 6 0 0 0 0 0 0 0 0 0 Fitness: 220.7

 :( ---------------------- THE END --------------- :) 
