Dimension>23
Bandera>13
Fitness Greedy Costo>293.28
Solucion Greedy Costo>4 0 9 8 2 11 0 7 3 5 12 0 6 1 10 0 0 0 0 0 0 0 0 
Linea Vacia>
Matriz de Costos>
0 62.84 27 43.69 5.83 39.87 49.36 28.35 18.07 11.14 55.48 34.93 
66.65 0 34.1 31.85 72.11 21.16 60.06 35.76 53.14 53.41 10.22 24.2 
26.19 34.24 0 31.2 37.85 13.49 63.91 31.65 16.17 21.62 25.53 8.41 
44.17 30.35 29.18 0 45.71 15.43 27.28 15.65 44.56 52.22 40.33 36.63 
4.99 67.21 31.11 45.11 0 41.79 40.17 28.45 21.29 18.92 56.01 38.89 
40.19 20.7 13.4 15.42 52.99 0 46.49 15.9 29.85 35.16 21.06 21.35 
47.59 59.41 59.8 24.12 38.61 43.82 0 30.11 66.27 59.59 66.66 68.19 
30.2 35.31 30.41 15.88 31.67 16.4 32.63 0 33.59 34 40.04 37.78 
16.6 47.78 11.23 41.71 23.36 25.27 66.33 31.4 0 5.07 37.76 21.82 
12.37 54.16 18.21 50.58 17.02 32.16 63.18 30.18 5.93 0 45.21 27.51 
51.65 14.87 25.87 40.3 58.7 22.3 68.53 39.52 42.8 43.04 0 16.44 
34.78 22.71 13.96 40.06 44.91 23.1 70.4 40.36 27.05 26.79 13.49 0 
Dimension>23
Bandera>13
Fitness Greedy Costo>293.28
Solucion Greedy Costo>4 0 9 8 2 11 0 7 3 5 12 0 6 1 10 0 0 0 0 0 0 0 0 
Linea Vacia>
Matriz de Costos>
0 62.84 27 43.69 5.83 39.87 49.36 28.35 18.07 11.14 55.48 34.93 
66.65 0 34.1 31.85 72.11 21.16 60.06 35.76 53.14 53.41 10.22 24.2 
Dimension>23
26.19 34.24 0 31.2 37.85 13.49 63.91 31.65 16.17 21.62 25.53 8.41 
44.17 30.35 29.18 0 45.71 15.43 27.28 15.65 44.56 52.22 40.33 36.63 
4.99 67.21 31.11 45.11 0 41.79 40.17 28.45 21.29 18.92 56.01 38.89 
Bandera>13
Fitness Greedy Costo>293.28
Solucion Greedy Costo>4 0 9 8 2 11 0 7 3 5 12 0 6 1 10 0 0 0 0 0 0 0 0 
Linea Vacia>
40.19 20.7 13.4 15.42 52.99 0 46.49 15.9 29.85 35.16 21.06 21.35 
47.59 59.41 59.8 24.12 38.61 43.82 0 30.11 66.27 59.59 66.66 68.19 
Matriz de Costos>
0 62.84 27 43.69 5.83 39.87 49.36 28.35 18.07 11.14 55.48 34.93 
30.2 35.31 30.41 15.88 31.67 16.4 32.63 0 33.59 34 40.04 37.78 
16.6 47.78 11.23 41.71 23.36 25.27 66.33 31.4 0 5.07 37.76 21.82 
66.65 0 34.1 31.85 72.11 21.16 60.06 35.76 53.14 53.41 10.22 24.2 
26.19 34.24 0 31.2 37.85 13.49 63.91 31.65 16.17 21.62 25.53 8.41 
44.17 30.35 29.18 0 45.71 15.43 27.28 15.65 44.56 52.22 40.33 36.63 
12.37 54.16 18.21 50.58 17.02 32.16 63.18 30.18 5.93 0 45.21 27.51 
51.65 14.87 25.87 40.3 58.7 22.3 68.53 39.52 42.8 43.04 0 16.44 
4.99 67.21 31.11 45.11 0 41.79 40.17 28.45 21.29 18.92 56.01 38.89 
40.19 20.7 13.4 15.42 52.99 0 46.49 15.9 29.85 35.16 21.06 21.35 
34.78 22.71 13.96 40.06 44.91 23.1 70.4 40.36 27.05 26.79 13.49 0 
47.59 59.41 59.8 24.12 38.61 43.82 0 30.11 66.27 59.59 66.66 68.19 
30.2 35.31 30.41 15.88 31.67 16.4 32.63 0 33.59 34 40.04 37.78 
16.6 47.78 11.23 41.71 23.36 25.27 66.33 31.4 0 5.07 37.76 21.82 
12.37 54.16 18.21 50.58 17.02 32.16 63.18 30.18 5.93 0 45.21 27.51 
51.65 14.87 25.87 40.3 58.7 22.3 68.53 39.52 42.8 43.04 0 16.44 
34.78 22.71 13.96 40.06 44.91 23.1 70.4 40.36 27.05 26.79 13.49 0 
Dimension>23
Bandera>13
Fitness Greedy Costo>293.28
Solucion Greedy Costo>4 0 9 8 2 11 0 7 3 5 12 0 6 1 10 0 0 0 0 0 0 0 0 
Linea Vacia>
Dimension>23
Dimension>23
Matriz de Costos>
0 62.84 27 43.69 5.83 39.87 49.36 28.35 18.07 11.14 55.48 34.93 
Bandera>13
Fitness Greedy Costo>293.28
66.65 0 34.1 31.85 72.11 21.16 60.06 35.76 53.14 53.41 10.22 24.2 
Bandera>13
Fitness Greedy Costo>293.28
Solucion Greedy Costo>4 0 9 8 2 11 0 7 3 5 12 0 6 1 10 0 0 0 0 0 0 0 0 
Linea Vacia>
Solucion Greedy Costo>4 0 9 8 2 11 0 7 3 5 12 0 6 1 10 0 0 0 0 0 0 0 0 
Linea Vacia>
Dimension>23
26.19 34.24 0 31.2 37.85 13.49 63.91 31.65 16.17 21.62 25.53 8.41 
44.17 30.35 29.18 0 45.71 15.43 27.28 15.65 44.56 52.22 40.33 36.63 
4.99 67.21 31.11 45.11 0 41.79 40.17 28.45 21.29 18.92 56.01 38.89 
40.19 20.7 13.4 15.42 52.99 0 46.49 15.9 29.85 35.16 21.06 21.35 
Bandera>13
Fitness Greedy Costo>293.28
Matriz de Costos>
0 62.84 27 43.69 5.83 39.87 49.36 28.35 18.07 11.14 55.48 34.93 
47.59 59.41 59.8 24.12 38.61 43.82 0 30.11 66.27 59.59 66.66 68.19 
30.2 35.31 30.41 15.88 31.67 16.4 32.63 0 33.59 34 40.04 37.78 
Matriz de Costos>
0 62.84 27 43.69 5.83 39.87 49.36 28.35 18.07 11.14 55.48 34.93 
Solucion Greedy Costo>4 0 9 8 2 11 0 7 3 5 12 0 6 1 10 0 0 0 0 0 0 0 0 
Linea Vacia>
66.65 0 34.1 31.85 72.11 21.16 60.06 35.76 53.14 53.41 10.22 24.2 
26.19 34.24 0 31.2 37.85 13.49 63.91 31.65 16.17 21.62 25.53 8.41 
16.6 47.78 11.23 41.71 23.36 25.27 66.33 31.4 0 5.07 37.76 21.82 
12.37 54.16 18.21 50.58 17.02 32.16 63.18 30.18 5.93 0 45.21 27.51 
66.65 0 34.1 31.85 72.11 21.16 60.06 35.76 53.14 53.41 10.22 24.2 
26.19 34.24 0 31.2 37.85 13.49 63.91 31.65 16.17 21.62 25.53 8.41 
44.17 30.35 29.18 0 45.71 15.43 27.28 15.65 44.56 52.22 40.33 36.63 
4.99 67.21 31.11 45.11 0 41.79 40.17 28.45 21.29 18.92 56.01 38.89 
40.19 20.7 13.4 15.42 52.99 0 46.49 15.9 29.85 35.16 21.06 21.35 
47.59 59.41 59.8 24.12 38.61 43.82 0 30.11 66.27 59.59 66.66 68.19 
51.65 14.87 25.87 40.3 58.7 22.3 68.53 39.52 42.8 43.04 0 16.44 
34.78 22.71 13.96 40.06 44.91 23.1 70.4 40.36 27.05 26.79 13.49 0 
44.17 30.35 29.18 0 45.71 15.43 27.28 15.65 44.56 52.22 40.33 36.63 
4.99 67.21 31.11 45.11 0 41.79 40.17 28.45 21.29 18.92 56.01 38.89 
30.2 35.31 30.41 15.88 31.67 16.4 32.63 0 33.59 34 40.04 37.78 
40.19 20.7 13.4 15.42 52.99 0 46.49 15.9 29.85 35.16 21.06 21.35 
47.59 59.41 59.8 24.12 38.61 43.82 0 30.11 66.27 59.59 66.66 68.19 
16.6 47.78 11.23 41.71 23.36 25.27 66.33 31.4 0 5.07 37.76 21.82 
12.37 54.16 18.21 50.58 17.02 32.16 63.18 30.18 5.93 0 45.21 27.51 
30.2 35.31 30.41 15.88 31.67 16.4 32.63 0 33.59 34 40.04 37.78 
16.6 47.78 11.23 41.71 23.36 25.27 66.33 31.4 0 5.07 37.76 21.82 
Matriz de Costos>
51.65 14.87 25.87 40.3 58.7 22.3 68.53 39.52 42.8 43.04 0 16.44 
34.78 22.71 13.96 40.06 44.91 23.1 70.4 40.36 27.05 26.79 13.49 0 
12.37 54.16 18.21 50.58 17.02 32.16 63.18 30.18 5.93 0 45.21 27.51 
0 62.84 27 43.69 5.83 39.87 49.36 28.35 18.07 11.14 55.48 34.93 
51.65 14.87 25.87 40.3 58.7 22.3 68.53 39.52 42.8 43.04 0 16.44 
66.65 0 34.1 31.85 72.11 21.16 60.06 35.76 53.14 53.41 10.22 24.2 
34.78 22.71 13.96 40.06 44.91 23.1 70.4 40.36 27.05 26.79 13.49 0 
Dimension>23
Dimension>23
26.19 34.24 0 31.2 37.85 13.49 63.91 31.65 16.17 21.62 25.53 8.41 
Bandera>13
Fitness Greedy Costo>293.28
44.17 30.35 29.18 0 45.71 15.43 27.28 15.65 44.56 52.22 40.33 36.63 
Solucion Greedy Costo>4 0 9 8 2 11 0 7 3 5 12 0 6 1 10 0 0 0 0 0 0 0 0 
Linea Vacia>
Bandera>13
Fitness Greedy Costo>293.28
4.99 67.21 31.11 45.11 0 41.79 40.17 28.45 21.29 18.92 56.01 38.89 
Dimension>23
40.19 20.7 13.4 15.42 52.99 0 46.49 15.9 29.85 35.16 21.06 21.35 
Solucion Greedy Costo>4 0 9 8 2 11 0 7 3 5 12 0 6 1 10 0 0 0 0 0 0 0 0 
Linea Vacia>
Matriz de Costos>
0 62.84 27 43.69 5.83 39.87 49.36 28.35 18.07 11.14 55.48 34.93 
47.59 59.41 59.8 24.12 38.61 43.82 0 30.11 66.27 59.59 66.66 68.19 
Dimension>23
66.65 0 34.1 31.85 72.11 21.16 60.06 35.76 53.14 53.41 10.22 24.2 
26.19 34.24 0 31.2 37.85 13.49 63.91 31.65 16.17 21.62 25.53 8.41 
30.2 35.31 30.41 15.88 31.67 16.4 32.63 0 33.59 34 40.04 37.78 
Bandera>13
Fitness Greedy Costo>293.28
44.17 30.35 29.18 0 45.71 15.43 27.28 15.65 44.56 52.22 40.33 36.63 
4.99 67.21 31.11 45.11 0 41.79 40.17 28.45 21.29 18.92 56.01 38.89 
Bandera>13
Fitness Greedy Costo>293.28
40.19 20.7 13.4 15.42 52.99 0 46.49 15.9 29.85 35.16 21.06 21.35 
47.59 59.41 59.8 24.12 38.61 43.82 0 30.11 66.27 59.59 66.66 68.19 
16.6 47.78 11.23 41.71 23.36 25.27 66.33 31.4 0 5.07 37.76 21.82 
Solucion Greedy Costo>4 0 9 8 2 11 0 7 3 5 12 0 6 1 10 0 0 0 0 0 0 0 0 
Linea Vacia>
30.2 35.31 30.41 15.88 31.67 16.4 32.63 0 33.59 34 40.04 37.78 
16.6 47.78 11.23 41.71 23.36 25.27 66.33 31.4 0 5.07 37.76 21.82 
12.37 54.16 18.21 50.58 17.02 32.16 63.18 30.18 5.93 0 45.21 27.51 
51.65 14.87 25.87 40.3 58.7 22.3 68.53 39.52 42.8 43.04 0 16.44 
Solucion Greedy Costo>4 0 9 8 2 11 0 7 3 5 12 0 6 1 10 0 0 0 0 0 0 0 0 
Linea Vacia>
12.37 54.16 18.21 50.58 17.02 32.16 63.18 30.18 5.93 0 45.21 27.51 
51.65 14.87 25.87 40.3 58.7 22.3 68.53 39.52 42.8 43.04 0 16.44 
34.78 22.71 13.96 40.06 44.91 23.1 70.4 40.36 27.05 26.79 13.49 0 
34.78 22.71 13.96 40.06 44.91 23.1 70.4 40.36 27.05 26.79 13.49 0 
Matriz de Costos>
0 62.84 27 43.69 5.83 39.87 49.36 28.35 18.07 11.14 55.48 34.93 
66.65 0 34.1 31.85 72.11 21.16 60.06 35.76 53.14 53.41 10.22 24.2 
26.19 34.24 0 31.2 37.85 13.49 63.91 31.65 16.17 21.62 25.53 8.41 
Matriz de Costos>
0 62.84 27 43.69 5.83 39.87 49.36 28.35 18.07 11.14 55.48 34.93 
44.17 30.35 29.18 0 45.71 15.43 27.28 15.65 44.56 52.22 40.33 36.63 
4.99 67.21 31.11 45.11 0 41.79 40.17 28.45 21.29 18.92 56.01 38.89 
66.65 0 34.1 31.85 72.11 21.16 60.06 35.76 53.14 53.41 10.22 24.2 
26.19 34.24 0 31.2 37.85 13.49 63.91 31.65 16.17 21.62 25.53 8.41 
Dimension>23
Bandera>13
Fitness Greedy Costo>293.28
Matriz de Costos>
0 62.84 27 43.69 5.83 39.87 49.36 28.35 18.07 11.14 55.48 34.93 
66.65 0 34.1 31.85 72.11 21.16 60.06 35.76 53.14 53.41 10.22 24.2 
44.17 30.35 29.18 0 45.71 15.43 27.28 15.65 44.56 52.22 40.33 36.63 
4.99 67.21 31.11 45.11 0 41.79 40.17 28.45 21.29 18.92 56.01 38.89 
40.19 20.7 13.4 15.42 52.99 0 46.49 15.9 29.85 35.16 21.06 21.35 
47.59 59.41 59.8 24.12 38.61 43.82 0 30.11 66.27 59.59 66.66 68.19 
Solucion Greedy Costo>4 0 9 8 2 11 0 7 3 5 12 0 6 1 10 0 0 0 0 0 0 0 0 
Linea Vacia>
26.19 34.24 0 31.2 37.85 13.49 63.91 31.65 16.17 21.62 25.53 8.41 
44.17 30.35 29.18 0 45.71 15.43 27.28 15.65 44.56 52.22 40.33 36.63 
30.2 35.31 30.41 15.88 31.67 16.4 32.63 0 33.59 34 40.04 37.78 
40.19 20.7 13.4 15.42 52.99 0 46.49 15.9 29.85 35.16 21.06 21.35 
47.59 59.41 59.8 24.12 38.61 43.82 0 30.11 66.27 59.59 66.66 68.19 
30.2 35.31 30.41 15.88 31.67 16.4 32.63 0 33.59 34 40.04 37.78 
4.99 67.21 31.11 45.11 0 41.79 40.17 28.45 21.29 18.92 56.01 38.89 
40.19 20.7 13.4 15.42 52.99 0 46.49 15.9 29.85 35.16 21.06 21.35 
16.6 47.78 11.23 41.71 23.36 25.27 66.33 31.4 0 5.07 37.76 21.82 
12.37 54.16 18.21 50.58 17.02 32.16 63.18 30.18 5.93 0 45.21 27.51 
16.6 47.78 11.23 41.71 23.36 25.27 66.33 31.4 0 5.07 37.76 21.82 
12.37 54.16 18.21 50.58 17.02 32.16 63.18 30.18 5.93 0 45.21 27.51 
Matriz de Costos>
0 62.84 27 43.69 5.83 39.87 49.36 28.35 18.07 11.14 55.48 34.93 
66.65 0 34.1 31.85 72.11 21.16 60.06 35.76 53.14 53.41 10.22 24.2 
26.19 34.24 0 31.2 37.85 13.49 63.91 31.65 16.17 21.62 25.53 8.41 
Dimension>23
Bandera>13
Fitness Greedy Costo>293.28
Solucion Greedy Costo>4 0 9 8 2 11 0 7 3 5 12 0 6 1 10 0 0 0 0 0 0 0 0 
Linea Vacia>
47.59 59.41 59.8 24.12 38.61 43.82 0 30.11 66.27 59.59 66.66 68.19 
30.2 35.31 30.41 15.88 31.67 16.4 32.63 0 33.59 34 40.04 37.78 
16.6 47.78 11.23 41.71 23.36 25.27 66.33 31.4 0 5.07 37.76 21.82 
12.37 54.16 18.21 50.58 17.02 32.16 63.18 30.18 5.93 0 45.21 27.51 
Dimension>23
Bandera>13
Fitness Greedy Costo>293.28
Solucion Greedy Costo>4 0 9 8 2 11 0 7 3 5 12 0 6 1 10 0 0 0 0 0 0 0 0 
Linea Vacia>
51.65 14.87 25.87 40.3 58.7 22.3 68.53 39.52 42.8 43.04 0 16.44 
34.78 22.71 13.96 40.06 44.91 23.1 70.4 40.36 27.05 26.79 13.49 0 
51.65 14.87 25.87 40.3 58.7 22.3 68.53 39.52 42.8 43.04 0 16.44 
34.78 22.71 13.96 40.06 44.91 23.1 70.4 40.36 27.05 26.79 13.49 0 
44.17 30.35 29.18 0 45.71 15.43 27.28 15.65 44.56 52.22 40.33 36.63 
4.99 67.21 31.11 45.11 0 41.79 40.17 28.45 21.29 18.92 56.01 38.89 
40.19 20.7 13.4 15.42 52.99 0 46.49 15.9 29.85 35.16 21.06 21.35 
47.59 59.41 59.8 24.12 38.61 43.82 0 30.11 66.27 59.59 66.66 68.19 
30.2 35.31 30.41 15.88 31.67 16.4 32.63 0 33.59 34 40.04 37.78 
16.6 47.78 11.23 41.71 23.36 25.27 66.33 31.4 0 5.07 37.76 21.82 
12.37 54.16 18.21 50.58 17.02 32.16 63.18 30.18 5.93 0 45.21 27.51 
51.65 14.87 25.87 40.3 58.7 22.3 68.53 39.52 42.8 43.04 0 16.44 
34.78 22.71 13.96 40.06 44.91 23.1 70.4 40.36 27.05 26.79 13.49 0 
Matriz de Costos>
0 62.84 27 43.69 5.83 39.87 49.36 28.35 18.07 11.14 55.48 34.93 
66.65 0 34.1 31.85 72.11 21.16 60.06 35.76 53.14 53.41 10.22 24.2 
26.19 34.24 0 31.2 37.85 13.49 63.91 31.65 16.17 21.62 25.53 8.41 
44.17 30.35 29.18 0 45.71 15.43 27.28 15.65 44.56 52.22 40.33 36.63 
4.99 67.21 31.11 45.11 0 41.79 40.17 28.45 21.29 18.92 56.01 38.89 
40.19 20.7 13.4 15.42 52.99 0 46.49 15.9 29.85 35.16 21.06 21.35 
51.65 14.87 25.87 40.3 58.7 22.3 68.53 39.52 42.8 43.04 0 16.44 
34.78 22.71 13.96 40.06 44.91 23.1 70.4 40.36 27.05 26.79 13.49 0 
Matriz de Costos>
0 62.84 27 43.69 5.83 39.87 49.36 28.35 18.07 11.14 55.48 34.93 
66.65 0 34.1 31.85 72.11 21.16 60.06 35.76 53.14 53.41 10.22 24.2 
26.19 34.24 0 31.2 37.85 13.49 63.91 31.65 16.17 21.62 25.53 8.41 
44.17 30.35 29.18 0 45.71 15.43 27.28 15.65 44.56 52.22 40.33 36.63 
47.59 59.41 59.8 24.12 38.61 43.82 0 30.11 66.27 59.59 66.66 68.19 
30.2 35.31 30.41 15.88 31.67 16.4 32.63 0 33.59 34 40.04 37.78 
16.6 47.78 11.23 41.71 23.36 25.27 66.33 31.4 0 5.07 37.76 21.82 
12.37 54.16 18.21 50.58 17.02 32.16 63.18 30.18 5.93 0 45.21 27.51 
Dimension>23
51.65 14.87 25.87 40.3 58.7 22.3 68.53 39.52 42.8 43.04 0 16.44 
34.78 22.71 13.96 40.06 44.91 23.1 70.4 40.36 27.05 26.79 13.49 0 
Dimension>23
4.99 67.21 31.11 45.11 0 41.79 40.17 28.45 21.29 18.92 56.01 38.89 
40.19 20.7 13.4 15.42 52.99 0 46.49 15.9 29.85 35.16 21.06 21.35 
47.59 59.41 59.8 24.12 38.61 43.82 0 30.11 66.27 59.59 66.66 68.19 
30.2 35.31 30.41 15.88 31.67 16.4 32.63 0 33.59 34 40.04 37.78 
Dimension>23
Dimension>23
Bandera>13
Fitness Greedy Costo>293.28
16.6 47.78 11.23 41.71 23.36 25.27 66.33 31.4 0 5.07 37.76 21.82 
12.37 54.16 18.21 50.58 17.02 32.16 63.18 30.18 5.93 0 45.21 27.51 
51.65 14.87 25.87 40.3 58.7 22.3 68.53 39.52 42.8 43.04 0 16.44 
34.78 22.71 13.96 40.06 44.91 23.1 70.4 40.36 27.05 26.79 13.49 0 
Bandera>13
Fitness Greedy Costo>293.28
Solucion Greedy Costo>4 0 9 8 2 11 0 7 3 5 12 0 6 1 10 0 0 0 0 0 0 0 0 
Linea Vacia>
Solucion Greedy Costo>4 0 9 8 2 11 0 7 3 5 12 0 6 1 10 0 0 0 0 0 0 0 0 
Linea Vacia>
Bandera>13
Fitness Greedy Costo>293.28
Solucion Greedy Costo>4 0 9 8 2 11 0 7 3 5 12 0 6 1 10 0 0 0 0 0 0 0 0 
Bandera>13
Fitness Greedy Costo>293.28
Linea Vacia>
Solucion Greedy Costo>4 0 9 8 2 11 0 7 3 5 12 0 6 1 10 0 0 0 0 0 0 0 0 
Linea Vacia>
Matriz de Costos>
0 62.84 27 43.69 5.83 39.87 49.36 28.35 18.07 11.14 55.48 34.93 
66.65 0 34.1 31.85 72.11 21.16 60.06 35.76 53.14 53.41 10.22 24.2 
26.19 34.24 0 31.2 37.85 13.49 63.91 31.65 16.17 21.62 25.53 8.41 
44.17 30.35 29.18 0 45.71 15.43 27.28 15.65 44.56 52.22 40.33 36.63 
4.99 67.21 31.11 45.11 0 41.79 40.17 28.45 21.29 18.92 56.01 38.89 
Dimension>23
Bandera>13
Fitness Greedy Costo>293.28
Matriz de Costos>
0 62.84 27 43.69 5.83 39.87 49.36 28.35 18.07 11.14 55.48 34.93 
66.65 0 34.1 31.85 72.11 21.16 60.06 35.76 53.14 53.41 10.22 24.2 
26.19 34.24 0 31.2 37.85 13.49 63.91 31.65 16.17 21.62 25.53 8.41 
44.17 30.35 29.18 0 45.71 15.43 27.28 15.65 44.56 52.22 40.33 36.63 
Matriz de Costos>
0 62.84 27 43.69 5.83 39.87 49.36 28.35 18.07 11.14 55.48 34.93 
66.65 0 34.1 31.85 72.11 21.16 60.06 35.76 53.14 53.41 10.22 24.2 
26.19 34.24 0 31.2 37.85 13.49 63.91 31.65 16.17 21.62 25.53 8.41 
44.17 30.35 29.18 0 45.71 15.43 27.28 15.65 44.56 52.22 40.33 36.63 
Dimension>23
Bandera>13
Fitness Greedy Costo>293.28
Solucion Greedy Costo>4 0 9 8 2 11 0 7 3 5 12 0 6 1 10 0 0 0 0 0 0 0 0 
Linea Vacia>
Dimension>23
Bandera>13
Fitness Greedy Costo>293.28
Solucion Greedy Costo>4 0 9 8 2 11 0 7 3 5 12 0 6 1 10 0 0 0 0 0 0 0 0 
40.19 20.7 13.4 15.42 52.99 0 46.49 15.9 29.85 35.16 21.06 21.35 
47.59 59.41 59.8 24.12 38.61 43.82 0 30.11 66.27 59.59 66.66 68.19 
30.2 35.31 30.41 15.88 31.67 16.4 32.63 0 33.59 34 40.04 37.78 
16.6 47.78 11.23 41.71 23.36 25.27 66.33 31.4 0 5.07 37.76 21.82 
12.37 54.16 18.21 50.58 17.02 32.16 63.18 30.18 5.93 0 45.21 27.51 
51.65 14.87 25.87 40.3 58.7 22.3 68.53 39.52 42.8 43.04 0 16.44 
Matriz de Costos>
0 62.84 27 43.69 5.83 39.87 49.36 28.35 18.07 11.14 55.48 34.93 
66.65 0 34.1 31.85 72.11 21.16 60.06 35.76 53.14 53.41 10.22 24.2 
26.19 34.24 0 31.2 37.85 13.49 63.91 31.65 16.17 21.62 25.53 8.41 
44.17 30.35 29.18 0 45.71 15.43 27.28 15.65 44.56 52.22 40.33 36.63 
4.99 67.21 31.11 45.11 0 41.79 40.17 28.45 21.29 18.92 56.01 38.89 
Solucion Greedy Costo>4 0 9 8 2 11 0 7 3 5 12 0 6 1 10 0 0 0 0 0 0 0 0 
Linea Vacia>
4.99 67.21 31.11 45.11 0 41.79 40.17 28.45 21.29 18.92 56.01 38.89 
40.19 20.7 13.4 15.42 52.99 0 46.49 15.9 29.85 35.16 21.06 21.35 
47.59 59.41 59.8 24.12 38.61 43.82 0 30.11 66.27 59.59 66.66 68.19 
30.2 35.31 30.41 15.88 31.67 16.4 32.63 0 33.59 34 40.04 37.78 
4.99 67.21 31.11 45.11 0 41.79 40.17 28.45 21.29 18.92 56.01 38.89 
40.19 20.7 13.4 15.42 52.99 0 46.49 15.9 29.85 35.16 21.06 21.35 
47.59 59.41 59.8 24.12 38.61 43.82 0 30.11 66.27 59.59 66.66 68.19 
30.2 35.31 30.41 15.88 31.67 16.4 32.63 0 33.59 34 40.04 37.78 
16.6 47.78 11.23 41.71 23.36 25.27 66.33 31.4 0 5.07 37.76 21.82 
Linea Vacia>
34.78 22.71 13.96 40.06 44.91 23.1 70.4 40.36 27.05 26.79 13.49 0 
40.19 20.7 13.4 15.42 52.99 0 46.49 15.9 29.85 35.16 21.06 21.35 
47.59 59.41 59.8 24.12 38.61 43.82 0 30.11 66.27 59.59 66.66 68.19 
30.2 35.31 30.41 15.88 31.67 16.4 32.63 0 33.59 34 40.04 37.78 
16.6 47.78 11.23 41.71 23.36 25.27 66.33 31.4 0 5.07 37.76 21.82 
Matriz de Costos>
0 62.84 27 43.69 5.83 39.87 49.36 28.35 18.07 11.14 55.48 34.93 
66.65 0 34.1 31.85 72.11 21.16 60.06 35.76 53.14 53.41 10.22 24.2 
26.19 34.24 0 31.2 37.85 13.49 63.91 31.65 16.17 21.62 25.53 8.41 
44.17 30.35 29.18 0 45.71 15.43 27.28 15.65 44.56 52.22 40.33 36.63 
4.99 67.21 31.11 45.11 0 41.79 40.17 28.45 21.29 18.92 56.01 38.89 
16.6 47.78 11.23 41.71 23.36 25.27 66.33 31.4 0 5.07 37.76 21.82 
12.37 54.16 18.21 50.58 17.02 32.16 63.18 30.18 5.93 0 45.21 27.51 
51.65 14.87 25.87 40.3 58.7 22.3 68.53 39.52 42.8 43.04 0 16.44 
34.78 22.71 13.96 40.06 44.91 23.1 70.4 40.36 27.05 26.79 13.49 0 
12.37 54.16 18.21 50.58 17.02 32.16 63.18 30.18 5.93 0 45.21 27.51 
51.65 14.87 25.87 40.3 58.7 22.3 68.53 39.52 42.8 43.04 0 16.44 
34.78 22.71 13.96 40.06 44.91 23.1 70.4 40.36 27.05 26.79 13.49 0 
Matriz de Costos>
0 62.84 27 43.69 5.83 39.87 49.36 28.35 18.07 11.14 55.48 34.93 
66.65 0 34.1 31.85 72.11 21.16 60.06 35.76 53.14 53.41 10.22 24.2 
26.19 34.24 0 31.2 37.85 13.49 63.91 31.65 16.17 21.62 25.53 8.41 
44.17 30.35 29.18 0 45.71 15.43 27.28 15.65 44.56 52.22 40.33 36.63 
Matriz de Costos>
0 62.84 27 43.69 5.83 39.87 49.36 28.35 18.07 11.14 55.48 34.93 
66.65 0 34.1 31.85 72.11 21.16 60.06 35.76 53.14 53.41 10.22 24.2 
26.19 34.24 0 31.2 37.85 13.49 63.91 31.65 16.17 21.62 25.53 8.41 
44.17 30.35 29.18 0 45.71 15.43 27.28 15.65 44.56 52.22 40.33 36.63 
4.99 67.21 31.11 45.11 0 41.79 40.17 28.45 21.29 18.92 56.01 38.89 
Dimension>23
Bandera>13
Fitness Greedy Costo>293.28
Solucion Greedy Costo>4 0 9 8 2 11 0 7 3 5 12 0 6 1 10 0 0 0 0 0 0 0 0 
Linea Vacia>
Matriz de Costos>
0 62.84 27 43.69 5.83 39.87 49.36 28.35 18.07 11.14 55.48 34.93 
66.65 0 34.1 31.85 72.11 21.16 60.06 35.76 53.14 53.41 10.22 24.2 
26.19 34.24 0 31.2 37.85 13.49 63.91 31.65 16.17 21.62 25.53 8.41 
44.17 30.35 29.18 0 45.71 15.43 27.28 15.65 44.56 52.22 40.33 36.63 
4.99 67.21 31.11 45.11 0 41.79 40.17 28.45 21.29 18.92 56.01 38.89 
Dimension>23
Bandera>13
Fitness Greedy Costo>293.28
Solucion Greedy Costo>4 0 9 8 2 11 0 7 3 5 12 0 6 1 10 0 0 0 0 0 0 0 0 
Linea Vacia>
12.37 54.16 18.21 50.58 17.02 32.16 63.18 30.18 5.93 0 45.21 27.51 
51.65 14.87 25.87 40.3 58.7 22.3 68.53 39.52 42.8 43.04 0 16.44 
34.78 22.71 13.96 40.06 44.91 23.1 70.4 40.36 27.05 26.79 13.49 0 
40.19 20.7 13.4 15.42 52.99 0 46.49 15.9 29.85 35.16 21.06 21.35 
47.59 59.41 59.8 24.12 38.61 43.82 0 30.11 66.27 59.59 66.66 68.19 
30.2 35.31 30.41 15.88 31.67 16.4 32.63 0 33.59 34 40.04 37.78 
16.6 47.78 11.23 41.71 23.36 25.27 66.33 31.4 0 5.07 37.76 21.82 
12.37 54.16 18.21 50.58 17.02 32.16 63.18 30.18 5.93 0 45.21 27.51 
51.65 14.87 25.87 40.3 58.7 22.3 68.53 39.52 42.8 43.04 0 16.44 
4.99 67.21 31.11 45.11 0 41.79 40.17 28.45 21.29 18.92 56.01 38.89 
40.19 20.7 13.4 15.42 52.99 0 46.49 15.9 29.85 35.16 21.06 21.35 
47.59 59.41 59.8 24.12 38.61 43.82 0 30.11 66.27 59.59 66.66 68.19 
30.2 35.31 30.41 15.88 31.67 16.4 32.63 0 33.59 34 40.04 37.78 
16.6 47.78 11.23 41.71 23.36 25.27 66.33 31.4 0 5.07 37.76 21.82 
12.37 54.16 18.21 50.58 17.02 32.16 63.18 30.18 5.93 0 45.21 27.51 
40.19 20.7 13.4 15.42 52.99 0 46.49 15.9 29.85 35.16 21.06 21.35 
47.59 59.41 59.8 24.12 38.61 43.82 0 30.11 66.27 59.59 66.66 68.19 
30.2 35.31 30.41 15.88 31.67 16.4 32.63 0 33.59 34 40.04 37.78 
16.6 47.78 11.23 41.71 23.36 25.27 66.33 31.4 0 5.07 37.76 21.82 
12.37 54.16 18.21 50.58 17.02 32.16 63.18 30.18 5.93 0 45.21 27.51 
40.19 20.7 13.4 15.42 52.99 0 46.49 15.9 29.85 35.16 21.06 21.35 
47.59 59.41 59.8 24.12 38.61 43.82 0 30.11 66.27 59.59 66.66 68.19 
30.2 35.31 30.41 15.88 31.67 16.4 32.63 0 33.59 34 40.04 37.78 
16.6 47.78 11.23 41.71 23.36 25.27 66.33 31.4 0 5.07 37.76 21.82 
12.37 54.16 18.21 50.58 17.02 32.16 63.18 30.18 5.93 0 45.21 27.51 
51.65 14.87 25.87 40.3 58.7 22.3 68.53 39.52 42.8 43.04 0 16.44 
34.78 22.71 13.96 40.06 44.91 23.1 70.4 40.36 27.05 26.79 13.49 0 
Matriz de Costos>
0 62.84 27 43.69 5.83 39.87 49.36 28.35 18.07 11.14 55.48 34.93 
66.65 0 34.1 31.85 72.11 21.16 60.06 35.76 53.14 53.41 10.22 24.2 
26.19 34.24 0 31.2 37.85 13.49 63.91 31.65 16.17 21.62 25.53 8.41 
44.17 30.35 29.18 0 45.71 15.43 27.28 15.65 44.56 52.22 40.33 36.63 
4.99 67.21 31.11 45.11 0 41.79 40.17 28.45 21.29 18.92 56.01 38.89 
40.19 20.7 13.4 15.42 52.99 0 46.49 15.9 29.85 35.16 21.06 21.35 
47.59 59.41 59.8 24.12 38.61 43.82 0 30.11 66.27 59.59 66.66 68.19 
Dimension>23
Bandera>13
Fitness Greedy Costo>293.28
Solucion Greedy Costo>4 0 9 8 2 11 0 7 3 5 12 0 6 1 10 0 0 0 0 0 0 0 0 
Linea Vacia>
34.78 22.71 13.96 40.06 44.91 23.1 70.4 40.36 27.05 26.79 13.49 0 
51.65 14.87 25.87 40.3 58.7 22.3 68.53 39.52 42.8 43.04 0 16.44 
34.78 22.71 13.96 40.06 44.91 23.1 70.4 40.36 27.05 26.79 13.49 0 
51.65 14.87 25.87 40.3 58.7 22.3 68.53 39.52 42.8 43.04 0 16.44 
34.78 22.71 13.96 40.06 44.91 23.1 70.4 40.36 27.05 26.79 13.49 0 
30.2 35.31 30.41 15.88 31.67 16.4 32.63 0 33.59 34 40.04 37.78 
16.6 47.78 11.23 41.71 23.36 25.27 66.33 31.4 0 5.07 37.76 21.82 
12.37 54.16 18.21 50.58 17.02 32.16 63.18 30.18 5.93 0 45.21 27.51 
51.65 14.87 25.87 40.3 58.7 22.3 68.53 39.52 42.8 43.04 0 16.44 
34.78 22.71 13.96 40.06 44.91 23.1 70.4 40.36 27.05 26.79 13.49 0 
Matriz de Costos>
0 62.84 27 43.69 5.83 39.87 49.36 28.35 18.07 11.14 55.48 34.93 
66.65 0 34.1 31.85 72.11 21.16 60.06 35.76 53.14 53.41 10.22 24.2 
26.19 34.24 0 31.2 37.85 13.49 63.91 31.65 16.17 21.62 25.53 8.41 
44.17 30.35 29.18 0 45.71 15.43 27.28 15.65 44.56 52.22 40.33 36.63 
4.99 67.21 31.11 45.11 0 41.79 40.17 28.45 21.29 18.92 56.01 38.89 
40.19 20.7 13.4 15.42 52.99 0 46.49 15.9 29.85 35.16 21.06 21.35 
47.59 59.41 59.8 24.12 38.61 43.82 0 30.11 66.27 59.59 66.66 68.19 
30.2 35.31 30.41 15.88 31.67 16.4 32.63 0 33.59 34 40.04 37.78 
16.6 47.78 11.23 41.71 23.36 25.27 66.33 31.4 0 5.07 37.76 21.82 
12.37 54.16 18.21 50.58 17.02 32.16 63.18 30.18 5.93 0 45.21 27.51 
51.65 14.87 25.87 40.3 58.7 22.3 68.53 39.52 42.8 43.04 0 16.44 
34.78 22.71 13.96 40.06 44.91 23.1 70.4 40.36 27.05 26.79 13.49 0 
Dimension>23
Bandera>13
Fitness Greedy Costo>293.28
Solucion Greedy Costo>4 0 9 8 2 11 0 7 3 5 12 0 6 1 10 0 0 0 0 0 0 0 0 
Linea Vacia>
Matriz de Costos>
0 62.84 27 43.69 5.83 39.87 49.36 28.35 18.07 11.14 55.48 34.93 
66.65 0 34.1 31.85 72.11 21.16 60.06 35.76 53.14 53.41 10.22 24.2 
26.19 34.24 0 31.2 37.85 13.49 63.91 31.65 16.17 21.62 25.53 8.41 
44.17 30.35 29.18 0 45.71 15.43 27.28 15.65 44.56 52.22 40.33 36.63 
4.99 67.21 31.11 45.11 0 41.79 40.17 28.45 21.29 18.92 56.01 38.89 
40.19 20.7 13.4 15.42 52.99 0 46.49 15.9 29.85 35.16 21.06 21.35 
47.59 59.41 59.8 24.12 38.61 43.82 0 30.11 66.27 59.59 66.66 68.19 
30.2 35.31 30.41 15.88 31.67 16.4 32.63 0 33.59 34 40.04 37.78 
16.6 47.78 11.23 41.71 23.36 25.27 66.33 31.4 0 5.07 37.76 21.82 
12.37 54.16 18.21 50.58 17.02 32.16 63.18 30.18 5.93 0 45.21 27.51 
51.65 14.87 25.87 40.3 58.7 22.3 68.53 39.52 42.8 43.04 0 16.44 
34.78 22.71 13.96 40.06 44.91 23.1 70.4 40.36 27.05 26.79 13.49 0 
GEN 0 446.230000
GEN 0 426.980000
GEN 0 427.590000
GEN 0 425.280000
GEN 0 420.950000
TIEMPO 0 400.920000
TIEMPO 0 420.950000
GEN 0 400.200000
GEN 0 452.530000
GEN 0 440.710000
GEN 0 427.910000
GEN 0 426.980000
GEN 0 425.850000
GEN 0 424.590000
GEN 0 431.260000
GEN 0 395.720000
TIEMPO 0 426.980000
TIEMPO 0 427.590000
TIEMPO 0 425.280000
TIEMPO 0 417.660000
TIEMPO 0 440.710000
GEN 0 394.260000
TIEMPO 0 400.200000
TIEMPO 0 427.910000
TIEMPO 0 425.850000
TIEMPO 0 392.600000
TIEMPO 0 426.980000
TIEMPO 0 416.630000
TIEMPO 0 395.720000
TIEMPO 0 394.260000
GREEDY 0 0.001049
GREEDY 0 0.001096
GREEDY 5 0.001163
GREEDY 0 0.001621
GREEDY 0 0.001857
GREEDY 0 0.002221
GREEDY 0 0.002542
GREEDY 10 0.002518
GREEDY 0 0.002998
GREEDY 5 0.003203
GREEDY 15 0.003668
GREEDY 20 0.003773
GREEDY 0 0.004188
GREEDY 5 0.004252
GREEDY 0 0.004375
GREEDY 5 0.004407
GREEDY 10 0.004534
GREEDY 5 0.004594
GREEDY 5 0.004676
GREEDY 10 0.004804
GREEDY 5 0.005131
GREEDY 0 0.005224
GREEDY 0 0.005440
GREEDY 5 0.005577
GREEDY 15 0.005809
GREEDY 20 0.005881
GEN 0 433.960000
GREEDY 0 0.006094
GEN 0 426.980000
GEN 0 424.590000
TIEMPO 0 433.960000
TIEMPO 0 426.980000
TIEMPO 0 392.600000
GREEDY 0 0.006497
GEN 0 407.920000
GEN 0 407.920000
GEN 0 431.260000
TIEMPO 0 397.790000
GREEDY 0 0.001065
TIEMPO 0 397.790000
TIEMPO 0 416.630000
GREEDY 5 0.007307
GREEDY 10 0.007754
GREEDY 5 0.008837
GREEDY 10 0.009282
GREEDY 5 0.003168
GREEDY 0 0.002508
GREEDY 0 0.002510
GREEDY 5 0.002606
GREEDY 5 0.002602
GREEDY 15 0.011187
GREEDY 20 0.011254
GREEDY 5 0.011930
GREEDY 0 0.006137
GREEDY 10 0.012561
GREEDY 0 0.006650
GREEDY 5 0.006760
GEN 0 381.130000
TIEMPO 0 366.970000
GREEDY 0 0.006403
GEN 0 431.800000
TIEMPO 0 431.800000
GEN 0 431.800000
TIEMPO 0 431.800000
GREEDY 15 0.015360
GREEDY 5 0.015517
GREEDY 10 0.015874
GREEDY 0 0.016650
GREEDY 5 0.016763
GREEDY 0 0.005787
GREEDY 0 0.005821
GREEDY 5 0.007380
GREEDY 15 0.022469
GREEDY 0 0.022535
GREEDY 5 0.022659
GREEDY 10 0.023419
GREEDY 10 0.009162
GREEDY 10 0.024395
GREEDY 10 0.025816
GREEDY 5 0.026126
GREEDY 10 0.026213
GREEDY 15 0.026307
GREEDY 10 0.023492
GREEDY 10 0.030564
GREEDY 5 0.024450
GREEDY 5 0.027012
GREEDY 5 0.021352
GREEDY 10 0.023129
GREEDY 15 0.037698
GREEDY 15 0.038148
GREEDY 0 0.025901
GREEDY 5 0.026494
GREEDY 10 0.026600
GREEDY 10 0.045604
GREEDY 15 0.045819
GREEDY 10 0.045897
GREEDY 10 0.042856
GREEDY 10 0.045579
GREEDY 15 0.046068
GREEDY 15 0.046022
GREEDY 20 0.047472
GREEDY 20 0.057216
GREEDY 15 0.046767
GREEDY 15 0.060400
GREEDY 20 0.064810
GREEDY 20 0.069373
GREEDY 10 0.071492
GREEDY 10 0.067135
GREEDY 15 0.085613
GREEDY 15 0.099887
GREEDY 20 0.097740
GREEDY 15 0.106850
GEN 2500 252.610000
GREEDY 15 0.112870
GREEDY 15 0.127882
GEN 2500 230.830000
GREEDY 10 0.127939
GEN 2500 228.380000
GEN 2500 220.700000
GREEDY 20 0.140680
GEN 2500 236.490000
GREEDY 15 0.164279
GEN 2500 255.160000
GREEDY 10 0.173031
GREEDY 20 0.177286
GEN 2500 237.360000
GEN 2500 236.490000
GREEDY 20 0.182013
GEN 2500 220.700000
GEN 2500 220.700000
GEN 2500 227.560000
GEN 5000 252.610000
GEN 2500 256.980000
GEN 5000 230.830000
GEN 5000 228.380000
GEN 5000 220.700000
GREEDY 15 0.295372
GEN 5000 237.360000
GREEDY 15 0.306924
GREEDY 20 0.322477
GEN 5000 236.490000
GEN 5000 236.490000
GEN 2500 228.380000
GEN 2500 245.670000
GEN 2500 228.380000
GREEDY 20 0.334474
GEN 2500 227.560000
GEN 5000 220.700000
GEN 2500 230.830000
GEN 5000 227.560000
GEN 2500 230.830000
GREEDY 20 0.355027
GEN 2500 234.860000
GEN 7500 252.610000
GEN 2500 240.460000
GEN 2500 241.280000
GEN 2500 220.700000
GEN 2500 256.980000
GEN 2500 240.460000
GEN 5000 220.700000
GEN 7500 230.830000
GEN 7500 228.380000
GEN 5000 227.560000
GEN 7500 220.700000
GEN 5000 255.160000
GEN 7500 237.360000
GREEDY 15 0.431363
GEN 7500 231.250000
GREEDY 20 0.463126
GEN 7500 236.490000
GREEDY 20 0.458862
GEN 5000 230.830000
GEN 5000 228.380000
GEN 5000 227.560000
GEN 5000 228.380000
GEN 7500 220.700000
GEN 7500 227.560000
GEN 5000 240.460000
GEN 10000 230.830000
TIEMPO 0.505803 230.830000
GEN 10000 252.610000
TIEMPO 0.508975 252.610000
GEN 10000 228.380000
TIEMPO 0.509160 228.380000
GEN 5000 228.380000
GEN 5000 230.830000
GEN 5000 245.670000
GEN 5000 241.280000
GEN 7500 220.700000
GREEDY 20 0.531101
GEN 5000 227.560000
GEN 5000 220.700000
GEN 5000 240.460000
GEN 7500 227.560000
GEN 10000 220.700000
TIEMPO 0.557327 220.700000
GEN 10000 228.380000
TIEMPO 0.565338 228.380000
GEN 7500 255.160000
GEN 10000 231.250000
TIEMPO 0.581469 231.250000
GEN 10000 236.490000
TIEMPO 0.588547 236.490000
GEN 7500 230.830000
GEN 7500 228.380000
GEN 7500 240.460000
GEN 10000 220.700000
TIEMPO 0.628676 220.700000
GEN 7500 227.560000
GEN 7500 228.380000
GEN 10000 227.560000
TIEMPO 0.632275 227.560000
GEN 7500 228.380000
GEN 7500 245.670000
GEN 7500 230.830000
GEN 7500 227.560000
GEN 7500 220.700000
GEN 7500 240.460000
GEN 7500 241.280000
GEN 10000 227.560000
TIEMPO 0.676021 227.560000
GEN 10000 220.700000
TIEMPO 0.698589 220.700000
GEN 10000 228.380000
TIEMPO 0.722990 228.380000
GEN 10000 230.830000
TIEMPO 0.724136 230.830000
GEN 10000 255.160000
TIEMPO 0.726327 255.160000
GEN 10000 240.460000
TIEMPO 0.736099 240.460000
GEN 10000 228.380000
TIEMPO 0.772089 228.380000
GEN 10000 228.380000
TIEMPO 0.806725 228.380000
GEN 10000 245.670000
TIEMPO 0.811075 245.670000
GEN 10000 230.830000
TIEMPO 0.811432 230.830000
GEN 10000 227.560000
TIEMPO 0.824345 227.560000
GEN 10000 227.560000
TIEMPO 0.818388 227.560000
GEN 10000 220.700000
TIEMPO 0.828073 220.700000
GEN 10000 240.460000
TIEMPO 0.835755 240.460000
GEN 10000 241.280000
TIEMPO 0.993852 241.280000

 Current State ---------------------------------------------
Solution:  11 12 10 1 0 4 7 3 6 0 9 8 2 5 0 0 0 0 0 0 0 0 0 Fitness: 220.7

 :( ---------------------- THE END --------------- :) 
