Dimension>23
Bandera>13
Fitness Greedy Costo>293.28
Solucion Greedy Costo>4 0 9 8 2 11 0 7 3 5 12 0 6 1 10 0 0 0 0 0 0 0 0 
Linea Vacia>
Matriz de Costos>
0 62.84 27 43.69 5.83 39.87 49.36 28.35 18.07 11.14 55.48 34.93 
66.65 0 34.1 31.85 72.11 21.16 60.06 35.76 53.14 53.41 10.22 24.2 
26.19 34.24 0 31.2 37.85 13.49 63.91 31.65 16.17 21.62 25.53 8.41 
44.17 30.35 29.18 0 45.71 15.43 27.28 15.65 44.56 52.22 40.33 36.63 
4.99 67.21 31.11 45.11 0 41.79 40.17 28.45 21.29 18.92 56.01 38.89 
40.19 20.7 13.4 15.42 52.99 0 46.49 15.9 29.85 35.16 21.06 21.35 
47.59 59.41 59.8 24.12 38.61 43.82 0 30.11 66.27 59.59 66.66 68.19 
30.2 35.31 30.41 15.88 31.67 16.4 32.63 0 33.59 34 40.04 37.78 
16.6 47.78 11.23 41.71 23.36 25.27 66.33 31.4 0 5.07 37.76 21.82 
12.37 54.16 18.21 50.58 17.02 32.16 63.18 30.18 5.93 0 45.21 27.51 
51.65 14.87 25.87 40.3 58.7 22.3 68.53 39.52 42.8 43.04 0 16.44 
34.78 22.71 13.96 40.06 44.91 23.1 70.4 40.36 27.05 26.79 13.49 0 
Dimension>23
Bandera>13
Fitness Greedy Costo>293.28
Solucion Greedy Costo>4 0 9 8 2 11 0 7 3 5 12 0 6 1 10 0 0 0 0 0 0 0 0 
Linea Vacia>
Matriz de Costos>
0 62.84 27 43.69 5.83 39.87 49.36 28.35 18.07 11.14 55.48 34.93 
66.65 0 34.1 31.85 72.11 21.16 60.06 35.76 53.14 53.41 10.22 24.2 
26.19 34.24 0 31.2 37.85 13.49 63.91 31.65 16.17 21.62 25.53 8.41 
44.17 30.35 29.18 0 45.71 15.43 27.28 15.65 44.56 52.22 40.33 36.63 
4.99 67.21 31.11 45.11 0 41.79 40.17 28.45 21.29 18.92 56.01 38.89 
40.19 20.7 13.4 15.42 52.99 0 46.49 15.9 29.85 35.16 21.06 21.35 
47.59 59.41 59.8 24.12 38.61 43.82 0 30.11 66.27 59.59 66.66 68.19 
30.2 35.31 30.41 15.88 31.67 16.4 32.63 0 33.59 34 40.04 37.78 
16.6 47.78 11.23 41.71 23.36 25.27 66.33 31.4 0 5.07 37.76 21.82 
12.37 54.16 18.21 50.58 17.02 32.16 63.18 30.18 5.93 0 45.21 27.51 
51.65 14.87 25.87 40.3 58.7 22.3 68.53 39.52 42.8 43.04 0 16.44 
34.78 22.71 13.96 40.06 44.91 23.1 70.4 40.36 27.05 26.79 13.49 0 
Dimension>23
Bandera>13
Fitness Greedy Costo>293.28
Solucion Greedy Costo>4 0 9 8 2 11 0 7 3 5 12 0 6 1 10 0 0 0 0 0 0 0 0 
Linea Vacia>
Matriz de Costos>
0 62.84 27 43.69 5.83 39.87 49.36 28.35 18.07 11.14 55.48 34.93 
66.65 0 34.1 31.85 72.11 21.16 60.06 35.76 53.14 53.41 10.22 24.2 
26.19 34.24 0 31.2 37.85 13.49 63.91 31.65 16.17 21.62 25.53 8.41 
44.17 30.35 29.18 0 45.71 15.43 27.28 15.65 44.56 52.22 40.33 36.63 
4.99 67.21 31.11 45.11 0 41.79 40.17 28.45 21.29 18.92 56.01 38.89 
40.19 20.7 13.4 15.42 52.99 0 46.49 15.9 29.85 35.16 21.06 21.35 
47.59 59.41 59.8 24.12 38.61 43.82 0 30.11 66.27 59.59 66.66 68.19 
30.2 35.31 30.41 15.88 31.67 16.4 32.63 0 33.59 34 40.04 37.78 
16.6 47.78 11.23 41.71 23.36 25.27 66.33 31.4 0 5.07 37.76 21.82 
12.37 54.16 18.21 50.58 17.02 32.16 63.18 30.18 5.93 0 45.21 27.51 
51.65 14.87 25.87 40.3 58.7 22.3 68.53 39.52 42.8 43.04 0 16.44 
34.78 22.71 13.96 40.06 44.91 23.1 70.4 40.36 27.05 26.79 13.49 0 
Dimension>23
Bandera>13
Fitness Greedy Costo>293.28
Solucion Greedy Costo>4 0 9 8 2 11 0 7 3 5 12 0 6 1 10 0 0 0 0 0 0 0 0 
Linea Vacia>
Matriz de Costos>
0 62.84 27 43.69 5.83 39.87 49.36 28.35 18.07 11.14 55.48 34.93 
Dimension>23
Bandera>13
Fitness Greedy Costo>293.28
Solucion Greedy Costo>4 0 9 8 2 11 0 7 3 5 12 0 6 1 10 0 0 0 0 0 0 0 0 
Linea Vacia>
Matriz de Costos>
0 62.84 27 43.69 5.83 39.87 49.36 28.35 18.07 11.14 55.48 34.93 
66.65 0 34.1 31.85 72.11 21.16 60.06 35.76 53.14 53.41 10.22 24.2 
26.19 34.24 0 31.2 37.85 13.49 63.91 31.65 16.17 21.62 25.53 8.41 
44.17 30.35 29.18 0 45.71 15.43 27.28 15.65 44.56 52.22 40.33 36.63 
4.99 67.21 31.11 45.11 0 41.79 40.17 28.45 21.29 18.92 56.01 38.89 
40.19 20.7 13.4 15.42 52.99 0 46.49 15.9 29.85 35.16 21.06 21.35 
47.59 59.41 59.8 24.12 38.61 43.82 0 30.11 66.27 59.59 66.66 68.19 
30.2 35.31 30.41 15.88 31.67 16.4 32.63 0 33.59 34 40.04 37.78 
16.6 47.78 11.23 41.71 23.36 25.27 66.33 31.4 0 5.07 37.76 21.82 
12.37 54.16 18.21 50.58 17.02 32.16 63.18 30.18 5.93 0 45.21 27.51 
51.65 14.87 25.87 40.3 58.7 22.3 68.53 39.52 42.8 43.04 0 16.44 
34.78 22.71 13.96 40.06 44.91 23.1 70.4 40.36 27.05 26.79 13.49 0 
Dimension>23
Bandera>13
Fitness Greedy Costo>293.28
Solucion Greedy Costo>4 0 9 8 2 11 0 7 3 5 12 0 6 1 10 0 0 0 0 0 0 0 0 
Linea Vacia>
Matriz de Costos>
0 62.84 27 43.69 5.83 39.87 49.36 28.35 18.07 11.14 55.48 34.93 
66.65 0 34.1 31.85 72.11 21.16 60.06 35.76 53.14 53.41 10.22 24.2 
26.19 34.24 0 31.2 37.85 13.49 63.91 31.65 16.17 21.62 25.53 8.41 
44.17 30.35 29.18 0 45.71 15.43 27.28 15.65 44.56 52.22 40.33 36.63 
4.99 67.21 31.11 45.11 0 41.79 40.17 28.45 21.29 18.92 56.01 38.89 
40.19 20.7 13.4 15.42 52.99 0 46.49 15.9 29.85 35.16 21.06 21.35 
47.59 59.41 59.8 24.12 38.61 43.82 0 30.11 66.27 59.59 66.66 68.19 
30.2 35.31 30.41 15.88 31.67 16.4 32.63 0 33.59 34 40.04 37.78 
16.6 47.78 11.23 41.71 23.36 25.27 66.33 31.4 0 5.07 37.76 21.82 
12.37 54.16 18.21 50.58 17.02 32.16 63.18 30.18 5.93 0 45.21 27.51 
51.65 14.87 25.87 40.3 58.7 22.3 68.53 39.52 42.8 43.04 0 16.44 
34.78 22.71 13.96 40.06 44.91 23.1 70.4 40.36 27.05 26.79 13.49 0 
Dimension>23
Bandera>13
Fitness Greedy Costo>293.28
Solucion Greedy Costo>4 0 9 8 2 11 0 7 3 5 12 0 6 1 10 0 0 0 0 0 0 0 0 
Linea Vacia>
Matriz de Costos>
0 62.84 27 43.69 5.83 39.87 49.36 28.35 18.07 11.14 55.48 34.93 
66.65 0 34.1 31.85 72.11 21.16 60.06 35.76 53.14 53.41 10.22 24.2 
26.19 34.24 0 31.2 37.85 13.49 63.91 31.65 16.17 21.62 25.53 8.41 
44.17 30.35 29.18 0 45.71 15.43 27.28 15.65 44.56 52.22 40.33 36.63 
4.99 67.21 31.11 45.11 0 41.79 40.17 28.45 21.29 18.92 56.01 38.89 
40.19 20.7 13.4 15.42 52.99 0 46.49 15.9 29.85 35.16 21.06 21.35 
47.59 59.41 59.8 24.12 38.61 43.82 0 30.11 66.27 59.59 66.66 68.19 
30.2 35.31 30.41 15.88 31.67 16.4 32.63 0 33.59 34 40.04 37.78 
16.6 47.78 11.23 41.71 23.36 25.27 66.33 31.4 0 5.07 37.76 21.82 
12.37 54.16 18.21 50.58 17.02 32.16 63.18 30.18 5.93 0 45.21 27.51 
51.65 14.87 25.87 40.3 58.7 22.3 68.53 39.52 42.8 43.04 0 16.44 
34.78 22.71 13.96 40.06 44.91 23.1 70.4 40.36 27.05 26.79 13.49 0 
Dimension>23
66.65 0 34.1 31.85 72.11 21.16 60.06 35.76 53.14 53.41 10.22 24.2 
26.19 34.24 0 31.2 37.85 13.49 63.91 31.65 16.17 21.62 25.53 8.41 
44.17 30.35 29.18 0 45.71 15.43 27.28 15.65 44.56 52.22 40.33 36.63 
4.99 67.21 31.11 45.11 0 41.79 40.17 28.45 21.29 18.92 56.01 38.89 
Dimension>23
Bandera>13
Fitness Greedy Costo>293.28
Solucion Greedy Costo>4 0 9 8 2 11 0 7 3 5 12 0 6 1 10 0 0 0 0 0 0 0 0 
Linea Vacia>
Matriz de Costos>
Dimension>23
Bandera>13
Bandera>13
Fitness Greedy Costo>293.28
Solucion Greedy Costo>4 0 9 8 2 11 0 7 3 5 12 0 6 1 10 0 0 0 0 0 0 0 0 
Linea Vacia>
40.19 20.7 13.4 15.42 52.99 0 46.49 15.9 29.85 35.16 21.06 21.35 
47.59 59.41 59.8 24.12 38.61 43.82 0 30.11 66.27 59.59 66.66 68.19 
Fitness Greedy Costo>293.28
Solucion Greedy Costo>4 0 9 8 2 11 0 7 3 5 12 0 6 1 10 0 0 0 0 0 0 0 0 
Linea Vacia>
30.2 35.31 30.41 15.88 31.67 16.4 32.63 0 33.59 34 40.04 37.78 
16.6 47.78 11.23 41.71 23.36 25.27 66.33 31.4 0 5.07 37.76 21.82 
12.37 54.16 18.21 50.58 17.02 32.16 63.18 30.18 5.93 0 45.21 27.51 
0 62.84 27 43.69 5.83 39.87 49.36 28.35 18.07 11.14 55.48 34.93 
66.65 0 34.1 31.85 72.11 21.16 60.06 35.76 53.14 53.41 10.22 24.2 
26.19 34.24 0 31.2 37.85 13.49 63.91 31.65 16.17 21.62 25.53 8.41 
44.17 30.35 29.18 0 45.71 15.43 27.28 15.65 44.56 52.22 40.33 36.63 
4.99 67.21 31.11 45.11 0 41.79 40.17 28.45 21.29 18.92 56.01 38.89 
40.19 20.7 13.4 15.42 52.99 0 46.49 15.9 29.85 35.16 21.06 21.35 
47.59 59.41 59.8 24.12 38.61 43.82 0 30.11 66.27 59.59 66.66 68.19 
Dimension>23
Bandera>13
Fitness Greedy Costo>293.28
Solucion Greedy Costo>4 0 9 8 2 11 0 7 3 5 12 0 6 1 10 0 0 0 0 0 0 0 0 
Linea Vacia>
Dimension>23
Bandera>13
Fitness Greedy Costo>293.28
Solucion Greedy Costo>4 0 9 8 2 11 0 7 3 5 12 0 6 1 10 0 0 0 0 0 0 0 0 
Linea Vacia>
Dimension>23
Bandera>13
Fitness Greedy Costo>293.28
Solucion Greedy Costo>4 0 9 8 2 11 0 7 3 5 12 0 6 1 10 0 0 0 0 0 0 0 0 
Linea Vacia>
Matriz de Costos>
0 62.84 27 43.69 5.83 39.87 49.36 28.35 18.07 11.14 55.48 34.93 
66.65 0 34.1 31.85 72.11 21.16 60.06 35.76 53.14 53.41 10.22 24.2 
26.19 34.24 0 31.2 37.85 13.49 63.91 31.65 16.17 21.62 25.53 8.41 
51.65 14.87 25.87 40.3 58.7 22.3 68.53 39.52 42.8 43.04 0 16.44 
34.78 22.71 13.96 40.06 44.91 23.1 70.4 40.36 27.05 26.79 13.49 0 
30.2 35.31 30.41 15.88 31.67 16.4 32.63 0 33.59 34 40.04 37.78 
16.6 47.78 11.23 41.71 23.36 25.27 66.33 31.4 0 5.07 37.76 21.82 
12.37 54.16 18.21 50.58 17.02 32.16 63.18 30.18 5.93 0 45.21 27.51 
51.65 14.87 25.87 40.3 58.7 22.3 68.53 39.52 42.8 43.04 0 16.44 
34.78 22.71 13.96 40.06 44.91 23.1 70.4 40.36 27.05 26.79 13.49 0 
Matriz de Costos>
0 62.84 27 43.69 5.83 39.87 49.36 28.35 18.07 11.14 55.48 34.93 
44.17 30.35 29.18 0 45.71 15.43 27.28 15.65 44.56 52.22 40.33 36.63 
4.99 67.21 31.11 45.11 0 41.79 40.17 28.45 21.29 18.92 56.01 38.89 
40.19 20.7 13.4 15.42 52.99 0 46.49 15.9 29.85 35.16 21.06 21.35 
47.59 59.41 59.8 24.12 38.61 43.82 0 30.11 66.27 59.59 66.66 68.19 
30.2 35.31 30.41 15.88 31.67 16.4 32.63 0 33.59 34 40.04 37.78 
66.65 0 34.1 31.85 72.11 21.16 60.06 35.76 53.14 53.41 10.22 24.2 
26.19 34.24 0 31.2 37.85 13.49 63.91 31.65 16.17 21.62 25.53 8.41 
Matriz de Costos>
0 62.84 27 43.69 5.83 39.87 49.36 28.35 18.07 11.14 55.48 34.93 
66.65 0 34.1 31.85 72.11 21.16 60.06 35.76 53.14 53.41 10.22 24.2 
26.19 34.24 0 31.2 37.85 13.49 63.91 31.65 16.17 21.62 25.53 8.41 
44.17 30.35 29.18 0 45.71 15.43 27.28 15.65 44.56 52.22 40.33 36.63 
4.99 67.21 31.11 45.11 0 41.79 40.17 28.45 21.29 18.92 56.01 38.89 
Matriz de Costos>
0 62.84 27 43.69 5.83 39.87 49.36 28.35 18.07 11.14 55.48 34.93 
66.65 0 34.1 31.85 72.11 21.16 60.06 35.76 53.14 53.41 10.22 24.2 
26.19 34.24 0 31.2 37.85 13.49 63.91 31.65 16.17 21.62 25.53 8.41 
44.17 30.35 29.18 0 45.71 15.43 27.28 15.65 44.56 52.22 40.33 36.63 
16.6 47.78 11.23 41.71 23.36 25.27 66.33 31.4 0 5.07 37.76 21.82 
12.37 54.16 18.21 50.58 17.02 32.16 63.18 30.18 5.93 0 45.21 27.51 
51.65 14.87 25.87 40.3 58.7 22.3 68.53 39.52 42.8 43.04 0 16.44 
44.17 30.35 29.18 0 45.71 15.43 27.28 15.65 44.56 52.22 40.33 36.63 
4.99 67.21 31.11 45.11 0 41.79 40.17 28.45 21.29 18.92 56.01 38.89 
40.19 20.7 13.4 15.42 52.99 0 46.49 15.9 29.85 35.16 21.06 21.35 
Matriz de Costos>
0 62.84 27 43.69 5.83 39.87 49.36 28.35 18.07 11.14 55.48 34.93 
66.65 0 34.1 31.85 72.11 21.16 60.06 35.76 53.14 53.41 10.22 24.2 
26.19 34.24 0 31.2 37.85 13.49 63.91 31.65 16.17 21.62 25.53 8.41 
40.19 20.7 13.4 15.42 52.99 0 46.49 15.9 29.85 35.16 21.06 21.35 
47.59 59.41 59.8 24.12 38.61 43.82 0 30.11 66.27 59.59 66.66 68.19 
30.2 35.31 30.41 15.88 31.67 16.4 32.63 0 33.59 34 40.04 37.78 
16.6 47.78 11.23 41.71 23.36 25.27 66.33 31.4 0 5.07 37.76 21.82 
4.99 67.21 31.11 45.11 0 41.79 40.17 28.45 21.29 18.92 56.01 38.89 
40.19 20.7 13.4 15.42 52.99 0 46.49 15.9 29.85 35.16 21.06 21.35 
47.59 59.41 59.8 24.12 38.61 43.82 0 30.11 66.27 59.59 66.66 68.19 
30.2 35.31 30.41 15.88 31.67 16.4 32.63 0 33.59 34 40.04 37.78 
16.6 47.78 11.23 41.71 23.36 25.27 66.33 31.4 0 5.07 37.76 21.82 
34.78 22.71 13.96 40.06 44.91 23.1 70.4 40.36 27.05 26.79 13.49 0 
12.37 54.16 18.21 50.58 17.02 32.16 63.18 30.18 5.93 0 45.21 27.51 
51.65 14.87 25.87 40.3 58.7 22.3 68.53 39.52 42.8 43.04 0 16.44 
12.37 54.16 18.21 50.58 17.02 32.16 63.18 30.18 5.93 0 45.21 27.51 
51.65 14.87 25.87 40.3 58.7 22.3 68.53 39.52 42.8 43.04 0 16.44 
Dimension>23
Bandera>13
Fitness Greedy Costo>293.28
Solucion Greedy Costo>4 0 9 8 2 11 0 7 3 5 12 0 6 1 10 0 0 0 0 0 0 0 0 
Linea Vacia>
47.59 59.41 59.8 24.12 38.61 43.82 0 30.11 66.27 59.59 66.66 68.19 
30.2 35.31 30.41 15.88 31.67 16.4 32.63 0 33.59 34 40.04 37.78 
16.6 47.78 11.23 41.71 23.36 25.27 66.33 31.4 0 5.07 37.76 21.82 
44.17 30.35 29.18 0 45.71 15.43 27.28 15.65 44.56 52.22 40.33 36.63 
4.99 67.21 31.11 45.11 0 41.79 40.17 28.45 21.29 18.92 56.01 38.89 
40.19 20.7 13.4 15.42 52.99 0 46.49 15.9 29.85 35.16 21.06 21.35 
34.78 22.71 13.96 40.06 44.91 23.1 70.4 40.36 27.05 26.79 13.49 0 
34.78 22.71 13.96 40.06 44.91 23.1 70.4 40.36 27.05 26.79 13.49 0 
12.37 54.16 18.21 50.58 17.02 32.16 63.18 30.18 5.93 0 45.21 27.51 
51.65 14.87 25.87 40.3 58.7 22.3 68.53 39.52 42.8 43.04 0 16.44 
47.59 59.41 59.8 24.12 38.61 43.82 0 30.11 66.27 59.59 66.66 68.19 
30.2 35.31 30.41 15.88 31.67 16.4 32.63 0 33.59 34 40.04 37.78 
Matriz de Costos>
0 62.84 27 43.69 5.83 39.87 49.36 28.35 18.07 11.14 55.48 34.93 
66.65 0 34.1 31.85 72.11 21.16 60.06 35.76 53.14 53.41 10.22 24.2 
26.19 34.24 0 31.2 37.85 13.49 63.91 31.65 16.17 21.62 25.53 8.41 
34.78 22.71 13.96 40.06 44.91 23.1 70.4 40.36 27.05 26.79 13.49 0 
16.6 47.78 11.23 41.71 23.36 25.27 66.33 31.4 0 5.07 37.76 21.82 
12.37 54.16 18.21 50.58 17.02 32.16 63.18 30.18 5.93 0 45.21 27.51 
44.17 30.35 29.18 0 45.71 15.43 27.28 15.65 44.56 52.22 40.33 36.63 
4.99 67.21 31.11 45.11 0 41.79 40.17 28.45 21.29 18.92 56.01 38.89 
51.65 14.87 25.87 40.3 58.7 22.3 68.53 39.52 42.8 43.04 0 16.44 
40.19 20.7 13.4 15.42 52.99 0 46.49 15.9 29.85 35.16 21.06 21.35 
47.59 59.41 59.8 24.12 38.61 43.82 0 30.11 66.27 59.59 66.66 68.19 
30.2 35.31 30.41 15.88 31.67 16.4 32.63 0 33.59 34 40.04 37.78 
34.78 22.71 13.96 40.06 44.91 23.1 70.4 40.36 27.05 26.79 13.49 0 
16.6 47.78 11.23 41.71 23.36 25.27 66.33 31.4 0 5.07 37.76 21.82 
12.37 54.16 18.21 50.58 17.02 32.16 63.18 30.18 5.93 0 45.21 27.51 
51.65 14.87 25.87 40.3 58.7 22.3 68.53 39.52 42.8 43.04 0 16.44 
34.78 22.71 13.96 40.06 44.91 23.1 70.4 40.36 27.05 26.79 13.49 0 
Dimension>23
Bandera>13
Fitness Greedy Costo>293.28
Solucion Greedy Costo>4 0 9 8 2 11 0 7 3 5 12 0 6 1 10 0 0 0 0 0 0 0 0 
Linea Vacia>
Dimension>23
Bandera>13
Fitness Greedy Costo>293.28
Solucion Greedy Costo>4 0 9 8 2 11 0 7 3 5 12 0 6 1 10 0 0 0 0 0 0 0 0 
Linea Vacia>
Matriz de Costos>
0 62.84 27 43.69 5.83 39.87 49.36 28.35 18.07 11.14 55.48 34.93 
66.65 0 34.1 31.85 72.11 21.16 60.06 35.76 53.14 53.41 10.22 24.2 
26.19 34.24 0 31.2 37.85 13.49 63.91 31.65 16.17 21.62 25.53 8.41 
44.17 30.35 29.18 0 45.71 15.43 27.28 15.65 44.56 52.22 40.33 36.63 
4.99 67.21 31.11 45.11 0 41.79 40.17 28.45 21.29 18.92 56.01 38.89 
40.19 20.7 13.4 15.42 52.99 0 46.49 15.9 29.85 35.16 21.06 21.35 
Dimension>23
Bandera>13
Fitness Greedy Costo>293.28
Solucion Greedy Costo>4 0 9 8 2 11 0 7 3 5 12 0 6 1 10 0 0 0 0 0 0 0 0 
Linea Vacia>
47.59 59.41 59.8 24.12 38.61 43.82 0 30.11 66.27 59.59 66.66 68.19 
30.2 35.31 30.41 15.88 31.67 16.4 32.63 0 33.59 34 40.04 37.78 
16.6 47.78 11.23 41.71 23.36 25.27 66.33 31.4 0 5.07 37.76 21.82 
12.37 54.16 18.21 50.58 17.02 32.16 63.18 30.18 5.93 0 45.21 27.51 
51.65 14.87 25.87 40.3 58.7 22.3 68.53 39.52 42.8 43.04 0 16.44 
34.78 22.71 13.96 40.06 44.91 23.1 70.4 40.36 27.05 26.79 13.49 0 
Matriz de Costos>
0 62.84 27 43.69 5.83 39.87 49.36 28.35 18.07 11.14 55.48 34.93 
66.65 0 34.1 31.85 72.11 21.16 60.06 35.76 53.14 53.41 10.22 24.2 
26.19 34.24 0 31.2 37.85 13.49 63.91 31.65 16.17 21.62 25.53 8.41 
44.17 30.35 29.18 0 45.71 15.43 27.28 15.65 44.56 52.22 40.33 36.63 
4.99 67.21 31.11 45.11 0 41.79 40.17 28.45 21.29 18.92 56.01 38.89 
40.19 20.7 13.4 15.42 52.99 0 46.49 15.9 29.85 35.16 21.06 21.35 
47.59 59.41 59.8 24.12 38.61 43.82 0 30.11 66.27 59.59 66.66 68.19 
30.2 35.31 30.41 15.88 31.67 16.4 32.63 0 33.59 34 40.04 37.78 
16.6 47.78 11.23 41.71 23.36 25.27 66.33 31.4 0 5.07 37.76 21.82 
12.37 54.16 18.21 50.58 17.02 32.16 63.18 30.18 5.93 0 45.21 27.51 
51.65 14.87 25.87 40.3 58.7 22.3 68.53 39.52 42.8 43.04 0 16.44 
34.78 22.71 13.96 40.06 44.91 23.1 70.4 40.36 27.05 26.79 13.49 0 
Dimension>23
Bandera>13
Fitness Greedy Costo>293.28
Solucion Greedy Costo>4 0 9 8 2 11 0 7 3 5 12 0 6 1 10 0 0 0 0 0 0 0 0 
Linea Vacia>
Matriz de Costos>
0 62.84 27 43.69 5.83 39.87 49.36 28.35 18.07 11.14 55.48 34.93 
Matriz de Costos>
0 62.84 27 43.69 5.83 39.87 49.36 28.35 18.07 11.14 55.48 34.93 
66.65 0 34.1 31.85 72.11 21.16 60.06 35.76 53.14 53.41 10.22 24.2 
26.19 34.24 0 31.2 37.85 13.49 63.91 31.65 16.17 21.62 25.53 8.41 
44.17 30.35 29.18 0 45.71 15.43 27.28 15.65 44.56 52.22 40.33 36.63 
66.65 0 34.1 31.85 72.11 21.16 60.06 35.76 53.14 53.41 10.22 24.2 
26.19 34.24 0 31.2 37.85 13.49 63.91 31.65 16.17 21.62 25.53 8.41 
44.17 30.35 29.18 0 45.71 15.43 27.28 15.65 44.56 52.22 40.33 36.63 
4.99 67.21 31.11 45.11 0 41.79 40.17 28.45 21.29 18.92 56.01 38.89 
40.19 20.7 13.4 15.42 52.99 0 46.49 15.9 29.85 35.16 21.06 21.35 
47.59 59.41 59.8 24.12 38.61 43.82 0 30.11 66.27 59.59 66.66 68.19 
30.2 35.31 30.41 15.88 31.67 16.4 32.63 0 33.59 34 40.04 37.78 
16.6 47.78 11.23 41.71 23.36 25.27 66.33 31.4 0 5.07 37.76 21.82 
4.99 67.21 31.11 45.11 0 41.79 40.17 28.45 21.29 18.92 56.01 38.89 
40.19 20.7 13.4 15.42 52.99 0 46.49 15.9 29.85 35.16 21.06 21.35 
47.59 59.41 59.8 24.12 38.61 43.82 0 30.11 66.27 59.59 66.66 68.19 
30.2 35.31 30.41 15.88 31.67 16.4 32.63 0 33.59 34 40.04 37.78 
16.6 47.78 11.23 41.71 23.36 25.27 66.33 31.4 0 5.07 37.76 21.82 
12.37 54.16 18.21 50.58 17.02 32.16 63.18 30.18 5.93 0 45.21 27.51 
51.65 14.87 25.87 40.3 58.7 22.3 68.53 39.52 42.8 43.04 0 16.44 
12.37 54.16 18.21 50.58 17.02 32.16 63.18 30.18 5.93 0 45.21 27.51 
51.65 14.87 25.87 40.3 58.7 22.3 68.53 39.52 42.8 43.04 0 16.44 
34.78 22.71 13.96 40.06 44.91 23.1 70.4 40.36 27.05 26.79 13.49 0 
Dimension>23
Bandera>13
Fitness Greedy Costo>293.28
Solucion Greedy Costo>4 0 9 8 2 11 0 7 3 5 12 0 6 1 10 0 0 0 0 0 0 0 0 
Linea Vacia>
34.78 22.71 13.96 40.06 44.91 23.1 70.4 40.36 27.05 26.79 13.49 0 
Dimension>23
Bandera>13
Fitness Greedy Costo>293.28
Solucion Greedy Costo>4 0 9 8 2 11 0 7 3 5 12 0 6 1 10 0 0 0 0 0 0 0 0 
Linea Vacia>
Matriz de Costos>
0 62.84 27 43.69 5.83 39.87 49.36 28.35 18.07 11.14 55.48 34.93 
66.65 0 34.1 31.85 72.11 21.16 60.06 35.76 53.14 53.41 10.22 24.2 
26.19 34.24 0 31.2 37.85 13.49 63.91 31.65 16.17 21.62 25.53 8.41 
44.17 30.35 29.18 0 45.71 15.43 27.28 15.65 44.56 52.22 40.33 36.63 
4.99 67.21 31.11 45.11 0 41.79 40.17 28.45 21.29 18.92 56.01 38.89 
40.19 20.7 13.4 15.42 52.99 0 46.49 15.9 29.85 35.16 21.06 21.35 
Matriz de Costos>
0 62.84 27 43.69 5.83 39.87 49.36 28.35 18.07 11.14 55.48 34.93 
66.65 0 34.1 31.85 72.11 21.16 60.06 35.76 53.14 53.41 10.22 24.2 
26.19 34.24 0 31.2 37.85 13.49 63.91 31.65 16.17 21.62 25.53 8.41 
44.17 30.35 29.18 0 45.71 15.43 27.28 15.65 44.56 52.22 40.33 36.63 
4.99 67.21 31.11 45.11 0 41.79 40.17 28.45 21.29 18.92 56.01 38.89 
40.19 20.7 13.4 15.42 52.99 0 46.49 15.9 29.85 35.16 21.06 21.35 
47.59 59.41 59.8 24.12 38.61 43.82 0 30.11 66.27 59.59 66.66 68.19 
30.2 35.31 30.41 15.88 31.67 16.4 32.63 0 33.59 34 40.04 37.78 
16.6 47.78 11.23 41.71 23.36 25.27 66.33 31.4 0 5.07 37.76 21.82 
12.37 54.16 18.21 50.58 17.02 32.16 63.18 30.18 5.93 0 45.21 27.51 
51.65 14.87 25.87 40.3 58.7 22.3 68.53 39.52 42.8 43.04 0 16.44 
47.59 59.41 59.8 24.12 38.61 43.82 0 30.11 66.27 59.59 66.66 68.19 
30.2 35.31 30.41 15.88 31.67 16.4 32.63 0 33.59 34 40.04 37.78 
16.6 47.78 11.23 41.71 23.36 25.27 66.33 31.4 0 5.07 37.76 21.82 
12.37 54.16 18.21 50.58 17.02 32.16 63.18 30.18 5.93 0 45.21 27.51 
51.65 14.87 25.87 40.3 58.7 22.3 68.53 39.52 42.8 43.04 0 16.44 
34.78 22.71 13.96 40.06 44.91 23.1 70.4 40.36 27.05 26.79 13.49 0 
34.78 22.71 13.96 40.06 44.91 23.1 70.4 40.36 27.05 26.79 13.49 0 
Dimension>23
Bandera>13
Fitness Greedy Costo>293.28
Solucion Greedy Costo>4 0 9 8 2 11 0 7 3 5 12 0 6 1 10 0 0 0 0 0 0 0 0 
Linea Vacia>
Matriz de Costos>
0 62.84 27 43.69 5.83 39.87 49.36 28.35 18.07 11.14 55.48 34.93 
66.65 0 34.1 31.85 72.11 21.16 60.06 35.76 53.14 53.41 10.22 24.2 
26.19 34.24 0 31.2 37.85 13.49 63.91 31.65 16.17 21.62 25.53 8.41 
44.17 30.35 29.18 0 45.71 15.43 27.28 15.65 44.56 52.22 40.33 36.63 
4.99 67.21 31.11 45.11 0 41.79 40.17 28.45 21.29 18.92 56.01 38.89 
40.19 20.7 13.4 15.42 52.99 0 46.49 15.9 29.85 35.16 21.06 21.35 
47.59 59.41 59.8 24.12 38.61 43.82 0 30.11 66.27 59.59 66.66 68.19 
30.2 35.31 30.41 15.88 31.67 16.4 32.63 0 33.59 34 40.04 37.78 
Dimension>23
Bandera>13
Fitness Greedy Costo>293.28
Solucion Greedy Costo>4 0 9 8 2 11 0 7 3 5 12 0 6 1 10 0 0 0 0 0 0 0 0 
Linea Vacia>
16.6 47.78 11.23 41.71 23.36 25.27 66.33 31.4 0 5.07 37.76 21.82 
12.37 54.16 18.21 50.58 17.02 32.16 63.18 30.18 5.93 0 45.21 27.51 
51.65 14.87 25.87 40.3 58.7 22.3 68.53 39.52 42.8 43.04 0 16.44 
34.78 22.71 13.96 40.06 44.91 23.1 70.4 40.36 27.05 26.79 13.49 0 
Matriz de Costos>
0 62.84 27 43.69 5.83 39.87 49.36 28.35 18.07 11.14 55.48 34.93 
66.65 0 34.1 31.85 72.11 21.16 60.06 35.76 53.14 53.41 10.22 24.2 
Dimension>23
Bandera>13
Fitness Greedy Costo>293.28
26.19 34.24 0 31.2 37.85 13.49 63.91 31.65 16.17 21.62 25.53 8.41 
44.17 30.35 29.18 0 45.71 15.43 27.28 15.65 44.56 52.22 40.33 36.63 
4.99 67.21 31.11 45.11 0 41.79 40.17 28.45 21.29 18.92 56.01 38.89 
Solucion Greedy Costo>4 0 9 8 2 11 0 7 3 5 12 0 6 1 10 0 0 0 0 0 0 0 0 
Linea Vacia>
40.19 20.7 13.4 15.42 52.99 0 46.49 15.9 29.85 35.16 21.06 21.35 
47.59 59.41 59.8 24.12 38.61 43.82 0 30.11 66.27 59.59 66.66 68.19 
30.2 35.31 30.41 15.88 31.67 16.4 32.63 0 33.59 34 40.04 37.78 
16.6 47.78 11.23 41.71 23.36 25.27 66.33 31.4 0 5.07 37.76 21.82 
12.37 54.16 18.21 50.58 17.02 32.16 63.18 30.18 5.93 0 45.21 27.51 
51.65 14.87 25.87 40.3 58.7 22.3 68.53 39.52 42.8 43.04 0 16.44 
Matriz de Costos>
0 62.84 27 43.69 5.83 39.87 49.36 28.35 18.07 11.14 55.48 34.93 
66.65 0 34.1 31.85 72.11 21.16 60.06 35.76 53.14 53.41 10.22 24.2 
26.19 34.24 0 31.2 37.85 13.49 63.91 31.65 16.17 21.62 25.53 8.41 
44.17 30.35 29.18 0 45.71 15.43 27.28 15.65 44.56 52.22 40.33 36.63 
4.99 67.21 31.11 45.11 0 41.79 40.17 28.45 21.29 18.92 56.01 38.89 
40.19 20.7 13.4 15.42 52.99 0 46.49 15.9 29.85 35.16 21.06 21.35 
34.78 22.71 13.96 40.06 44.91 23.1 70.4 40.36 27.05 26.79 13.49 0 
47.59 59.41 59.8 24.12 38.61 43.82 0 30.11 66.27 59.59 66.66 68.19 
30.2 35.31 30.41 15.88 31.67 16.4 32.63 0 33.59 34 40.04 37.78 
16.6 47.78 11.23 41.71 23.36 25.27 66.33 31.4 0 5.07 37.76 21.82 
12.37 54.16 18.21 50.58 17.02 32.16 63.18 30.18 5.93 0 45.21 27.51 
51.65 14.87 25.87 40.3 58.7 22.3 68.53 39.52 42.8 43.04 0 16.44 
34.78 22.71 13.96 40.06 44.91 23.1 70.4 40.36 27.05 26.79 13.49 0 
Dimension>23
Bandera>13
Fitness Greedy Costo>293.28
Solucion Greedy Costo>4 0 9 8 2 11 0 7 3 5 12 0 6 1 10 0 0 0 0 0 0 0 0 
Linea Vacia>
Matriz de Costos>
0 62.84 27 43.69 5.83 39.87 49.36 28.35 18.07 11.14 55.48 34.93 
66.65 0 34.1 31.85 72.11 21.16 60.06 35.76 53.14 53.41 10.22 24.2 
26.19 34.24 0 31.2 37.85 13.49 63.91 31.65 16.17 21.62 25.53 8.41 
44.17 30.35 29.18 0 45.71 15.43 27.28 15.65 44.56 52.22 40.33 36.63 
Dimension>23
Bandera>13
4.99 67.21 31.11 45.11 0 41.79 40.17 28.45 21.29 18.92 56.01 38.89 
40.19 20.7 13.4 15.42 52.99 0 46.49 15.9 29.85 35.16 21.06 21.35 
Fitness Greedy Costo>293.28
Solucion Greedy Costo>4 0 9 8 2 11 0 7 3 5 12 0 6 1 10 0 0 0 0 0 0 0 0 
Linea Vacia>
47.59 59.41 59.8 24.12 38.61 43.82 0 30.11 66.27 59.59 66.66 68.19 
30.2 35.31 30.41 15.88 31.67 16.4 32.63 0 33.59 34 40.04 37.78 
16.6 47.78 11.23 41.71 23.36 25.27 66.33 31.4 0 5.07 37.76 21.82 
12.37 54.16 18.21 50.58 17.02 32.16 63.18 30.18 5.93 0 45.21 27.51 
51.65 14.87 25.87 40.3 58.7 22.3 68.53 39.52 42.8 43.04 0 16.44 
Matriz de Costos>
0 62.84 27 43.69 5.83 39.87 49.36 28.35 18.07 11.14 55.48 34.93 
66.65 0 34.1 31.85 72.11 21.16 60.06 35.76 53.14 53.41 10.22 24.2 
34.78 22.71 13.96 40.06 44.91 23.1 70.4 40.36 27.05 26.79 13.49 0 
26.19 34.24 0 31.2 37.85 13.49 63.91 31.65 16.17 21.62 25.53 8.41 
44.17 30.35 29.18 0 45.71 15.43 27.28 15.65 44.56 52.22 40.33 36.63 
4.99 67.21 31.11 45.11 0 41.79 40.17 28.45 21.29 18.92 56.01 38.89 
40.19 20.7 13.4 15.42 52.99 0 46.49 15.9 29.85 35.16 21.06 21.35 
47.59 59.41 59.8 24.12 38.61 43.82 0 30.11 66.27 59.59 66.66 68.19 
30.2 35.31 30.41 15.88 31.67 16.4 32.63 0 33.59 34 40.04 37.78 
16.6 47.78 11.23 41.71 23.36 25.27 66.33 31.4 0 5.07 37.76 21.82 
12.37 54.16 18.21 50.58 17.02 32.16 63.18 30.18 5.93 0 45.21 27.51 
51.65 14.87 25.87 40.3 58.7 22.3 68.53 39.52 42.8 43.04 0 16.44 
34.78 22.71 13.96 40.06 44.91 23.1 70.4 40.36 27.05 26.79 13.49 0 
GEN 0 438.470000
GEN 0 372.270000
TIEMPO 0 438.470000
TIEMPO 0 372.270000
GEN 0 386.910000
GEN 0 383.000000
TIEMPO 0 386.910000
TIEMPO 0 383.000000
GREEDY 0 0.001921
GREEDY 5 0.002674
GEN 0 383.020000
TIEMPO 0 383.020000
GREEDY 0 0.002077
GREEDY 5 0.002977
GREEDY 10 0.003102
GEN 0 400.730000
TIEMPO 0 400.730000
GEN 0 424.920000
GEN 0 414.920000
GEN 0 419.870000
GEN 0 401.130000
TIEMPO 0 424.920000
TIEMPO 0 414.920000
TIEMPO 0 419.870000
TIEMPO 0 346.060000
GREEDY 0 0.000512
GREEDY 5 0.001263
GREEDY 0 0.002466
GEN 0 388.110000
GEN 0 430.800000
GEN 0 395.650000
GEN 0 378.540000
TIEMPO 0 410.680000
TIEMPO 0 371.990000
TIEMPO 0 395.650000
GREEDY 0 0.003086
TIEMPO 0 378.540000
GEN 0 436.540000
TIEMPO 0 431.540000
GREEDY 5 0.003303
GREEDY 0 0.004358
GREEDY 0 0.006182
GREEDY 0 0.002506
GREEDY 0 0.002888
GREEDY 10 0.005839
GREEDY 5 0.005851
GREEDY 15 0.005909
GREEDY 10 0.005965
GREEDY 5 0.004727
GEN 0 403.060000
TIEMPO 0 403.060000
GREEDY 5 0.005388
GREEDY 5 0.009679
GREEDY 5 0.008833
GEN 0 444.740000
TIEMPO 0 419.990000
GREEDY 10 0.006840
GEN 0 456.160000
TIEMPO 0 456.120000
GREEDY 10 0.011174
GREEDY 0 0.003691
GREEDY 15 0.014218
GREEDY 0 0.026444
GREEDY 15 0.023495
GEN 0 459.530000
GEN 0 405.180000
GEN 0 430.340000
TIEMPO 0 424.540000
TIEMPO 0 372.310000
TIEMPO 0 372.210000
GREEDY 0 0.001613
GREEDY 5 0.002139
GEN 0 450.340000
TIEMPO 0 450.340000
GREEDY 0 0.018526
GREEDY 0 0.003740
GEN 0 433.450000
TIEMPO 0 413.470000
GREEDY 0 0.021395
GREEDY 15 0.024440
GREEDY 5 0.022292
GREEDY 0 0.002216
GREEDY 5 0.002595
GEN 0 419.310000
TIEMPO 0 419.310000
GREEDY 0 0.022440
GREEDY 0 0.024240
GREEDY 5 0.026236
GREEDY 0 0.045981
GREEDY 0 0.046245
GREEDY 5 0.046876
GREEDY 10 0.028811
GREEDY 0 0.019101
GREEDY 5 0.027930
GREEDY 10 0.050225
GREEDY 10 0.042519
GREEDY 5 0.040457
GREEDY 10 0.043900
GREEDY 15 0.047240
GREEDY 20 0.047310
GREEDY 10 0.026090
GREEDY 15 0.026166
GREEDY 0 0.048639
GREEDY 20 0.029247
GREEDY 0 0.027358
GREEDY 5 0.027458
GREEDY 10 0.028249
GREEDY 15 0.028366
GREEDY 15 0.051368
GREEDY 10 0.071155
GREEDY 20 0.057632
GREEDY 10 0.066885
GREEDY 15 0.066952
GREEDY 10 0.050287
GREEDY 15 0.050359
GREEDY 0 0.066110
GREEDY 15 0.066543
GREEDY 5 0.053944
GREEDY 20 0.054424
GREEDY 5 0.064336
GREEDY 10 0.064438
GREEDY 5 0.088008
GREEDY 10 0.079824
GREEDY 5 0.092919
GREEDY 10 0.093024
GREEDY 10 0.104359
GREEDY 5 0.106664
GREEDY 10 0.107092
GREEDY 10 0.093621
GREEDY 10 0.131939
GREEDY 15 0.143330
GEN 2500 220.700000
GREEDY 5 0.123858
GEN 2500 231.250000
GREEDY 15 0.141742
GREEDY 20 0.164314
GREEDY 5 0.172908
GREEDY 10 0.173428
GREEDY 20 0.170550
GREEDY 20 0.170842
GREEDY 15 0.230568
GEN 2500 220.700000
GEN 2500 247.760000
GEN 2500 249.390000
GEN 2500 248.420000
GEN 2500 258.050000
GEN 5000 220.700000
GEN 5000 231.250000
GREEDY 15 0.378303
GEN 5000 220.700000
GEN 2500 266.590000
GEN 2500 252.720000
GREEDY 15 0.419597
GEN 2500 230.830000
GEN 2500 234.860000
GEN 2500 227.560000
GREEDY 10 0.414210
GREEDY 15 0.414923
GREEDY 20 0.415008
GEN 2500 258.410000
GEN 5000 248.420000
GEN 2500 236.490000
GEN 2500 233.600000
GEN 2500 260.530000
GEN 2500 249.470000
GEN 7500 220.700000
GEN 2500 230.830000
GEN 7500 231.250000
GEN 2500 243.510000
GEN 2500 243.510000
GREEDY 20 0.457149
GEN 2500 233.600000
GEN 2500 236.490000
GEN 2500 236.490000
GEN 2500 236.490000
GEN 5000 249.390000
GEN 5000 258.050000
GEN 5000 252.720000
GEN 5000 230.830000
GEN 5000 234.860000
GEN 5000 266.590000
GEN 7500 248.420000
GEN 5000 247.760000
GEN 5000 231.250000
GEN 5000 233.600000
GEN 5000 227.560000
GEN 10000 220.700000
TIEMPO 0.567771 220.700000
GEN 5000 243.510000
GEN 10000 231.250000
TIEMPO 0.575033 231.250000
GEN 5000 258.410000
GEN 5000 260.530000
GEN 7500 220.700000
GREEDY 15 0.579329
GEN 5000 249.470000
GEN 5000 243.510000
GEN 5000 236.490000
GEN 5000 236.490000
GEN 5000 236.490000
GEN 7500 252.720000
GEN 7500 236.490000
GEN 7500 230.830000
GREEDY 10 0.641833
GEN 5000 233.600000
GEN 7500 258.050000
GEN 7500 234.860000
GEN 10000 248.420000
TIEMPO 0.664862 248.420000
GREEDY 20 0.674566
GEN 7500 231.250000
GEN 7500 243.510000
GEN 7500 233.600000
GEN 7500 251.610000
GEN 7500 247.760000
GEN 7500 227.560000
GEN 7500 260.530000
GEN 7500 258.410000
GEN 7500 249.470000
GEN 10000 220.700000
TIEMPO 0.710369 220.700000
GEN 10000 252.720000
TIEMPO 0.739662 252.720000
GEN 7500 243.510000
GEN 10000 230.830000
TIEMPO 0.731224 230.830000
GEN 7500 236.490000
GEN 7500 236.490000
GEN 10000 227.560000
TIEMPO 0.778050 227.560000
GEN 10000 236.490000
TIEMPO 0.777669 236.490000
GEN 5000 230.830000
GEN 7500 236.490000
GEN 10000 243.510000
TIEMPO 0.792724 243.510000
GEN 10000 227.560000
TIEMPO 0.798065 227.560000
GEN 10000 258.050000
TIEMPO 0.787019 258.050000
GREEDY 15 0.802309
GEN 10000 233.600000
TIEMPO 0.803770 233.600000
GEN 10000 251.610000
TIEMPO 0.821110 251.610000
GEN 7500 220.700000
GEN 10000 227.560000
TIEMPO 0.838591 227.560000
GEN 10000 260.530000
TIEMPO 0.874278 260.530000
GEN 10000 258.410000
TIEMPO 0.861077 258.410000
GEN 10000 243.510000
TIEMPO 0.869207 243.510000
GEN 10000 247.760000
TIEMPO 0.875583 247.760000
GEN 10000 243.510000
TIEMPO 0.909172 243.510000
GEN 10000 234.860000
TIEMPO 0.926461 234.860000
GEN 10000 236.490000
TIEMPO 0.926837 236.490000
GEN 10000 234.860000
TIEMPO 0.951655 234.860000
GEN 10000 220.700000
TIEMPO 0.984344 220.700000
TIEMPO 1 230.830000
GEN 7500 230.830000
GEN 10000 230.830000
TIEMPO 1.512165 230.830000

 Current State ---------------------------------------------
Solution:  0 0 4 7 3 6 0 11 12 10 1 0 9 8 2 5 0 0 0 0 0 0 0 Fitness: 220.7

 :( ---------------------- THE END --------------- :) 
