Dimension>27
Bandera>13
Fitness Greedy Costo>267.06
Solucion Greedy Costo>6 5 2 11 0 1 12 3 10 0 4 8 7 9 0 14 0 13 0 0 0 0 0 0 0 0 0 
Linea Vacia>
Matriz de Costos>
0 9.03 9.75 27.16 19.86 4.01 3.44 37.19 20.94 45.42 25.48 9.94 23.24 45.16 
9.93 0 17.61 23.75 21.49 5.3 8.16 28.25 28.49 48.12 32.01 17.4 16.53 58.52 
9.78 17.54 0 35.85 4.94 13.7 11.97 23.34 5.95 30.63 36.93 4.31 32.08 33.81 
30.06 22.53 35.53 0 41.29 24.45 22.8 51.26 47.93 70.57 13.66 35.77 7.87 73.43 
17.01 18.91 6.69 38.57 0 21.98 20.5 16.57 6.47 29.74 46.19 10.61 35.65 34.43 
4.56 9.8 6.05 30.07 16.34 0 7.42 35 17.49 42.34 32.52 6.56 27.04 46.17 
3.42 7.99 7.8 24.72 18.02 0.59 0 36.55 19.16 44.23 25.87 8.3 20.75 48.02 
28.24 24.48 18.41 41.2 16.56 30.06 30.28 0 22.07 21.86 56.68 22.15 33.21 48.68 
15.86 25.15 6.51 42.74 7.84 19.73 18.04 21.98 0 29.23 43.97 9.38 38.25 27 
40.42 43.69 31.43 64.57 27.62 45.05 43.15 17.53 21.83 0 71.55 34.11 55.17 48.78 
24.35 28.68 32.95 10.21 43.06 21.77 20.11 63.91 44.85 72.19 0 32.59 22.13 58.52 
7.34 15.15 4.4 33.58 13.95 11.28 9.53 31.63 14.92 38.69 34.36 0 29.77 37.27 
29.65 22.86 35.14 3.52 41.6 24.03 22.38 43.62 47.51 67.97 20.02 35.38 0 78.79 
37.01 47.39 28.24 67.55 29.14 41.72 39.79 43.32 18.46 44.16 57.53 30.98 63.42 0 
Dimension>27
Bandera>13
Fitness Greedy Costo>267.06
Solucion Greedy Costo>6 5 2 11 0 1 12 3 10 0 4 8 7 9 0 14 0 13 0 0 0 0 0 0 0 0 0 
Linea Vacia>
Matriz de Costos>
0 9.03 9.75 27.16 19.86 4.01 3.44 37.19 20.94 45.42 25.48 9.94 23.24 45.16 
9.93 0 17.61 23.75 21.49 5.3 8.16 28.25 28.49 48.12 32.01 17.4 16.53 58.52 
9.78 17.54 0 35.85 4.94 13.7 11.97 23.34 5.95 30.63 36.93 4.31 32.08 33.81 
30.06 22.53 35.53 0 41.29 24.45 22.8 51.26 47.93 70.57 13.66 35.77 7.87 73.43 
17.01 18.91 6.69 38.57 0 21.98 20.5 16.57 6.47 29.74 46.19 10.61 35.65 34.43 
4.56 9.8 6.05 30.07 16.34 0 7.42 35 17.49 42.34 32.52 6.56 27.04 46.17 
3.42 7.99 7.8 24.72 18.02 0.59 0 36.55 19.16 44.23 25.87 8.3 20.75 48.02 
28.24 24.48 18.41 41.2 16.56 30.06 30.28 0 22.07 21.86 56.68 22.15 33.21 48.68 
15.86 25.15 6.51 42.74 7.84 19.73 18.04 21.98 0 29.23 43.97 9.38 38.25 27 
Dimension>27
Bandera>13
Fitness Greedy Costo>267.06
Solucion Greedy Costo>6 5 2 11 0 1 12 3 10 0 4 8 7 9 0 14 0 13 0 0 0 0 0 0 0 0 0 
Linea Vacia>
Matriz de Costos>
0 9.03 9.75 27.16 19.86 4.01 3.44 37.19 20.94 45.42 25.48 9.94 23.24 45.16 
9.93 0 17.61 23.75 21.49 5.3 8.16 28.25 28.49 48.12 32.01 17.4 16.53 58.52 
9.78 17.54 0 35.85 4.94 13.7 11.97 23.34 5.95 30.63 36.93 4.31 32.08 33.81 
30.06 22.53 35.53 0 41.29 24.45 22.8 51.26 47.93 70.57 13.66 35.77 7.87 73.43 
17.01 18.91 6.69 38.57 0 21.98 20.5 16.57 6.47 29.74 46.19 10.61 35.65 34.43 
4.56 9.8 6.05 30.07 16.34 0 7.42 35 17.49 42.34 32.52 6.56 27.04 46.17 
3.42 7.99 7.8 24.72 18.02 0.59 0 36.55 19.16 44.23 25.87 8.3 20.75 48.02 
28.24 24.48 18.41 41.2 16.56 30.06 30.28 0 22.07 21.86 56.68 22.15 33.21 48.68 
15.86 25.15 6.51 42.74 7.84 19.73 18.04 21.98 0 29.23 43.97 9.38 38.25 27 
40.42 43.69 31.43 64.57 27.62 45.05 43.15 17.53 21.83 0 71.55 34.11 55.17 48.78 
24.35 28.68 32.95 10.21 43.06 21.77 20.11 63.91 44.85 72.19 0 32.59 22.13 58.52 
7.34 15.15 4.4 33.58 13.95 11.28 9.53 31.63 14.92 38.69 34.36 0 29.77 37.27 
29.65 22.86 35.14 3.52 41.6 24.03 22.38 43.62 47.51 67.97 20.02 35.38 0 78.79 
37.01 47.39 28.24 67.55 29.14 41.72 39.79 43.32 18.46 44.16 57.53 30.98 63.42 0 
Dimension>27
Bandera>13
Fitness Greedy Costo>267.06
Solucion Greedy Costo>6 5 2 11 0 1 12 3 10 0 4 8 7 9 0 14 0 13 0 0 0 0 0 0 0 0 0 
Linea Vacia>
Matriz de Costos>
0 9.03 9.75 27.16 19.86 4.01 3.44 37.19 20.94 45.42 25.48 9.94 23.24 45.16 
9.93 0 17.61 23.75 21.49 5.3 8.16 28.25 28.49 48.12 32.01 17.4 16.53 58.52 
9.78 17.54 0 35.85 4.94 13.7 11.97 23.34 5.95 30.63 36.93 4.31 32.08 33.81 
30.06 22.53 35.53 0 41.29 24.45 22.8 51.26 47.93 70.57 13.66 35.77 7.87 73.43 
17.01 18.91 6.69 38.57 0 21.98 20.5 16.57 6.47 29.74 46.19 10.61 35.65 34.43 
4.56 9.8 6.05 30.07 16.34 0 7.42 35 17.49 42.34 32.52 6.56 27.04 46.17 
3.42 7.99 7.8 24.72 18.02 0.59 0 36.55 19.16 44.23 25.87 8.3 20.75 48.02 
28.24 24.48 18.41 41.2 16.56 30.06 30.28 0 22.07 21.86 56.68 22.15 33.21 48.68 
15.86 25.15 6.51 42.74 7.84 19.73 18.04 21.98 0 29.23 43.97 9.38 38.25 27 
40.42 43.69 31.43 64.57 27.62 45.05 43.15 17.53 21.83 0 71.55 34.11 55.17 48.78 
24.35 28.68 32.95 10.21 43.06 21.77 20.11 63.91 44.85 72.19 0 32.59 22.13 58.52 
7.34 15.15 4.4 33.58 13.95 11.28 9.53 31.63 14.92 38.69 34.36 0 29.77 37.27 
29.65 22.86 35.14 3.52 41.6 24.03 22.38 43.62 47.51 67.97 20.02 35.38 0 78.79 
37.01 47.39 28.24 67.55 29.14 41.72 39.79 43.32 18.46 44.16 57.53 30.98 63.42 0 
40.42 43.69 31.43 64.57 27.62 45.05 43.15 17.53 21.83 0 71.55 34.11 55.17 48.78 
24.35 28.68 32.95 10.21 43.06 21.77 20.11 63.91 44.85 72.19 0 32.59 22.13 58.52 
7.34 15.15 4.4 33.58 13.95 11.28 9.53 31.63 14.92 38.69 34.36 0 29.77 37.27 
29.65 22.86 35.14 3.52 41.6 24.03 22.38 43.62 47.51 67.97 20.02 35.38 0 78.79 
37.01 47.39 28.24 67.55 29.14 41.72 39.79 43.32 18.46 44.16 57.53 30.98 63.42 0 
Dimension>27
Bandera>13
Fitness Greedy Costo>267.06
Solucion Greedy Costo>6 5 2 11 0 1 12 3 10 0 4 8 7 9 0 14 0 13 0 0 0 0 0 0 0 0 0 
Linea Vacia>
Matriz de Costos>
0 9.03 9.75 27.16 19.86 4.01 3.44 37.19 20.94 45.42 25.48 9.94 23.24 45.16 
9.93 0 17.61 23.75 21.49 5.3 8.16 28.25 28.49 48.12 32.01 17.4 16.53 58.52 
9.78 17.54 0 35.85 4.94 13.7 11.97 23.34 5.95 30.63 36.93 4.31 32.08 33.81 
30.06 22.53 35.53 0 41.29 24.45 22.8 51.26 47.93 70.57 13.66 35.77 7.87 73.43 
17.01 18.91 6.69 38.57 0 21.98 20.5 16.57 6.47 29.74 46.19 10.61 35.65 34.43 
4.56 9.8 6.05 30.07 16.34 0 7.42 35 17.49 42.34 32.52 6.56 27.04 46.17 
3.42 7.99 7.8 24.72 18.02 0.59 0 36.55 19.16 44.23 25.87 8.3 20.75 48.02 
28.24 24.48 18.41 41.2 16.56 30.06 30.28 0 22.07 21.86 56.68 22.15 33.21 48.68 
15.86 25.15 6.51 42.74 7.84 19.73 18.04 21.98 0 29.23 43.97 9.38 38.25 27 
40.42 43.69 31.43 64.57 27.62 45.05 43.15 17.53 21.83 0 71.55 34.11 55.17 48.78 
24.35 28.68 32.95 10.21 43.06 21.77 20.11 63.91 44.85 72.19 0 32.59 22.13 58.52 
7.34 15.15 4.4 33.58 13.95 11.28 9.53 31.63 14.92 38.69 34.36 0 29.77 37.27 
29.65 22.86 35.14 3.52 41.6 24.03 22.38 43.62 47.51 67.97 20.02 35.38 0 78.79 
37.01 47.39 28.24 67.55 29.14 41.72 39.79 43.32 18.46 44.16 57.53 30.98 63.42 0 
Dimension>27
Dimension>27
Bandera>13
Fitness Greedy Costo>267.06
Bandera>13
Fitness Greedy Costo>267.06
Solucion Greedy Costo>6 5 2 11 0 1 12 3 10 0 4 8 7 9 0 14 0 13 0 0 0 0 0 0 0 0 0 
Linea Vacia>
Solucion Greedy Costo>6 5 2 11 0 1 12 3 10 0 4 8 7 9 0 14 0 13 0 0 0 0 0 0 0 0 0 
Linea Vacia>
Matriz de Costos>
0 9.03 9.75 27.16 19.86 4.01 3.44 37.19 20.94 45.42 25.48 9.94 23.24 45.16 
Matriz de Costos>
9.93 0 17.61 23.75 21.49 5.3 8.16 28.25 28.49 48.12 32.01 17.4 16.53 58.52 
9.78 17.54 0 35.85 4.94 13.7 11.97 23.34 5.95 30.63 36.93 4.31 32.08 33.81 
0 9.03 9.75 27.16 19.86 4.01 3.44 37.19 20.94 45.42 25.48 9.94 23.24 45.16 
9.93 0 17.61 23.75 21.49 5.3 8.16 28.25 28.49 48.12 32.01 17.4 16.53 58.52 
30.06 22.53 35.53 0 41.29 24.45 22.8 51.26 47.93 70.57 13.66 35.77 7.87 73.43 
17.01 18.91 6.69 38.57 0 21.98 20.5 16.57 6.47 29.74 46.19 10.61 35.65 34.43 
9.78 17.54 0 35.85 4.94 13.7 11.97 23.34 5.95 30.63 36.93 4.31 32.08 33.81 
30.06 22.53 35.53 0 41.29 24.45 22.8 51.26 47.93 70.57 13.66 35.77 7.87 73.43 
4.56 9.8 6.05 30.07 16.34 0 7.42 35 17.49 42.34 32.52 6.56 27.04 46.17 
3.42 7.99 7.8 24.72 18.02 0.59 0 36.55 19.16 44.23 25.87 8.3 20.75 48.02 
17.01 18.91 6.69 38.57 0 21.98 20.5 16.57 6.47 29.74 46.19 10.61 35.65 34.43 
4.56 9.8 6.05 30.07 16.34 0 7.42 35 17.49 42.34 32.52 6.56 27.04 46.17 
28.24 24.48 18.41 41.2 16.56 30.06 30.28 0 22.07 21.86 56.68 22.15 33.21 48.68 
15.86 25.15 6.51 42.74 7.84 19.73 18.04 21.98 0 29.23 43.97 9.38 38.25 27 
3.42 7.99 7.8 24.72 18.02 0.59 0 36.55 19.16 44.23 25.87 8.3 20.75 48.02 
28.24 24.48 18.41 41.2 16.56 30.06 30.28 0 22.07 21.86 56.68 22.15 33.21 48.68 
40.42 43.69 31.43 64.57 27.62 45.05 43.15 17.53 21.83 0 71.55 34.11 55.17 48.78 
24.35 28.68 32.95 10.21 43.06 21.77 20.11 63.91 44.85 72.19 0 32.59 22.13 58.52 
7.34 15.15 4.4 33.58 13.95 11.28 9.53 31.63 14.92 38.69 34.36 0 29.77 37.27 
15.86 25.15 6.51 42.74 7.84 19.73 18.04 21.98 0 29.23 43.97 9.38 38.25 27 
40.42 43.69 31.43 64.57 27.62 45.05 43.15 17.53 21.83 0 71.55 34.11 55.17 48.78 
29.65 22.86 35.14 3.52 41.6 24.03 22.38 43.62 47.51 67.97 20.02 35.38 0 78.79 
37.01 47.39 28.24 67.55 29.14 41.72 39.79 43.32 18.46 44.16 57.53 30.98 63.42 0 
24.35 28.68 32.95 10.21 43.06 21.77 20.11 63.91 44.85 72.19 0 32.59 22.13 58.52 
7.34 15.15 4.4 33.58 13.95 11.28 9.53 31.63 14.92 38.69 34.36 0 29.77 37.27 
29.65 22.86 35.14 3.52 41.6 24.03 22.38 43.62 47.51 67.97 20.02 35.38 0 78.79 
37.01 47.39 28.24 67.55 29.14 41.72 39.79 43.32 18.46 44.16 57.53 30.98 63.42 0 
Dimension>27
Bandera>13
Fitness Greedy Costo>267.06
Solucion Greedy Costo>6 5 2 11 0 1 12 3 10 0 4 8 7 9 0 14 0 13 0 0 0 0 0 0 0 0 0 
Linea Vacia>
Matriz de Costos>
0 9.03 9.75 27.16 19.86 4.01 3.44 37.19 20.94 45.42 25.48 9.94 23.24 45.16 
9.93 0 17.61 23.75 21.49 5.3 8.16 28.25 28.49 48.12 32.01 17.4 16.53 58.52 
9.78 17.54 0 35.85 4.94 13.7 11.97 23.34 5.95 30.63 36.93 4.31 32.08 33.81 
30.06 22.53 35.53 0 41.29 24.45 22.8 51.26 47.93 70.57 13.66 35.77 7.87 73.43 
Dimension>27
17.01 18.91 6.69 38.57 0 21.98 20.5 16.57 6.47 29.74 46.19 10.61 35.65 34.43 
4.56 9.8 6.05 30.07 16.34 0 7.42 35 17.49 42.34 32.52 6.56 27.04 46.17 
3.42 7.99 7.8 24.72 18.02 0.59 0 36.55 19.16 44.23 25.87 8.3 20.75 48.02 
28.24 24.48 18.41 41.2 16.56 30.06 30.28 0 22.07 21.86 56.68 22.15 33.21 48.68 
Bandera>13
Fitness Greedy Costo>267.06
15.86 25.15 6.51 42.74 7.84 19.73 18.04 21.98 0 29.23 43.97 9.38 38.25 27 
40.42 43.69 31.43 64.57 27.62 45.05 43.15 17.53 21.83 0 71.55 34.11 55.17 48.78 
24.35 28.68 32.95 10.21 43.06 21.77 20.11 63.91 44.85 72.19 0 32.59 22.13 58.52 
7.34 15.15 4.4 33.58 13.95 11.28 9.53 31.63 14.92 38.69 34.36 0 29.77 37.27 
Solucion Greedy Costo>6 5 2 11 0 1 12 3 10 0 4 8 7 9 0 14 0 13 0 0 0 0 0 0 0 0 0 
Linea Vacia>
29.65 22.86 35.14 3.52 41.6 24.03 22.38 43.62 47.51 67.97 20.02 35.38 0 78.79 
37.01 47.39 28.24 67.55 29.14 41.72 39.79 43.32 18.46 44.16 57.53 30.98 63.42 0 
Dimension>27
Dimension>27
Bandera>13
Fitness Greedy Costo>267.06
Solucion Greedy Costo>6 5 2 11 0 1 12 3 10 0 4 8 7 9 0 14 0 13 0 0 0 0 0 0 0 0 0 
Linea Vacia>
Bandera>13
Fitness Greedy Costo>267.06
Solucion Greedy Costo>6 5 2 11 0 1 12 3 10 0 4 8 7 9 0 14 0 13 0 0 0 0 0 0 0 0 0 
Linea Vacia>
Matriz de Costos>
Dimension>27
Dimension>27
Bandera>13
Dimension>27
0 9.03 9.75 27.16 19.86 4.01 3.44 37.19 20.94 45.42 25.48 9.94 23.24 45.16 
Bandera>13
Fitness Greedy Costo>267.06
Fitness Greedy Costo>267.06
Solucion Greedy Costo>6 5 2 11 0 1 12 3 10 0 4 8 7 9 0 14 0 13 0 0 0 0 0 0 0 0 0 
Linea Vacia>
Matriz de Costos>
0 9.03 9.75 27.16 19.86 4.01 3.44 37.19 20.94 45.42 25.48 9.94 23.24 45.16 
Dimension>27
Dimension>27
9.93 0 17.61 23.75 21.49 5.3 8.16 28.25 28.49 48.12 32.01 17.4 16.53 58.52 
Matriz de Costos>
0 9.03 9.75 27.16 19.86 4.01 3.44 37.19 20.94 45.42 25.48 9.94 23.24 45.16 
Solucion Greedy Costo>6 5 2 11 0 1 12 3 10 0 4 8 7 9 0 14 0 13 0 0 0 0 0 0 0 0 0 
Linea Vacia>
9.93 0 17.61 23.75 21.49 5.3 8.16 28.25 28.49 48.12 32.01 17.4 16.53 58.52 
9.78 17.54 0 35.85 4.94 13.7 11.97 23.34 5.95 30.63 36.93 4.31 32.08 33.81 
Bandera>13
Fitness Greedy Costo>267.06
Solucion Greedy Costo>6 5 2 11 0 1 12 3 10 0 4 8 7 9 0 14 0 13 0 0 0 0 0 0 0 0 0 
Linea Vacia>
Bandera>13
Fitness Greedy Costo>267.06
Solucion Greedy Costo>6 5 2 11 0 1 12 3 10 0 4 8 7 9 0 14 0 13 0 0 0 0 0 0 0 0 0 
Linea Vacia>
9.78 17.54 0 35.85 4.94 13.7 11.97 23.34 5.95 30.63 36.93 4.31 32.08 33.81 
9.93 0 17.61 23.75 21.49 5.3 8.16 28.25 28.49 48.12 32.01 17.4 16.53 58.52 
9.78 17.54 0 35.85 4.94 13.7 11.97 23.34 5.95 30.63 36.93 4.31 32.08 33.81 
30.06 22.53 35.53 0 41.29 24.45 22.8 51.26 47.93 70.57 13.66 35.77 7.87 73.43 
17.01 18.91 6.69 38.57 0 21.98 20.5 16.57 6.47 29.74 46.19 10.61 35.65 34.43 
4.56 9.8 6.05 30.07 16.34 0 7.42 35 17.49 42.34 32.52 6.56 27.04 46.17 
Bandera>13
Fitness Greedy Costo>267.06
Solucion Greedy Costo>6 5 2 11 0 1 12 3 10 0 4 8 7 9 0 14 0 13 0 0 0 0 0 0 0 0 0 
Linea Vacia>
Dimension>27
Bandera>13
Dimension>27
Bandera>13
Fitness Greedy Costo>267.06
Dimension>27
Bandera>13
Fitness Greedy Costo>267.06
Solucion Greedy Costo>6 5 2 11 0 1 12 3 10 0 4 8 7 9 0 14 0 13 0 0 0 0 0 0 0 0 0 
Linea Vacia>
30.06 22.53 35.53 0 41.29 24.45 22.8 51.26 47.93 70.57 13.66 35.77 7.87 73.43 
17.01 18.91 6.69 38.57 0 21.98 20.5 16.57 6.47 29.74 46.19 10.61 35.65 34.43 
30.06 22.53 35.53 0 41.29 24.45 22.8 51.26 47.93 70.57 13.66 35.77 7.87 73.43 
17.01 18.91 6.69 38.57 0 21.98 20.5 16.57 6.47 29.74 46.19 10.61 35.65 34.43 
4.56 9.8 6.05 30.07 16.34 0 7.42 35 17.49 42.34 32.52 6.56 27.04 46.17 
3.42 7.99 7.8 24.72 18.02 0.59 0 36.55 19.16 44.23 25.87 8.3 20.75 48.02 
3.42 7.99 7.8 24.72 18.02 0.59 0 36.55 19.16 44.23 25.87 8.3 20.75 48.02 
28.24 24.48 18.41 41.2 16.56 30.06 30.28 0 22.07 21.86 56.68 22.15 33.21 48.68 
15.86 25.15 6.51 42.74 7.84 19.73 18.04 21.98 0 29.23 43.97 9.38 38.25 27 
Fitness Greedy Costo>267.06
Solucion Greedy Costo>6 5 2 11 0 1 12 3 10 0 4 8 7 9 0 14 0 13 0 0 0 0 0 0 0 0 0 
Linea Vacia>
4.56 9.8 6.05 30.07 16.34 0 7.42 35 17.49 42.34 32.52 6.56 27.04 46.17 
3.42 7.99 7.8 24.72 18.02 0.59 0 36.55 19.16 44.23 25.87 8.3 20.75 48.02 
28.24 24.48 18.41 41.2 16.56 30.06 30.28 0 22.07 21.86 56.68 22.15 33.21 48.68 
15.86 25.15 6.51 42.74 7.84 19.73 18.04 21.98 0 29.23 43.97 9.38 38.25 27 
Matriz de Costos>
0 9.03 9.75 27.16 19.86 4.01 3.44 37.19 20.94 45.42 25.48 9.94 23.24 45.16 
9.93 0 17.61 23.75 21.49 5.3 8.16 28.25 28.49 48.12 32.01 17.4 16.53 58.52 
Matriz de Costos>
0 9.03 9.75 27.16 19.86 4.01 3.44 37.19 20.94 45.42 25.48 9.94 23.24 45.16 
9.93 0 17.61 23.75 21.49 5.3 8.16 28.25 28.49 48.12 32.01 17.4 16.53 58.52 
9.78 17.54 0 35.85 4.94 13.7 11.97 23.34 5.95 30.63 36.93 4.31 32.08 33.81 
40.42 43.69 31.43 64.57 27.62 45.05 43.15 17.53 21.83 0 71.55 34.11 55.17 48.78 
24.35 28.68 32.95 10.21 43.06 21.77 20.11 63.91 44.85 72.19 0 32.59 22.13 58.52 
7.34 15.15 4.4 33.58 13.95 11.28 9.53 31.63 14.92 38.69 34.36 0 29.77 37.27 
29.65 22.86 35.14 3.52 41.6 24.03 22.38 43.62 47.51 67.97 20.02 35.38 0 78.79 
Matriz de Costos>
0 9.03 9.75 27.16 19.86 4.01 3.44 37.19 20.94 45.42 25.48 9.94 23.24 45.16 
Matriz de Costos>
0 9.03 9.75 27.16 19.86 4.01 3.44 37.19 20.94 45.42 25.48 9.94 23.24 45.16 
Solucion Greedy Costo>6 5 2 11 0 1 12 3 10 0 4 8 7 9 0 14 0 13 0 0 0 0 0 0 0 0 0 
Linea Vacia>
28.24 24.48 18.41 41.2 16.56 30.06 30.28 0 22.07 21.86 56.68 22.15 33.21 48.68 
40.42 43.69 31.43 64.57 27.62 45.05 43.15 17.53 21.83 0 71.55 34.11 55.17 48.78 
24.35 28.68 32.95 10.21 43.06 21.77 20.11 63.91 44.85 72.19 0 32.59 22.13 58.52 
9.78 17.54 0 35.85 4.94 13.7 11.97 23.34 5.95 30.63 36.93 4.31 32.08 33.81 
30.06 22.53 35.53 0 41.29 24.45 22.8 51.26 47.93 70.57 13.66 35.77 7.87 73.43 
17.01 18.91 6.69 38.57 0 21.98 20.5 16.57 6.47 29.74 46.19 10.61 35.65 34.43 
30.06 22.53 35.53 0 41.29 24.45 22.8 51.26 47.93 70.57 13.66 35.77 7.87 73.43 
17.01 18.91 6.69 38.57 0 21.98 20.5 16.57 6.47 29.74 46.19 10.61 35.65 34.43 
37.01 47.39 28.24 67.55 29.14 41.72 39.79 43.32 18.46 44.16 57.53 30.98 63.42 0 
9.93 0 17.61 23.75 21.49 5.3 8.16 28.25 28.49 48.12 32.01 17.4 16.53 58.52 
9.78 17.54 0 35.85 4.94 13.7 11.97 23.34 5.95 30.63 36.93 4.31 32.08 33.81 
Matriz de Costos>
0 9.03 9.75 27.16 19.86 4.01 3.44 37.19 20.94 45.42 25.48 9.94 23.24 45.16 
9.93 0 17.61 23.75 21.49 5.3 8.16 28.25 28.49 48.12 32.01 17.4 16.53 58.52 
9.78 17.54 0 35.85 4.94 13.7 11.97 23.34 5.95 30.63 36.93 4.31 32.08 33.81 
9.93 0 17.61 23.75 21.49 5.3 8.16 28.25 28.49 48.12 32.01 17.4 16.53 58.52 
9.78 17.54 0 35.85 4.94 13.7 11.97 23.34 5.95 30.63 36.93 4.31 32.08 33.81 
30.06 22.53 35.53 0 41.29 24.45 22.8 51.26 47.93 70.57 13.66 35.77 7.87 73.43 
15.86 25.15 6.51 42.74 7.84 19.73 18.04 21.98 0 29.23 43.97 9.38 38.25 27 
7.34 15.15 4.4 33.58 13.95 11.28 9.53 31.63 14.92 38.69 34.36 0 29.77 37.27 
29.65 22.86 35.14 3.52 41.6 24.03 22.38 43.62 47.51 67.97 20.02 35.38 0 78.79 
4.56 9.8 6.05 30.07 16.34 0 7.42 35 17.49 42.34 32.52 6.56 27.04 46.17 
3.42 7.99 7.8 24.72 18.02 0.59 0 36.55 19.16 44.23 25.87 8.3 20.75 48.02 
4.56 9.8 6.05 30.07 16.34 0 7.42 35 17.49 42.34 32.52 6.56 27.04 46.17 
3.42 7.99 7.8 24.72 18.02 0.59 0 36.55 19.16 44.23 25.87 8.3 20.75 48.02 
30.06 22.53 35.53 0 41.29 24.45 22.8 51.26 47.93 70.57 13.66 35.77 7.87 73.43 
17.01 18.91 6.69 38.57 0 21.98 20.5 16.57 6.47 29.74 46.19 10.61 35.65 34.43 
Matriz de Costos>
0 9.03 9.75 27.16 19.86 4.01 3.44 37.19 20.94 45.42 25.48 9.94 23.24 45.16 
9.93 0 17.61 23.75 21.49 5.3 8.16 28.25 28.49 48.12 32.01 17.4 16.53 58.52 
Matriz de Costos>
0 9.03 9.75 27.16 19.86 4.01 3.44 37.19 20.94 45.42 25.48 9.94 23.24 45.16 
9.93 0 17.61 23.75 21.49 5.3 8.16 28.25 28.49 48.12 32.01 17.4 16.53 58.52 
Matriz de Costos>
0 9.03 9.75 27.16 19.86 4.01 3.44 37.19 20.94 45.42 25.48 9.94 23.24 45.16 
9.93 0 17.61 23.75 21.49 5.3 8.16 28.25 28.49 48.12 32.01 17.4 16.53 58.52 
9.78 17.54 0 35.85 4.94 13.7 11.97 23.34 5.95 30.63 36.93 4.31 32.08 33.81 
30.06 22.53 35.53 0 41.29 24.45 22.8 51.26 47.93 70.57 13.66 35.77 7.87 73.43 
40.42 43.69 31.43 64.57 27.62 45.05 43.15 17.53 21.83 0 71.55 34.11 55.17 48.78 
24.35 28.68 32.95 10.21 43.06 21.77 20.11 63.91 44.85 72.19 0 32.59 22.13 58.52 
37.01 47.39 28.24 67.55 29.14 41.72 39.79 43.32 18.46 44.16 57.53 30.98 63.42 0 
28.24 24.48 18.41 41.2 16.56 30.06 30.28 0 22.07 21.86 56.68 22.15 33.21 48.68 
15.86 25.15 6.51 42.74 7.84 19.73 18.04 21.98 0 29.23 43.97 9.38 38.25 27 
40.42 43.69 31.43 64.57 27.62 45.05 43.15 17.53 21.83 0 71.55 34.11 55.17 48.78 
28.24 24.48 18.41 41.2 16.56 30.06 30.28 0 22.07 21.86 56.68 22.15 33.21 48.68 
15.86 25.15 6.51 42.74 7.84 19.73 18.04 21.98 0 29.23 43.97 9.38 38.25 27 
40.42 43.69 31.43 64.57 27.62 45.05 43.15 17.53 21.83 0 71.55 34.11 55.17 48.78 
4.56 9.8 6.05 30.07 16.34 0 7.42 35 17.49 42.34 32.52 6.56 27.04 46.17 
3.42 7.99 7.8 24.72 18.02 0.59 0 36.55 19.16 44.23 25.87 8.3 20.75 48.02 
17.01 18.91 6.69 38.57 0 21.98 20.5 16.57 6.47 29.74 46.19 10.61 35.65 34.43 
4.56 9.8 6.05 30.07 16.34 0 7.42 35 17.49 42.34 32.52 6.56 27.04 46.17 
3.42 7.99 7.8 24.72 18.02 0.59 0 36.55 19.16 44.23 25.87 8.3 20.75 48.02 
28.24 24.48 18.41 41.2 16.56 30.06 30.28 0 22.07 21.86 56.68 22.15 33.21 48.68 
15.86 25.15 6.51 42.74 7.84 19.73 18.04 21.98 0 29.23 43.97 9.38 38.25 27 
9.78 17.54 0 35.85 4.94 13.7 11.97 23.34 5.95 30.63 36.93 4.31 32.08 33.81 
30.06 22.53 35.53 0 41.29 24.45 22.8 51.26 47.93 70.57 13.66 35.77 7.87 73.43 
17.01 18.91 6.69 38.57 0 21.98 20.5 16.57 6.47 29.74 46.19 10.61 35.65 34.43 
Dimension>27
Bandera>13
Fitness Greedy Costo>267.06
Solucion Greedy Costo>6 5 2 11 0 1 12 3 10 0 4 8 7 9 0 14 0 13 0 0 0 0 0 0 0 0 0 
Linea Vacia>
7.34 15.15 4.4 33.58 13.95 11.28 9.53 31.63 14.92 38.69 34.36 0 29.77 37.27 
29.65 22.86 35.14 3.52 41.6 24.03 22.38 43.62 47.51 67.97 20.02 35.38 0 78.79 
24.35 28.68 32.95 10.21 43.06 21.77 20.11 63.91 44.85 72.19 0 32.59 22.13 58.52 
7.34 15.15 4.4 33.58 13.95 11.28 9.53 31.63 14.92 38.69 34.36 0 29.77 37.27 
24.35 28.68 32.95 10.21 43.06 21.77 20.11 63.91 44.85 72.19 0 32.59 22.13 58.52 
7.34 15.15 4.4 33.58 13.95 11.28 9.53 31.63 14.92 38.69 34.36 0 29.77 37.27 
28.24 24.48 18.41 41.2 16.56 30.06 30.28 0 22.07 21.86 56.68 22.15 33.21 48.68 
15.86 25.15 6.51 42.74 7.84 19.73 18.04 21.98 0 29.23 43.97 9.38 38.25 27 
40.42 43.69 31.43 64.57 27.62 45.05 43.15 17.53 21.83 0 71.55 34.11 55.17 48.78 
30.06 22.53 35.53 0 41.29 24.45 22.8 51.26 47.93 70.57 13.66 35.77 7.87 73.43 
17.01 18.91 6.69 38.57 0 21.98 20.5 16.57 6.47 29.74 46.19 10.61 35.65 34.43 
4.56 9.8 6.05 30.07 16.34 0 7.42 35 17.49 42.34 32.52 6.56 27.04 46.17 
40.42 43.69 31.43 64.57 27.62 45.05 43.15 17.53 21.83 0 71.55 34.11 55.17 48.78 
24.35 28.68 32.95 10.21 43.06 21.77 20.11 63.91 44.85 72.19 0 32.59 22.13 58.52 
4.56 9.8 6.05 30.07 16.34 0 7.42 35 17.49 42.34 32.52 6.56 27.04 46.17 
3.42 7.99 7.8 24.72 18.02 0.59 0 36.55 19.16 44.23 25.87 8.3 20.75 48.02 
28.24 24.48 18.41 41.2 16.56 30.06 30.28 0 22.07 21.86 56.68 22.15 33.21 48.68 
9.78 17.54 0 35.85 4.94 13.7 11.97 23.34 5.95 30.63 36.93 4.31 32.08 33.81 
30.06 22.53 35.53 0 41.29 24.45 22.8 51.26 47.93 70.57 13.66 35.77 7.87 73.43 
17.01 18.91 6.69 38.57 0 21.98 20.5 16.57 6.47 29.74 46.19 10.61 35.65 34.43 
4.56 9.8 6.05 30.07 16.34 0 7.42 35 17.49 42.34 32.52 6.56 27.04 46.17 
3.42 7.99 7.8 24.72 18.02 0.59 0 36.55 19.16 44.23 25.87 8.3 20.75 48.02 
17.01 18.91 6.69 38.57 0 21.98 20.5 16.57 6.47 29.74 46.19 10.61 35.65 34.43 
4.56 9.8 6.05 30.07 16.34 0 7.42 35 17.49 42.34 32.52 6.56 27.04 46.17 
3.42 7.99 7.8 24.72 18.02 0.59 0 36.55 19.16 44.23 25.87 8.3 20.75 48.02 
28.24 24.48 18.41 41.2 16.56 30.06 30.28 0 22.07 21.86 56.68 22.15 33.21 48.68 
15.86 25.15 6.51 42.74 7.84 19.73 18.04 21.98 0 29.23 43.97 9.38 38.25 27 
37.01 47.39 28.24 67.55 29.14 41.72 39.79 43.32 18.46 44.16 57.53 30.98 63.42 0 
29.65 22.86 35.14 3.52 41.6 24.03 22.38 43.62 47.51 67.97 20.02 35.38 0 78.79 
37.01 47.39 28.24 67.55 29.14 41.72 39.79 43.32 18.46 44.16 57.53 30.98 63.42 0 
29.65 22.86 35.14 3.52 41.6 24.03 22.38 43.62 47.51 67.97 20.02 35.38 0 78.79 
37.01 47.39 28.24 67.55 29.14 41.72 39.79 43.32 18.46 44.16 57.53 30.98 63.42 0 
24.35 28.68 32.95 10.21 43.06 21.77 20.11 63.91 44.85 72.19 0 32.59 22.13 58.52 
7.34 15.15 4.4 33.58 13.95 11.28 9.53 31.63 14.92 38.69 34.36 0 29.77 37.27 
3.42 7.99 7.8 24.72 18.02 0.59 0 36.55 19.16 44.23 25.87 8.3 20.75 48.02 
28.24 24.48 18.41 41.2 16.56 30.06 30.28 0 22.07 21.86 56.68 22.15 33.21 48.68 
15.86 25.15 6.51 42.74 7.84 19.73 18.04 21.98 0 29.23 43.97 9.38 38.25 27 
7.34 15.15 4.4 33.58 13.95 11.28 9.53 31.63 14.92 38.69 34.36 0 29.77 37.27 
29.65 22.86 35.14 3.52 41.6 24.03 22.38 43.62 47.51 67.97 20.02 35.38 0 78.79 
37.01 47.39 28.24 67.55 29.14 41.72 39.79 43.32 18.46 44.16 57.53 30.98 63.42 0 
15.86 25.15 6.51 42.74 7.84 19.73 18.04 21.98 0 29.23 43.97 9.38 38.25 27 
40.42 43.69 31.43 64.57 27.62 45.05 43.15 17.53 21.83 0 71.55 34.11 55.17 48.78 
28.24 24.48 18.41 41.2 16.56 30.06 30.28 0 22.07 21.86 56.68 22.15 33.21 48.68 
15.86 25.15 6.51 42.74 7.84 19.73 18.04 21.98 0 29.23 43.97 9.38 38.25 27 
40.42 43.69 31.43 64.57 27.62 45.05 43.15 17.53 21.83 0 71.55 34.11 55.17 48.78 
40.42 43.69 31.43 64.57 27.62 45.05 43.15 17.53 21.83 0 71.55 34.11 55.17 48.78 
24.35 28.68 32.95 10.21 43.06 21.77 20.11 63.91 44.85 72.19 0 32.59 22.13 58.52 
7.34 15.15 4.4 33.58 13.95 11.28 9.53 31.63 14.92 38.69 34.36 0 29.77 37.27 
29.65 22.86 35.14 3.52 41.6 24.03 22.38 43.62 47.51 67.97 20.02 35.38 0 78.79 
37.01 47.39 28.24 67.55 29.14 41.72 39.79 43.32 18.46 44.16 57.53 30.98 63.42 0 
40.42 43.69 31.43 64.57 27.62 45.05 43.15 17.53 21.83 0 71.55 34.11 55.17 48.78 
24.35 28.68 32.95 10.21 43.06 21.77 20.11 63.91 44.85 72.19 0 32.59 22.13 58.52 
7.34 15.15 4.4 33.58 13.95 11.28 9.53 31.63 14.92 38.69 34.36 0 29.77 37.27 
24.35 28.68 32.95 10.21 43.06 21.77 20.11 63.91 44.85 72.19 0 32.59 22.13 58.52 
7.34 15.15 4.4 33.58 13.95 11.28 9.53 31.63 14.92 38.69 34.36 0 29.77 37.27 
24.35 28.68 32.95 10.21 43.06 21.77 20.11 63.91 44.85 72.19 0 32.59 22.13 58.52 
7.34 15.15 4.4 33.58 13.95 11.28 9.53 31.63 14.92 38.69 34.36 0 29.77 37.27 
29.65 22.86 35.14 3.52 41.6 24.03 22.38 43.62 47.51 67.97 20.02 35.38 0 78.79 
29.65 22.86 35.14 3.52 41.6 24.03 22.38 43.62 47.51 67.97 20.02 35.38 0 78.79 
37.01 47.39 28.24 67.55 29.14 41.72 39.79 43.32 18.46 44.16 57.53 30.98 63.42 0 
Matriz de Costos>
0 9.03 9.75 27.16 19.86 4.01 3.44 37.19 20.94 45.42 25.48 9.94 23.24 45.16 
29.65 22.86 35.14 3.52 41.6 24.03 22.38 43.62 47.51 67.97 20.02 35.38 0 78.79 
29.65 22.86 35.14 3.52 41.6 24.03 22.38 43.62 47.51 67.97 20.02 35.38 0 78.79 
37.01 47.39 28.24 67.55 29.14 41.72 39.79 43.32 18.46 44.16 57.53 30.98 63.42 0 
37.01 47.39 28.24 67.55 29.14 41.72 39.79 43.32 18.46 44.16 57.53 30.98 63.42 0 
9.93 0 17.61 23.75 21.49 5.3 8.16 28.25 28.49 48.12 32.01 17.4 16.53 58.52 
9.78 17.54 0 35.85 4.94 13.7 11.97 23.34 5.95 30.63 36.93 4.31 32.08 33.81 
37.01 47.39 28.24 67.55 29.14 41.72 39.79 43.32 18.46 44.16 57.53 30.98 63.42 0 
30.06 22.53 35.53 0 41.29 24.45 22.8 51.26 47.93 70.57 13.66 35.77 7.87 73.43 
17.01 18.91 6.69 38.57 0 21.98 20.5 16.57 6.47 29.74 46.19 10.61 35.65 34.43 
4.56 9.8 6.05 30.07 16.34 0 7.42 35 17.49 42.34 32.52 6.56 27.04 46.17 
3.42 7.99 7.8 24.72 18.02 0.59 0 36.55 19.16 44.23 25.87 8.3 20.75 48.02 
28.24 24.48 18.41 41.2 16.56 30.06 30.28 0 22.07 21.86 56.68 22.15 33.21 48.68 
15.86 25.15 6.51 42.74 7.84 19.73 18.04 21.98 0 29.23 43.97 9.38 38.25 27 
40.42 43.69 31.43 64.57 27.62 45.05 43.15 17.53 21.83 0 71.55 34.11 55.17 48.78 
Dimension>27
24.35 28.68 32.95 10.21 43.06 21.77 20.11 63.91 44.85 72.19 0 32.59 22.13 58.52 
7.34 15.15 4.4 33.58 13.95 11.28 9.53 31.63 14.92 38.69 34.36 0 29.77 37.27 
29.65 22.86 35.14 3.52 41.6 24.03 22.38 43.62 47.51 67.97 20.02 35.38 0 78.79 
37.01 47.39 28.24 67.55 29.14 41.72 39.79 43.32 18.46 44.16 57.53 30.98 63.42 0 
Dimension>27
Bandera>13
Fitness Greedy Costo>267.06
Solucion Greedy Costo>6 5 2 11 0 1 12 3 10 0 4 8 7 9 0 14 0 13 0 0 0 0 0 0 0 0 0 
Linea Vacia>
Bandera>13
Fitness Greedy Costo>267.06
Solucion Greedy Costo>6 5 2 11 0 1 12 3 10 0 4 8 7 9 0 14 0 13 0 0 0 0 0 0 0 0 0 
Linea Vacia>
Matriz de Costos>
0 9.03 9.75 27.16 19.86 4.01 3.44 37.19 20.94 45.42 25.48 9.94 23.24 45.16 
9.93 0 17.61 23.75 21.49 5.3 8.16 28.25 28.49 48.12 32.01 17.4 16.53 58.52 
9.78 17.54 0 35.85 4.94 13.7 11.97 23.34 5.95 30.63 36.93 4.31 32.08 33.81 
30.06 22.53 35.53 0 41.29 24.45 22.8 51.26 47.93 70.57 13.66 35.77 7.87 73.43 
17.01 18.91 6.69 38.57 0 21.98 20.5 16.57 6.47 29.74 46.19 10.61 35.65 34.43 
4.56 9.8 6.05 30.07 16.34 0 7.42 35 17.49 42.34 32.52 6.56 27.04 46.17 
3.42 7.99 7.8 24.72 18.02 0.59 0 36.55 19.16 44.23 25.87 8.3 20.75 48.02 
Matriz de Costos>
0 9.03 9.75 27.16 19.86 4.01 3.44 37.19 20.94 45.42 25.48 9.94 23.24 45.16 
9.93 0 17.61 23.75 21.49 5.3 8.16 28.25 28.49 48.12 32.01 17.4 16.53 58.52 
9.78 17.54 0 35.85 4.94 13.7 11.97 23.34 5.95 30.63 36.93 4.31 32.08 33.81 
30.06 22.53 35.53 0 41.29 24.45 22.8 51.26 47.93 70.57 13.66 35.77 7.87 73.43 
17.01 18.91 6.69 38.57 0 21.98 20.5 16.57 6.47 29.74 46.19 10.61 35.65 34.43 
4.56 9.8 6.05 30.07 16.34 0 7.42 35 17.49 42.34 32.52 6.56 27.04 46.17 
3.42 7.99 7.8 24.72 18.02 0.59 0 36.55 19.16 44.23 25.87 8.3 20.75 48.02 
28.24 24.48 18.41 41.2 16.56 30.06 30.28 0 22.07 21.86 56.68 22.15 33.21 48.68 
15.86 25.15 6.51 42.74 7.84 19.73 18.04 21.98 0 29.23 43.97 9.38 38.25 27 
40.42 43.69 31.43 64.57 27.62 45.05 43.15 17.53 21.83 0 71.55 34.11 55.17 48.78 
24.35 28.68 32.95 10.21 43.06 21.77 20.11 63.91 44.85 72.19 0 32.59 22.13 58.52 
7.34 15.15 4.4 33.58 13.95 11.28 9.53 31.63 14.92 38.69 34.36 0 29.77 37.27 
28.24 24.48 18.41 41.2 16.56 30.06 30.28 0 22.07 21.86 56.68 22.15 33.21 48.68 
15.86 25.15 6.51 42.74 7.84 19.73 18.04 21.98 0 29.23 43.97 9.38 38.25 27 
40.42 43.69 31.43 64.57 27.62 45.05 43.15 17.53 21.83 0 71.55 34.11 55.17 48.78 
24.35 28.68 32.95 10.21 43.06 21.77 20.11 63.91 44.85 72.19 0 32.59 22.13 58.52 
7.34 15.15 4.4 33.58 13.95 11.28 9.53 31.63 14.92 38.69 34.36 0 29.77 37.27 
29.65 22.86 35.14 3.52 41.6 24.03 22.38 43.62 47.51 67.97 20.02 35.38 0 78.79 
37.01 47.39 28.24 67.55 29.14 41.72 39.79 43.32 18.46 44.16 57.53 30.98 63.42 0 
29.65 22.86 35.14 3.52 41.6 24.03 22.38 43.62 47.51 67.97 20.02 35.38 0 78.79 
37.01 47.39 28.24 67.55 29.14 41.72 39.79 43.32 18.46 44.16 57.53 30.98 63.42 0 
Dimension>27
Bandera>13
Fitness Greedy Costo>267.06
Solucion Greedy Costo>6 5 2 11 0 1 12 3 10 0 4 8 7 9 0 14 0 13 0 0 0 0 0 0 0 0 0 
Linea Vacia>
Dimension>27
Bandera>13
Fitness Greedy Costo>267.06
Solucion Greedy Costo>6 5 2 11 0 1 12 3 10 0 4 8 7 9 0 14 0 13 0 0 0 0 0 0 0 0 0 
Linea Vacia>
Matriz de Costos>
0 9.03 9.75 27.16 19.86 4.01 3.44 37.19 20.94 45.42 25.48 9.94 23.24 45.16 
9.93 0 17.61 23.75 21.49 5.3 8.16 28.25 28.49 48.12 32.01 17.4 16.53 58.52 
9.78 17.54 0 35.85 4.94 13.7 11.97 23.34 5.95 30.63 36.93 4.31 32.08 33.81 
30.06 22.53 35.53 0 41.29 24.45 22.8 51.26 47.93 70.57 13.66 35.77 7.87 73.43 
Matriz de Costos>
0 9.03 9.75 27.16 19.86 4.01 3.44 37.19 20.94 45.42 25.48 9.94 23.24 45.16 
9.93 0 17.61 23.75 21.49 5.3 8.16 28.25 28.49 48.12 32.01 17.4 16.53 58.52 
17.01 18.91 6.69 38.57 0 21.98 20.5 16.57 6.47 29.74 46.19 10.61 35.65 34.43 
4.56 9.8 6.05 30.07 16.34 0 7.42 35 17.49 42.34 32.52 6.56 27.04 46.17 
3.42 7.99 7.8 24.72 18.02 0.59 0 36.55 19.16 44.23 25.87 8.3 20.75 48.02 
9.78 17.54 0 35.85 4.94 13.7 11.97 23.34 5.95 30.63 36.93 4.31 32.08 33.81 
30.06 22.53 35.53 0 41.29 24.45 22.8 51.26 47.93 70.57 13.66 35.77 7.87 73.43 
17.01 18.91 6.69 38.57 0 21.98 20.5 16.57 6.47 29.74 46.19 10.61 35.65 34.43 
4.56 9.8 6.05 30.07 16.34 0 7.42 35 17.49 42.34 32.52 6.56 27.04 46.17 
3.42 7.99 7.8 24.72 18.02 0.59 0 36.55 19.16 44.23 25.87 8.3 20.75 48.02 
28.24 24.48 18.41 41.2 16.56 30.06 30.28 0 22.07 21.86 56.68 22.15 33.21 48.68 
28.24 24.48 18.41 41.2 16.56 30.06 30.28 0 22.07 21.86 56.68 22.15 33.21 48.68 
15.86 25.15 6.51 42.74 7.84 19.73 18.04 21.98 0 29.23 43.97 9.38 38.25 27 
40.42 43.69 31.43 64.57 27.62 45.05 43.15 17.53 21.83 0 71.55 34.11 55.17 48.78 
24.35 28.68 32.95 10.21 43.06 21.77 20.11 63.91 44.85 72.19 0 32.59 22.13 58.52 
7.34 15.15 4.4 33.58 13.95 11.28 9.53 31.63 14.92 38.69 34.36 0 29.77 37.27 
15.86 25.15 6.51 42.74 7.84 19.73 18.04 21.98 0 29.23 43.97 9.38 38.25 27 
40.42 43.69 31.43 64.57 27.62 45.05 43.15 17.53 21.83 0 71.55 34.11 55.17 48.78 
24.35 28.68 32.95 10.21 43.06 21.77 20.11 63.91 44.85 72.19 0 32.59 22.13 58.52 
7.34 15.15 4.4 33.58 13.95 11.28 9.53 31.63 14.92 38.69 34.36 0 29.77 37.27 
29.65 22.86 35.14 3.52 41.6 24.03 22.38 43.62 47.51 67.97 20.02 35.38 0 78.79 
29.65 22.86 35.14 3.52 41.6 24.03 22.38 43.62 47.51 67.97 20.02 35.38 0 78.79 
37.01 47.39 28.24 67.55 29.14 41.72 39.79 43.32 18.46 44.16 57.53 30.98 63.42 0 
37.01 47.39 28.24 67.55 29.14 41.72 39.79 43.32 18.46 44.16 57.53 30.98 63.42 0 
Dimension>27
Bandera>13
Fitness Greedy Costo>267.06
Solucion Greedy Costo>6 5 2 11 0 1 12 3 10 0 4 8 7 9 0 14 0 13 0 0 0 0 0 0 0 0 0 
Linea Vacia>
Matriz de Costos>
0 9.03 9.75 27.16 19.86 4.01 3.44 37.19 20.94 45.42 25.48 9.94 23.24 45.16 
9.93 0 17.61 23.75 21.49 5.3 8.16 28.25 28.49 48.12 32.01 17.4 16.53 58.52 
9.78 17.54 0 35.85 4.94 13.7 11.97 23.34 5.95 30.63 36.93 4.31 32.08 33.81 
30.06 22.53 35.53 0 41.29 24.45 22.8 51.26 47.93 70.57 13.66 35.77 7.87 73.43 
17.01 18.91 6.69 38.57 0 21.98 20.5 16.57 6.47 29.74 46.19 10.61 35.65 34.43 
4.56 9.8 6.05 30.07 16.34 0 7.42 35 17.49 42.34 32.52 6.56 27.04 46.17 
3.42 7.99 7.8 24.72 18.02 0.59 0 36.55 19.16 44.23 25.87 8.3 20.75 48.02 
28.24 24.48 18.41 41.2 16.56 30.06 30.28 0 22.07 21.86 56.68 22.15 33.21 48.68 
15.86 25.15 6.51 42.74 7.84 19.73 18.04 21.98 0 29.23 43.97 9.38 38.25 27 
40.42 43.69 31.43 64.57 27.62 45.05 43.15 17.53 21.83 0 71.55 34.11 55.17 48.78 
24.35 28.68 32.95 10.21 43.06 21.77 20.11 63.91 44.85 72.19 0 32.59 22.13 58.52 
7.34 15.15 4.4 33.58 13.95 11.28 9.53 31.63 14.92 38.69 34.36 0 29.77 37.27 
29.65 22.86 35.14 3.52 41.6 24.03 22.38 43.62 47.51 67.97 20.02 35.38 0 78.79 
37.01 47.39 28.24 67.55 29.14 41.72 39.79 43.32 18.46 44.16 57.53 30.98 63.42 0 
GEN 0 267.060000
GREEDY 0 0.000000
TIEMPO 0 267.060000
GEN 0 267.060000
GREEDY 0 0.000000
TIEMPO 0 267.060000
GEN 0 267.060000
GREEDY 0 0.000000
TIEMPO 0 267.060000
GEN 0 267.060000
GREEDY 0 0.000000
TIEMPO 0 267.060000
GEN 0 267.060000
GREEDY 0 0.000000
TIEMPO 0 267.060000
GEN 0 264.100000
GREEDY 0 0.000000
TIEMPO 0 264.100000
GEN 0 267.060000
GREEDY 0 0.000000
TIEMPO 0 267.060000
GEN 0 267.060000
GREEDY 0 0.000000
TIEMPO 0 267.060000
GEN 0 261.340000
GREEDY 0 0.000000
TIEMPO 0 261.340000
GREEDY 5 0.000314
GEN 0 267.060000
GREEDY 0 0.000000
TIEMPO 0 267.060000
GEN 0 267.060000
GREEDY 0 0.000000
TIEMPO 0 267.060000
GEN 0 267.060000
GREEDY 0 0.000000
TIEMPO 0 267.060000
GREEDY 5 0.001047
GEN 0 267.060000
GREEDY 0 0.000000
TIEMPO 0 267.060000
GEN 0 267.060000
GREEDY 0 0.000000
TIEMPO 0 267.060000
GEN 0 267.060000
GREEDY 0 0.000000
TIEMPO 0 267.060000
GEN 0 267.060000
GREEDY 0 0.000000
TIEMPO 0 267.060000
GREEDY 10 0.005071
GEN 0 265.710000
GREEDY 0 0.000000
TIEMPO 0 265.710000
GREEDY 5 0.000951
GEN 0 267.060000
GREEDY 0 0.000000
GEN 0 267.060000
GREEDY 0 0.000000
TIEMPO 0 267.060000
GEN 0 267.060000
GREEDY 0 0.000000
TIEMPO 0 267.060000
TIEMPO 0 267.060000
GEN 0 267.060000
GREEDY 0 0.000000
TIEMPO 0 267.060000
GREEDY 10 0.005509
GEN 0 267.060000
GREEDY 0 0.000000
TIEMPO 0 267.060000
GREEDY 5 0.015335
GREEDY 5 0.006041
GEN 0 267.060000
GREEDY 0 0.000000
TIEMPO 0 267.060000
GEN 0 267.060000
GREEDY 0 0.000000
TIEMPO 0 267.060000
GREEDY 5 0.035385
GREEDY 5 0.003058
GREEDY 10 0.037528
GREEDY 5 0.023089
GREEDY 5 0.040976
GREEDY 5 0.005977
GREEDY 10 0.006047
GREEDY 5 0.033347
GREEDY 10 0.025633
GREEDY 15 0.026726
GREEDY 5 0.027175
GREEDY 10 0.039906
GREEDY 5 0.029293
GREEDY 5 0.043907
GREEDY 5 0.050899
GREEDY 10 0.048702
GREEDY 15 0.049370
GREEDY 15 0.053683
GREEDY 10 0.042220
GREEDY 5 0.052429
GREEDY 10 0.059089
GREEDY 5 0.064215
GREEDY 10 0.086981
GREEDY 10 0.084213
GREEDY 15 0.084293
GREEDY 5 0.093550
GREEDY 10 0.090908
GREEDY 5 0.096147
GREEDY 5 0.119606
GREEDY 10 0.120683
GREEDY 15 0.134062
GEN 2500 214.580000
GREEDY 10 0.135187
GREEDY 15 0.135241
GREEDY 5 0.150051
GREEDY 10 0.154252
GREEDY 10 0.157766
GREEDY 20 0.161845
GEN 2500 226.370000
GREEDY 5 0.171711
GREEDY 5 0.182801
GREEDY 5 0.167743
GREEDY 15 0.182179
GREEDY 10 0.189562
GREEDY 15 0.189660
GREEDY 10 0.198718
GREEDY 15 0.199679
GREEDY 15 0.195359
GREEDY 10 0.194299
GREEDY 20 0.205479
GREEDY 20 0.223373
GREEDY 15 0.209193
GREEDY 20 0.237030
GREEDY 10 0.215563
GREEDY 15 0.235515
GREEDY 15 0.231478
GREEDY 10 0.270373
GREEDY 20 0.260622
GREEDY 10 0.265875
GREEDY 15 0.266567
GREEDY 15 0.286312
GEN 5000 214.580000
GREEDY 20 0.286414
GREEDY 10 0.298932
GREEDY 15 0.300592
GEN 5000 225.360000
GREEDY 15 0.310565
GEN 2500 231.760000
GEN 7500 214.580000
GEN 2500 229.900000
GEN 2500 211.930000
GEN 2500 218.470000
GEN 7500 225.360000
GEN 2500 213.060000
GEN 2500 223.570000
GEN 2500 211.930000
GEN 2500 214.580000
GREEDY 10 0.491933
GREEDY 15 0.492554
GEN 2500 211.930000
GEN 2500 217.040000
GEN 2500 214.580000
GEN 2500 211.930000
GEN 2500 218.540000
GEN 2500 214.580000
GEN 2500 221.190000
GEN 2500 233.890000
GEN 2500 236.760000
GEN 2500 236.760000
GEN 10000 214.580000
TIEMPO 0.552702 214.580000
GEN 10000 225.360000
TIEMPO 0.579326 225.360000
GEN 2500 236.760000
GREEDY 20 0.613984
GEN 2500 221.190000
GEN 2500 211.930000
GEN 2500 211.930000
GEN 5000 218.470000
GEN 5000 223.570000
GEN 5000 229.900000
GEN 5000 231.760000
GEN 5000 213.060000
GEN 5000 221.190000
GEN 5000 214.580000
GEN 5000 211.930000
GEN 5000 214.580000
GEN 5000 233.890000
GEN 5000 211.930000
GEN 5000 218.540000
GEN 5000 211.930000
GEN 5000 211.930000
GEN 5000 214.580000
GEN 5000 221.190000
GEN 7500 218.470000
GEN 5000 211.930000
GEN 5000 229.900000
GEN 7500 221.190000
GEN 5000 231.760000
GREEDY 15 0.834241
GEN 7500 231.760000
GEN 5000 211.930000
GEN 7500 214.580000
GEN 7500 211.930000
GEN 7500 214.580000
GEN 7500 223.570000
GEN 7500 233.890000
GEN 5000 217.040000
GEN 7500 229.900000
GEN 5000 236.760000
GEN 7500 211.930000
GEN 7500 211.930000
GEN 7500 211.930000
GEN 7500 218.540000
GEN 10000 218.470000
TIEMPO 0.934105 218.470000
GEN 7500 213.060000
GREEDY 15 0.931787
GEN 7500 221.190000
GEN 10000 221.190000
TIEMPO 0.983019 221.190000
TIEMPO 1 229.900000
TIEMPO 1 214.580000
TIEMPO 1 221.190000
TIEMPO 1 211.930000
TIEMPO 1 229.900000
GEN 10000 211.930000
TIEMPO 1.002482 211.930000
GEN 10000 214.580000
TIEMPO 1.007675 214.580000
GEN 10000 214.580000
TIEMPO 0.988944 214.580000
TIEMPO 1 233.890000
TIEMPO 1 214.580000
TIEMPO 1 213.060000
TIEMPO 1 217.040000
GEN 10000 233.890000
TIEMPO 1.001182 233.890000
TIEMPO 1 211.930000
TIEMPO 1 211.930000
TIEMPO 1 211.930000
TIEMPO 1 211.930000
GEN 10000 226.370000
TIEMPO 0.982952 226.370000
TIEMPO 1 218.540000
TIEMPO 1 223.570000
TIEMPO 1 211.930000
TIEMPO 1 231.760000
GEN 7500 214.580000
TIEMPO 1 218.470000
GEN 10000 223.570000
TIEMPO 1.029618 223.570000
GEN 10000 211.930000
TIEMPO 1.031495 211.930000
GEN 10000 229.900000
TIEMPO 1.057741 229.900000
GEN 10000 211.930000
TIEMPO 1.053352 211.930000
GEN 10000 211.930000
TIEMPO 1.083669 211.930000
GEN 10000 218.540000
TIEMPO 1.086376 218.540000
GEN 10000 213.060000
TIEMPO 1.141251 213.060000
GEN 10000 221.190000
TIEMPO 1.148366 221.190000
GEN 7500 211.930000
GEN 7500 229.900000
GEN 10000 214.580000
TIEMPO 1.163545 214.580000
GREEDY 20 1.142195
GEN 7500 211.930000
GEN 7500 217.040000
GEN 7500 211.930000
GEN 7500 231.760000
GEN 10000 211.930000
TIEMPO 1.373378 211.930000
GEN 10000 211.930000
TIEMPO 1.379913 211.930000
GEN 10000 229.900000
TIEMPO 1.395346 229.900000
GREEDY 15 1.452531
GEN 10000 217.040000
TIEMPO 1.543880 217.040000
GEN 10000 211.930000
TIEMPO 1.539784 211.930000
GEN 10000 217.040000
TIEMPO 1.556421 217.040000

 Current State ---------------------------------------------
Solution:  5 2 8 13 0 12 3 10 14 0 11 4 7 9 0 6 1 0 0 0 0 0 0 0 0 0 0 Fitness: 211.93

 :( ---------------------- THE END --------------- :) 
