Dimension>25
Bandera>13
Fitness Greedy Costo>198.51
Solucion Greedy Costo>5 0 1 0 12 8 10 2 0 13 6 7 11 0 9 4 3 0 0 0 0 0 0 0 0 
Linea Vacia>
Matriz de Costos>
0 3.75 27.36 71.81 39.09 2.18 19.29 25.7 8.23 28.88 16.67 24.66 6.42 
3.01 0 30.44 71.69 38.38 4.96 23.32 30.02 12.56 24.73 19.92 28.6 10.78 
26.66 32.62 0 45.78 28.91 27.3 34.27 40.61 15.99 24.9 8.26 46.56 15.56 
67.98 71.31 45.33 0 30.11 68.94 100.63 102.44 57.51 49.88 53.24 104.78 57.39 
30.82 34.08 22.87 34.52 0 31.93 54.14 60.3 26.72 19.1 28.92 59.09 25.51 
2.62 3.98 26.87 72.22 38.57 0 20.09 25.76 7.69 29.63 16.16 24.73 5.88 
23.96 24.36 35.62 86.58 65.67 20.36 0 3.14 28.68 47.72 26.4 9.18 27.04 
29.88 29.82 41.24 92.23 71.9 25.93 3.7 0 34.03 53.63 32.22 4.03 31.68 
6.56 11.67 15.77 60.72 29.39 7.28 27 33.15 0 23.25 5.37 32.15 1.12 
23.6 20.23 21.38 52.26 19.08 26.77 41.56 48.42 20.57 0 26.6 47.16 20.28 
12.69 17.65 9.51 55.18 36.19 13.38 21.01 27.76 5.94 31.38 0 33.25 3.7 
27.37 27.76 45.55 105.57 68.93 23.84 6.67 2.33 32.01 51.25 34.73 0 29.64 
6.23 11.34 15.16 59.29 30.69 6.95 26.15 31.9 1.92 24.16 4.85 30.9 0 
Dimension>25
Bandera>13
Fitness Greedy Costo>198.51
Solucion Greedy Costo>5 0 1 0 12 8 10 2 0 13 6 7 11 0 9 4 3 0 0 0 0 0 0 0 0 
Linea Vacia>
Matriz de Costos>
0 3.75 27.36 71.81 39.09 2.18 19.29 25.7 8.23 28.88 16.67 24.66 6.42 
3.01 0 30.44 71.69 38.38 4.96 23.32 30.02 12.56 24.73 19.92 28.6 10.78 
26.66 32.62 0 45.78 28.91 27.3 34.27 40.61 15.99 24.9 8.26 46.56 15.56 
67.98 71.31 45.33 0 30.11 68.94 100.63 102.44 57.51 49.88 53.24 104.78 57.39 
30.82 34.08 22.87 34.52 0 31.93 54.14 60.3 26.72 19.1 28.92 59.09 25.51 
2.62 3.98 26.87 72.22 38.57 0 20.09 25.76 7.69 29.63 16.16 24.73 5.88 
23.96 24.36 35.62 86.58 65.67 20.36 0 3.14 28.68 47.72 26.4 9.18 27.04 
29.88 29.82 41.24 92.23 71.9 25.93 3.7 0 34.03 53.63 32.22 4.03 31.68 
6.56 11.67 15.77 60.72 29.39 7.28 27 33.15 0 23.25 5.37 32.15 1.12 
23.6 20.23 21.38 52.26 19.08 26.77 41.56 48.42 20.57 0 26.6 47.16 20.28 
12.69 17.65 9.51 55.18 36.19 13.38 21.01 27.76 5.94 31.38 0 33.25 3.7 
27.37 27.76 45.55 105.57 68.93 23.84 6.67 2.33 32.01 51.25 34.73 0 29.64 
6.23 11.34 15.16 59.29 30.69 6.95 26.15 31.9 1.92 24.16 4.85 30.9 0 
Dimension>25
Bandera>13
Fitness Greedy Costo>198.51
Solucion Greedy Costo>5 0 1 0 12 8 10 2 0 13 6 7 11 0 9 4 3 0 0 0 0 0 0 0 0 
Linea Vacia>
Matriz de Costos>
0 3.75 27.36 71.81 39.09 2.18 19.29 25.7 8.23 28.88 16.67 24.66 6.42 
3.01 0 30.44 71.69 38.38 4.96 23.32 30.02 12.56 24.73 19.92 28.6 10.78 
26.66 32.62 0 45.78 28.91 27.3 34.27 40.61 15.99 24.9 8.26 46.56 15.56 
67.98 71.31 45.33 0 30.11 68.94 100.63 102.44 57.51 49.88 53.24 104.78 57.39 
30.82 34.08 22.87 34.52 0 31.93 54.14 60.3 26.72 19.1 28.92 59.09 25.51 
2.62 3.98 26.87 72.22 38.57 0 20.09 25.76 7.69 29.63 16.16 24.73 5.88 
23.96 24.36 35.62 86.58 65.67 20.36 0 3.14 28.68 47.72 26.4 9.18 27.04 
29.88 29.82 41.24 92.23 71.9 25.93 3.7 0 34.03 53.63 32.22 4.03 31.68 
6.56 11.67 15.77 60.72 29.39 7.28 27 33.15 0 23.25 5.37 32.15 1.12 
23.6 20.23 21.38 52.26 19.08 26.77 41.56 48.42 20.57 0 26.6 47.16 20.28 
12.69 17.65 9.51 55.18 36.19 13.38 21.01 27.76 5.94 31.38 0 33.25 3.7 
27.37 27.76 45.55 105.57 68.93 23.84 6.67 2.33 32.01 51.25 34.73 0 29.64 
6.23 11.34 15.16 59.29 30.69 6.95 26.15 31.9 1.92 24.16 4.85 30.9 0 
Dimension>25
Bandera>13
Fitness Greedy Costo>198.51
Solucion Greedy Costo>5 0 1 0 12 8 10 2 0 13 6 7 11 0 9 4 3 0 0 0 0 0 0 0 0 
Linea Vacia>
Matriz de Costos>
0 3.75 27.36 71.81 39.09 2.18 19.29 25.7 8.23 28.88 16.67 24.66 6.42 
3.01 0 30.44 71.69 38.38 4.96 23.32 30.02 12.56 24.73 19.92 28.6 10.78 
26.66 32.62 0 45.78 28.91 27.3 34.27 40.61 15.99 24.9 8.26 46.56 15.56 
67.98 71.31 45.33 0 30.11 68.94 100.63 102.44 57.51 49.88 53.24 104.78 57.39 
30.82 34.08 22.87 34.52 0 31.93 54.14 60.3 26.72 19.1 28.92 59.09 25.51 
2.62 3.98 26.87 72.22 38.57 0 20.09 25.76 7.69 29.63 16.16 24.73 5.88 
23.96 24.36 35.62 86.58 65.67 20.36 0 3.14 28.68 47.72 26.4 9.18 27.04 
29.88 29.82 41.24 92.23 71.9 25.93 3.7 0 34.03 53.63 32.22 4.03 31.68 
6.56 11.67 15.77 60.72 29.39 7.28 27 33.15 0 23.25 5.37 32.15 1.12 
23.6 20.23 21.38 52.26 19.08 26.77 41.56 48.42 20.57 0 26.6 47.16 20.28 
12.69 17.65 9.51 55.18 36.19 13.38 21.01 27.76 5.94 31.38 0 33.25 3.7 
27.37 27.76 45.55 105.57 68.93 23.84 6.67 2.33 32.01 51.25 34.73 0 29.64 
6.23 11.34 15.16 59.29 30.69 6.95 26.15 31.9 1.92 24.16 4.85 30.9 0 
Dimension>25
Bandera>13
Fitness Greedy Costo>198.51
Solucion Greedy Costo>5 0 1 0 12 8 10 2 0 13 6 7 11 0 9 4 3 0 0 0 0 0 0 0 0 
Linea Vacia>
Matriz de Costos>
0 3.75 27.36 71.81 39.09 2.18 19.29 25.7 8.23 28.88 16.67 24.66 6.42 
3.01 0 30.44 71.69 38.38 4.96 23.32 30.02 12.56 24.73 19.92 28.6 10.78 
26.66 32.62 0 45.78 28.91 27.3 34.27 40.61 15.99 24.9 8.26 46.56 15.56 
67.98 71.31 45.33 0 30.11 68.94 100.63 102.44 57.51 49.88 53.24 104.78 57.39 
30.82 34.08 22.87 34.52 0 31.93 54.14 60.3 26.72 19.1 28.92 59.09 25.51 
2.62 3.98 26.87 72.22 38.57 0 20.09 25.76 7.69 29.63 16.16 24.73 5.88 
23.96 24.36 35.62 86.58 65.67 20.36 0 3.14 28.68 47.72 26.4 9.18 27.04 
29.88 29.82 41.24 92.23 71.9 25.93 3.7 0 34.03 53.63 32.22 4.03 31.68 
6.56 11.67 15.77 60.72 29.39 7.28 27 33.15 0 23.25 5.37 32.15 1.12 
23.6 20.23 21.38 52.26 19.08 26.77 41.56 48.42 20.57 0 26.6 47.16 20.28 
12.69 17.65 9.51 55.18 36.19 13.38 21.01 27.76 5.94 31.38 0 33.25 3.7 
27.37 27.76 45.55 105.57 68.93 23.84 6.67 2.33 32.01 51.25 34.73 0 29.64 
6.23 11.34 15.16 59.29 30.69 6.95 26.15 31.9 1.92 24.16 4.85 30.9 0 
Dimension>25
Bandera>13
Fitness Greedy Costo>198.51
Solucion Greedy Costo>5 0 1 0 12 8 10 2 0 13 6 7 11 0 9 4 3 0 0 0 0 0 0 0 0 
Linea Vacia>
Matriz de Costos>
0 3.75 27.36 71.81 39.09 2.18 19.29 25.7 8.23 28.88 16.67 24.66 6.42 
3.01 0 30.44 71.69 38.38 4.96 23.32 30.02 12.56 24.73 19.92 28.6 10.78 
26.66 32.62 0 45.78 28.91 27.3 34.27 40.61 15.99 24.9 8.26 46.56 15.56 
67.98 71.31 45.33 0 30.11 68.94 100.63 102.44 57.51 49.88 53.24 104.78 57.39 
30.82 34.08 22.87 34.52 0 31.93 54.14 60.3 26.72 19.1 28.92 59.09 25.51 
2.62 3.98 26.87 72.22 38.57 0 20.09 25.76 7.69 29.63 16.16 24.73 5.88 
23.96 24.36 35.62 86.58 65.67 20.36 0 3.14 28.68 47.72 26.4 9.18 27.04 
29.88 29.82 41.24 92.23 71.9 25.93 3.7 0 34.03 53.63 32.22 4.03 31.68 
6.56 11.67 15.77 60.72 29.39 7.28 27 33.15 0 23.25 5.37 32.15 1.12 
23.6 20.23 21.38 52.26 19.08 26.77 41.56 48.42 20.57 0 26.6 47.16 20.28 
12.69 17.65 9.51 55.18 36.19 13.38 21.01 27.76 5.94 31.38 0 33.25 3.7 
27.37 27.76 45.55 105.57 68.93 23.84 6.67 2.33 32.01 51.25 34.73 0 29.64 
6.23 11.34 15.16 59.29 30.69 6.95 26.15 31.9 1.92 24.16 4.85 30.9 0 
Dimension>25
Bandera>13
Fitness Greedy Costo>198.51
Solucion Greedy Costo>5 0 1 0 12 8 10 2 0 13 6 7 11 0 9 4 3 0 0 0 0 0 0 0 0 
Linea Vacia>
Matriz de Costos>
0 3.75 27.36 71.81 39.09 2.18 19.29 25.7 8.23 28.88 16.67 24.66 6.42 
3.01 0 30.44 71.69 38.38 4.96 23.32 30.02 12.56 24.73 19.92 28.6 10.78 
26.66 32.62 0 45.78 28.91 27.3 34.27 40.61 15.99 24.9 8.26 46.56 15.56 
67.98 71.31 45.33 0 30.11 68.94 100.63 102.44 57.51 49.88 53.24 104.78 57.39 
30.82 34.08 22.87 34.52 0 31.93 54.14 60.3 26.72 19.1 28.92 59.09 25.51 
2.62 3.98 26.87 72.22 38.57 0 20.09 25.76 7.69 29.63 16.16 24.73 5.88 
23.96 24.36 35.62 86.58 65.67 20.36 0 3.14 28.68 47.72 26.4 9.18 27.04 
29.88 29.82 41.24 92.23 71.9 25.93 3.7 0 34.03 53.63 32.22 4.03 31.68 
6.56 11.67 15.77 60.72 29.39 7.28 27 33.15 0 23.25 5.37 32.15 1.12 
23.6 20.23 21.38 52.26 19.08 26.77 41.56 48.42 20.57 0 26.6 47.16 20.28 
12.69 17.65 9.51 55.18 36.19 13.38 21.01 27.76 5.94 31.38 0 33.25 3.7 
27.37 27.76 45.55 105.57 68.93 23.84 6.67 2.33 32.01 51.25 34.73 0 29.64 
6.23 11.34 15.16 59.29 30.69 6.95 26.15 31.9 1.92 24.16 4.85 30.9 0 
Dimension>25
Bandera>13
Fitness Greedy Costo>198.51
Solucion Greedy Costo>5 0 1 0 12 8 10 2 0 13 6 7 11 0 9 4 3 0 0 0 0 0 0 0 0 
Linea Vacia>
Matriz de Costos>
0 3.75 27.36 71.81 39.09 2.18 19.29 25.7 8.23 28.88 16.67 24.66 6.42 
3.01 0 30.44 71.69 38.38 4.96 23.32 30.02 12.56 24.73 19.92 28.6 10.78 
26.66 32.62 0 45.78 28.91 27.3 34.27 40.61 15.99 24.9 8.26 46.56 15.56 
67.98 71.31 45.33 0 30.11 68.94 100.63 102.44 57.51 49.88 53.24 104.78 57.39 
30.82 34.08 22.87 34.52 0 31.93 54.14 60.3 26.72 19.1 28.92 59.09 25.51 
2.62 3.98 26.87 72.22 38.57 0 20.09 25.76 7.69 29.63 16.16 24.73 5.88 
23.96 24.36 35.62 86.58 65.67 20.36 0 3.14 28.68 47.72 26.4 9.18 27.04 
29.88 29.82 41.24 92.23 71.9 25.93 3.7 0 34.03 53.63 32.22 4.03 31.68 
6.56 11.67 15.77 60.72 29.39 7.28 27 33.15 0 23.25 5.37 32.15 1.12 
23.6 20.23 21.38 52.26 19.08 26.77 41.56 48.42 20.57 0 26.6 47.16 20.28 
12.69 17.65 9.51 55.18 36.19 13.38 21.01 27.76 5.94 31.38 0 33.25 3.7 
27.37 27.76 45.55 105.57 68.93 23.84 6.67 2.33 32.01 51.25 34.73 0 29.64 
6.23 11.34 15.16 59.29 30.69 6.95 26.15 31.9 1.92 24.16 4.85 30.9 0 
Dimension>25
Bandera>13
Fitness Greedy Costo>198.51
Solucion Greedy Costo>5 0 1 0 12 8 10 2 0 13 6 7 11 0 9 4 3 0 0 0 0 0 0 0 0 
Linea Vacia>
Matriz de Costos>
0 3.75 27.36 71.81 39.09 2.18 19.29 25.7 8.23 28.88 16.67 24.66 6.42 
3.01 0 30.44 71.69 38.38 4.96 23.32 30.02 12.56 24.73 19.92 28.6 10.78 
26.66 32.62 0 45.78 28.91 27.3 34.27 40.61 15.99 24.9 8.26 46.56 15.56 
67.98 71.31 45.33 0 30.11 68.94 100.63 102.44 57.51 49.88 53.24 104.78 57.39 
30.82 34.08 22.87 34.52 0 31.93 54.14 60.3 26.72 19.1 28.92 59.09 25.51 
2.62 3.98 26.87 72.22 38.57 0 20.09 25.76 7.69 29.63 16.16 24.73 5.88 
23.96 24.36 35.62 86.58 65.67 20.36 0 3.14 28.68 47.72 26.4 9.18 27.04 
29.88 29.82 41.24 92.23 71.9 25.93 3.7 0 34.03 53.63 32.22 4.03 31.68 
6.56 11.67 15.77 60.72 29.39 7.28 27 33.15 0 23.25 5.37 32.15 1.12 
23.6 20.23 21.38 52.26 19.08 26.77 41.56 48.42 20.57 0 26.6 47.16 20.28 
12.69 17.65 9.51 55.18 36.19 13.38 21.01 27.76 5.94 31.38 0 33.25 3.7 
27.37 27.76 45.55 105.57 68.93 23.84 6.67 2.33 32.01 51.25 34.73 0 29.64 
6.23 11.34 15.16 59.29 30.69 6.95 26.15 31.9 1.92 24.16 4.85 30.9 0 
Dimension>25
Bandera>13
Fitness Greedy Costo>198.51
Solucion Greedy Costo>5 0 1 0 12 8 10 2 0 13 6 7 11 0 9 4 3 0 0 0 0 0 0 0 0 
Linea Vacia>
Matriz de Costos>
0 3.75 27.36 71.81 39.09 2.18 19.29 25.7 8.23 28.88 16.67 24.66 6.42 
3.01 0 30.44 71.69 38.38 4.96 23.32 30.02 12.56 24.73 19.92 28.6 10.78 
26.66 32.62 0 45.78 28.91 27.3 34.27 40.61 15.99 24.9 8.26 46.56 15.56 
67.98 71.31 45.33 0 30.11 68.94 100.63 102.44 57.51 49.88 53.24 104.78 57.39 
30.82 34.08 22.87 34.52 0 31.93 54.14 60.3 26.72 19.1 28.92 59.09 25.51 
2.62 3.98 26.87 72.22 38.57 0 20.09 25.76 7.69 29.63 16.16 24.73 5.88 
23.96 24.36 35.62 86.58 65.67 20.36 0 3.14 28.68 47.72 26.4 9.18 27.04 
29.88 29.82 41.24 92.23 71.9 25.93 3.7 0 34.03 53.63 32.22 4.03 31.68 
6.56 11.67 15.77 60.72 29.39 7.28 27 33.15 0 23.25 5.37 32.15 1.12 
23.6 20.23 21.38 52.26 19.08 26.77 41.56 48.42 20.57 0 26.6 47.16 20.28 
12.69 17.65 9.51 55.18 36.19 13.38 21.01 27.76 5.94 31.38 0 33.25 3.7 
27.37 27.76 45.55 105.57 68.93 23.84 6.67 2.33 32.01 51.25 34.73 0 29.64 
6.23 11.34 15.16 59.29 30.69 6.95 26.15 31.9 1.92 24.16 4.85 30.9 0 
Dimension>25
Bandera>13
Fitness Greedy Costo>198.51
Solucion Greedy Costo>5 0 1 0 12 8 10 2 0 13 6 7 11 0 9 4 3 0 0 0 0 0 0 0 0 
Linea Vacia>
Matriz de Costos>
0 3.75 27.36 71.81 39.09 2.18 19.29 25.7 8.23 28.88 16.67 24.66 6.42 
3.01 0 30.44 71.69 38.38 4.96 23.32 30.02 12.56 24.73 19.92 28.6 10.78 
26.66 32.62 0 45.78 28.91 27.3 34.27 40.61 15.99 24.9 8.26 46.56 15.56 
67.98 71.31 45.33 0 30.11 68.94 100.63 102.44 57.51 49.88 53.24 104.78 57.39 
30.82 34.08 22.87 34.52 0 31.93 54.14 60.3 26.72 19.1 28.92 59.09 25.51 
2.62 3.98 26.87 72.22 38.57 0 20.09 25.76 7.69 29.63 16.16 24.73 5.88 
23.96 24.36 35.62 86.58 65.67 20.36 0 3.14 28.68 47.72 26.4 9.18 27.04 
29.88 29.82 41.24 92.23 71.9 25.93 3.7 0 34.03 53.63 32.22 4.03 31.68 
6.56 11.67 15.77 60.72 29.39 7.28 27 33.15 0 23.25 5.37 32.15 1.12 
23.6 20.23 21.38 52.26 19.08 26.77 41.56 48.42 20.57 0 26.6 47.16 20.28 
12.69 17.65 9.51 55.18 36.19 13.38 21.01 27.76 5.94 31.38 0 33.25 3.7 
27.37 27.76 45.55 105.57 68.93 23.84 6.67 2.33 32.01 51.25 34.73 0 29.64 
6.23 11.34 15.16 59.29 30.69 6.95 26.15 31.9 1.92 24.16 4.85 30.9 0 
Dimension>25
Bandera>13
Fitness Greedy Costo>198.51
Solucion Greedy Costo>5 0 1 0 12 8 10 2 0 13 6 7 11 0 9 4 3 0 0 0 0 0 0 0 0 
Linea Vacia>
Matriz de Costos>
0 3.75 27.36 71.81 39.09 2.18 19.29 25.7 8.23 28.88 16.67 24.66 6.42 
3.01 0 30.44 71.69 38.38 4.96 23.32 30.02 12.56 24.73 19.92 28.6 10.78 
26.66 32.62 0 45.78 28.91 27.3 34.27 40.61 15.99 24.9 8.26 46.56 15.56 
67.98 71.31 45.33 0 30.11 68.94 100.63 102.44 57.51 49.88 53.24 104.78 57.39 
30.82 34.08 22.87 34.52 0 31.93 54.14 60.3 26.72 19.1 28.92 59.09 25.51 
2.62 3.98 26.87 72.22 38.57 0 20.09 25.76 7.69 29.63 16.16 24.73 5.88 
Dimension>25
Bandera>13
Fitness Greedy Costo>198.51
Solucion Greedy Costo>5 0 1 0 12 8 10 2 0 13 6 7 11 0 9 4 3 0 0 0 0 0 0 0 0 
Linea Vacia>
Matriz de Costos>
0 3.75 27.36 71.81 39.09 2.18 19.29 25.7 8.23 28.88 16.67 24.66 6.42 
3.01 0 30.44 71.69 38.38 4.96 23.32 30.02 12.56 24.73 19.92 28.6 10.78 
26.66 32.62 0 45.78 28.91 27.3 34.27 40.61 15.99 24.9 8.26 46.56 15.56 
67.98 71.31 45.33 0 30.11 68.94 100.63 102.44 57.51 49.88 53.24 104.78 57.39 
30.82 34.08 22.87 34.52 0 31.93 54.14 60.3 26.72 19.1 28.92 59.09 25.51 
2.62 3.98 26.87 72.22 38.57 0 20.09 25.76 7.69 29.63 16.16 24.73 5.88 
23.96 24.36 35.62 86.58 65.67 20.36 0 3.14 28.68 47.72 26.4 9.18 27.04 
29.88 29.82 41.24 92.23 71.9 25.93 3.7 0 34.03 53.63 32.22 4.03 31.68 
6.56 11.67 15.77 60.72 29.39 7.28 27 33.15 0 23.25 5.37 32.15 1.12 
23.6 20.23 21.38 52.26 19.08 26.77 41.56 48.42 20.57 0 26.6 47.16 20.28 
12.69 17.65 9.51 55.18 36.19 13.38 21.01 27.76 5.94 31.38 0 33.25 3.7 
27.37 27.76 45.55 105.57 68.93 23.84 6.67 2.33 32.01 51.25 34.73 0 29.64 
6.23 11.34 15.16 59.29 30.69 6.95 26.15 31.9 1.92 24.16 4.85 30.9 0 
Dimension>25
Bandera>13
Fitness Greedy Costo>198.51
Solucion Greedy Costo>5 0 1 0 12 8 10 2 0 13 6 7 11 0 9 4 3 0 0 0 0 0 0 0 0 
Linea Vacia>
Matriz de Costos>
0 3.75 27.36 71.81 39.09 2.18 19.29 25.7 8.23 28.88 16.67 24.66 6.42 
3.01 0 30.44 71.69 38.38 4.96 23.32 30.02 12.56 24.73 19.92 28.6 10.78 
26.66 32.62 0 45.78 28.91 27.3 34.27 40.61 15.99 24.9 8.26 46.56 15.56 
67.98 71.31 45.33 0 30.11 68.94 100.63 102.44 57.51 49.88 53.24 104.78 57.39 
30.82 34.08 22.87 34.52 0 31.93 54.14 60.3 26.72 19.1 28.92 59.09 25.51 
2.62 3.98 26.87 72.22 38.57 0 20.09 25.76 7.69 29.63 16.16 24.73 5.88 
23.96 24.36 35.62 86.58 65.67 20.36 0 3.14 28.68 47.72 26.4 9.18 27.04 
29.88 29.82 41.24 92.23 71.9 25.93 3.7 0 34.03 53.63 32.22 4.03 31.68 
6.56 11.67 15.77 60.72 29.39 7.28 27 33.15 0 23.25 5.37 32.15 1.12 
Dimension>25
Bandera>13
Fitness Greedy Costo>198.51
Solucion Greedy Costo>5 0 1 0 12 8 10 2 0 13 6 7 11 0 9 4 3 0 0 0 0 0 0 0 0 
Linea Vacia>
Matriz de Costos>
0 3.75 27.36 71.81 39.09 2.18 19.29 25.7 8.23 28.88 16.67 24.66 6.42 
3.01 0 30.44 71.69 38.38 4.96 23.32 30.02 12.56 24.73 19.92 28.6 10.78 
26.66 32.62 0 45.78 28.91 27.3 34.27 40.61 15.99 24.9 8.26 46.56 15.56 
67.98 71.31 45.33 0 30.11 68.94 100.63 102.44 57.51 49.88 53.24 104.78 57.39 
30.82 34.08 22.87 34.52 0 31.93 54.14 60.3 26.72 19.1 28.92 59.09 25.51 
2.62 3.98 26.87 72.22 38.57 0 20.09 25.76 7.69 29.63 16.16 24.73 5.88 
23.96 24.36 35.62 86.58 65.67 20.36 0 3.14 28.68 47.72 26.4 9.18 27.04 
29.88 29.82 41.24 92.23 71.9 25.93 3.7 0 34.03 53.63 32.22 4.03 31.68 
6.56 11.67 15.77 60.72 29.39 7.28 27 33.15 0 23.25 5.37 32.15 1.12 
23.6 20.23 21.38 52.26 19.08 26.77 41.56 48.42 20.57 0 26.6 47.16 20.28 
12.69 17.65 9.51 55.18 36.19 13.38 21.01 27.76 5.94 31.38 0 33.25 3.7 
27.37 27.76 45.55 105.57 68.93 23.84 6.67 2.33 32.01 51.25 34.73 0 29.64 
6.23 11.34 15.16 59.29 30.69 6.95 26.15 31.9 1.92 24.16 4.85 30.9 0 
23.96 24.36 35.62 86.58 65.67 20.36 0 3.14 28.68 47.72 26.4 9.18 27.04 
29.88 29.82 41.24 92.23 71.9 25.93 3.7 0 34.03 53.63 32.22 4.03 31.68 
6.56 11.67 15.77 60.72 29.39 7.28 27 33.15 0 23.25 5.37 32.15 1.12 
23.6 20.23 21.38 52.26 19.08 26.77 41.56 48.42 20.57 0 26.6 47.16 20.28 
12.69 17.65 9.51 55.18 36.19 13.38 21.01 27.76 5.94 31.38 0 33.25 3.7 
27.37 27.76 45.55 105.57 68.93 23.84 6.67 2.33 32.01 51.25 34.73 0 29.64 
6.23 11.34 15.16 59.29 30.69 6.95 26.15 31.9 1.92 24.16 4.85 30.9 0 
23.6 20.23 21.38 52.26 19.08 26.77 41.56 48.42 20.57 0 26.6 47.16 20.28 
12.69 17.65 9.51 55.18 36.19 13.38 21.01 27.76 5.94 31.38 0 33.25 3.7 
27.37 27.76 45.55 105.57 68.93 23.84 6.67 2.33 32.01 51.25 34.73 0 29.64 
6.23 11.34 15.16 59.29 30.69 6.95 26.15 31.9 1.92 24.16 4.85 30.9 0 
Dimension>25
Bandera>13
Fitness Greedy Costo>198.51
Solucion Greedy Costo>5 0 1 0 12 8 10 2 0 13 6 7 11 0 9 4 3 0 0 0 0 0 0 0 0 
Linea Vacia>
Matriz de Costos>
0 3.75 27.36 71.81 39.09 2.18 19.29 25.7 8.23 28.88 16.67 24.66 6.42 
3.01 0 30.44 71.69 38.38 4.96 23.32 30.02 12.56 24.73 19.92 28.6 10.78 
26.66 32.62 0 45.78 28.91 27.3 34.27 40.61 15.99 24.9 8.26 46.56 15.56 
67.98 71.31 45.33 0 30.11 68.94 100.63 102.44 57.51 49.88 53.24 104.78 57.39 
30.82 34.08 22.87 34.52 0 31.93 54.14 60.3 26.72 19.1 28.92 59.09 25.51 
Dimension>25
Bandera>13
Fitness Greedy Costo>198.51
Solucion Greedy Costo>5 0 1 0 12 8 10 2 0 13 6 7 11 0 9 4 3 0 0 0 0 0 0 0 0 
Linea Vacia>
Matriz de Costos>
0 3.75 27.36 71.81 39.09 2.18 19.29 25.7 8.23 28.88 16.67 24.66 6.42 
3.01 0 30.44 71.69 38.38 4.96 23.32 30.02 12.56 24.73 19.92 28.6 10.78 
26.66 32.62 0 45.78 28.91 27.3 34.27 40.61 15.99 24.9 8.26 46.56 15.56 
67.98 71.31 45.33 0 30.11 68.94 100.63 102.44 57.51 49.88 53.24 104.78 57.39 
2.62 3.98 26.87 72.22 38.57 0 20.09 25.76 7.69 29.63 16.16 24.73 5.88 
23.96 24.36 35.62 86.58 65.67 20.36 0 3.14 28.68 47.72 26.4 9.18 27.04 
29.88 29.82 41.24 92.23 71.9 25.93 3.7 0 34.03 53.63 32.22 4.03 31.68 
6.56 11.67 15.77 60.72 29.39 7.28 27 33.15 0 23.25 5.37 32.15 1.12 
23.6 20.23 21.38 52.26 19.08 26.77 41.56 48.42 20.57 0 26.6 47.16 20.28 
12.69 17.65 9.51 55.18 36.19 13.38 21.01 27.76 5.94 31.38 0 33.25 3.7 
27.37 27.76 45.55 105.57 68.93 23.84 6.67 2.33 32.01 51.25 34.73 0 29.64 
6.23 11.34 15.16 59.29 30.69 6.95 26.15 31.9 1.92 24.16 4.85 30.9 0 
30.82 34.08 22.87 34.52 0 31.93 54.14 60.3 26.72 19.1 28.92 59.09 25.51 
2.62 3.98 26.87 72.22 38.57 0 20.09 25.76 7.69 29.63 16.16 24.73 5.88 
23.96 24.36 35.62 86.58 65.67 20.36 0 3.14 28.68 47.72 26.4 9.18 27.04 
29.88 29.82 41.24 92.23 71.9 25.93 3.7 0 34.03 53.63 32.22 4.03 31.68 
6.56 11.67 15.77 60.72 29.39 7.28 27 33.15 0 23.25 5.37 32.15 1.12 
23.6 20.23 21.38 52.26 19.08 26.77 41.56 48.42 20.57 0 26.6 47.16 20.28 
12.69 17.65 9.51 55.18 36.19 13.38 21.01 27.76 5.94 31.38 0 33.25 3.7 
27.37 27.76 45.55 105.57 68.93 23.84 6.67 2.33 32.01 51.25 34.73 0 29.64 
6.23 11.34 15.16 59.29 30.69 6.95 26.15 31.9 1.92 24.16 4.85 30.9 0 
Dimension>25
Bandera>13
Fitness Greedy Costo>198.51
Solucion Greedy Costo>5 0 1 0 12 8 10 2 0 13 6 7 11 0 9 4 3 0 0 0 0 0 0 0 0 
Linea Vacia>
Matriz de Costos>
0 3.75 27.36 71.81 39.09 2.18 19.29 25.7 8.23 28.88 16.67 24.66 6.42 
3.01 0 30.44 71.69 38.38 4.96 23.32 30.02 12.56 24.73 19.92 28.6 10.78 
26.66 32.62 0 45.78 28.91 27.3 34.27 40.61 15.99 24.9 8.26 46.56 15.56 
67.98 71.31 45.33 0 30.11 68.94 100.63 102.44 57.51 49.88 53.24 104.78 57.39 
30.82 34.08 22.87 34.52 0 31.93 54.14 60.3 26.72 19.1 28.92 59.09 25.51 
2.62 3.98 26.87 72.22 38.57 0 20.09 25.76 7.69 29.63 16.16 24.73 5.88 
23.96 24.36 35.62 86.58 65.67 20.36 0 3.14 28.68 47.72 26.4 9.18 27.04 
29.88 29.82 41.24 92.23 71.9 25.93 3.7 0 34.03 53.63 32.22 4.03 31.68 
6.56 11.67 15.77 60.72 29.39 7.28 27 33.15 0 23.25 5.37 32.15 1.12 
23.6 20.23 21.38 52.26 19.08 26.77 41.56 48.42 20.57 0 26.6 47.16 20.28 
12.69 17.65 9.51 55.18 36.19 13.38 21.01 27.76 5.94 31.38 0 33.25 3.7 
27.37 27.76 45.55 105.57 68.93 23.84 6.67 2.33 32.01 51.25 34.73 0 29.64 
6.23 11.34 15.16 59.29 30.69 6.95 26.15 31.9 1.92 24.16 4.85 30.9 0 
Dimension>25
Bandera>13
Fitness Greedy Costo>198.51
Solucion Greedy Costo>5 0 1 0 12 8 10 2 0 13 6 7 11 0 9 4 3 0 0 0 0 0 0 0 0 
Linea Vacia>
Matriz de Costos>
0 3.75 27.36 71.81 39.09 2.18 19.29 25.7 8.23 28.88 16.67 24.66 6.42 
3.01 0 30.44 71.69 38.38 4.96 23.32 30.02 12.56 24.73 19.92 28.6 10.78 
26.66 32.62 0 45.78 28.91 27.3 34.27 40.61 15.99 24.9 8.26 46.56 15.56 
67.98 71.31 45.33 0 30.11 68.94 100.63 102.44 57.51 49.88 53.24 104.78 57.39 
30.82 34.08 22.87 34.52 0 31.93 54.14 60.3 26.72 19.1 28.92 59.09 25.51 
2.62 3.98 26.87 72.22 38.57 0 20.09 25.76 7.69 29.63 16.16 24.73 5.88 
23.96 24.36 35.62 86.58 65.67 20.36 0 3.14 28.68 47.72 26.4 9.18 27.04 
29.88 29.82 41.24 92.23 71.9 25.93 3.7 0 34.03 53.63 32.22 4.03 31.68 
6.56 11.67 15.77 60.72 29.39 7.28 27 33.15 0 23.25 5.37 32.15 1.12 
23.6 20.23 21.38 52.26 19.08 26.77 41.56 48.42 20.57 0 26.6 47.16 20.28 
12.69 17.65 9.51 55.18 36.19 13.38 21.01 27.76 5.94 31.38 0 33.25 3.7 
27.37 27.76 45.55 105.57 68.93 23.84 6.67 2.33 32.01 51.25 34.73 0 29.64 
6.23 11.34 15.16 59.29 30.69 6.95 26.15 31.9 1.92 24.16 4.85 30.9 0 
Dimension>25
Bandera>13
Fitness Greedy Costo>198.51
Solucion Greedy Costo>5 0 1 0 12 8 10 2 0 13 6 7 11 0 9 4 3 0 0 0 0 0 0 0 0 
Linea Vacia>
Matriz de Costos>
0 3.75 27.36 71.81 39.09 2.18 19.29 25.7 8.23 28.88 16.67 24.66 6.42 
3.01 0 30.44 71.69 38.38 4.96 23.32 30.02 12.56 24.73 19.92 28.6 10.78 
26.66 32.62 0 45.78 28.91 27.3 34.27 40.61 15.99 24.9 8.26 46.56 15.56 
67.98 71.31 45.33 0 30.11 68.94 100.63 102.44 57.51 49.88 53.24 104.78 57.39 
30.82 34.08 22.87 34.52 0 31.93 54.14 60.3 26.72 19.1 28.92 59.09 25.51 
2.62 3.98 26.87 72.22 38.57 0 20.09 25.76 7.69 29.63 16.16 24.73 5.88 
23.96 24.36 35.62 86.58 65.67 20.36 0 3.14 28.68 47.72 26.4 9.18 27.04 
29.88 29.82 41.24 92.23 71.9 25.93 3.7 0 34.03 53.63 32.22 4.03 31.68 
6.56 11.67 15.77 60.72 29.39 7.28 27 33.15 0 23.25 5.37 32.15 1.12 
23.6 20.23 21.38 52.26 19.08 26.77 41.56 48.42 20.57 0 26.6 47.16 20.28 
12.69 17.65 9.51 55.18 36.19 13.38 21.01 27.76 5.94 31.38 0 33.25 3.7 
27.37 27.76 45.55 105.57 68.93 23.84 6.67 2.33 32.01 51.25 34.73 0 29.64 
6.23 11.34 15.16 59.29 30.69 6.95 26.15 31.9 1.92 24.16 4.85 30.9 0 
Dimension>25
Bandera>13
Fitness Greedy Costo>198.51
Solucion Greedy Costo>5 0 1 0 12 8 10 2 0 13 6 7 11 0 9 4 3 0 0 0 0 0 0 0 0 
Linea Vacia>
Matriz de Costos>
0 3.75 27.36 71.81 39.09 2.18 19.29 25.7 8.23 28.88 16.67 24.66 6.42 
3.01 0 30.44 71.69 38.38 4.96 23.32 30.02 12.56 24.73 19.92 28.6 10.78 
26.66 32.62 0 45.78 28.91 27.3 34.27 40.61 15.99 24.9 8.26 46.56 15.56 
67.98 71.31 45.33 0 30.11 68.94 100.63 102.44 57.51 49.88 53.24 104.78 57.39 
30.82 34.08 22.87 34.52 0 31.93 54.14 60.3 26.72 19.1 28.92 59.09 25.51 
2.62 3.98 26.87 72.22 38.57 0 20.09 25.76 7.69 29.63 16.16 24.73 5.88 
23.96 24.36 35.62 86.58 65.67 20.36 0 3.14 28.68 47.72 26.4 9.18 27.04 
29.88 29.82 41.24 92.23 71.9 25.93 3.7 0 34.03 53.63 32.22 4.03 31.68 
6.56 11.67 15.77 60.72 29.39 7.28 27 33.15 0 23.25 5.37 32.15 1.12 
23.6 20.23 21.38 52.26 19.08 26.77 41.56 48.42 20.57 0 26.6 47.16 20.28 
Dimension>25
Bandera>13
Fitness Greedy Costo>198.51
Solucion Greedy Costo>5 0 1 0 12 8 10 2 0 13 6 7 11 0 9 4 3 0 0 0 0 0 0 0 0 
Linea Vacia>
12.69 17.65 9.51 55.18 36.19 13.38 21.01 27.76 5.94 31.38 0 33.25 3.7 
27.37 27.76 45.55 105.57 68.93 23.84 6.67 2.33 32.01 51.25 34.73 0 29.64 
6.23 11.34 15.16 59.29 30.69 6.95 26.15 31.9 1.92 24.16 4.85 30.9 0 
Dimension>25
Bandera>13
Fitness Greedy Costo>198.51
Solucion Greedy Costo>5 0 1 0 12 8 10 2 0 13 6 7 11 0 9 4 3 0 0 0 0 0 0 0 0 
Linea Vacia>
Matriz de Costos>
0 3.75 27.36 71.81 39.09 2.18 19.29 25.7 8.23 28.88 16.67 24.66 6.42 
Matriz de Costos>
0 3.75 27.36 71.81 39.09 2.18 19.29 25.7 8.23 28.88 16.67 24.66 6.42 
3.01 0 30.44 71.69 38.38 4.96 23.32 30.02 12.56 24.73 19.92 28.6 10.78 
26.66 32.62 0 45.78 28.91 27.3 34.27 40.61 15.99 24.9 8.26 46.56 15.56 
67.98 71.31 45.33 0 30.11 68.94 100.63 102.44 57.51 49.88 53.24 104.78 57.39 
3.01 0 30.44 71.69 38.38 4.96 23.32 30.02 12.56 24.73 19.92 28.6 10.78 
26.66 32.62 0 45.78 28.91 27.3 34.27 40.61 15.99 24.9 8.26 46.56 15.56 
67.98 71.31 45.33 0 30.11 68.94 100.63 102.44 57.51 49.88 53.24 104.78 57.39 
30.82 34.08 22.87 34.52 0 31.93 54.14 60.3 26.72 19.1 28.92 59.09 25.51 
2.62 3.98 26.87 72.22 38.57 0 20.09 25.76 7.69 29.63 16.16 24.73 5.88 
23.96 24.36 35.62 86.58 65.67 20.36 0 3.14 28.68 47.72 26.4 9.18 27.04 
29.88 29.82 41.24 92.23 71.9 25.93 3.7 0 34.03 53.63 32.22 4.03 31.68 
6.56 11.67 15.77 60.72 29.39 7.28 27 33.15 0 23.25 5.37 32.15 1.12 
23.6 20.23 21.38 52.26 19.08 26.77 41.56 48.42 20.57 0 26.6 47.16 20.28 
12.69 17.65 9.51 55.18 36.19 13.38 21.01 27.76 5.94 31.38 0 33.25 3.7 
27.37 27.76 45.55 105.57 68.93 23.84 6.67 2.33 32.01 51.25 34.73 0 29.64 
30.82 34.08 22.87 34.52 0 31.93 54.14 60.3 26.72 19.1 28.92 59.09 25.51 
2.62 3.98 26.87 72.22 38.57 0 20.09 25.76 7.69 29.63 16.16 24.73 5.88 
23.96 24.36 35.62 86.58 65.67 20.36 0 3.14 28.68 47.72 26.4 9.18 27.04 
29.88 29.82 41.24 92.23 71.9 25.93 3.7 0 34.03 53.63 32.22 4.03 31.68 
6.56 11.67 15.77 60.72 29.39 7.28 27 33.15 0 23.25 5.37 32.15 1.12 
23.6 20.23 21.38 52.26 19.08 26.77 41.56 48.42 20.57 0 26.6 47.16 20.28 
12.69 17.65 9.51 55.18 36.19 13.38 21.01 27.76 5.94 31.38 0 33.25 3.7 
Dimension>25
Bandera>13
Fitness Greedy Costo>198.51
Solucion Greedy Costo>5 0 1 0 12 8 10 2 0 13 6 7 11 0 9 4 3 0 0 0 0 0 0 0 0 
Linea Vacia>
6.23 11.34 15.16 59.29 30.69 6.95 26.15 31.9 1.92 24.16 4.85 30.9 0 
27.37 27.76 45.55 105.57 68.93 23.84 6.67 2.33 32.01 51.25 34.73 0 29.64 
6.23 11.34 15.16 59.29 30.69 6.95 26.15 31.9 1.92 24.16 4.85 30.9 0 
Matriz de Costos>
0 3.75 27.36 71.81 39.09 2.18 19.29 25.7 8.23 28.88 16.67 24.66 6.42 
3.01 0 30.44 71.69 38.38 4.96 23.32 30.02 12.56 24.73 19.92 28.6 10.78 
26.66 32.62 0 45.78 28.91 27.3 34.27 40.61 15.99 24.9 8.26 46.56 15.56 
67.98 71.31 45.33 0 30.11 68.94 100.63 102.44 57.51 49.88 53.24 104.78 57.39 
30.82 34.08 22.87 34.52 0 31.93 54.14 60.3 26.72 19.1 28.92 59.09 25.51 
2.62 3.98 26.87 72.22 38.57 0 20.09 25.76 7.69 29.63 16.16 24.73 5.88 
23.96 24.36 35.62 86.58 65.67 20.36 0 3.14 28.68 47.72 26.4 9.18 27.04 
29.88 29.82 41.24 92.23 71.9 25.93 3.7 0 34.03 53.63 32.22 4.03 31.68 
6.56 11.67 15.77 60.72 29.39 7.28 27 33.15 0 23.25 5.37 32.15 1.12 
23.6 20.23 21.38 52.26 19.08 26.77 41.56 48.42 20.57 0 26.6 47.16 20.28 
12.69 17.65 9.51 55.18 36.19 13.38 21.01 27.76 5.94 31.38 0 33.25 3.7 
27.37 27.76 45.55 105.57 68.93 23.84 6.67 2.33 32.01 51.25 34.73 0 29.64 
6.23 11.34 15.16 59.29 30.69 6.95 26.15 31.9 1.92 24.16 4.85 30.9 0 
Dimension>25
Bandera>13
Fitness Greedy Costo>198.51
Solucion Greedy Costo>5 0 1 0 12 8 10 2 0 13 6 7 11 0 9 4 3 0 0 0 0 0 0 0 0 
Linea Vacia>
Matriz de Costos>
0 3.75 27.36 71.81 39.09 2.18 19.29 25.7 8.23 28.88 16.67 24.66 6.42 
3.01 0 30.44 71.69 38.38 4.96 23.32 30.02 12.56 24.73 19.92 28.6 10.78 
26.66 32.62 0 45.78 28.91 27.3 34.27 40.61 15.99 24.9 8.26 46.56 15.56 
67.98 71.31 45.33 0 30.11 68.94 100.63 102.44 57.51 49.88 53.24 104.78 57.39 
30.82 34.08 22.87 34.52 0 31.93 54.14 60.3 26.72 19.1 28.92 59.09 25.51 
2.62 3.98 26.87 72.22 38.57 0 20.09 25.76 7.69 29.63 16.16 24.73 5.88 
23.96 24.36 35.62 86.58 65.67 20.36 0 3.14 28.68 47.72 26.4 9.18 27.04 
29.88 29.82 41.24 92.23 71.9 25.93 3.7 0 34.03 53.63 32.22 4.03 31.68 
6.56 11.67 15.77 60.72 29.39 7.28 27 33.15 0 23.25 5.37 32.15 1.12 
23.6 20.23 21.38 52.26 19.08 26.77 41.56 48.42 20.57 0 26.6 47.16 20.28 
12.69 17.65 9.51 55.18 36.19 13.38 21.01 27.76 5.94 31.38 0 33.25 3.7 
27.37 27.76 45.55 105.57 68.93 23.84 6.67 2.33 32.01 51.25 34.73 0 29.64 
6.23 11.34 15.16 59.29 30.69 6.95 26.15 31.9 1.92 24.16 4.85 30.9 0 
GEN 0 385.840000
GEN 0 363.760000
GEN 0 346.720000
GEN 0 361.810000
TIEMPO 0 361.810000
TIEMPO 0 321.530000
TIEMPO 0 353.750000
TIEMPO 0 346.720000
GEN 0 333.640000
TIEMPO 0 306.320000
GEN 0 335.130000
TIEMPO 0 320.270000
GEN 0 330.160000
TIEMPO 0 330.160000
GEN 0 372.020000
TIEMPO 0 372.020000
GEN 0 331.830000
GEN 0 370.440000
GEN 0 359.230000
GEN 0 361.120000
TIEMPO 0 331.830000
TIEMPO 0 370.440000
TIEMPO 0 353.820000
TIEMPO 0 341.090000
GEN 0 320.460000
GEN 0 340.980000
TIEMPO 0 320.460000
TIEMPO 0 331.380000
GREEDY 0 0.008733
GEN 0 340.680000
TIEMPO 0 340.680000
GEN 0 310.060000
TIEMPO 0 310.060000
GEN 0 374.760000
TIEMPO 0 374.760000
GEN 0 388.620000
TIEMPO 0 388.620000
GEN 0 363.380000
TIEMPO 0 363.380000
GEN 0 354.470000
TIEMPO 0 332.560000
GREEDY 0 0.003716
GREEDY 0 0.011314
GREEDY 0 0.006442
GEN 0 313.840000
TIEMPO 0 313.840000
GREEDY 5 0.008005
GEN 0 376.030000
GEN 0 367.890000
TIEMPO 0 376.030000
TIEMPO 0 323.510000
GREEDY 5 0.014233
GEN 0 324.700000
TIEMPO 0 324.700000
GREEDY 0 0.025681
GREEDY 5 0.026282
GREEDY 0 0.025419
GREEDY 5 0.027336
GREEDY 5 0.026400
GREEDY 5 0.039925
GREEDY 0 0.029378
GREEDY 0 0.046668
GREEDY 0 0.054522
GREEDY 5 0.047437
GREEDY 0 0.070856
GREEDY 5 0.070935
GREEDY 5 0.090662
GREEDY 0 0.088331
GREEDY 0 0.100718
GREEDY 5 0.103894
GREEDY 0 0.109796
GEN 2500 181.360000
GEN 2500 185.900000
GEN 2500 200.770000
GEN 2500 201.270000
GREEDY 0 0.151705
GREEDY 0 0.150538
GREEDY 0 0.199486
GREEDY 5 0.199555
GREEDY 5 0.189714
GEN 2500 185.740000
GREEDY 0 0.233061
GREEDY 0 0.233956
GREEDY 5 0.234945
GREEDY 5 0.240847
GEN 2500 181.360000
GEN 2500 185.900000
GEN 2500 185.900000
GEN 5000 181.360000
GEN 2500 193.540000
GEN 2500 196.390000
GEN 2500 213.720000
GEN 2500 192.780000
GEN 2500 181.360000
GEN 5000 185.900000
GEN 5000 181.360000
GEN 2500 209.930000
GEN 2500 204.040000
GEN 2500 185.130000
GREEDY 0 0.268325
GEN 5000 200.770000
GEN 2500 181.360000
GEN 2500 181.360000
GREEDY 5 0.320450
GEN 2500 208.180000
GEN 5000 181.360000
GEN 2500 185.740000
GEN 7500 181.360000
GEN 5000 185.900000
GEN 7500 185.900000
GEN 5000 192.780000
GEN 7500 181.360000
GEN 5000 181.360000
GEN 5000 193.540000
GEN 5000 185.740000
GEN 5000 213.720000
GEN 2500 181.360000
GEN 5000 185.130000
GEN 7500 200.770000
GEN 5000 209.930000
GEN 2500 185.740000
GEN 2500 200.770000
GEN 2500 185.130000
GEN 5000 196.390000
GEN 5000 185.130000
GEN 7500 181.360000
GEN 5000 181.360000
GEN 10000 181.360000
TIEMPO 0.500264 181.360000
GEN 10000 185.900000
TIEMPO 0.513914 185.900000
GEN 5000 196.390000
GEN 7500 192.780000
GEN 10000 181.360000
TIEMPO 0.522116 181.360000
GEN 5000 181.360000
GEN 7500 181.360000
GEN 7500 185.900000
GEN 5000 208.180000
GEN 10000 200.770000
TIEMPO 0.543099 200.770000
GEN 7500 193.540000
GEN 7500 185.130000
GEN 7500 213.720000
GEN 5000 181.360000
GEN 7500 185.740000
GEN 7500 209.930000
GEN 10000 181.360000
TIEMPO 0.616927 181.360000
GEN 10000 192.780000
TIEMPO 0.638369 192.780000
GEN 7500 181.360000
GEN 10000 181.360000
TIEMPO 0.661412 181.360000
GEN 10000 185.900000
TIEMPO 0.661633 185.900000
GEN 10000 185.130000
TIEMPO 0.683584 185.130000
GEN 7500 196.390000
GEN 5000 185.740000
GEN 10000 193.540000
TIEMPO 0.701688 193.540000
GEN 7500 181.360000
GEN 10000 213.720000
TIEMPO 0.702889 213.720000
GEN 7500 181.360000
GEN 10000 185.740000
TIEMPO 0.747084 185.740000
GEN 10000 209.930000
TIEMPO 0.750778 209.930000
GEN 7500 208.180000
GEN 10000 181.360000
TIEMPO 0.767047 181.360000
GEN 5000 185.740000
GEN 5000 185.130000
GEN 5000 200.770000
GEN 7500 196.390000
GEN 7500 181.360000
GEN 10000 181.360000
TIEMPO 0.878591 181.360000
GEN 10000 181.360000
TIEMPO 0.945621 181.360000
GEN 10000 196.390000
TIEMPO 0.949755 196.390000
GEN 10000 208.180000
TIEMPO 0.947392 208.180000
TIEMPO 1 181.360000
TIEMPO 1 200.770000
TIEMPO 1 181.360000
TIEMPO 1 185.130000
GEN 7500 181.360000
TIEMPO 1 196.390000
TIEMPO 1 185.740000
GEN 10000 181.360000
TIEMPO 1.066848 181.360000
GEN 7500 185.130000
GEN 7500 200.770000
GEN 7500 185.740000
GEN 10000 196.390000
TIEMPO 1.100175 196.390000
GEN 10000 181.360000
TIEMPO 1.314851 181.360000
GEN 10000 185.130000
GEN 10000 185.740000
GEN 10000 200.770000
TIEMPO 1.420489 200.770000
TIEMPO 1.402467 185.740000
TIEMPO 1.404766 185.130000

 Current State ---------------------------------------------
Solution:  1 9 4 3 0 13 6 7 11 0 5 0 12 8 10 2 0 0 0 0 0 0 0 0 0 Fitness: 181.36

 :( ---------------------- THE END --------------- :) 
