Dimension>25
Bandera>13
Fitness Greedy Costo>198.51
Solucion Greedy Costo>5 0 1 0 12 8 10 2 0 13 6 7 11 0 9 4 3 0 0 0 0 0 0 0 0 
Linea Vacia>
Matriz de Costos>
0 3.75 27.36 71.81 39.09 2.18 19.29 25.7 8.23 28.88 16.67 24.66 6.42 
3.01 0 30.44 71.69 38.38 4.96 23.32 30.02 12.56 24.73 19.92 28.6 10.78 
26.66 32.62 0 45.78 28.91 27.3 34.27 40.61 15.99 24.9 8.26 46.56 15.56 
67.98 71.31 45.33 0 30.11 68.94 100.63 102.44 57.51 49.88 53.24 104.78 57.39 
30.82 34.08 22.87 34.52 0 31.93 54.14 60.3 26.72 19.1 28.92 59.09 25.51 
2.62 3.98 26.87 72.22 38.57 0 20.09 25.76 7.69 29.63 16.16 24.73 5.88 
23.96 24.36 35.62 86.58 65.67 20.36 0 3.14 28.68 47.72 26.4 9.18 27.04 
29.88 29.82 41.24 92.23 71.9 25.93 3.7 0 34.03 53.63 32.22 4.03 31.68 
6.56 11.67 15.77 60.72 29.39 7.28 27 33.15 0 23.25 5.37 32.15 1.12 
23.6 20.23 21.38 52.26 19.08 26.77 41.56 48.42 20.57 0 26.6 47.16 20.28 
12.69 17.65 9.51 55.18 36.19 13.38 21.01 27.76 5.94 31.38 0 33.25 3.7 
27.37 27.76 45.55 105.57 68.93 23.84 6.67 2.33 32.01 51.25 34.73 0 29.64 
6.23 11.34 15.16 59.29 30.69 6.95 26.15 31.9 1.92 24.16 4.85 30.9 0 
Dimension>25
Bandera>13
Fitness Greedy Costo>198.51
Solucion Greedy Costo>5 0 1 0 12 8 10 2 0 13 6 7 11 0 9 4 3 0 0 0 0 0 0 0 0 
Linea Vacia>
Matriz de Costos>
0 3.75 27.36 71.81 39.09 2.18 19.29 25.7 8.23 28.88 16.67 24.66 6.42 
3.01 0 30.44 71.69 38.38 4.96 23.32 30.02 12.56 24.73 19.92 28.6 10.78 
26.66 32.62 0 45.78 28.91 27.3 34.27 40.61 15.99 24.9 8.26 46.56 15.56 
67.98 71.31 45.33 0 30.11 68.94 100.63 102.44 57.51 49.88 53.24 104.78 57.39 
30.82 34.08 22.87 34.52 0 31.93 54.14 60.3 26.72 19.1 28.92 59.09 25.51 
2.62 3.98 26.87 72.22 38.57 0 20.09 25.76 7.69 29.63 16.16 24.73 5.88 
23.96 24.36 35.62 86.58 65.67 20.36 0 3.14 28.68 47.72 26.4 9.18 27.04 
29.88 29.82 41.24 92.23 71.9 25.93 3.7 0 34.03 53.63 32.22 4.03 31.68 
6.56 11.67 15.77 60.72 29.39 7.28 27 33.15 0 23.25 5.37 32.15 1.12 
23.6 20.23 21.38 52.26 19.08 26.77 41.56 48.42 20.57 0 26.6 47.16 20.28 
12.69 17.65 9.51 55.18 36.19 13.38 21.01 27.76 5.94 31.38 0 33.25 3.7 
27.37 27.76 45.55 105.57 68.93 23.84 6.67 2.33 32.01 51.25 34.73 0 29.64 
6.23 11.34 15.16 59.29 30.69 6.95 26.15 31.9 1.92 24.16 4.85 30.9 0 
Dimension>25
Bandera>13
Fitness Greedy Costo>198.51
Solucion Greedy Costo>5 0 1 0 12 8 10 2 0 13 6 7 11 0 9 4 3 0 0 0 0 0 0 0 0 
Linea Vacia>
Matriz de Costos>
0 3.75 27.36 71.81 39.09 2.18 19.29 25.7 8.23 28.88 16.67 24.66 6.42 
3.01 0 30.44 71.69 38.38 4.96 23.32 30.02 12.56 24.73 19.92 28.6 10.78 
26.66 32.62 0 45.78 28.91 27.3 34.27 40.61 15.99 24.9 8.26 46.56 15.56 
67.98 71.31 45.33 0 30.11 68.94 100.63 102.44 57.51 49.88 53.24 104.78 57.39 
30.82 34.08 22.87 34.52 0 31.93 54.14 60.3 26.72 19.1 28.92 59.09 25.51 
2.62 3.98 26.87 72.22 38.57 0 20.09 25.76 7.69 29.63 16.16 24.73 5.88 
23.96 24.36 35.62 86.58 65.67 20.36 0 3.14 28.68 47.72 26.4 9.18 27.04 
29.88 29.82 41.24 92.23 71.9 25.93 3.7 0 34.03 53.63 32.22 4.03 31.68 
6.56 11.67 15.77 60.72 29.39 7.28 27 33.15 0 23.25 5.37 32.15 1.12 
23.6 20.23 21.38 52.26 19.08 26.77 41.56 48.42 20.57 0 26.6 47.16 20.28 
12.69 17.65 9.51 55.18 36.19 13.38 21.01 27.76 5.94 31.38 0 33.25 3.7 
27.37 27.76 45.55 105.57 68.93 23.84 6.67 2.33 32.01 51.25 34.73 0 29.64 
6.23 11.34 15.16 59.29 30.69 6.95 26.15 31.9 1.92 24.16 4.85 30.9 0 
Dimension>25
Bandera>13
Fitness Greedy Costo>198.51
Solucion Greedy Costo>5 0 1 0 12 8 10 2 0 13 6 7 11 0 9 4 3 0 0 0 0 0 0 0 0 
Linea Vacia>
Matriz de Costos>
0 3.75 27.36 71.81 39.09 2.18 19.29 25.7 8.23 28.88 16.67 24.66 6.42 
3.01 0 30.44 71.69 38.38 4.96 23.32 30.02 12.56 24.73 19.92 28.6 10.78 
26.66 32.62 0 45.78 28.91 27.3 34.27 40.61 15.99 24.9 8.26 46.56 15.56 
67.98 71.31 45.33 0 30.11 68.94 100.63 102.44 57.51 49.88 53.24 104.78 57.39 
30.82 34.08 22.87 34.52 0 31.93 54.14 60.3 26.72 19.1 28.92 59.09 25.51 
2.62 3.98 26.87 72.22 38.57 0 20.09 25.76 7.69 29.63 16.16 24.73 5.88 
23.96 24.36 35.62 86.58 65.67 20.36 0 3.14 28.68 47.72 26.4 9.18 27.04 
29.88 29.82 41.24 92.23 71.9 25.93 3.7 0 34.03 53.63 32.22 4.03 31.68 
6.56 11.67 15.77 60.72 29.39 7.28 27 33.15 0 23.25 5.37 32.15 1.12 
23.6 20.23 21.38 52.26 19.08 26.77 41.56 48.42 20.57 0 26.6 47.16 20.28 
12.69 17.65 9.51 55.18 36.19 13.38 21.01 27.76 5.94 31.38 0 33.25 3.7 
27.37 27.76 45.55 105.57 68.93 23.84 6.67 2.33 32.01 51.25 34.73 0 29.64 
6.23 11.34 15.16 59.29 30.69 6.95 26.15 31.9 1.92 24.16 4.85 30.9 0 
Dimension>25
Bandera>13
Fitness Greedy Costo>198.51
Solucion Greedy Costo>5 0 1 0 12 8 10 2 0 13 6 7 11 0 9 4 3 0 0 0 0 0 0 0 0 
Linea Vacia>
Matriz de Costos>
0 3.75 27.36 71.81 39.09 2.18 19.29 25.7 8.23 28.88 16.67 24.66 6.42 
3.01 0 30.44 71.69 38.38 4.96 23.32 30.02 12.56 24.73 19.92 28.6 10.78 
26.66 32.62 0 45.78 28.91 27.3 34.27 40.61 15.99 24.9 8.26 46.56 15.56 
67.98 71.31 45.33 0 30.11 68.94 100.63 102.44 57.51 49.88 53.24 104.78 57.39 
30.82 34.08 22.87 34.52 0 31.93 54.14 60.3 26.72 19.1 28.92 59.09 25.51 
2.62 3.98 26.87 72.22 38.57 0 20.09 25.76 7.69 29.63 16.16 24.73 5.88 
23.96 24.36 35.62 86.58 65.67 20.36 0 3.14 28.68 47.72 26.4 9.18 27.04 
29.88 29.82 41.24 92.23 71.9 25.93 3.7 0 34.03 53.63 32.22 4.03 31.68 
6.56 11.67 15.77 60.72 29.39 7.28 27 33.15 0 23.25 5.37 32.15 1.12 
23.6 20.23 21.38 52.26 19.08 26.77 41.56 48.42 20.57 0 26.6 47.16 20.28 
12.69 17.65 9.51 55.18 36.19 13.38 21.01 27.76 5.94 31.38 0 33.25 3.7 
27.37 27.76 45.55 105.57 68.93 23.84 6.67 2.33 32.01 51.25 34.73 0 29.64 
6.23 11.34 15.16 59.29 30.69 6.95 26.15 31.9 1.92 24.16 4.85 30.9 0 
Dimension>25
Bandera>13
Fitness Greedy Costo>198.51
Solucion Greedy Costo>5 0 1 0 12 8 10 2 0 13 6 7 11 0 9 4 3 0 0 0 0 0 0 0 0 
Linea Vacia>
Matriz de Costos>
0 3.75 27.36 71.81 39.09 2.18 19.29 25.7 8.23 28.88 16.67 24.66 6.42 
3.01 0 30.44 71.69 38.38 4.96 23.32 30.02 12.56 24.73 19.92 28.6 10.78 
26.66 32.62 0 45.78 28.91 27.3 34.27 40.61 15.99 24.9 8.26 46.56 15.56 
67.98 71.31 45.33 0 30.11 68.94 100.63 102.44 57.51 49.88 53.24 104.78 57.39 
30.82 34.08 22.87 34.52 0 31.93 54.14 60.3 26.72 19.1 28.92 59.09 25.51 
2.62 3.98 26.87 72.22 38.57 0 20.09 25.76 7.69 29.63 16.16 24.73 5.88 
23.96 24.36 35.62 86.58 65.67 20.36 0 3.14 28.68 47.72 26.4 9.18 27.04 
29.88 29.82 41.24 92.23 71.9 25.93 3.7 0 34.03 53.63 32.22 4.03 31.68 
6.56 11.67 15.77 60.72 29.39 7.28 27 33.15 0 23.25 5.37 32.15 1.12 
23.6 20.23 21.38 52.26 19.08 26.77 41.56 48.42 20.57 0 26.6 47.16 20.28 
12.69 17.65 9.51 55.18 36.19 13.38 21.01 27.76 5.94 31.38 0 33.25 3.7 
27.37 27.76 45.55 105.57 68.93 23.84 6.67 2.33 32.01 51.25 34.73 0 29.64 
6.23 11.34 15.16 59.29 30.69 6.95 26.15 31.9 1.92 24.16 4.85 30.9 0 
Dimension>25
Bandera>13
Fitness Greedy Costo>198.51
Solucion Greedy Costo>5 0 1 0 12 8 10 2 0 13 6 7 11 0 9 4 3 0 0 0 0 0 0 0 0 
Linea Vacia>
Matriz de Costos>
0 3.75 27.36 71.81 39.09 2.18 19.29 25.7 8.23 28.88 16.67 24.66 6.42 
3.01 0 30.44 71.69 38.38 4.96 23.32 30.02 12.56 24.73 19.92 28.6 10.78 
26.66 32.62 0 45.78 28.91 27.3 34.27 40.61 15.99 24.9 8.26 46.56 15.56 
67.98 71.31 45.33 0 30.11 68.94 100.63 102.44 57.51 49.88 53.24 104.78 57.39 
30.82 34.08 22.87 34.52 0 31.93 54.14 60.3 26.72 19.1 28.92 59.09 25.51 
2.62 3.98 26.87 72.22 38.57 0 20.09 25.76 7.69 29.63 16.16 24.73 5.88 
23.96 24.36 35.62 86.58 65.67 20.36 0 3.14 28.68 47.72 26.4 9.18 27.04 
29.88 29.82 41.24 92.23 71.9 25.93 3.7 0 34.03 53.63 32.22 4.03 31.68 
Dimension>25
Bandera>13
Fitness Greedy Costo>198.51
Solucion Greedy Costo>5 0 1 0 12 8 10 2 0 13 6 7 11 0 9 4 3 0 0 0 0 0 0 0 0 
Linea Vacia>
Matriz de Costos>
0 3.75 27.36 71.81 39.09 2.18 19.29 25.7 8.23 28.88 16.67 24.66 6.42 
3.01 0 30.44 71.69 38.38 4.96 23.32 30.02 12.56 24.73 19.92 28.6 10.78 
26.66 32.62 0 45.78 28.91 27.3 34.27 40.61 15.99 24.9 8.26 46.56 15.56 
67.98 71.31 45.33 0 30.11 68.94 100.63 102.44 57.51 49.88 53.24 104.78 57.39 
30.82 34.08 22.87 34.52 0 31.93 54.14 60.3 26.72 19.1 28.92 59.09 25.51 
2.62 3.98 26.87 72.22 38.57 0 20.09 25.76 7.69 29.63 16.16 24.73 5.88 
23.96 24.36 35.62 86.58 65.67 20.36 0 3.14 28.68 47.72 26.4 9.18 27.04 
29.88 29.82 41.24 92.23 71.9 25.93 3.7 0 34.03 53.63 32.22 4.03 31.68 
6.56 11.67 15.77 60.72 29.39 7.28 27 33.15 0 23.25 5.37 32.15 1.12 
23.6 20.23 21.38 52.26 19.08 26.77 41.56 48.42 20.57 0 26.6 47.16 20.28 
12.69 17.65 9.51 55.18 36.19 13.38 21.01 27.76 5.94 31.38 0 33.25 3.7 
27.37 27.76 45.55 105.57 68.93 23.84 6.67 2.33 32.01 51.25 34.73 0 29.64 
6.23 11.34 15.16 59.29 30.69 6.95 26.15 31.9 1.92 24.16 4.85 30.9 0 
Dimension>25
Bandera>13
Fitness Greedy Costo>198.51
Solucion Greedy Costo>5 0 1 0 12 8 10 2 0 13 6 7 11 0 9 4 3 0 0 0 0 0 0 0 0 
Linea Vacia>
Matriz de Costos>
0 3.75 27.36 71.81 39.09 2.18 19.29 25.7 8.23 28.88 16.67 24.66 6.42 
3.01 0 30.44 71.69 38.38 4.96 23.32 30.02 12.56 24.73 19.92 28.6 10.78 
26.66 32.62 0 45.78 28.91 27.3 34.27 40.61 15.99 24.9 8.26 46.56 15.56 
67.98 71.31 45.33 0 30.11 68.94 100.63 102.44 57.51 49.88 53.24 104.78 57.39 
30.82 34.08 22.87 34.52 0 31.93 54.14 60.3 26.72 19.1 28.92 59.09 25.51 
2.62 3.98 26.87 72.22 38.57 0 20.09 25.76 7.69 29.63 16.16 24.73 5.88 
23.96 24.36 35.62 86.58 65.67 20.36 0 3.14 28.68 47.72 26.4 9.18 27.04 
29.88 29.82 41.24 92.23 71.9 25.93 3.7 0 34.03 53.63 32.22 4.03 31.68 
6.56 11.67 15.77 60.72 29.39 7.28 27 33.15 0 23.25 5.37 32.15 1.12 
23.6 20.23 21.38 52.26 19.08 26.77 41.56 48.42 20.57 0 26.6 47.16 20.28 
Dimension>25
Bandera>13
Fitness Greedy Costo>198.51
Solucion Greedy Costo>5 0 1 0 12 8 10 2 0 13 6 7 11 0 9 4 3 0 0 0 0 0 0 0 0 
Linea Vacia>
Matriz de Costos>
0 3.75 27.36 71.81 39.09 2.18 19.29 25.7 8.23 28.88 16.67 24.66 6.42 
Dimension>25
Bandera>13
Fitness Greedy Costo>198.51
Solucion Greedy Costo>5 0 1 0 12 8 10 2 0 13 6 7 11 0 9 4 3 0 0 0 0 0 0 0 0 
Linea Vacia>
6.56 11.67 15.77 60.72 29.39 7.28 27 33.15 0 23.25 5.37 32.15 1.12 
23.6 20.23 21.38 52.26 19.08 26.77 41.56 48.42 20.57 0 26.6 47.16 20.28 
12.69 17.65 9.51 55.18 36.19 13.38 21.01 27.76 5.94 31.38 0 33.25 3.7 
27.37 27.76 45.55 105.57 68.93 23.84 6.67 2.33 32.01 51.25 34.73 0 29.64 
6.23 11.34 15.16 59.29 30.69 6.95 26.15 31.9 1.92 24.16 4.85 30.9 0 
12.69 17.65 9.51 55.18 36.19 13.38 21.01 27.76 5.94 31.38 0 33.25 3.7 
27.37 27.76 45.55 105.57 68.93 23.84 6.67 2.33 32.01 51.25 34.73 0 29.64 
6.23 11.34 15.16 59.29 30.69 6.95 26.15 31.9 1.92 24.16 4.85 30.9 0 
3.01 0 30.44 71.69 38.38 4.96 23.32 30.02 12.56 24.73 19.92 28.6 10.78 
26.66 32.62 0 45.78 28.91 27.3 34.27 40.61 15.99 24.9 8.26 46.56 15.56 
67.98 71.31 45.33 0 30.11 68.94 100.63 102.44 57.51 49.88 53.24 104.78 57.39 
30.82 34.08 22.87 34.52 0 31.93 54.14 60.3 26.72 19.1 28.92 59.09 25.51 
Matriz de Costos>
0 3.75 27.36 71.81 39.09 2.18 19.29 25.7 8.23 28.88 16.67 24.66 6.42 
3.01 0 30.44 71.69 38.38 4.96 23.32 30.02 12.56 24.73 19.92 28.6 10.78 
26.66 32.62 0 45.78 28.91 27.3 34.27 40.61 15.99 24.9 8.26 46.56 15.56 
67.98 71.31 45.33 0 30.11 68.94 100.63 102.44 57.51 49.88 53.24 104.78 57.39 
30.82 34.08 22.87 34.52 0 31.93 54.14 60.3 26.72 19.1 28.92 59.09 25.51 
2.62 3.98 26.87 72.22 38.57 0 20.09 25.76 7.69 29.63 16.16 24.73 5.88 
23.96 24.36 35.62 86.58 65.67 20.36 0 3.14 28.68 47.72 26.4 9.18 27.04 
2.62 3.98 26.87 72.22 38.57 0 20.09 25.76 7.69 29.63 16.16 24.73 5.88 
23.96 24.36 35.62 86.58 65.67 20.36 0 3.14 28.68 47.72 26.4 9.18 27.04 
29.88 29.82 41.24 92.23 71.9 25.93 3.7 0 34.03 53.63 32.22 4.03 31.68 
6.56 11.67 15.77 60.72 29.39 7.28 27 33.15 0 23.25 5.37 32.15 1.12 
23.6 20.23 21.38 52.26 19.08 26.77 41.56 48.42 20.57 0 26.6 47.16 20.28 
29.88 29.82 41.24 92.23 71.9 25.93 3.7 0 34.03 53.63 32.22 4.03 31.68 
6.56 11.67 15.77 60.72 29.39 7.28 27 33.15 0 23.25 5.37 32.15 1.12 
23.6 20.23 21.38 52.26 19.08 26.77 41.56 48.42 20.57 0 26.6 47.16 20.28 
12.69 17.65 9.51 55.18 36.19 13.38 21.01 27.76 5.94 31.38 0 33.25 3.7 
27.37 27.76 45.55 105.57 68.93 23.84 6.67 2.33 32.01 51.25 34.73 0 29.64 
6.23 11.34 15.16 59.29 30.69 6.95 26.15 31.9 1.92 24.16 4.85 30.9 0 
12.69 17.65 9.51 55.18 36.19 13.38 21.01 27.76 5.94 31.38 0 33.25 3.7 
27.37 27.76 45.55 105.57 68.93 23.84 6.67 2.33 32.01 51.25 34.73 0 29.64 
6.23 11.34 15.16 59.29 30.69 6.95 26.15 31.9 1.92 24.16 4.85 30.9 0 
Dimension>25
Bandera>13
Fitness Greedy Costo>198.51
Solucion Greedy Costo>5 0 1 0 12 8 10 2 0 13 6 7 11 0 9 4 3 0 0 0 0 0 0 0 0 
Linea Vacia>
Dimension>25
Bandera>13
Fitness Greedy Costo>198.51
Solucion Greedy Costo>5 0 1 0 12 8 10 2 0 13 6 7 11 0 9 4 3 0 0 0 0 0 0 0 0 
Linea Vacia>
Matriz de Costos>
0 3.75 27.36 71.81 39.09 2.18 19.29 25.7 8.23 28.88 16.67 24.66 6.42 
3.01 0 30.44 71.69 38.38 4.96 23.32 30.02 12.56 24.73 19.92 28.6 10.78 
26.66 32.62 0 45.78 28.91 27.3 34.27 40.61 15.99 24.9 8.26 46.56 15.56 
67.98 71.31 45.33 0 30.11 68.94 100.63 102.44 57.51 49.88 53.24 104.78 57.39 
30.82 34.08 22.87 34.52 0 31.93 54.14 60.3 26.72 19.1 28.92 59.09 25.51 
2.62 3.98 26.87 72.22 38.57 0 20.09 25.76 7.69 29.63 16.16 24.73 5.88 
23.96 24.36 35.62 86.58 65.67 20.36 0 3.14 28.68 47.72 26.4 9.18 27.04 
29.88 29.82 41.24 92.23 71.9 25.93 3.7 0 34.03 53.63 32.22 4.03 31.68 
6.56 11.67 15.77 60.72 29.39 7.28 27 33.15 0 23.25 5.37 32.15 1.12 
23.6 20.23 21.38 52.26 19.08 26.77 41.56 48.42 20.57 0 26.6 47.16 20.28 
12.69 17.65 9.51 55.18 36.19 13.38 21.01 27.76 5.94 31.38 0 33.25 3.7 
27.37 27.76 45.55 105.57 68.93 23.84 6.67 2.33 32.01 51.25 34.73 0 29.64 
Dimension>25
Bandera>13
Fitness Greedy Costo>198.51
Solucion Greedy Costo>5 0 1 0 12 8 10 2 0 13 6 7 11 0 9 4 3 0 0 0 0 0 0 0 0 
Linea Vacia>
Dimension>25
Bandera>13
Fitness Greedy Costo>198.51
Solucion Greedy Costo>5 0 1 0 12 8 10 2 0 13 6 7 11 0 9 4 3 0 0 0 0 0 0 0 0 
Linea Vacia>
6.23 11.34 15.16 59.29 30.69 6.95 26.15 31.9 1.92 24.16 4.85 30.9 0 
Matriz de Costos>
0 3.75 27.36 71.81 39.09 2.18 19.29 25.7 8.23 28.88 16.67 24.66 6.42 
3.01 0 30.44 71.69 38.38 4.96 23.32 30.02 12.56 24.73 19.92 28.6 10.78 
26.66 32.62 0 45.78 28.91 27.3 34.27 40.61 15.99 24.9 8.26 46.56 15.56 
67.98 71.31 45.33 0 30.11 68.94 100.63 102.44 57.51 49.88 53.24 104.78 57.39 
30.82 34.08 22.87 34.52 0 31.93 54.14 60.3 26.72 19.1 28.92 59.09 25.51 
Matriz de Costos>
0 3.75 27.36 71.81 39.09 2.18 19.29 25.7 8.23 28.88 16.67 24.66 6.42 
3.01 0 30.44 71.69 38.38 4.96 23.32 30.02 12.56 24.73 19.92 28.6 10.78 
26.66 32.62 0 45.78 28.91 27.3 34.27 40.61 15.99 24.9 8.26 46.56 15.56 
67.98 71.31 45.33 0 30.11 68.94 100.63 102.44 57.51 49.88 53.24 104.78 57.39 
Dimension>25
Bandera>13
Fitness Greedy Costo>198.51
Solucion Greedy Costo>5 0 1 0 12 8 10 2 0 13 6 7 11 0 9 4 3 0 0 0 0 0 0 0 0 
Linea Vacia>
Matriz de Costos>
0 3.75 27.36 71.81 39.09 2.18 19.29 25.7 8.23 28.88 16.67 24.66 6.42 
3.01 0 30.44 71.69 38.38 4.96 23.32 30.02 12.56 24.73 19.92 28.6 10.78 
26.66 32.62 0 45.78 28.91 27.3 34.27 40.61 15.99 24.9 8.26 46.56 15.56 
67.98 71.31 45.33 0 30.11 68.94 100.63 102.44 57.51 49.88 53.24 104.78 57.39 
30.82 34.08 22.87 34.52 0 31.93 54.14 60.3 26.72 19.1 28.92 59.09 25.51 
2.62 3.98 26.87 72.22 38.57 0 20.09 25.76 7.69 29.63 16.16 24.73 5.88 
2.62 3.98 26.87 72.22 38.57 0 20.09 25.76 7.69 29.63 16.16 24.73 5.88 
23.96 24.36 35.62 86.58 65.67 20.36 0 3.14 28.68 47.72 26.4 9.18 27.04 
29.88 29.82 41.24 92.23 71.9 25.93 3.7 0 34.03 53.63 32.22 4.03 31.68 
6.56 11.67 15.77 60.72 29.39 7.28 27 33.15 0 23.25 5.37 32.15 1.12 
23.6 20.23 21.38 52.26 19.08 26.77 41.56 48.42 20.57 0 26.6 47.16 20.28 
30.82 34.08 22.87 34.52 0 31.93 54.14 60.3 26.72 19.1 28.92 59.09 25.51 
2.62 3.98 26.87 72.22 38.57 0 20.09 25.76 7.69 29.63 16.16 24.73 5.88 
23.96 24.36 35.62 86.58 65.67 20.36 0 3.14 28.68 47.72 26.4 9.18 27.04 
29.88 29.82 41.24 92.23 71.9 25.93 3.7 0 34.03 53.63 32.22 4.03 31.68 
6.56 11.67 15.77 60.72 29.39 7.28 27 33.15 0 23.25 5.37 32.15 1.12 
Dimension>25
Bandera>13
Fitness Greedy Costo>198.51
Solucion Greedy Costo>5 0 1 0 12 8 10 2 0 13 6 7 11 0 9 4 3 0 0 0 0 0 0 0 0 
Linea Vacia>
23.96 24.36 35.62 86.58 65.67 20.36 0 3.14 28.68 47.72 26.4 9.18 27.04 
29.88 29.82 41.24 92.23 71.9 25.93 3.7 0 34.03 53.63 32.22 4.03 31.68 
12.69 17.65 9.51 55.18 36.19 13.38 21.01 27.76 5.94 31.38 0 33.25 3.7 
27.37 27.76 45.55 105.57 68.93 23.84 6.67 2.33 32.01 51.25 34.73 0 29.64 
6.23 11.34 15.16 59.29 30.69 6.95 26.15 31.9 1.92 24.16 4.85 30.9 0 
23.6 20.23 21.38 52.26 19.08 26.77 41.56 48.42 20.57 0 26.6 47.16 20.28 
12.69 17.65 9.51 55.18 36.19 13.38 21.01 27.76 5.94 31.38 0 33.25 3.7 
27.37 27.76 45.55 105.57 68.93 23.84 6.67 2.33 32.01 51.25 34.73 0 29.64 
Matriz de Costos>
0 3.75 27.36 71.81 39.09 2.18 19.29 25.7 8.23 28.88 16.67 24.66 6.42 
3.01 0 30.44 71.69 38.38 4.96 23.32 30.02 12.56 24.73 19.92 28.6 10.78 
26.66 32.62 0 45.78 28.91 27.3 34.27 40.61 15.99 24.9 8.26 46.56 15.56 
67.98 71.31 45.33 0 30.11 68.94 100.63 102.44 57.51 49.88 53.24 104.78 57.39 
30.82 34.08 22.87 34.52 0 31.93 54.14 60.3 26.72 19.1 28.92 59.09 25.51 
2.62 3.98 26.87 72.22 38.57 0 20.09 25.76 7.69 29.63 16.16 24.73 5.88 
23.96 24.36 35.62 86.58 65.67 20.36 0 3.14 28.68 47.72 26.4 9.18 27.04 
29.88 29.82 41.24 92.23 71.9 25.93 3.7 0 34.03 53.63 32.22 4.03 31.68 
6.23 11.34 15.16 59.29 30.69 6.95 26.15 31.9 1.92 24.16 4.85 30.9 0 
6.56 11.67 15.77 60.72 29.39 7.28 27 33.15 0 23.25 5.37 32.15 1.12 
23.6 20.23 21.38 52.26 19.08 26.77 41.56 48.42 20.57 0 26.6 47.16 20.28 
12.69 17.65 9.51 55.18 36.19 13.38 21.01 27.76 5.94 31.38 0 33.25 3.7 
27.37 27.76 45.55 105.57 68.93 23.84 6.67 2.33 32.01 51.25 34.73 0 29.64 
6.56 11.67 15.77 60.72 29.39 7.28 27 33.15 0 23.25 5.37 32.15 1.12 
23.6 20.23 21.38 52.26 19.08 26.77 41.56 48.42 20.57 0 26.6 47.16 20.28 
12.69 17.65 9.51 55.18 36.19 13.38 21.01 27.76 5.94 31.38 0 33.25 3.7 
27.37 27.76 45.55 105.57 68.93 23.84 6.67 2.33 32.01 51.25 34.73 0 29.64 
Matriz de Costos>
0 3.75 27.36 71.81 39.09 2.18 19.29 25.7 8.23 28.88 16.67 24.66 6.42 
3.01 0 30.44 71.69 38.38 4.96 23.32 30.02 12.56 24.73 19.92 28.6 10.78 
26.66 32.62 0 45.78 28.91 27.3 34.27 40.61 15.99 24.9 8.26 46.56 15.56 
6.23 11.34 15.16 59.29 30.69 6.95 26.15 31.9 1.92 24.16 4.85 30.9 0 
67.98 71.31 45.33 0 30.11 68.94 100.63 102.44 57.51 49.88 53.24 104.78 57.39 
30.82 34.08 22.87 34.52 0 31.93 54.14 60.3 26.72 19.1 28.92 59.09 25.51 
6.23 11.34 15.16 59.29 30.69 6.95 26.15 31.9 1.92 24.16 4.85 30.9 0 
2.62 3.98 26.87 72.22 38.57 0 20.09 25.76 7.69 29.63 16.16 24.73 5.88 
23.96 24.36 35.62 86.58 65.67 20.36 0 3.14 28.68 47.72 26.4 9.18 27.04 
29.88 29.82 41.24 92.23 71.9 25.93 3.7 0 34.03 53.63 32.22 4.03 31.68 
6.56 11.67 15.77 60.72 29.39 7.28 27 33.15 0 23.25 5.37 32.15 1.12 
23.6 20.23 21.38 52.26 19.08 26.77 41.56 48.42 20.57 0 26.6 47.16 20.28 
12.69 17.65 9.51 55.18 36.19 13.38 21.01 27.76 5.94 31.38 0 33.25 3.7 
27.37 27.76 45.55 105.57 68.93 23.84 6.67 2.33 32.01 51.25 34.73 0 29.64 
6.23 11.34 15.16 59.29 30.69 6.95 26.15 31.9 1.92 24.16 4.85 30.9 0 
Dimension>25
Bandera>13
Fitness Greedy Costo>198.51
Solucion Greedy Costo>5 0 1 0 12 8 10 2 0 13 6 7 11 0 9 4 3 0 0 0 0 0 0 0 0 
Linea Vacia>
Matriz de Costos>
0 3.75 27.36 71.81 39.09 2.18 19.29 25.7 8.23 28.88 16.67 24.66 6.42 
3.01 0 30.44 71.69 38.38 4.96 23.32 30.02 12.56 24.73 19.92 28.6 10.78 
Dimension>25
Bandera>13
Fitness Greedy Costo>198.51
Solucion Greedy Costo>5 0 1 0 12 8 10 2 0 13 6 7 11 0 9 4 3 0 0 0 0 0 0 0 0 
Linea Vacia>
Matriz de Costos>
0 3.75 27.36 71.81 39.09 2.18 19.29 25.7 8.23 28.88 16.67 24.66 6.42 
3.01 0 30.44 71.69 38.38 4.96 23.32 30.02 12.56 24.73 19.92 28.6 10.78 
26.66 32.62 0 45.78 28.91 27.3 34.27 40.61 15.99 24.9 8.26 46.56 15.56 
67.98 71.31 45.33 0 30.11 68.94 100.63 102.44 57.51 49.88 53.24 104.78 57.39 
30.82 34.08 22.87 34.52 0 31.93 54.14 60.3 26.72 19.1 28.92 59.09 25.51 
2.62 3.98 26.87 72.22 38.57 0 20.09 25.76 7.69 29.63 16.16 24.73 5.88 
23.96 24.36 35.62 86.58 65.67 20.36 0 3.14 28.68 47.72 26.4 9.18 27.04 
29.88 29.82 41.24 92.23 71.9 25.93 3.7 0 34.03 53.63 32.22 4.03 31.68 
6.56 11.67 15.77 60.72 29.39 7.28 27 33.15 0 23.25 5.37 32.15 1.12 
23.6 20.23 21.38 52.26 19.08 26.77 41.56 48.42 20.57 0 26.6 47.16 20.28 
12.69 17.65 9.51 55.18 36.19 13.38 21.01 27.76 5.94 31.38 0 33.25 3.7 
Dimension>25
Bandera>13
Fitness Greedy Costo>198.51
Solucion Greedy Costo>5 0 1 0 12 8 10 2 0 13 6 7 11 0 9 4 3 0 0 0 0 0 0 0 0 
Linea Vacia>
Dimension>25
Bandera>13
Fitness Greedy Costo>198.51
Solucion Greedy Costo>5 0 1 0 12 8 10 2 0 13 6 7 11 0 9 4 3 0 0 0 0 0 0 0 0 
Linea Vacia>
26.66 32.62 0 45.78 28.91 27.3 34.27 40.61 15.99 24.9 8.26 46.56 15.56 
67.98 71.31 45.33 0 30.11 68.94 100.63 102.44 57.51 49.88 53.24 104.78 57.39 
30.82 34.08 22.87 34.52 0 31.93 54.14 60.3 26.72 19.1 28.92 59.09 25.51 
2.62 3.98 26.87 72.22 38.57 0 20.09 25.76 7.69 29.63 16.16 24.73 5.88 
23.96 24.36 35.62 86.58 65.67 20.36 0 3.14 28.68 47.72 26.4 9.18 27.04 
29.88 29.82 41.24 92.23 71.9 25.93 3.7 0 34.03 53.63 32.22 4.03 31.68 
6.56 11.67 15.77 60.72 29.39 7.28 27 33.15 0 23.25 5.37 32.15 1.12 
27.37 27.76 45.55 105.57 68.93 23.84 6.67 2.33 32.01 51.25 34.73 0 29.64 
6.23 11.34 15.16 59.29 30.69 6.95 26.15 31.9 1.92 24.16 4.85 30.9 0 
Matriz de Costos>
0 3.75 27.36 71.81 39.09 2.18 19.29 25.7 8.23 28.88 16.67 24.66 6.42 
3.01 0 30.44 71.69 38.38 4.96 23.32 30.02 12.56 24.73 19.92 28.6 10.78 
26.66 32.62 0 45.78 28.91 27.3 34.27 40.61 15.99 24.9 8.26 46.56 15.56 
67.98 71.31 45.33 0 30.11 68.94 100.63 102.44 57.51 49.88 53.24 104.78 57.39 
30.82 34.08 22.87 34.52 0 31.93 54.14 60.3 26.72 19.1 28.92 59.09 25.51 
2.62 3.98 26.87 72.22 38.57 0 20.09 25.76 7.69 29.63 16.16 24.73 5.88 
23.96 24.36 35.62 86.58 65.67 20.36 0 3.14 28.68 47.72 26.4 9.18 27.04 
23.6 20.23 21.38 52.26 19.08 26.77 41.56 48.42 20.57 0 26.6 47.16 20.28 
12.69 17.65 9.51 55.18 36.19 13.38 21.01 27.76 5.94 31.38 0 33.25 3.7 
27.37 27.76 45.55 105.57 68.93 23.84 6.67 2.33 32.01 51.25 34.73 0 29.64 
6.23 11.34 15.16 59.29 30.69 6.95 26.15 31.9 1.92 24.16 4.85 30.9 0 
29.88 29.82 41.24 92.23 71.9 25.93 3.7 0 34.03 53.63 32.22 4.03 31.68 
6.56 11.67 15.77 60.72 29.39 7.28 27 33.15 0 23.25 5.37 32.15 1.12 
23.6 20.23 21.38 52.26 19.08 26.77 41.56 48.42 20.57 0 26.6 47.16 20.28 
12.69 17.65 9.51 55.18 36.19 13.38 21.01 27.76 5.94 31.38 0 33.25 3.7 
27.37 27.76 45.55 105.57 68.93 23.84 6.67 2.33 32.01 51.25 34.73 0 29.64 
6.23 11.34 15.16 59.29 30.69 6.95 26.15 31.9 1.92 24.16 4.85 30.9 0 
Matriz de Costos>
0 3.75 27.36 71.81 39.09 2.18 19.29 25.7 8.23 28.88 16.67 24.66 6.42 
3.01 0 30.44 71.69 38.38 4.96 23.32 30.02 12.56 24.73 19.92 28.6 10.78 
26.66 32.62 0 45.78 28.91 27.3 34.27 40.61 15.99 24.9 8.26 46.56 15.56 
67.98 71.31 45.33 0 30.11 68.94 100.63 102.44 57.51 49.88 53.24 104.78 57.39 
30.82 34.08 22.87 34.52 0 31.93 54.14 60.3 26.72 19.1 28.92 59.09 25.51 
2.62 3.98 26.87 72.22 38.57 0 20.09 25.76 7.69 29.63 16.16 24.73 5.88 
23.96 24.36 35.62 86.58 65.67 20.36 0 3.14 28.68 47.72 26.4 9.18 27.04 
29.88 29.82 41.24 92.23 71.9 25.93 3.7 0 34.03 53.63 32.22 4.03 31.68 
6.56 11.67 15.77 60.72 29.39 7.28 27 33.15 0 23.25 5.37 32.15 1.12 
23.6 20.23 21.38 52.26 19.08 26.77 41.56 48.42 20.57 0 26.6 47.16 20.28 
12.69 17.65 9.51 55.18 36.19 13.38 21.01 27.76 5.94 31.38 0 33.25 3.7 
27.37 27.76 45.55 105.57 68.93 23.84 6.67 2.33 32.01 51.25 34.73 0 29.64 
6.23 11.34 15.16 59.29 30.69 6.95 26.15 31.9 1.92 24.16 4.85 30.9 0 
Dimension>25
Bandera>13
Fitness Greedy Costo>198.51
Solucion Greedy Costo>5 0 1 0 12 8 10 2 0 13 6 7 11 0 9 4 3 0 0 0 0 0 0 0 0 
Linea Vacia>
Matriz de Costos>
0 3.75 27.36 71.81 39.09 2.18 19.29 25.7 8.23 28.88 16.67 24.66 6.42 
3.01 0 30.44 71.69 38.38 4.96 23.32 30.02 12.56 24.73 19.92 28.6 10.78 
26.66 32.62 0 45.78 28.91 27.3 34.27 40.61 15.99 24.9 8.26 46.56 15.56 
67.98 71.31 45.33 0 30.11 68.94 100.63 102.44 57.51 49.88 53.24 104.78 57.39 
30.82 34.08 22.87 34.52 0 31.93 54.14 60.3 26.72 19.1 28.92 59.09 25.51 
2.62 3.98 26.87 72.22 38.57 0 20.09 25.76 7.69 29.63 16.16 24.73 5.88 
23.96 24.36 35.62 86.58 65.67 20.36 0 3.14 28.68 47.72 26.4 9.18 27.04 
29.88 29.82 41.24 92.23 71.9 25.93 3.7 0 34.03 53.63 32.22 4.03 31.68 
6.56 11.67 15.77 60.72 29.39 7.28 27 33.15 0 23.25 5.37 32.15 1.12 
23.6 20.23 21.38 52.26 19.08 26.77 41.56 48.42 20.57 0 26.6 47.16 20.28 
12.69 17.65 9.51 55.18 36.19 13.38 21.01 27.76 5.94 31.38 0 33.25 3.7 
27.37 27.76 45.55 105.57 68.93 23.84 6.67 2.33 32.01 51.25 34.73 0 29.64 
6.23 11.34 15.16 59.29 30.69 6.95 26.15 31.9 1.92 24.16 4.85 30.9 0 
Dimension>25
Bandera>13
Fitness Greedy Costo>198.51
Solucion Greedy Costo>5 0 1 0 12 8 10 2 0 13 6 7 11 0 9 4 3 0 0 0 0 0 0 0 0 
Linea Vacia>
Matriz de Costos>
0 3.75 27.36 71.81 39.09 2.18 19.29 25.7 8.23 28.88 16.67 24.66 6.42 
3.01 0 30.44 71.69 38.38 4.96 23.32 30.02 12.56 24.73 19.92 28.6 10.78 
26.66 32.62 0 45.78 28.91 27.3 34.27 40.61 15.99 24.9 8.26 46.56 15.56 
67.98 71.31 45.33 0 30.11 68.94 100.63 102.44 57.51 49.88 53.24 104.78 57.39 
30.82 34.08 22.87 34.52 0 31.93 54.14 60.3 26.72 19.1 28.92 59.09 25.51 
2.62 3.98 26.87 72.22 38.57 0 20.09 25.76 7.69 29.63 16.16 24.73 5.88 
23.96 24.36 35.62 86.58 65.67 20.36 0 3.14 28.68 47.72 26.4 9.18 27.04 
29.88 29.82 41.24 92.23 71.9 25.93 3.7 0 34.03 53.63 32.22 4.03 31.68 
6.56 11.67 15.77 60.72 29.39 7.28 27 33.15 0 23.25 5.37 32.15 1.12 
23.6 20.23 21.38 52.26 19.08 26.77 41.56 48.42 20.57 0 26.6 47.16 20.28 
12.69 17.65 9.51 55.18 36.19 13.38 21.01 27.76 5.94 31.38 0 33.25 3.7 
27.37 27.76 45.55 105.57 68.93 23.84 6.67 2.33 32.01 51.25 34.73 0 29.64 
6.23 11.34 15.16 59.29 30.69 6.95 26.15 31.9 1.92 24.16 4.85 30.9 0 
Dimension>25
Bandera>13
Fitness Greedy Costo>198.51
Solucion Greedy Costo>5 0 1 0 12 8 10 2 0 13 6 7 11 0 9 4 3 0 0 0 0 0 0 0 0 
Linea Vacia>
Dimension>25
Bandera>13
Fitness Greedy Costo>198.51
Solucion Greedy Costo>5 0 1 0 12 8 10 2 0 13 6 7 11 0 9 4 3 0 0 0 0 0 0 0 0 
Linea Vacia>
Matriz de Costos>
0 3.75 27.36 71.81 39.09 2.18 19.29 25.7 8.23 28.88 16.67 24.66 6.42 
3.01 0 30.44 71.69 38.38 4.96 23.32 30.02 12.56 24.73 19.92 28.6 10.78 
26.66 32.62 0 45.78 28.91 27.3 34.27 40.61 15.99 24.9 8.26 46.56 15.56 
67.98 71.31 45.33 0 30.11 68.94 100.63 102.44 57.51 49.88 53.24 104.78 57.39 
30.82 34.08 22.87 34.52 0 31.93 54.14 60.3 26.72 19.1 28.92 59.09 25.51 
2.62 3.98 26.87 72.22 38.57 0 20.09 25.76 7.69 29.63 16.16 24.73 5.88 
23.96 24.36 35.62 86.58 65.67 20.36 0 3.14 28.68 47.72 26.4 9.18 27.04 
29.88 29.82 41.24 92.23 71.9 25.93 3.7 0 34.03 53.63 32.22 4.03 31.68 
Matriz de Costos>
0 3.75 27.36 71.81 39.09 2.18 19.29 25.7 8.23 28.88 16.67 24.66 6.42 
6.56 11.67 15.77 60.72 29.39 7.28 27 33.15 0 23.25 5.37 32.15 1.12 
23.6 20.23 21.38 52.26 19.08 26.77 41.56 48.42 20.57 0 26.6 47.16 20.28 
3.01 0 30.44 71.69 38.38 4.96 23.32 30.02 12.56 24.73 19.92 28.6 10.78 
12.69 17.65 9.51 55.18 36.19 13.38 21.01 27.76 5.94 31.38 0 33.25 3.7 
26.66 32.62 0 45.78 28.91 27.3 34.27 40.61 15.99 24.9 8.26 46.56 15.56 
27.37 27.76 45.55 105.57 68.93 23.84 6.67 2.33 32.01 51.25 34.73 0 29.64 
6.23 11.34 15.16 59.29 30.69 6.95 26.15 31.9 1.92 24.16 4.85 30.9 0 
67.98 71.31 45.33 0 30.11 68.94 100.63 102.44 57.51 49.88 53.24 104.78 57.39 
30.82 34.08 22.87 34.52 0 31.93 54.14 60.3 26.72 19.1 28.92 59.09 25.51 
2.62 3.98 26.87 72.22 38.57 0 20.09 25.76 7.69 29.63 16.16 24.73 5.88 
23.96 24.36 35.62 86.58 65.67 20.36 0 3.14 28.68 47.72 26.4 9.18 27.04 
29.88 29.82 41.24 92.23 71.9 25.93 3.7 0 34.03 53.63 32.22 4.03 31.68 
6.56 11.67 15.77 60.72 29.39 7.28 27 33.15 0 23.25 5.37 32.15 1.12 
23.6 20.23 21.38 52.26 19.08 26.77 41.56 48.42 20.57 0 26.6 47.16 20.28 
12.69 17.65 9.51 55.18 36.19 13.38 21.01 27.76 5.94 31.38 0 33.25 3.7 
27.37 27.76 45.55 105.57 68.93 23.84 6.67 2.33 32.01 51.25 34.73 0 29.64 
6.23 11.34 15.16 59.29 30.69 6.95 26.15 31.9 1.92 24.16 4.85 30.9 0 
GEN 0 198.510000
GREEDY 0 0.000000
GEN 0 198.510000
GREEDY 0 0.000000
GEN 0 198.510000
GREEDY 0 0.000000
GEN 0 198.510000
GREEDY 0 0.000000
GEN 0 198.510000
GREEDY 0 0.000000
GEN 0 198.510000
GREEDY 0 0.000000
GEN 0 198.510000
GREEDY 0 0.000000
GEN 0 198.510000
GREEDY 0 0.000000
GEN 0 198.510000
GREEDY 0 0.000000
TIEMPO 0 198.510000
GEN 0 198.510000
GREEDY 0 0.000000
TIEMPO 0 198.510000
TIEMPO 0 198.510000
TIEMPO 0 198.510000
TIEMPO 0 198.510000
TIEMPO 0 198.510000
TIEMPO 0 198.510000
TIEMPO 0 198.510000
TIEMPO 0 198.510000
GREEDY 5 0.000327
TIEMPO 0 198.510000
GREEDY 5 0.000316
GREEDY 5 0.000439
GEN 0 198.510000
GREEDY 0 0.000000
TIEMPO 0 198.510000
GREEDY 5 0.000672
GREEDY 5 0.000764
GREEDY 5 0.001074
GREEDY 5 0.001451
GEN 0 198.510000
GREEDY 0 0.000000
GEN 0 198.510000
GREEDY 0 0.000000
GEN 0 198.510000
GREEDY 0 0.000000
TIEMPO 0 198.510000
TIEMPO 0 198.510000
GEN 0 198.510000
GREEDY 0 0.000000
TIEMPO 0 185.740000
GREEDY 5 0.000172
TIEMPO 0 198.510000
GREEDY 5 0.000472
GEN 0 198.510000
GREEDY 0 0.000000
TIEMPO 0 198.510000
GREEDY 5 0.003211
GREEDY 5 0.005398
GEN 0 198.510000
GREEDY 0 0.000000
GEN 0 198.510000
GREEDY 0 0.000000
GEN 0 198.510000
GREEDY 0 0.000000
TIEMPO 0 198.510000
GEN 0 198.510000
GREEDY 0 0.000000
TIEMPO 0 198.510000
TIEMPO 0 198.510000
TIEMPO 0 198.510000
GREEDY 5 0.000277
GREEDY 5 0.000459
GREEDY 5 0.000546
GREEDY 5 0.001124
GEN 0 198.510000
GREEDY 0 0.000000
GEN 0 198.510000
GREEDY 0 0.000000
TIEMPO 0 198.510000
TIEMPO 0 198.510000
GREEDY 5 0.001229
GREEDY 5 0.001983
GEN 0 198.510000
GREEDY 0 0.000000
TIEMPO 0 198.510000
GREEDY 5 0.000801
GREEDY 5 0.016708
GEN 0 185.740000
GREEDY 0 0.000000
TIEMPO 0 185.740000
GREEDY 5 0.000160
GREEDY 5 0.018138
GREEDY 5 0.025367
GREEDY 5 0.028475
GREEDY 5 0.034899
GEN 2500 185.740000
GEN 2500 185.740000
GEN 2500 185.740000
GEN 2500 185.740000
GEN 2500 185.740000
GEN 2500 185.740000
GEN 2500 185.740000
GEN 2500 185.740000
GEN 2500 185.740000
GEN 2500 185.740000
GEN 2500 185.740000
GEN 2500 185.740000
GEN 2500 185.740000
GEN 2500 185.740000
GEN 5000 185.740000
GEN 5000 185.740000
GEN 5000 185.740000
GEN 2500 185.740000
GEN 5000 185.740000
GEN 2500 185.740000
GEN 2500 185.740000
GEN 2500 185.740000
GEN 5000 185.740000
GEN 5000 185.740000
GEN 2500 185.740000
GEN 5000 185.740000
GEN 2500 185.740000
GEN 5000 185.740000
GEN 2500 185.740000
GEN 2500 185.740000
GEN 5000 185.740000
GEN 5000 185.740000
GEN 5000 185.740000
GEN 7500 185.740000
GEN 7500 185.740000
GEN 7500 185.740000
GEN 2500 185.740000
GEN 2500 185.740000
GEN 5000 185.740000
GEN 5000 185.740000
GEN 7500 185.740000
GEN 5000 185.740000
GEN 7500 185.740000
GEN 7500 185.740000
GEN 7500 185.740000
GEN 7500 185.740000
GEN 7500 185.740000
GEN 10000 185.740000
TIEMPO 0.490239 185.740000
GEN 10000 185.740000
TIEMPO 0.493153 185.740000
GEN 10000 185.740000
TIEMPO 0.501299 185.740000
GEN 7500 185.740000
GEN 5000 185.740000
GEN 7500 185.740000
GEN 10000 185.740000
TIEMPO 0.556281 185.740000
GEN 7500 185.740000
GEN 7500 185.740000
GEN 7500 185.740000
GEN 5000 185.740000
GEN 10000 185.740000
TIEMPO 0.594804 185.740000
GEN 5000 185.740000
GEN 5000 185.740000
GEN 5000 185.740000
GEN 10000 185.740000
TIEMPO 0.616081 185.740000
GEN 5000 185.740000
GEN 5000 185.740000
GEN 10000 185.740000
TIEMPO 0.621559 185.740000
GEN 10000 185.740000
TIEMPO 0.616835 185.740000
GEN 5000 185.740000
GEN 10000 185.740000
TIEMPO 0.621166 185.740000
GEN 10000 185.740000
TIEMPO 0.662882 185.740000
GEN 5000 185.740000
GEN 10000 185.740000
TIEMPO 0.673729 185.740000
GEN 10000 185.740000
TIEMPO 0.687259 185.740000
GEN 10000 185.740000
TIEMPO 0.690457 185.740000
GEN 10000 185.740000
TIEMPO 0.685896 185.740000
GEN 5000 185.740000
GEN 7500 185.740000
GEN 7500 185.740000
GEN 7500 185.740000
GEN 7500 185.740000
GEN 7500 185.740000
GEN 7500 185.740000
GEN 7500 185.740000
GEN 7500 185.740000
GEN 7500 185.740000
GEN 10000 185.740000
TIEMPO 0.972686 185.740000
TIEMPO 1 185.740000
TIEMPO 1 185.740000
TIEMPO 1 185.740000
TIEMPO 1 185.740000
TIEMPO 1 185.740000
TIEMPO 1 185.740000
TIEMPO 1 185.740000
TIEMPO 1 185.740000
TIEMPO 1 185.740000
GEN 7500 185.740000
GEN 10000 185.740000
TIEMPO 1.094568 185.740000
GEN 10000 185.740000
TIEMPO 1.123727 185.740000
GEN 10000 185.740000
TIEMPO 1.139925 185.740000
GEN 10000 185.740000
TIEMPO 1.149744 185.740000
GEN 10000 185.740000
TIEMPO 1.149362 185.740000
GEN 10000 185.740000
TIEMPO 1.154125 185.740000
GEN 10000 185.740000
TIEMPO 1.146700 185.740000
GEN 10000 185.740000
TIEMPO 1.157337 185.740000
GEN 10000 185.740000
TIEMPO 1.216565 185.740000

 Current State ---------------------------------------------
Solution:  0 12 8 10 2 0 13 6 7 11 0 9 4 3 0 5 1 0 0 0 0 0 0 0 0 Fitness: 185.74

 :( ---------------------- THE END --------------- :) 
