Dimension>25
Bandera>13
Fitness Greedy Costo>198.51
Solucion Greedy Costo>5 0 1 0 12 8 10 2 0 13 6 7 11 0 9 4 3 0 0 0 0 0 0 0 0 
Linea Vacia>
Matriz de Costos>
0 3.75 27.36 71.81 39.09 2.18 19.29 25.7 8.23 28.88 16.67 24.66 6.42 
3.01 0 30.44 71.69 38.38 4.96 23.32 30.02 12.56 24.73 19.92 28.6 10.78 
26.66 32.62 0 45.78 28.91 27.3 34.27 40.61 15.99 24.9 8.26 46.56 15.56 
67.98 71.31 45.33 0 30.11 68.94 100.63 102.44 57.51 49.88 53.24 104.78 57.39 
30.82 34.08 22.87 34.52 0 31.93 54.14 60.3 26.72 19.1 28.92 59.09 25.51 
2.62 3.98 26.87 72.22 38.57 0 20.09 25.76 7.69 29.63 16.16 24.73 5.88 
23.96 24.36 35.62 86.58 65.67 20.36 0 3.14 28.68 47.72 26.4 9.18 27.04 
29.88 29.82 41.24 92.23 71.9 25.93 3.7 0 34.03 53.63 32.22 4.03 31.68 
6.56 11.67 15.77 60.72 29.39 7.28 27 33.15 0 23.25 5.37 32.15 1.12 
23.6 20.23 21.38 52.26 19.08 26.77 41.56 48.42 20.57 0 26.6 47.16 20.28 
12.69 17.65 9.51 55.18 36.19 13.38 21.01 27.76 5.94 31.38 0 33.25 3.7 
27.37 27.76 45.55 105.57 68.93 23.84 6.67 2.33 32.01 51.25 34.73 0 29.64 
6.23 11.34 15.16 59.29 30.69 6.95 26.15 31.9 1.92 24.16 4.85 30.9 0 
Dimension>25
Bandera>13
Fitness Greedy Costo>198.51
Solucion Greedy Costo>5 0 1 0 12 8 10 2 0 13 6 7 11 0 9 4 3 0 0 0 0 0 0 0 0 
Linea Vacia>
Matriz de Costos>
0 3.75 27.36 71.81 39.09 2.18 19.29 25.7 8.23 28.88 16.67 24.66 6.42 
3.01 0 30.44 71.69 38.38 4.96 23.32 30.02 12.56 24.73 19.92 28.6 10.78 
26.66 32.62 0 45.78 28.91 27.3 34.27 40.61 15.99 24.9 8.26 46.56 15.56 
67.98 71.31 45.33 0 30.11 68.94 100.63 102.44 57.51 49.88 53.24 104.78 57.39 
30.82 34.08 22.87 34.52 0 31.93 54.14 60.3 26.72 19.1 28.92 59.09 25.51 
2.62 3.98 26.87 72.22 38.57 0 20.09 25.76 7.69 29.63 16.16 24.73 5.88 
23.96 24.36 35.62 86.58 65.67 20.36 0 3.14 28.68 47.72 26.4 9.18 27.04 
29.88 29.82 41.24 92.23 71.9 25.93 3.7 0 34.03 53.63 32.22 4.03 31.68 
6.56 11.67 15.77 60.72 29.39 7.28 27 33.15 0 23.25 5.37 32.15 1.12 
23.6 20.23 21.38 52.26 19.08 26.77 41.56 48.42 20.57 0 26.6 47.16 20.28 
12.69 17.65 9.51 55.18 36.19 13.38 21.01 27.76 5.94 31.38 0 33.25 3.7 
27.37 27.76 45.55 105.57 68.93 23.84 6.67 2.33 32.01 51.25 34.73 0 29.64 
6.23 11.34 15.16 59.29 30.69 6.95 26.15 31.9 1.92 24.16 4.85 30.9 0 
Dimension>25
Bandera>13
Fitness Greedy Costo>198.51
Solucion Greedy Costo>5 0 1 0 12 8 10 2 0 13 6 7 11 0 9 4 3 0 0 0 0 0 0 0 0 
Linea Vacia>
Matriz de Costos>
0 3.75 27.36 71.81 39.09 2.18 19.29 25.7 8.23 28.88 16.67 24.66 6.42 
3.01 0 30.44 71.69 38.38 4.96 23.32 30.02 12.56 24.73 19.92 28.6 10.78 
26.66 32.62 0 45.78 28.91 27.3 34.27 40.61 15.99 24.9 8.26 46.56 15.56 
67.98 71.31 45.33 0 30.11 68.94 100.63 102.44 57.51 49.88 53.24 104.78 57.39 
30.82 34.08 22.87 34.52 0 31.93 54.14 60.3 26.72 19.1 28.92 59.09 25.51 
2.62 3.98 26.87 72.22 38.57 0 20.09 25.76 7.69 29.63 16.16 24.73 5.88 
23.96 24.36 35.62 86.58 65.67 20.36 0 3.14 28.68 47.72 26.4 9.18 27.04 
29.88 29.82 41.24 92.23 71.9 25.93 3.7 0 34.03 53.63 32.22 4.03 31.68 
6.56 11.67 15.77 60.72 29.39 7.28 27 33.15 0 23.25 5.37 32.15 1.12 
23.6 20.23 21.38 52.26 19.08 26.77 41.56 48.42 20.57 0 26.6 47.16 20.28 
12.69 17.65 9.51 55.18 36.19 13.38 21.01 27.76 5.94 31.38 0 33.25 3.7 
27.37 27.76 45.55 105.57 68.93 23.84 6.67 2.33 32.01 51.25 34.73 0 29.64 
6.23 11.34 15.16 59.29 30.69 6.95 26.15 31.9 1.92 24.16 4.85 30.9 0 
Dimension>25
Bandera>13
Fitness Greedy Costo>198.51
Solucion Greedy Costo>5 0 1 0 12 8 10 2 0 13 6 7 11 0 9 4 3 0 0 0 0 0 0 0 0 
Linea Vacia>
Matriz de Costos>
0 3.75 27.36 71.81 39.09 2.18 19.29 25.7 8.23 28.88 16.67 24.66 6.42 
3.01 0 30.44 71.69 38.38 4.96 23.32 30.02 12.56 24.73 19.92 28.6 10.78 
26.66 32.62 0 45.78 28.91 27.3 34.27 40.61 15.99 24.9 8.26 46.56 15.56 
67.98 71.31 45.33 0 30.11 68.94 100.63 102.44 57.51 49.88 53.24 104.78 57.39 
30.82 34.08 22.87 34.52 0 31.93 54.14 60.3 26.72 19.1 28.92 59.09 25.51 
2.62 3.98 26.87 72.22 38.57 0 20.09 25.76 7.69 29.63 16.16 24.73 5.88 
23.96 24.36 35.62 86.58 65.67 20.36 0 3.14 28.68 47.72 26.4 9.18 27.04 
29.88 29.82 41.24 92.23 71.9 25.93 3.7 0 34.03 53.63 32.22 4.03 31.68 
6.56 11.67 15.77 60.72 29.39 7.28 27 33.15 0 23.25 5.37 32.15 1.12 
23.6 20.23 21.38 52.26 19.08 26.77 41.56 48.42 20.57 0 26.6 47.16 20.28 
12.69 17.65 9.51 55.18 36.19 13.38 21.01 27.76 5.94 31.38 0 33.25 3.7 
27.37 27.76 45.55 105.57 68.93 23.84 6.67 2.33 32.01 51.25 34.73 0 29.64 
6.23 11.34 15.16 59.29 30.69 6.95 26.15 31.9 1.92 24.16 4.85 30.9 0 
Dimension>25
Bandera>13
Fitness Greedy Costo>198.51
Solucion Greedy Costo>5 0 1 0 12 8 10 2 0 13 6 7 11 0 9 4 3 0 0 0 0 0 0 0 0 
Linea Vacia>
Matriz de Costos>
0 3.75 27.36 71.81 39.09 2.18 19.29 25.7 8.23 28.88 16.67 24.66 6.42 
3.01 0 30.44 71.69 38.38 4.96 23.32 30.02 12.56 24.73 19.92 28.6 10.78 
26.66 32.62 0 45.78 28.91 27.3 34.27 40.61 15.99 24.9 8.26 46.56 15.56 
67.98 71.31 45.33 0 30.11 68.94 100.63 102.44 57.51 49.88 53.24 104.78 57.39 
30.82 34.08 22.87 34.52 0 31.93 54.14 60.3 26.72 19.1 28.92 59.09 25.51 
2.62 3.98 26.87 72.22 38.57 0 20.09 25.76 7.69 29.63 16.16 24.73 5.88 
23.96 24.36 35.62 86.58 65.67 20.36 0 3.14 28.68 47.72 26.4 9.18 27.04 
29.88 29.82 41.24 92.23 71.9 25.93 3.7 0 34.03 53.63 32.22 4.03 31.68 
6.56 11.67 15.77 60.72 29.39 7.28 27 33.15 0 23.25 5.37 32.15 1.12 
23.6 20.23 21.38 52.26 19.08 26.77 41.56 48.42 20.57 0 26.6 47.16 20.28 
12.69 17.65 9.51 55.18 36.19 13.38 21.01 27.76 5.94 31.38 0 33.25 3.7 
Dimension>25
Bandera>13
Fitness Greedy Costo>198.51
Solucion Greedy Costo>5 0 1 0 12 8 10 2 0 13 6 7 11 0 9 4 3 0 0 0 0 0 0 0 0 
Linea Vacia>
Matriz de Costos>
0 3.75 27.36 71.81 39.09 2.18 19.29 25.7 8.23 28.88 16.67 24.66 6.42 
3.01 0 30.44 71.69 38.38 4.96 23.32 30.02 12.56 24.73 19.92 28.6 10.78 
26.66 32.62 0 45.78 28.91 27.3 34.27 40.61 15.99 24.9 8.26 46.56 15.56 
Dimension>25
Bandera>13
Fitness Greedy Costo>198.51
Solucion Greedy Costo>5 0 1 0 12 8 10 2 0 13 6 7 11 0 9 4 3 0 0 0 0 0 0 0 0 
Linea Vacia>
Matriz de Costos>
0 3.75 27.36 71.81 39.09 2.18 19.29 25.7 8.23 28.88 16.67 24.66 6.42 
3.01 0 30.44 71.69 38.38 4.96 23.32 30.02 12.56 24.73 19.92 28.6 10.78 
26.66 32.62 0 45.78 28.91 27.3 34.27 40.61 15.99 24.9 8.26 46.56 15.56 
67.98 71.31 45.33 0 30.11 68.94 100.63 102.44 57.51 49.88 53.24 104.78 57.39 
30.82 34.08 22.87 34.52 0 31.93 54.14 60.3 26.72 19.1 28.92 59.09 25.51 
2.62 3.98 26.87 72.22 38.57 0 20.09 25.76 7.69 29.63 16.16 24.73 5.88 
23.96 24.36 35.62 86.58 65.67 20.36 0 3.14 28.68 47.72 26.4 9.18 27.04 
29.88 29.82 41.24 92.23 71.9 25.93 3.7 0 34.03 53.63 32.22 4.03 31.68 
6.56 11.67 15.77 60.72 29.39 7.28 27 33.15 0 23.25 5.37 32.15 1.12 
23.6 20.23 21.38 52.26 19.08 26.77 41.56 48.42 20.57 0 26.6 47.16 20.28 
12.69 17.65 9.51 55.18 36.19 13.38 21.01 27.76 5.94 31.38 0 33.25 3.7 
27.37 27.76 45.55 105.57 68.93 23.84 6.67 2.33 32.01 51.25 34.73 0 29.64 
6.23 11.34 15.16 59.29 30.69 6.95 26.15 31.9 1.92 24.16 4.85 30.9 0 
Dimension>25
Bandera>13
Fitness Greedy Costo>198.51
Solucion Greedy Costo>5 0 1 0 12 8 10 2 0 13 6 7 11 0 9 4 3 0 0 0 0 0 0 0 0 
Linea Vacia>
Matriz de Costos>
0 3.75 27.36 71.81 39.09 2.18 19.29 25.7 8.23 28.88 16.67 24.66 6.42 
3.01 0 30.44 71.69 38.38 4.96 23.32 30.02 12.56 24.73 19.92 28.6 10.78 
27.37 27.76 45.55 105.57 68.93 23.84 6.67 2.33 32.01 51.25 34.73 0 29.64 
6.23 11.34 15.16 59.29 30.69 6.95 26.15 31.9 1.92 24.16 4.85 30.9 0 
67.98 71.31 45.33 0 30.11 68.94 100.63 102.44 57.51 49.88 53.24 104.78 57.39 
30.82 34.08 22.87 34.52 0 31.93 54.14 60.3 26.72 19.1 28.92 59.09 25.51 
2.62 3.98 26.87 72.22 38.57 0 20.09 25.76 7.69 29.63 16.16 24.73 5.88 
23.96 24.36 35.62 86.58 65.67 20.36 0 3.14 28.68 47.72 26.4 9.18 27.04 
29.88 29.82 41.24 92.23 71.9 25.93 3.7 0 34.03 53.63 32.22 4.03 31.68 
6.56 11.67 15.77 60.72 29.39 7.28 27 33.15 0 23.25 5.37 32.15 1.12 
23.6 20.23 21.38 52.26 19.08 26.77 41.56 48.42 20.57 0 26.6 47.16 20.28 
26.66 32.62 0 45.78 28.91 27.3 34.27 40.61 15.99 24.9 8.26 46.56 15.56 
67.98 71.31 45.33 0 30.11 68.94 100.63 102.44 57.51 49.88 53.24 104.78 57.39 
30.82 34.08 22.87 34.52 0 31.93 54.14 60.3 26.72 19.1 28.92 59.09 25.51 
2.62 3.98 26.87 72.22 38.57 0 20.09 25.76 7.69 29.63 16.16 24.73 5.88 
Dimension>25
Bandera>13
Fitness Greedy Costo>198.51
Solucion Greedy Costo>5 0 1 0 12 8 10 2 0 13 6 7 11 0 9 4 3 0 0 0 0 0 0 0 0 
Linea Vacia>
Matriz de Costos>
12.69 17.65 9.51 55.18 36.19 13.38 21.01 27.76 5.94 31.38 0 33.25 3.7 
27.37 27.76 45.55 105.57 68.93 23.84 6.67 2.33 32.01 51.25 34.73 0 29.64 
6.23 11.34 15.16 59.29 30.69 6.95 26.15 31.9 1.92 24.16 4.85 30.9 0 
23.96 24.36 35.62 86.58 65.67 20.36 0 3.14 28.68 47.72 26.4 9.18 27.04 
29.88 29.82 41.24 92.23 71.9 25.93 3.7 0 34.03 53.63 32.22 4.03 31.68 
6.56 11.67 15.77 60.72 29.39 7.28 27 33.15 0 23.25 5.37 32.15 1.12 
Dimension>25
Dimension>25
Bandera>13
Fitness Greedy Costo>198.51
0 3.75 27.36 71.81 39.09 2.18 19.29 25.7 8.23 28.88 16.67 24.66 6.42 
3.01 0 30.44 71.69 38.38 4.96 23.32 30.02 12.56 24.73 19.92 28.6 10.78 
26.66 32.62 0 45.78 28.91 27.3 34.27 40.61 15.99 24.9 8.26 46.56 15.56 
67.98 71.31 45.33 0 30.11 68.94 100.63 102.44 57.51 49.88 53.24 104.78 57.39 
Bandera>13
Fitness Greedy Costo>198.51
Solucion Greedy Costo>5 0 1 0 12 8 10 2 0 13 6 7 11 0 9 4 3 0 0 0 0 0 0 0 0 
23.6 20.23 21.38 52.26 19.08 26.77 41.56 48.42 20.57 0 26.6 47.16 20.28 
12.69 17.65 9.51 55.18 36.19 13.38 21.01 27.76 5.94 31.38 0 33.25 3.7 
Solucion Greedy Costo>5 0 1 0 12 8 10 2 0 13 6 7 11 0 9 4 3 0 0 0 0 0 0 0 0 
Linea Vacia>
30.82 34.08 22.87 34.52 0 31.93 54.14 60.3 26.72 19.1 28.92 59.09 25.51 
2.62 3.98 26.87 72.22 38.57 0 20.09 25.76 7.69 29.63 16.16 24.73 5.88 
Dimension>25
Bandera>13
Linea Vacia>
23.96 24.36 35.62 86.58 65.67 20.36 0 3.14 28.68 47.72 26.4 9.18 27.04 
29.88 29.82 41.24 92.23 71.9 25.93 3.7 0 34.03 53.63 32.22 4.03 31.68 
6.56 11.67 15.77 60.72 29.39 7.28 27 33.15 0 23.25 5.37 32.15 1.12 
23.6 20.23 21.38 52.26 19.08 26.77 41.56 48.42 20.57 0 26.6 47.16 20.28 
Fitness Greedy Costo>198.51
Solucion Greedy Costo>5 0 1 0 12 8 10 2 0 13 6 7 11 0 9 4 3 0 0 0 0 0 0 0 0 
Linea Vacia>
Dimension>25
12.69 17.65 9.51 55.18 36.19 13.38 21.01 27.76 5.94 31.38 0 33.25 3.7 
27.37 27.76 45.55 105.57 68.93 23.84 6.67 2.33 32.01 51.25 34.73 0 29.64 
6.23 11.34 15.16 59.29 30.69 6.95 26.15 31.9 1.92 24.16 4.85 30.9 0 
Dimension>25
Dimension>25
Bandera>13
Fitness Greedy Costo>198.51
Solucion Greedy Costo>5 0 1 0 12 8 10 2 0 13 6 7 11 0 9 4 3 0 0 0 0 0 0 0 0 
Linea Vacia>
Dimension>25
Bandera>13
Fitness Greedy Costo>198.51
Solucion Greedy Costo>5 0 1 0 12 8 10 2 0 13 6 7 11 0 9 4 3 0 0 0 0 0 0 0 0 
Linea Vacia>
Matriz de Costos>
0 3.75 27.36 71.81 39.09 2.18 19.29 25.7 8.23 28.88 16.67 24.66 6.42 
3.01 0 30.44 71.69 38.38 4.96 23.32 30.02 12.56 24.73 19.92 28.6 10.78 
26.66 32.62 0 45.78 28.91 27.3 34.27 40.61 15.99 24.9 8.26 46.56 15.56 
67.98 71.31 45.33 0 30.11 68.94 100.63 102.44 57.51 49.88 53.24 104.78 57.39 
Bandera>13
Fitness Greedy Costo>198.51
Solucion Greedy Costo>5 0 1 0 12 8 10 2 0 13 6 7 11 0 9 4 3 0 0 0 0 0 0 0 0 
Linea Vacia>
Matriz de Costos>
0 3.75 27.36 71.81 39.09 2.18 19.29 25.7 8.23 28.88 16.67 24.66 6.42 
3.01 0 30.44 71.69 38.38 4.96 23.32 30.02 12.56 24.73 19.92 28.6 10.78 
26.66 32.62 0 45.78 28.91 27.3 34.27 40.61 15.99 24.9 8.26 46.56 15.56 
67.98 71.31 45.33 0 30.11 68.94 100.63 102.44 57.51 49.88 53.24 104.78 57.39 
30.82 34.08 22.87 34.52 0 31.93 54.14 60.3 26.72 19.1 28.92 59.09 25.51 
2.62 3.98 26.87 72.22 38.57 0 20.09 25.76 7.69 29.63 16.16 24.73 5.88 
23.96 24.36 35.62 86.58 65.67 20.36 0 3.14 28.68 47.72 26.4 9.18 27.04 
Bandera>13
Fitness Greedy Costo>198.51
Solucion Greedy Costo>5 0 1 0 12 8 10 2 0 13 6 7 11 0 9 4 3 0 0 0 0 0 0 0 0 
Linea Vacia>
Matriz de Costos>
0 3.75 27.36 71.81 39.09 2.18 19.29 25.7 8.23 28.88 16.67 24.66 6.42 
3.01 0 30.44 71.69 38.38 4.96 23.32 30.02 12.56 24.73 19.92 28.6 10.78 
26.66 32.62 0 45.78 28.91 27.3 34.27 40.61 15.99 24.9 8.26 46.56 15.56 
30.82 34.08 22.87 34.52 0 31.93 54.14 60.3 26.72 19.1 28.92 59.09 25.51 
2.62 3.98 26.87 72.22 38.57 0 20.09 25.76 7.69 29.63 16.16 24.73 5.88 
23.96 24.36 35.62 86.58 65.67 20.36 0 3.14 28.68 47.72 26.4 9.18 27.04 
29.88 29.82 41.24 92.23 71.9 25.93 3.7 0 34.03 53.63 32.22 4.03 31.68 
29.88 29.82 41.24 92.23 71.9 25.93 3.7 0 34.03 53.63 32.22 4.03 31.68 
6.56 11.67 15.77 60.72 29.39 7.28 27 33.15 0 23.25 5.37 32.15 1.12 
23.6 20.23 21.38 52.26 19.08 26.77 41.56 48.42 20.57 0 26.6 47.16 20.28 
12.69 17.65 9.51 55.18 36.19 13.38 21.01 27.76 5.94 31.38 0 33.25 3.7 
27.37 27.76 45.55 105.57 68.93 23.84 6.67 2.33 32.01 51.25 34.73 0 29.64 
67.98 71.31 45.33 0 30.11 68.94 100.63 102.44 57.51 49.88 53.24 104.78 57.39 
30.82 34.08 22.87 34.52 0 31.93 54.14 60.3 26.72 19.1 28.92 59.09 25.51 
2.62 3.98 26.87 72.22 38.57 0 20.09 25.76 7.69 29.63 16.16 24.73 5.88 
23.96 24.36 35.62 86.58 65.67 20.36 0 3.14 28.68 47.72 26.4 9.18 27.04 
Matriz de Costos>
0 3.75 27.36 71.81 39.09 2.18 19.29 25.7 8.23 28.88 16.67 24.66 6.42 
3.01 0 30.44 71.69 38.38 4.96 23.32 30.02 12.56 24.73 19.92 28.6 10.78 
26.66 32.62 0 45.78 28.91 27.3 34.27 40.61 15.99 24.9 8.26 46.56 15.56 
67.98 71.31 45.33 0 30.11 68.94 100.63 102.44 57.51 49.88 53.24 104.78 57.39 
30.82 34.08 22.87 34.52 0 31.93 54.14 60.3 26.72 19.1 28.92 59.09 25.51 
6.56 11.67 15.77 60.72 29.39 7.28 27 33.15 0 23.25 5.37 32.15 1.12 
23.6 20.23 21.38 52.26 19.08 26.77 41.56 48.42 20.57 0 26.6 47.16 20.28 
12.69 17.65 9.51 55.18 36.19 13.38 21.01 27.76 5.94 31.38 0 33.25 3.7 
27.37 27.76 45.55 105.57 68.93 23.84 6.67 2.33 32.01 51.25 34.73 0 29.64 
Matriz de Costos>
0 3.75 27.36 71.81 39.09 2.18 19.29 25.7 8.23 28.88 16.67 24.66 6.42 
3.01 0 30.44 71.69 38.38 4.96 23.32 30.02 12.56 24.73 19.92 28.6 10.78 
6.23 11.34 15.16 59.29 30.69 6.95 26.15 31.9 1.92 24.16 4.85 30.9 0 
29.88 29.82 41.24 92.23 71.9 25.93 3.7 0 34.03 53.63 32.22 4.03 31.68 
6.56 11.67 15.77 60.72 29.39 7.28 27 33.15 0 23.25 5.37 32.15 1.12 
23.6 20.23 21.38 52.26 19.08 26.77 41.56 48.42 20.57 0 26.6 47.16 20.28 
12.69 17.65 9.51 55.18 36.19 13.38 21.01 27.76 5.94 31.38 0 33.25 3.7 
2.62 3.98 26.87 72.22 38.57 0 20.09 25.76 7.69 29.63 16.16 24.73 5.88 
23.96 24.36 35.62 86.58 65.67 20.36 0 3.14 28.68 47.72 26.4 9.18 27.04 
29.88 29.82 41.24 92.23 71.9 25.93 3.7 0 34.03 53.63 32.22 4.03 31.68 
6.56 11.67 15.77 60.72 29.39 7.28 27 33.15 0 23.25 5.37 32.15 1.12 
23.6 20.23 21.38 52.26 19.08 26.77 41.56 48.42 20.57 0 26.6 47.16 20.28 
Matriz de Costos>
0 3.75 27.36 71.81 39.09 2.18 19.29 25.7 8.23 28.88 16.67 24.66 6.42 
3.01 0 30.44 71.69 38.38 4.96 23.32 30.02 12.56 24.73 19.92 28.6 10.78 
26.66 32.62 0 45.78 28.91 27.3 34.27 40.61 15.99 24.9 8.26 46.56 15.56 
67.98 71.31 45.33 0 30.11 68.94 100.63 102.44 57.51 49.88 53.24 104.78 57.39 
30.82 34.08 22.87 34.52 0 31.93 54.14 60.3 26.72 19.1 28.92 59.09 25.51 
2.62 3.98 26.87 72.22 38.57 0 20.09 25.76 7.69 29.63 16.16 24.73 5.88 
23.96 24.36 35.62 86.58 65.67 20.36 0 3.14 28.68 47.72 26.4 9.18 27.04 
6.23 11.34 15.16 59.29 30.69 6.95 26.15 31.9 1.92 24.16 4.85 30.9 0 
26.66 32.62 0 45.78 28.91 27.3 34.27 40.61 15.99 24.9 8.26 46.56 15.56 
67.98 71.31 45.33 0 30.11 68.94 100.63 102.44 57.51 49.88 53.24 104.78 57.39 
30.82 34.08 22.87 34.52 0 31.93 54.14 60.3 26.72 19.1 28.92 59.09 25.51 
Matriz de Costos>
0 3.75 27.36 71.81 39.09 2.18 19.29 25.7 8.23 28.88 16.67 24.66 6.42 
3.01 0 30.44 71.69 38.38 4.96 23.32 30.02 12.56 24.73 19.92 28.6 10.78 
27.37 27.76 45.55 105.57 68.93 23.84 6.67 2.33 32.01 51.25 34.73 0 29.64 
6.23 11.34 15.16 59.29 30.69 6.95 26.15 31.9 1.92 24.16 4.85 30.9 0 
12.69 17.65 9.51 55.18 36.19 13.38 21.01 27.76 5.94 31.38 0 33.25 3.7 
27.37 27.76 45.55 105.57 68.93 23.84 6.67 2.33 32.01 51.25 34.73 0 29.64 
6.23 11.34 15.16 59.29 30.69 6.95 26.15 31.9 1.92 24.16 4.85 30.9 0 
2.62 3.98 26.87 72.22 38.57 0 20.09 25.76 7.69 29.63 16.16 24.73 5.88 
23.96 24.36 35.62 86.58 65.67 20.36 0 3.14 28.68 47.72 26.4 9.18 27.04 
29.88 29.82 41.24 92.23 71.9 25.93 3.7 0 34.03 53.63 32.22 4.03 31.68 
6.56 11.67 15.77 60.72 29.39 7.28 27 33.15 0 23.25 5.37 32.15 1.12 
26.66 32.62 0 45.78 28.91 27.3 34.27 40.61 15.99 24.9 8.26 46.56 15.56 
67.98 71.31 45.33 0 30.11 68.94 100.63 102.44 57.51 49.88 53.24 104.78 57.39 
29.88 29.82 41.24 92.23 71.9 25.93 3.7 0 34.03 53.63 32.22 4.03 31.68 
6.56 11.67 15.77 60.72 29.39 7.28 27 33.15 0 23.25 5.37 32.15 1.12 
23.6 20.23 21.38 52.26 19.08 26.77 41.56 48.42 20.57 0 26.6 47.16 20.28 
12.69 17.65 9.51 55.18 36.19 13.38 21.01 27.76 5.94 31.38 0 33.25 3.7 
27.37 27.76 45.55 105.57 68.93 23.84 6.67 2.33 32.01 51.25 34.73 0 29.64 
6.23 11.34 15.16 59.29 30.69 6.95 26.15 31.9 1.92 24.16 4.85 30.9 0 
23.6 20.23 21.38 52.26 19.08 26.77 41.56 48.42 20.57 0 26.6 47.16 20.28 
12.69 17.65 9.51 55.18 36.19 13.38 21.01 27.76 5.94 31.38 0 33.25 3.7 
27.37 27.76 45.55 105.57 68.93 23.84 6.67 2.33 32.01 51.25 34.73 0 29.64 
27.37 27.76 45.55 105.57 68.93 23.84 6.67 2.33 32.01 51.25 34.73 0 29.64 
6.23 11.34 15.16 59.29 30.69 6.95 26.15 31.9 1.92 24.16 4.85 30.9 0 
30.82 34.08 22.87 34.52 0 31.93 54.14 60.3 26.72 19.1 28.92 59.09 25.51 
2.62 3.98 26.87 72.22 38.57 0 20.09 25.76 7.69 29.63 16.16 24.73 5.88 
23.96 24.36 35.62 86.58 65.67 20.36 0 3.14 28.68 47.72 26.4 9.18 27.04 
6.23 11.34 15.16 59.29 30.69 6.95 26.15 31.9 1.92 24.16 4.85 30.9 0 
29.88 29.82 41.24 92.23 71.9 25.93 3.7 0 34.03 53.63 32.22 4.03 31.68 
6.56 11.67 15.77 60.72 29.39 7.28 27 33.15 0 23.25 5.37 32.15 1.12 
23.6 20.23 21.38 52.26 19.08 26.77 41.56 48.42 20.57 0 26.6 47.16 20.28 
12.69 17.65 9.51 55.18 36.19 13.38 21.01 27.76 5.94 31.38 0 33.25 3.7 
27.37 27.76 45.55 105.57 68.93 23.84 6.67 2.33 32.01 51.25 34.73 0 29.64 
6.23 11.34 15.16 59.29 30.69 6.95 26.15 31.9 1.92 24.16 4.85 30.9 0 
Dimension>25
Bandera>13
Fitness Greedy Costo>198.51
Solucion Greedy Costo>5 0 1 0 12 8 10 2 0 13 6 7 11 0 9 4 3 0 0 0 0 0 0 0 0 
Linea Vacia>
Matriz de Costos>
0 3.75 27.36 71.81 39.09 2.18 19.29 25.7 8.23 28.88 16.67 24.66 6.42 
3.01 0 30.44 71.69 38.38 4.96 23.32 30.02 12.56 24.73 19.92 28.6 10.78 
26.66 32.62 0 45.78 28.91 27.3 34.27 40.61 15.99 24.9 8.26 46.56 15.56 
67.98 71.31 45.33 0 30.11 68.94 100.63 102.44 57.51 49.88 53.24 104.78 57.39 
30.82 34.08 22.87 34.52 0 31.93 54.14 60.3 26.72 19.1 28.92 59.09 25.51 
2.62 3.98 26.87 72.22 38.57 0 20.09 25.76 7.69 29.63 16.16 24.73 5.88 
23.96 24.36 35.62 86.58 65.67 20.36 0 3.14 28.68 47.72 26.4 9.18 27.04 
29.88 29.82 41.24 92.23 71.9 25.93 3.7 0 34.03 53.63 32.22 4.03 31.68 
6.56 11.67 15.77 60.72 29.39 7.28 27 33.15 0 23.25 5.37 32.15 1.12 
23.6 20.23 21.38 52.26 19.08 26.77 41.56 48.42 20.57 0 26.6 47.16 20.28 
12.69 17.65 9.51 55.18 36.19 13.38 21.01 27.76 5.94 31.38 0 33.25 3.7 
Dimension>25
Bandera>13
Fitness Greedy Costo>198.51
Solucion Greedy Costo>5 0 1 0 12 8 10 2 0 13 6 7 11 0 9 4 3 0 0 0 0 0 0 0 0 
Linea Vacia>
27.37 27.76 45.55 105.57 68.93 23.84 6.67 2.33 32.01 51.25 34.73 0 29.64 
6.23 11.34 15.16 59.29 30.69 6.95 26.15 31.9 1.92 24.16 4.85 30.9 0 
Matriz de Costos>
0 3.75 27.36 71.81 39.09 2.18 19.29 25.7 8.23 28.88 16.67 24.66 6.42 
3.01 0 30.44 71.69 38.38 4.96 23.32 30.02 12.56 24.73 19.92 28.6 10.78 
26.66 32.62 0 45.78 28.91 27.3 34.27 40.61 15.99 24.9 8.26 46.56 15.56 
67.98 71.31 45.33 0 30.11 68.94 100.63 102.44 57.51 49.88 53.24 104.78 57.39 
30.82 34.08 22.87 34.52 0 31.93 54.14 60.3 26.72 19.1 28.92 59.09 25.51 
2.62 3.98 26.87 72.22 38.57 0 20.09 25.76 7.69 29.63 16.16 24.73 5.88 
23.96 24.36 35.62 86.58 65.67 20.36 0 3.14 28.68 47.72 26.4 9.18 27.04 
Dimension>25
Bandera>13
Fitness Greedy Costo>198.51
Solucion Greedy Costo>5 0 1 0 12 8 10 2 0 13 6 7 11 0 9 4 3 0 0 0 0 0 0 0 0 
Linea Vacia>
29.88 29.82 41.24 92.23 71.9 25.93 3.7 0 34.03 53.63 32.22 4.03 31.68 
6.56 11.67 15.77 60.72 29.39 7.28 27 33.15 0 23.25 5.37 32.15 1.12 
23.6 20.23 21.38 52.26 19.08 26.77 41.56 48.42 20.57 0 26.6 47.16 20.28 
12.69 17.65 9.51 55.18 36.19 13.38 21.01 27.76 5.94 31.38 0 33.25 3.7 
27.37 27.76 45.55 105.57 68.93 23.84 6.67 2.33 32.01 51.25 34.73 0 29.64 
6.23 11.34 15.16 59.29 30.69 6.95 26.15 31.9 1.92 24.16 4.85 30.9 0 
Matriz de Costos>
0 3.75 27.36 71.81 39.09 2.18 19.29 25.7 8.23 28.88 16.67 24.66 6.42 
3.01 0 30.44 71.69 38.38 4.96 23.32 30.02 12.56 24.73 19.92 28.6 10.78 
26.66 32.62 0 45.78 28.91 27.3 34.27 40.61 15.99 24.9 8.26 46.56 15.56 
67.98 71.31 45.33 0 30.11 68.94 100.63 102.44 57.51 49.88 53.24 104.78 57.39 
30.82 34.08 22.87 34.52 0 31.93 54.14 60.3 26.72 19.1 28.92 59.09 25.51 
2.62 3.98 26.87 72.22 38.57 0 20.09 25.76 7.69 29.63 16.16 24.73 5.88 
23.96 24.36 35.62 86.58 65.67 20.36 0 3.14 28.68 47.72 26.4 9.18 27.04 
29.88 29.82 41.24 92.23 71.9 25.93 3.7 0 34.03 53.63 32.22 4.03 31.68 
6.56 11.67 15.77 60.72 29.39 7.28 27 33.15 0 23.25 5.37 32.15 1.12 
23.6 20.23 21.38 52.26 19.08 26.77 41.56 48.42 20.57 0 26.6 47.16 20.28 
12.69 17.65 9.51 55.18 36.19 13.38 21.01 27.76 5.94 31.38 0 33.25 3.7 
27.37 27.76 45.55 105.57 68.93 23.84 6.67 2.33 32.01 51.25 34.73 0 29.64 
6.23 11.34 15.16 59.29 30.69 6.95 26.15 31.9 1.92 24.16 4.85 30.9 0 
Dimension>25
Bandera>13
Fitness Greedy Costo>198.51
Solucion Greedy Costo>5 0 1 0 12 8 10 2 0 13 6 7 11 0 9 4 3 0 0 0 0 0 0 0 0 
Linea Vacia>
Dimension>25
Dimension>25
Bandera>13
Fitness Greedy Costo>198.51
Solucion Greedy Costo>5 0 1 0 12 8 10 2 0 13 6 7 11 0 9 4 3 0 0 0 0 0 0 0 0 
Linea Vacia>
Bandera>13
Fitness Greedy Costo>198.51
Solucion Greedy Costo>5 0 1 0 12 8 10 2 0 13 6 7 11 0 9 4 3 0 0 0 0 0 0 0 0 
Linea Vacia>
Matriz de Costos>
0 3.75 27.36 71.81 39.09 2.18 19.29 25.7 8.23 28.88 16.67 24.66 6.42 
Matriz de Costos>
0 3.75 27.36 71.81 39.09 2.18 19.29 25.7 8.23 28.88 16.67 24.66 6.42 
3.01 0 30.44 71.69 38.38 4.96 23.32 30.02 12.56 24.73 19.92 28.6 10.78 
26.66 32.62 0 45.78 28.91 27.3 34.27 40.61 15.99 24.9 8.26 46.56 15.56 
3.01 0 30.44 71.69 38.38 4.96 23.32 30.02 12.56 24.73 19.92 28.6 10.78 
26.66 32.62 0 45.78 28.91 27.3 34.27 40.61 15.99 24.9 8.26 46.56 15.56 
67.98 71.31 45.33 0 30.11 68.94 100.63 102.44 57.51 49.88 53.24 104.78 57.39 
67.98 71.31 45.33 0 30.11 68.94 100.63 102.44 57.51 49.88 53.24 104.78 57.39 
30.82 34.08 22.87 34.52 0 31.93 54.14 60.3 26.72 19.1 28.92 59.09 25.51 
30.82 34.08 22.87 34.52 0 31.93 54.14 60.3 26.72 19.1 28.92 59.09 25.51 
2.62 3.98 26.87 72.22 38.57 0 20.09 25.76 7.69 29.63 16.16 24.73 5.88 
2.62 3.98 26.87 72.22 38.57 0 20.09 25.76 7.69 29.63 16.16 24.73 5.88 
23.96 24.36 35.62 86.58 65.67 20.36 0 3.14 28.68 47.72 26.4 9.18 27.04 
29.88 29.82 41.24 92.23 71.9 25.93 3.7 0 34.03 53.63 32.22 4.03 31.68 
Matriz de Costos>
23.96 24.36 35.62 86.58 65.67 20.36 0 3.14 28.68 47.72 26.4 9.18 27.04 
29.88 29.82 41.24 92.23 71.9 25.93 3.7 0 34.03 53.63 32.22 4.03 31.68 
6.56 11.67 15.77 60.72 29.39 7.28 27 33.15 0 23.25 5.37 32.15 1.12 
6.56 11.67 15.77 60.72 29.39 7.28 27 33.15 0 23.25 5.37 32.15 1.12 
23.6 20.23 21.38 52.26 19.08 26.77 41.56 48.42 20.57 0 26.6 47.16 20.28 
0 3.75 27.36 71.81 39.09 2.18 19.29 25.7 8.23 28.88 16.67 24.66 6.42 
3.01 0 30.44 71.69 38.38 4.96 23.32 30.02 12.56 24.73 19.92 28.6 10.78 
23.6 20.23 21.38 52.26 19.08 26.77 41.56 48.42 20.57 0 26.6 47.16 20.28 
12.69 17.65 9.51 55.18 36.19 13.38 21.01 27.76 5.94 31.38 0 33.25 3.7 
12.69 17.65 9.51 55.18 36.19 13.38 21.01 27.76 5.94 31.38 0 33.25 3.7 
27.37 27.76 45.55 105.57 68.93 23.84 6.67 2.33 32.01 51.25 34.73 0 29.64 
6.23 11.34 15.16 59.29 30.69 6.95 26.15 31.9 1.92 24.16 4.85 30.9 0 
26.66 32.62 0 45.78 28.91 27.3 34.27 40.61 15.99 24.9 8.26 46.56 15.56 
27.37 27.76 45.55 105.57 68.93 23.84 6.67 2.33 32.01 51.25 34.73 0 29.64 
67.98 71.31 45.33 0 30.11 68.94 100.63 102.44 57.51 49.88 53.24 104.78 57.39 
6.23 11.34 15.16 59.29 30.69 6.95 26.15 31.9 1.92 24.16 4.85 30.9 0 
30.82 34.08 22.87 34.52 0 31.93 54.14 60.3 26.72 19.1 28.92 59.09 25.51 
2.62 3.98 26.87 72.22 38.57 0 20.09 25.76 7.69 29.63 16.16 24.73 5.88 
23.96 24.36 35.62 86.58 65.67 20.36 0 3.14 28.68 47.72 26.4 9.18 27.04 
29.88 29.82 41.24 92.23 71.9 25.93 3.7 0 34.03 53.63 32.22 4.03 31.68 
6.56 11.67 15.77 60.72 29.39 7.28 27 33.15 0 23.25 5.37 32.15 1.12 
23.6 20.23 21.38 52.26 19.08 26.77 41.56 48.42 20.57 0 26.6 47.16 20.28 
12.69 17.65 9.51 55.18 36.19 13.38 21.01 27.76 5.94 31.38 0 33.25 3.7 
27.37 27.76 45.55 105.57 68.93 23.84 6.67 2.33 32.01 51.25 34.73 0 29.64 
6.23 11.34 15.16 59.29 30.69 6.95 26.15 31.9 1.92 24.16 4.85 30.9 0 
Dimension>25
Bandera>13
Fitness Greedy Costo>198.51
Solucion Greedy Costo>5 0 1 0 12 8 10 2 0 13 6 7 11 0 9 4 3 0 0 0 0 0 0 0 0 
Linea Vacia>
Matriz de Costos>
0 3.75 27.36 71.81 39.09 2.18 19.29 25.7 8.23 28.88 16.67 24.66 6.42 
3.01 0 30.44 71.69 38.38 4.96 23.32 30.02 12.56 24.73 19.92 28.6 10.78 
26.66 32.62 0 45.78 28.91 27.3 34.27 40.61 15.99 24.9 8.26 46.56 15.56 
67.98 71.31 45.33 0 30.11 68.94 100.63 102.44 57.51 49.88 53.24 104.78 57.39 
30.82 34.08 22.87 34.52 0 31.93 54.14 60.3 26.72 19.1 28.92 59.09 25.51 
2.62 3.98 26.87 72.22 38.57 0 20.09 25.76 7.69 29.63 16.16 24.73 5.88 
23.96 24.36 35.62 86.58 65.67 20.36 0 3.14 28.68 47.72 26.4 9.18 27.04 
29.88 29.82 41.24 92.23 71.9 25.93 3.7 0 34.03 53.63 32.22 4.03 31.68 
6.56 11.67 15.77 60.72 29.39 7.28 27 33.15 0 23.25 5.37 32.15 1.12 
23.6 20.23 21.38 52.26 19.08 26.77 41.56 48.42 20.57 0 26.6 47.16 20.28 
12.69 17.65 9.51 55.18 36.19 13.38 21.01 27.76 5.94 31.38 0 33.25 3.7 
27.37 27.76 45.55 105.57 68.93 23.84 6.67 2.33 32.01 51.25 34.73 0 29.64 
6.23 11.34 15.16 59.29 30.69 6.95 26.15 31.9 1.92 24.16 4.85 30.9 0 
Dimension>25
Dimension>25
Bandera>13
Fitness Greedy Costo>198.51
Bandera>13
Fitness Greedy Costo>198.51
Solucion Greedy Costo>5 0 1 0 12 8 10 2 0 13 6 7 11 0 9 4 3 0 0 0 0 0 0 0 0 
Linea Vacia>
Solucion Greedy Costo>5 0 1 0 12 8 10 2 0 13 6 7 11 0 9 4 3 0 0 0 0 0 0 0 0 
Linea Vacia>
Matriz de Costos>
Matriz de Costos>
0 3.75 27.36 71.81 39.09 2.18 19.29 25.7 8.23 28.88 16.67 24.66 6.42 
3.01 0 30.44 71.69 38.38 4.96 23.32 30.02 12.56 24.73 19.92 28.6 10.78 
0 3.75 27.36 71.81 39.09 2.18 19.29 25.7 8.23 28.88 16.67 24.66 6.42 
26.66 32.62 0 45.78 28.91 27.3 34.27 40.61 15.99 24.9 8.26 46.56 15.56 
67.98 71.31 45.33 0 30.11 68.94 100.63 102.44 57.51 49.88 53.24 104.78 57.39 
3.01 0 30.44 71.69 38.38 4.96 23.32 30.02 12.56 24.73 19.92 28.6 10.78 
26.66 32.62 0 45.78 28.91 27.3 34.27 40.61 15.99 24.9 8.26 46.56 15.56 
67.98 71.31 45.33 0 30.11 68.94 100.63 102.44 57.51 49.88 53.24 104.78 57.39 
30.82 34.08 22.87 34.52 0 31.93 54.14 60.3 26.72 19.1 28.92 59.09 25.51 
2.62 3.98 26.87 72.22 38.57 0 20.09 25.76 7.69 29.63 16.16 24.73 5.88 
23.96 24.36 35.62 86.58 65.67 20.36 0 3.14 28.68 47.72 26.4 9.18 27.04 
30.82 34.08 22.87 34.52 0 31.93 54.14 60.3 26.72 19.1 28.92 59.09 25.51 
2.62 3.98 26.87 72.22 38.57 0 20.09 25.76 7.69 29.63 16.16 24.73 5.88 
29.88 29.82 41.24 92.23 71.9 25.93 3.7 0 34.03 53.63 32.22 4.03 31.68 
6.56 11.67 15.77 60.72 29.39 7.28 27 33.15 0 23.25 5.37 32.15 1.12 
23.96 24.36 35.62 86.58 65.67 20.36 0 3.14 28.68 47.72 26.4 9.18 27.04 
29.88 29.82 41.24 92.23 71.9 25.93 3.7 0 34.03 53.63 32.22 4.03 31.68 
6.56 11.67 15.77 60.72 29.39 7.28 27 33.15 0 23.25 5.37 32.15 1.12 
23.6 20.23 21.38 52.26 19.08 26.77 41.56 48.42 20.57 0 26.6 47.16 20.28 
12.69 17.65 9.51 55.18 36.19 13.38 21.01 27.76 5.94 31.38 0 33.25 3.7 
23.6 20.23 21.38 52.26 19.08 26.77 41.56 48.42 20.57 0 26.6 47.16 20.28 
27.37 27.76 45.55 105.57 68.93 23.84 6.67 2.33 32.01 51.25 34.73 0 29.64 
12.69 17.65 9.51 55.18 36.19 13.38 21.01 27.76 5.94 31.38 0 33.25 3.7 
27.37 27.76 45.55 105.57 68.93 23.84 6.67 2.33 32.01 51.25 34.73 0 29.64 
6.23 11.34 15.16 59.29 30.69 6.95 26.15 31.9 1.92 24.16 4.85 30.9 0 
6.23 11.34 15.16 59.29 30.69 6.95 26.15 31.9 1.92 24.16 4.85 30.9 0 
GEN 0 198.510000
GREEDY 0 0.000000
GEN 0 198.510000
GREEDY 0 0.000000
GEN 0 198.510000
GREEDY 0 0.000000
GEN 0 198.510000
GREEDY 0 0.000000
GEN 0 198.510000
GREEDY 0 0.000000
TIEMPO 0 198.510000
GEN 0 198.510000
GREEDY 0 0.000000
GEN 0 198.510000
GREEDY 0 0.000000
GEN 0 198.510000
GREEDY 0 0.000000
GEN 0 198.510000
GREEDY 0 0.000000
GEN 0 185.740000
GREEDY 0 0.000000
TIEMPO 0 198.510000
TIEMPO 0 198.510000
GEN 0 198.510000
GREEDY 0 0.000000
TIEMPO 0 198.510000
TIEMPO 0 198.510000
TIEMPO 0 185.740000
GREEDY 5 0.000133
TIEMPO 0 198.510000
TIEMPO 0 198.510000
TIEMPO 0 198.510000
TIEMPO 0 198.510000
GREEDY 5 0.000272
TIEMPO 0 185.740000
GREEDY 5 0.000257
GREEDY 5 0.000336
GREEDY 5 0.000364
GREEDY 5 0.000431
GREEDY 5 0.000481
GREEDY 5 0.000670
GREEDY 5 0.000810
GEN 0 198.510000
GREEDY 0 0.000000
GEN 0 198.510000
GREEDY 0 0.000000
GEN 0 198.510000
GREEDY 0 0.000000
GEN 0 198.510000
GREEDY 0 0.000000
TIEMPO 0 198.510000
GEN 0 198.510000
GREEDY 0 0.000000
TIEMPO 0 198.510000
TIEMPO 0 198.510000
TIEMPO 0 198.510000
TIEMPO 0 198.510000
GREEDY 5 0.001158
GREEDY 5 0.001605
GREEDY 5 0.000735
GREEDY 5 0.001028
GEN 0 198.510000
GREEDY 0 0.000000
GEN 0 198.510000
GREEDY 0 0.000000
GEN 0 198.510000
GREEDY 0 0.000000
GEN 0 198.510000
GREEDY 0 0.000000
GEN 0 198.510000
GREEDY 0 0.000000
TIEMPO 0 198.510000
TIEMPO 0 198.510000
GEN 0 198.510000
GREEDY 0 0.000000
TIEMPO 0 198.510000
TIEMPO 0 198.510000
TIEMPO 0 198.510000
GREEDY 5 0.000272
TIEMPO 0 198.510000
GREEDY 5 0.000765
GREEDY 5 0.001070
GREEDY 5 0.005363
GEN 0 198.510000
GREEDY 0 0.000000
TIEMPO 0 198.510000
GREEDY 5 0.000893
GEN 0 198.510000
GREEDY 0 0.000000
TIEMPO 0 198.510000
GREEDY 5 0.010824
GREEDY 5 0.021768
GREEDY 5 0.024486
GREEDY 5 0.031798
GREEDY 5 0.029718
GREEDY 5 0.044534
GEN 2500 185.740000
GEN 2500 185.740000
GEN 2500 185.740000
GEN 2500 185.740000
GEN 2500 185.740000
GEN 2500 185.740000
GEN 2500 185.740000
GEN 2500 185.740000
GEN 2500 185.740000
GEN 2500 185.740000
GEN 2500 185.740000
GEN 2500 185.740000
GEN 2500 185.740000
GEN 2500 185.740000
GEN 2500 185.740000
GEN 5000 185.740000
GEN 5000 185.740000
GEN 5000 185.740000
GEN 2500 185.740000
GEN 5000 181.360000
GEN 2500 185.740000
GEN 2500 185.740000
GEN 2500 185.740000
GEN 5000 185.740000
GEN 2500 185.740000
GEN 5000 185.740000
GEN 2500 185.740000
GEN 5000 185.740000
GEN 2500 185.740000
GEN 5000 185.740000
GEN 5000 185.740000
GEN 5000 185.740000
GEN 5000 185.740000
GEN 5000 185.740000
GEN 7500 185.740000
GEN 7500 185.740000
GEN 2500 185.740000
GEN 7500 185.740000
GEN 5000 185.740000
GEN 7500 181.360000
GEN 2500 185.740000
GEN 5000 185.740000
GEN 5000 185.740000
GEN 7500 185.740000
GEN 7500 185.740000
GEN 7500 185.740000
GEN 7500 185.740000
GEN 7500 185.740000
GEN 7500 185.740000
GEN 5000 185.740000
GEN 7500 185.740000
GEN 5000 185.740000
GEN 7500 185.740000
GEN 10000 185.740000
TIEMPO 0.491128 185.740000
GEN 5000 185.740000
GEN 10000 185.740000
TIEMPO 0.493120 185.740000
GEN 10000 185.740000
TIEMPO 0.491703 185.740000
GEN 10000 181.360000
TIEMPO 0.499263 181.360000
GEN 7500 185.740000
GEN 5000 185.740000
GEN 7500 185.740000
GEN 10000 185.740000
TIEMPO 0.553113 185.740000
GEN 10000 185.740000
TIEMPO 0.557314 185.740000
GEN 10000 185.740000
TIEMPO 0.575113 185.740000
GEN 5000 185.740000
GEN 10000 185.740000
TIEMPO 0.596650 185.740000
GEN 10000 185.740000
TIEMPO 0.600861 185.740000
GEN 5000 185.740000
GEN 10000 185.740000
TIEMPO 0.602342 185.740000
GEN 5000 185.740000
GEN 10000 185.740000
TIEMPO 0.611598 185.740000
GEN 5000 185.740000
GEN 7500 185.740000
GEN 10000 185.740000
TIEMPO 0.628900 185.740000
GEN 10000 185.740000
TIEMPO 0.651140 185.740000
GEN 5000 185.740000
GEN 10000 185.740000
TIEMPO 0.707887 185.740000
GEN 7500 185.740000
GEN 7500 185.740000
GEN 7500 185.740000
GEN 7500 185.740000
GEN 7500 185.740000
GEN 7500 185.740000
GEN 10000 185.740000
TIEMPO 0.908575 185.740000
GEN 7500 185.740000
GEN 7500 185.740000
GEN 7500 185.740000
GEN 10000 185.740000
TIEMPO 0.977014 185.740000
GEN 10000 185.740000
TIEMPO 0.991860 185.740000
TIEMPO 1 185.740000
TIEMPO 1 185.740000
TIEMPO 1 185.740000
TIEMPO 1 185.740000
TIEMPO 1 185.740000
TIEMPO 1 185.740000
TIEMPO 1 185.740000
GEN 10000 185.740000
TIEMPO 1.015594 185.740000
GEN 10000 185.740000
TIEMPO 1.061679 185.740000
GEN 10000 185.740000
TIEMPO 1.080219 185.740000
GEN 10000 185.740000
TIEMPO 1.117673 185.740000
GEN 10000 185.740000
TIEMPO 1.168705 185.740000
GEN 10000 185.740000
TIEMPO 1.167028 185.740000
GEN 10000 185.740000
TIEMPO 1.169398 185.740000

 Current State ---------------------------------------------
Solution:  5 0 12 8 10 2 0 13 6 7 11 0 1 9 4 3 0 0 0 0 0 0 0 0 0 Fitness: 181.36

 :( ---------------------- THE END --------------- :) 
