Dimension>19
Bandera>13
Fitness Greedy Costo>138.46
Solucion Greedy Costo>1 2 5 3 0 6 8 0 7 9 10 0 4 0 0 0 0 0 0 
Linea Vacia>
Matriz de Costos>
0 1.9 6.48 8.03 31.35 4.79 6.52 8.45 10.44 10.56 
3.93 0 5.9 7.45 32.38 7.38 9.82 12.49 13.69 14.57 
3.29 8.63 0 1.95 39.92 1.9 16.05 15.21 19.8 5.11 
4.09 9.6 0.3 0 40.92 2.18 16.99 16.14 20.73 6.06 
31.83 28.14 36.73 38.06 0 37.58 34.42 44.27 28.97 43.16 
1.34 3.29 3.27 4.05 35.27 0 10.86 10.03 14.7 7.8 
10.38 6.4 16.85 17.55 40.23 11.79 0 14.83 6.52 17.4 
9.03 12.99 17 15.74 42.78 9.53 18.65 0 23.93 4.77 
11.09 2.72 14.76 16.25 35.89 16.16 3.04 23.59 0 23.09 
12.95 18.24 8.76 8.43 48.51 8.65 22.93 5.45 28.93 0 
Dimension>19
Bandera>13
Fitness Greedy Costo>138.46
Solucion Greedy Costo>1 2 5 3 0 6 8 0 7 9 10 0 4 0 0 0 0 0 0 
Linea Vacia>
Matriz de Costos>
0 1.9 6.48 8.03 31.35 4.79 6.52 8.45 10.44 10.56 
3.93 0 5.9 7.45 32.38 7.38 9.82 12.49 13.69 14.57 
3.29 8.63 0 1.95 39.92 1.9 16.05 15.21 19.8 5.11 
4.09 9.6 0.3 0 40.92 2.18 16.99 16.14 20.73 6.06 
31.83 28.14 36.73 38.06 0 37.58 34.42 44.27 28.97 43.16 
1.34 3.29 3.27 4.05 35.27 0 10.86 10.03 14.7 7.8 
10.38 6.4 16.85 17.55 40.23 11.79 0 14.83 6.52 17.4 
9.03 12.99 17 15.74 42.78 9.53 18.65 0 23.93 4.77 
11.09 2.72 14.76 16.25 35.89 16.16 3.04 23.59 0 23.09 
12.95 18.24 8.76 8.43 48.51 8.65 22.93 5.45 28.93 0 
Dimension>19
Bandera>13
Fitness Greedy Costo>138.46
Solucion Greedy Costo>1 2 5 3 0 6 8 0 7 9 10 0 4 0 0 0 0 0 0 
Linea Vacia>
Matriz de Costos>
0 1.9 6.48 8.03 31.35 4.79 6.52 8.45 10.44 10.56 
3.93 0 5.9 7.45 32.38 7.38 9.82 12.49 13.69 14.57 
3.29 8.63 0 1.95 39.92 1.9 16.05 15.21 19.8 5.11 
4.09 9.6 0.3 0 40.92 2.18 16.99 16.14 20.73 6.06 
31.83 28.14 36.73 38.06 0 37.58 34.42 44.27 28.97 43.16 
1.34 3.29 3.27 4.05 35.27 0 10.86 10.03 14.7 7.8 
10.38 6.4 16.85 17.55 40.23 11.79 0 14.83 6.52 17.4 
9.03 12.99 17 15.74 42.78 9.53 18.65 0 23.93 4.77 
11.09 2.72 14.76 16.25 35.89 16.16 3.04 23.59 0 23.09 
12.95 18.24 8.76 8.43 48.51 8.65 22.93 5.45 28.93 0 
Dimension>19
Bandera>13
Fitness Greedy Costo>138.46
Solucion Greedy Costo>1 2 5 3 0 6 8 0 7 9 10 0 4 0 0 0 0 0 0 
Linea Vacia>
Matriz de Costos>
0 1.9 6.48 8.03 31.35 4.79 6.52 8.45 10.44 10.56 
3.93 0 5.9 7.45 32.38 7.38 9.82 12.49 13.69 14.57 
3.29 8.63 0 1.95 39.92 1.9 16.05 15.21 19.8 5.11 
4.09 9.6 0.3 0 40.92 2.18 16.99 16.14 20.73 6.06 
31.83 28.14 36.73 38.06 0 37.58 34.42 44.27 28.97 43.16 
1.34 3.29 3.27 4.05 35.27 0 10.86 10.03 14.7 7.8 
10.38 6.4 16.85 17.55 40.23 11.79 0 14.83 6.52 17.4 
9.03 12.99 17 15.74 42.78 9.53 18.65 0 23.93 4.77 
11.09 2.72 14.76 16.25 35.89 16.16 3.04 23.59 0 23.09 
Dimension>19
12.95 18.24 8.76 8.43 48.51 8.65 22.93 5.45 28.93 0 
Dimension>19
Bandera>13
Fitness Greedy Costo>138.46
Solucion Greedy Costo>1 2 5 3 0 6 8 0 7 9 10 0 4 0 0 0 0 0 0 
Linea Vacia>
Bandera>13
Fitness Greedy Costo>138.46
Solucion Greedy Costo>1 2 5 3 0 6 8 0 7 9 10 0 4 0 0 0 0 0 0 
Linea Vacia>
Matriz de Costos>
0 1.9 6.48 8.03 31.35 4.79 6.52 8.45 10.44 10.56 
3.93 0 5.9 7.45 32.38 7.38 9.82 12.49 13.69 14.57 
3.29 8.63 0 1.95 39.92 1.9 16.05 15.21 19.8 5.11 
Matriz de Costos>
0 1.9 6.48 8.03 31.35 4.79 6.52 8.45 10.44 10.56 
4.09 9.6 0.3 0 40.92 2.18 16.99 16.14 20.73 6.06 
31.83 28.14 36.73 38.06 0 37.58 34.42 44.27 28.97 43.16 
1.34 3.29 3.27 4.05 35.27 0 10.86 10.03 14.7 7.8 
10.38 6.4 16.85 17.55 40.23 11.79 0 14.83 6.52 17.4 
3.93 0 5.9 7.45 32.38 7.38 9.82 12.49 13.69 14.57 
3.29 8.63 0 1.95 39.92 1.9 16.05 15.21 19.8 5.11 
4.09 9.6 0.3 0 40.92 2.18 16.99 16.14 20.73 6.06 
9.03 12.99 17 15.74 42.78 9.53 18.65 0 23.93 4.77 
11.09 2.72 14.76 16.25 35.89 16.16 3.04 23.59 0 23.09 
12.95 18.24 8.76 8.43 48.51 8.65 22.93 5.45 28.93 0 
31.83 28.14 36.73 38.06 0 37.58 34.42 44.27 28.97 43.16 
1.34 3.29 3.27 4.05 35.27 0 10.86 10.03 14.7 7.8 
10.38 6.4 16.85 17.55 40.23 11.79 0 14.83 6.52 17.4 
9.03 12.99 17 15.74 42.78 9.53 18.65 0 23.93 4.77 
Dimension>19
Bandera>13
Fitness Greedy Costo>138.46
11.09 2.72 14.76 16.25 35.89 16.16 3.04 23.59 0 23.09 
12.95 18.24 8.76 8.43 48.51 8.65 22.93 5.45 28.93 0 
Solucion Greedy Costo>1 2 5 3 0 6 8 0 7 9 10 0 4 0 0 0 0 0 0 
Linea Vacia>
Dimension>19
Bandera>13
Fitness Greedy Costo>138.46
Solucion Greedy Costo>1 2 5 3 0 6 8 0 7 9 10 0 4 0 0 0 0 0 0 
Linea Vacia>
Matriz de Costos>
0 1.9 6.48 8.03 31.35 4.79 6.52 8.45 10.44 10.56 
3.93 0 5.9 7.45 32.38 7.38 9.82 12.49 13.69 14.57 
Matriz de Costos>
0 1.9 6.48 8.03 31.35 4.79 6.52 8.45 10.44 10.56 
3.93 0 5.9 7.45 32.38 7.38 9.82 12.49 13.69 14.57 
3.29 8.63 0 1.95 39.92 1.9 16.05 15.21 19.8 5.11 
3.29 8.63 0 1.95 39.92 1.9 16.05 15.21 19.8 5.11 
4.09 9.6 0.3 0 40.92 2.18 16.99 16.14 20.73 6.06 
31.83 28.14 36.73 38.06 0 37.58 34.42 44.27 28.97 43.16 
4.09 9.6 0.3 0 40.92 2.18 16.99 16.14 20.73 6.06 
31.83 28.14 36.73 38.06 0 37.58 34.42 44.27 28.97 43.16 
1.34 3.29 3.27 4.05 35.27 0 10.86 10.03 14.7 7.8 
10.38 6.4 16.85 17.55 40.23 11.79 0 14.83 6.52 17.4 
9.03 12.99 17 15.74 42.78 9.53 18.65 0 23.93 4.77 
1.34 3.29 3.27 4.05 35.27 0 10.86 10.03 14.7 7.8 
10.38 6.4 16.85 17.55 40.23 11.79 0 14.83 6.52 17.4 
11.09 2.72 14.76 16.25 35.89 16.16 3.04 23.59 0 23.09 
12.95 18.24 8.76 8.43 48.51 8.65 22.93 5.45 28.93 0 
9.03 12.99 17 15.74 42.78 9.53 18.65 0 23.93 4.77 
11.09 2.72 14.76 16.25 35.89 16.16 3.04 23.59 0 23.09 
12.95 18.24 8.76 8.43 48.51 8.65 22.93 5.45 28.93 0 
Dimension>19
Bandera>13
Fitness Greedy Costo>138.46
Solucion Greedy Costo>1 2 5 3 0 6 8 0 7 9 10 0 4 0 0 0 0 0 0 
Linea Vacia>
Dimension>19
Dimension>19
Matriz de Costos>
0 1.9 6.48 8.03 31.35 4.79 6.52 8.45 10.44 10.56 
3.93 0 5.9 7.45 32.38 7.38 9.82 12.49 13.69 14.57 
Bandera>13
Fitness Greedy Costo>138.46
Solucion Greedy Costo>1 2 5 3 0 6 8 0 7 9 10 0 4 0 0 0 0 0 0 
Linea Vacia>
Bandera>13
Fitness Greedy Costo>138.46
Solucion Greedy Costo>1 2 5 3 0 6 8 0 7 9 10 0 4 0 0 0 0 0 0 
Linea Vacia>
3.29 8.63 0 1.95 39.92 1.9 16.05 15.21 19.8 5.11 
4.09 9.6 0.3 0 40.92 2.18 16.99 16.14 20.73 6.06 
31.83 28.14 36.73 38.06 0 37.58 34.42 44.27 28.97 43.16 
1.34 3.29 3.27 4.05 35.27 0 10.86 10.03 14.7 7.8 
Matriz de Costos>
0 1.9 6.48 8.03 31.35 4.79 6.52 8.45 10.44 10.56 
3.93 0 5.9 7.45 32.38 7.38 9.82 12.49 13.69 14.57 
3.29 8.63 0 1.95 39.92 1.9 16.05 15.21 19.8 5.11 
4.09 9.6 0.3 0 40.92 2.18 16.99 16.14 20.73 6.06 
Dimension>19
Bandera>13
Fitness Greedy Costo>138.46
Solucion Greedy Costo>1 2 5 3 0 6 8 0 7 9 10 0 4 0 0 0 0 0 0 
Linea Vacia>
10.38 6.4 16.85 17.55 40.23 11.79 0 14.83 6.52 17.4 
9.03 12.99 17 15.74 42.78 9.53 18.65 0 23.93 4.77 
11.09 2.72 14.76 16.25 35.89 16.16 3.04 23.59 0 23.09 
Matriz de Costos>
0 1.9 6.48 8.03 31.35 4.79 6.52 8.45 10.44 10.56 
3.93 0 5.9 7.45 32.38 7.38 9.82 12.49 13.69 14.57 
31.83 28.14 36.73 38.06 0 37.58 34.42 44.27 28.97 43.16 
1.34 3.29 3.27 4.05 35.27 0 10.86 10.03 14.7 7.8 
10.38 6.4 16.85 17.55 40.23 11.79 0 14.83 6.52 17.4 
9.03 12.99 17 15.74 42.78 9.53 18.65 0 23.93 4.77 
3.29 8.63 0 1.95 39.92 1.9 16.05 15.21 19.8 5.11 
4.09 9.6 0.3 0 40.92 2.18 16.99 16.14 20.73 6.06 
12.95 18.24 8.76 8.43 48.51 8.65 22.93 5.45 28.93 0 
11.09 2.72 14.76 16.25 35.89 16.16 3.04 23.59 0 23.09 
12.95 18.24 8.76 8.43 48.51 8.65 22.93 5.45 28.93 0 
Matriz de Costos>
0 1.9 6.48 8.03 31.35 4.79 6.52 8.45 10.44 10.56 
3.93 0 5.9 7.45 32.38 7.38 9.82 12.49 13.69 14.57 
3.29 8.63 0 1.95 39.92 1.9 16.05 15.21 19.8 5.11 
4.09 9.6 0.3 0 40.92 2.18 16.99 16.14 20.73 6.06 
31.83 28.14 36.73 38.06 0 37.58 34.42 44.27 28.97 43.16 
1.34 3.29 3.27 4.05 35.27 0 10.86 10.03 14.7 7.8 
10.38 6.4 16.85 17.55 40.23 11.79 0 14.83 6.52 17.4 
9.03 12.99 17 15.74 42.78 9.53 18.65 0 23.93 4.77 
31.83 28.14 36.73 38.06 0 37.58 34.42 44.27 28.97 43.16 
1.34 3.29 3.27 4.05 35.27 0 10.86 10.03 14.7 7.8 
10.38 6.4 16.85 17.55 40.23 11.79 0 14.83 6.52 17.4 
9.03 12.99 17 15.74 42.78 9.53 18.65 0 23.93 4.77 
11.09 2.72 14.76 16.25 35.89 16.16 3.04 23.59 0 23.09 
12.95 18.24 8.76 8.43 48.51 8.65 22.93 5.45 28.93 0 
11.09 2.72 14.76 16.25 35.89 16.16 3.04 23.59 0 23.09 
12.95 18.24 8.76 8.43 48.51 8.65 22.93 5.45 28.93 0 
Dimension>19
Dimension>19
Bandera>13
Fitness Greedy Costo>138.46
Solucion Greedy Costo>1 2 5 3 0 6 8 0 7 9 10 0 4 0 0 0 0 0 0 
Linea Vacia>
Bandera>13
Fitness Greedy Costo>138.46
Solucion Greedy Costo>1 2 5 3 0 6 8 0 7 9 10 0 4 0 0 0 0 0 0 
Linea Vacia>
Matriz de Costos>
0 1.9 6.48 8.03 31.35 4.79 6.52 8.45 10.44 10.56 
Matriz de Costos>
0 1.9 6.48 8.03 31.35 4.79 6.52 8.45 10.44 10.56 
3.93 0 5.9 7.45 32.38 7.38 9.82 12.49 13.69 14.57 
3.93 0 5.9 7.45 32.38 7.38 9.82 12.49 13.69 14.57 
3.29 8.63 0 1.95 39.92 1.9 16.05 15.21 19.8 5.11 
4.09 9.6 0.3 0 40.92 2.18 16.99 16.14 20.73 6.06 
31.83 28.14 36.73 38.06 0 37.58 34.42 44.27 28.97 43.16 
1.34 3.29 3.27 4.05 35.27 0 10.86 10.03 14.7 7.8 
3.29 8.63 0 1.95 39.92 1.9 16.05 15.21 19.8 5.11 
4.09 9.6 0.3 0 40.92 2.18 16.99 16.14 20.73 6.06 
31.83 28.14 36.73 38.06 0 37.58 34.42 44.27 28.97 43.16 
1.34 3.29 3.27 4.05 35.27 0 10.86 10.03 14.7 7.8 
10.38 6.4 16.85 17.55 40.23 11.79 0 14.83 6.52 17.4 
9.03 12.99 17 15.74 42.78 9.53 18.65 0 23.93 4.77 
10.38 6.4 16.85 17.55 40.23 11.79 0 14.83 6.52 17.4 
9.03 12.99 17 15.74 42.78 9.53 18.65 0 23.93 4.77 
11.09 2.72 14.76 16.25 35.89 16.16 3.04 23.59 0 23.09 
12.95 18.24 8.76 8.43 48.51 8.65 22.93 5.45 28.93 0 
11.09 2.72 14.76 16.25 35.89 16.16 3.04 23.59 0 23.09 
12.95 18.24 8.76 8.43 48.51 8.65 22.93 5.45 28.93 0 
Dimension>19
Bandera>13
Fitness Greedy Costo>138.46
Solucion Greedy Costo>1 2 5 3 0 6 8 0 7 9 10 0 4 0 0 0 0 0 0 
Linea Vacia>
Matriz de Costos>
0 1.9 6.48 8.03 31.35 4.79 6.52 8.45 10.44 10.56 
3.93 0 5.9 7.45 32.38 7.38 9.82 12.49 13.69 14.57 
3.29 8.63 0 1.95 39.92 1.9 16.05 15.21 19.8 5.11 
4.09 9.6 0.3 0 40.92 2.18 16.99 16.14 20.73 6.06 
31.83 28.14 36.73 38.06 0 37.58 34.42 44.27 28.97 43.16 
1.34 3.29 3.27 4.05 35.27 0 10.86 10.03 14.7 7.8 
10.38 6.4 16.85 17.55 40.23 11.79 0 14.83 6.52 17.4 
9.03 12.99 17 15.74 42.78 9.53 18.65 0 23.93 4.77 
11.09 2.72 14.76 16.25 35.89 16.16 3.04 23.59 0 23.09 
12.95 18.24 8.76 8.43 48.51 8.65 22.93 5.45 28.93 0 
Dimension>19
Bandera>13
Fitness Greedy Costo>138.46
Solucion Greedy Costo>1 2 5 3 0 6 8 0 7 9 10 0 4 0 0 0 0 0 0 
Linea Vacia>
Matriz de Costos>
0 1.9 6.48 8.03 31.35 4.79 6.52 8.45 10.44 10.56 
3.93 0 5.9 7.45 32.38 7.38 9.82 12.49 13.69 14.57 
3.29 8.63 0 1.95 39.92 1.9 16.05 15.21 19.8 5.11 
4.09 9.6 0.3 0 40.92 2.18 16.99 16.14 20.73 6.06 
31.83 28.14 36.73 38.06 0 37.58 34.42 44.27 28.97 43.16 
1.34 3.29 3.27 4.05 35.27 0 10.86 10.03 14.7 7.8 
10.38 6.4 16.85 17.55 40.23 11.79 0 14.83 6.52 17.4 
9.03 12.99 17 15.74 42.78 9.53 18.65 0 23.93 4.77 
11.09 2.72 14.76 16.25 35.89 16.16 3.04 23.59 0 23.09 
12.95 18.24 8.76 8.43 48.51 8.65 22.93 5.45 28.93 0 
Dimension>19
Bandera>13
Fitness Greedy Costo>138.46
Solucion Greedy Costo>1 2 5 3 0 6 8 0 7 9 10 0 4 0 0 0 0 0 0 
Linea Vacia>
Dimension>19
Bandera>13
Fitness Greedy Costo>138.46
Solucion Greedy Costo>1 2 5 3 0 6 8 0 7 9 10 0 4 0 0 0 0 0 0 
Linea Vacia>
Dimension>19
Bandera>13
Matriz de Costos>
0 1.9 6.48 8.03 31.35 4.79 6.52 8.45 10.44 10.56 
3.93 0 5.9 7.45 32.38 7.38 9.82 12.49 13.69 14.57 
Fitness Greedy Costo>138.46
Solucion Greedy Costo>1 2 5 3 0 6 8 0 7 9 10 0 4 0 0 0 0 0 0 
Linea Vacia>
Matriz de Costos>
0 1.9 6.48 8.03 31.35 4.79 6.52 8.45 10.44 10.56 
3.93 0 5.9 7.45 32.38 7.38 9.82 12.49 13.69 14.57 
3.29 8.63 0 1.95 39.92 1.9 16.05 15.21 19.8 5.11 
4.09 9.6 0.3 0 40.92 2.18 16.99 16.14 20.73 6.06 
31.83 28.14 36.73 38.06 0 37.58 34.42 44.27 28.97 43.16 
1.34 3.29 3.27 4.05 35.27 0 10.86 10.03 14.7 7.8 
3.29 8.63 0 1.95 39.92 1.9 16.05 15.21 19.8 5.11 
4.09 9.6 0.3 0 40.92 2.18 16.99 16.14 20.73 6.06 
31.83 28.14 36.73 38.06 0 37.58 34.42 44.27 28.97 43.16 
1.34 3.29 3.27 4.05 35.27 0 10.86 10.03 14.7 7.8 
10.38 6.4 16.85 17.55 40.23 11.79 0 14.83 6.52 17.4 
10.38 6.4 16.85 17.55 40.23 11.79 0 14.83 6.52 17.4 
9.03 12.99 17 15.74 42.78 9.53 18.65 0 23.93 4.77 
11.09 2.72 14.76 16.25 35.89 16.16 3.04 23.59 0 23.09 
12.95 18.24 8.76 8.43 48.51 8.65 22.93 5.45 28.93 0 
9.03 12.99 17 15.74 42.78 9.53 18.65 0 23.93 4.77 
11.09 2.72 14.76 16.25 35.89 16.16 3.04 23.59 0 23.09 
12.95 18.24 8.76 8.43 48.51 8.65 22.93 5.45 28.93 0 
Matriz de Costos>
0 1.9 6.48 8.03 31.35 4.79 6.52 8.45 10.44 10.56 
3.93 0 5.9 7.45 32.38 7.38 9.82 12.49 13.69 14.57 
3.29 8.63 0 1.95 39.92 1.9 16.05 15.21 19.8 5.11 
4.09 9.6 0.3 0 40.92 2.18 16.99 16.14 20.73 6.06 
Dimension>19
Bandera>13
Fitness Greedy Costo>138.46
Solucion Greedy Costo>1 2 5 3 0 6 8 0 7 9 10 0 4 0 0 0 0 0 0 
Linea Vacia>
31.83 28.14 36.73 38.06 0 37.58 34.42 44.27 28.97 43.16 
1.34 3.29 3.27 4.05 35.27 0 10.86 10.03 14.7 7.8 
10.38 6.4 16.85 17.55 40.23 11.79 0 14.83 6.52 17.4 
Dimension>19
Matriz de Costos>
0 1.9 6.48 8.03 31.35 4.79 6.52 8.45 10.44 10.56 
3.93 0 5.9 7.45 32.38 7.38 9.82 12.49 13.69 14.57 
9.03 12.99 17 15.74 42.78 9.53 18.65 0 23.93 4.77 
11.09 2.72 14.76 16.25 35.89 16.16 3.04 23.59 0 23.09 
12.95 18.24 8.76 8.43 48.51 8.65 22.93 5.45 28.93 0 
3.29 8.63 0 1.95 39.92 1.9 16.05 15.21 19.8 5.11 
4.09 9.6 0.3 0 40.92 2.18 16.99 16.14 20.73 6.06 
31.83 28.14 36.73 38.06 0 37.58 34.42 44.27 28.97 43.16 
Bandera>13
Fitness Greedy Costo>138.46
Solucion Greedy Costo>1 2 5 3 0 6 8 0 7 9 10 0 4 0 0 0 0 0 0 
Linea Vacia>
1.34 3.29 3.27 4.05 35.27 0 10.86 10.03 14.7 7.8 
10.38 6.4 16.85 17.55 40.23 11.79 0 14.83 6.52 17.4 
9.03 12.99 17 15.74 42.78 9.53 18.65 0 23.93 4.77 
11.09 2.72 14.76 16.25 35.89 16.16 3.04 23.59 0 23.09 
12.95 18.24 8.76 8.43 48.51 8.65 22.93 5.45 28.93 0 
Dimension>19
Matriz de Costos>
0 1.9 6.48 8.03 31.35 4.79 6.52 8.45 10.44 10.56 
3.93 0 5.9 7.45 32.38 7.38 9.82 12.49 13.69 14.57 
3.29 8.63 0 1.95 39.92 1.9 16.05 15.21 19.8 5.11 
Bandera>13
Fitness Greedy Costo>138.46
Solucion Greedy Costo>1 2 5 3 0 6 8 0 7 9 10 0 4 0 0 0 0 0 0 
Linea Vacia>
4.09 9.6 0.3 0 40.92 2.18 16.99 16.14 20.73 6.06 
31.83 28.14 36.73 38.06 0 37.58 34.42 44.27 28.97 43.16 
1.34 3.29 3.27 4.05 35.27 0 10.86 10.03 14.7 7.8 
10.38 6.4 16.85 17.55 40.23 11.79 0 14.83 6.52 17.4 
Matriz de Costos>
0 1.9 6.48 8.03 31.35 4.79 6.52 8.45 10.44 10.56 
3.93 0 5.9 7.45 32.38 7.38 9.82 12.49 13.69 14.57 
3.29 8.63 0 1.95 39.92 1.9 16.05 15.21 19.8 5.11 
4.09 9.6 0.3 0 40.92 2.18 16.99 16.14 20.73 6.06 
9.03 12.99 17 15.74 42.78 9.53 18.65 0 23.93 4.77 
11.09 2.72 14.76 16.25 35.89 16.16 3.04 23.59 0 23.09 
31.83 28.14 36.73 38.06 0 37.58 34.42 44.27 28.97 43.16 
1.34 3.29 3.27 4.05 35.27 0 10.86 10.03 14.7 7.8 
10.38 6.4 16.85 17.55 40.23 11.79 0 14.83 6.52 17.4 
9.03 12.99 17 15.74 42.78 9.53 18.65 0 23.93 4.77 
11.09 2.72 14.76 16.25 35.89 16.16 3.04 23.59 0 23.09 
12.95 18.24 8.76 8.43 48.51 8.65 22.93 5.45 28.93 0 
Dimension>19
12.95 18.24 8.76 8.43 48.51 8.65 22.93 5.45 28.93 0 
Bandera>13
Fitness Greedy Costo>138.46
Solucion Greedy Costo>1 2 5 3 0 6 8 0 7 9 10 0 4 0 0 0 0 0 0 
Linea Vacia>
Matriz de Costos>
0 1.9 6.48 8.03 31.35 4.79 6.52 8.45 10.44 10.56 
3.93 0 5.9 7.45 32.38 7.38 9.82 12.49 13.69 14.57 
3.29 8.63 0 1.95 39.92 1.9 16.05 15.21 19.8 5.11 
4.09 9.6 0.3 0 40.92 2.18 16.99 16.14 20.73 6.06 
31.83 28.14 36.73 38.06 0 37.58 34.42 44.27 28.97 43.16 
1.34 3.29 3.27 4.05 35.27 0 10.86 10.03 14.7 7.8 
10.38 6.4 16.85 17.55 40.23 11.79 0 14.83 6.52 17.4 
9.03 12.99 17 15.74 42.78 9.53 18.65 0 23.93 4.77 
11.09 2.72 14.76 16.25 35.89 16.16 3.04 23.59 0 23.09 
12.95 18.24 8.76 8.43 48.51 8.65 22.93 5.45 28.93 0 
Dimension>19
Bandera>13
Fitness Greedy Costo>138.46
Solucion Greedy Costo>1 2 5 3 0 6 8 0 7 9 10 0 4 0 0 0 0 0 0 
Linea Vacia>
Matriz de Costos>
0 1.9 6.48 8.03 31.35 4.79 6.52 8.45 10.44 10.56 
3.93 0 5.9 7.45 32.38 7.38 9.82 12.49 13.69 14.57 
3.29 8.63 0 1.95 39.92 1.9 16.05 15.21 19.8 5.11 
4.09 9.6 0.3 0 40.92 2.18 16.99 16.14 20.73 6.06 
31.83 28.14 36.73 38.06 0 37.58 34.42 44.27 28.97 43.16 
1.34 3.29 3.27 4.05 35.27 0 10.86 10.03 14.7 7.8 
Dimension>19
Bandera>13
Fitness Greedy Costo>138.46
10.38 6.4 16.85 17.55 40.23 11.79 0 14.83 6.52 17.4 
9.03 12.99 17 15.74 42.78 9.53 18.65 0 23.93 4.77 
11.09 2.72 14.76 16.25 35.89 16.16 3.04 23.59 0 23.09 
12.95 18.24 8.76 8.43 48.51 8.65 22.93 5.45 28.93 0 
Solucion Greedy Costo>1 2 5 3 0 6 8 0 7 9 10 0 4 0 0 0 0 0 0 
Linea Vacia>
Matriz de Costos>
0 1.9 6.48 8.03 31.35 4.79 6.52 8.45 10.44 10.56 
3.93 0 5.9 7.45 32.38 7.38 9.82 12.49 13.69 14.57 
3.29 8.63 0 1.95 39.92 1.9 16.05 15.21 19.8 5.11 
4.09 9.6 0.3 0 40.92 2.18 16.99 16.14 20.73 6.06 
31.83 28.14 36.73 38.06 0 37.58 34.42 44.27 28.97 43.16 
1.34 3.29 3.27 4.05 35.27 0 10.86 10.03 14.7 7.8 
10.38 6.4 16.85 17.55 40.23 11.79 0 14.83 6.52 17.4 
9.03 12.99 17 15.74 42.78 9.53 18.65 0 23.93 4.77 
11.09 2.72 14.76 16.25 35.89 16.16 3.04 23.59 0 23.09 
12.95 18.24 8.76 8.43 48.51 8.65 22.93 5.45 28.93 0 
GEN 0 138.460000
GREEDY 0 0.000000
GEN 0 138.460000
GREEDY 0 0.000000
GEN 0 136.640000
GREEDY 0 0.000000
TIEMPO 0 136.640000
GEN 0 138.460000
GREEDY 0 0.000000
GEN 0 138.460000
GREEDY 0 0.000000
GEN 0 138.460000
GREEDY 0 0.000000
TIEMPO 0 138.460000
TIEMPO 0 136.640000
TIEMPO 0 138.460000
GEN 0 138.460000
GREEDY 0 0.000000
TIEMPO 0 138.460000
TIEMPO 0 138.460000
TIEMPO 0 138.460000
GREEDY 5 0.001321
GREEDY 5 0.002129
GEN 0 138.460000
GREEDY 0 0.000000
GEN 0 138.460000
GREEDY 0 0.000000
GEN 0 138.460000
GREEDY 0 0.000000
TIEMPO 0 138.460000
GEN 0 138.460000
GREEDY 0 0.000000
TIEMPO 0 138.460000
TIEMPO 0 138.460000
TIEMPO 0 138.460000
GREEDY 5 0.006386
GEN 0 138.460000
GREEDY 0 0.000000
TIEMPO 0 138.460000
GREEDY 5 0.004080
GREEDY 5 0.009224
GEN 0 136.640000
GREEDY 0 0.000000
GEN 0 138.230000
GREEDY 0 0.000000
GEN 0 138.460000
GREEDY 0 0.000000
TIEMPO 0 136.640000
TIEMPO 0 138.460000
TIEMPO 0 138.230000
GREEDY 5 0.014113
GREEDY 5 0.008363
GEN 0 138.460000
GREEDY 0 0.000000
GEN 0 136.640000
GREEDY 0 0.000000
GEN 0 138.460000
GREEDY 0 0.000000
TIEMPO 0 138.460000
GEN 0 138.460000
GREEDY 0 0.000000
TIEMPO 0 138.460000
GEN 0 138.460000
GREEDY 0 0.000000
TIEMPO 0 138.460000
TIEMPO 0 138.460000
TIEMPO 0 136.640000
GEN 0 138.460000
GREEDY 0 0.000000
TIEMPO 0 138.460000
GEN 0 138.460000
GREEDY 0 0.000000
TIEMPO 0 138.460000
GREEDY 5 0.000909
GREEDY 5 0.005193
GREEDY 5 0.012775
GREEDY 5 0.024866
GEN 0 138.460000
GREEDY 0 0.000000
TIEMPO 0 138.460000
GREEDY 5 0.027229
GREEDY 5 0.008165
GEN 0 138.460000
GREEDY 0 0.000000
TIEMPO 0 138.460000
GREEDY 5 0.025366
GREEDY 5 0.012877
GREEDY 10 0.032804
GREEDY 5 0.018577
GREEDY 5 0.021092
GREEDY 10 0.023599
GREEDY 10 0.045363
GREEDY 5 0.036802
GREEDY 5 0.026723
GREEDY 10 0.055640
GREEDY 5 0.047453
GREEDY 5 0.067680
GREEDY 10 0.069026
GEN 2500 127.620000
GEN 2500 127.620000
GEN 2500 126.730000
GEN 2500 122.920000
GREEDY 5 0.110121
GREEDY 10 0.097061
GREEDY 5 0.105902
GEN 2500 127.620000
GEN 2500 118.450000
GREEDY 5 0.120007
GEN 2500 118.450000
GREEDY 10 0.112532
GEN 2500 125.180000
GEN 2500 122.920000
GEN 2500 126.730000
GEN 2500 122.920000
GREEDY 10 0.179854
GEN 2500 118.450000
GEN 5000 127.620000
GEN 5000 118.450000
GEN 2500 127.050000
GREEDY 10 0.208886
GREEDY 10 0.209036
GEN 5000 127.620000
GEN 5000 118.450000
GEN 5000 127.620000
GREEDY 10 0.211515
GEN 5000 122.920000
GEN 2500 125.030000
GEN 5000 118.450000
GEN 2500 118.450000
GEN 5000 125.180000
GEN 5000 122.920000
GEN 7500 127.620000
GEN 7500 118.450000
GEN 2500 127.620000
GEN 7500 127.620000
GEN 7500 118.450000
GEN 5000 122.920000
GEN 2500 126.730000
GEN 5000 118.450000
GEN 5000 126.730000
GEN 7500 127.620000
GEN 7500 122.920000
GEN 5000 122.920000
GEN 7500 118.450000
GEN 2500 122.920000
GEN 10000 126.730000
TIEMPO 0.399712 126.730000
GEN 10000 118.450000
TIEMPO 0.401432 118.450000
GEN 2500 127.780000
GEN 2500 128.540000
GEN 2500 128.510000
GEN 2500 126.730000
GEN 10000 127.620000
TIEMPO 0.398064 127.620000
GEN 10000 118.450000
TIEMPO 0.399315 118.450000
GEN 2500 118.450000
GEN 2500 127.620000
GEN 7500 125.180000
GEN 7500 122.920000
GEN 7500 122.920000
GEN 10000 127.620000
TIEMPO 0.453282 127.620000
GEN 7500 118.450000
GEN 7500 126.730000
GEN 10000 122.920000
TIEMPO 0.456450 122.920000
GREEDY 10 0.434283
GEN 7500 122.920000
GEN 5000 118.450000
GEN 10000 118.450000
TIEMPO 0.517751 118.450000
GEN 5000 125.030000
GEN 10000 122.920000
TIEMPO 0.516759 122.920000
GEN 5000 118.450000
GEN 5000 127.620000
GEN 10000 125.180000
TIEMPO 0.547529 125.180000
GEN 10000 126.730000
TIEMPO 0.558914 126.730000
GEN 10000 122.920000
TIEMPO 0.541736 122.920000
GEN 10000 118.450000
TIEMPO 0.572560 118.450000
GEN 5000 122.920000
GEN 5000 127.620000
GEN 5000 127.780000
GEN 5000 126.730000
GEN 10000 122.920000
TIEMPO 0.590246 122.920000
GEN 5000 125.030000
GEN 5000 118.450000
GEN 5000 128.540000
GEN 7500 118.450000
GEN 7500 125.030000
GEN 7500 118.450000
GEN 7500 127.620000
GREEDY 10 0.682883
GEN 7500 122.920000
GEN 7500 127.780000
GEN 7500 126.730000
GEN 7500 125.030000
GEN 7500 118.450000
GEN 7500 128.540000
GEN 10000 118.450000
TIEMPO 0.761336 118.450000
GEN 10000 125.030000
TIEMPO 0.767810 125.030000
GEN 10000 118.450000
TIEMPO 0.761440 118.450000
GEN 7500 122.920000
GEN 10000 127.620000
TIEMPO 0.785542 127.620000
GEN 10000 122.920000
TIEMPO 0.817895 122.920000
GEN 10000 127.780000
TIEMPO 0.847780 127.780000
GEN 10000 126.730000
TIEMPO 0.846435 126.730000
GEN 10000 125.030000
TIEMPO 0.841678 125.030000
GEN 10000 118.450000
TIEMPO 0.844111 118.450000
GEN 10000 127.620000
TIEMPO 0.841492 127.620000
GEN 10000 122.920000
TIEMPO 0.923854 122.920000

 Current State ---------------------------------------------
Solution:  5 3 2 10 0 7 9 0 6 8 1 4 0 0 0 0 0 0 0 Fitness: 118.45

 :( ---------------------- THE END --------------- :) 
