Dimension>19
Bandera>13
Fitness Greedy Costo>138.46
Solucion Greedy Costo>1 2 5 3 0 6 8 0 7 9 10 0 4 0 0 0 0 0 0 
Linea Vacia>
Matriz de Costos>
0 1.9 6.48 8.03 31.35 4.79 6.52 8.45 10.44 10.56 
3.93 0 5.9 7.45 32.38 7.38 9.82 12.49 13.69 14.57 
3.29 8.63 0 1.95 39.92 1.9 16.05 15.21 19.8 5.11 
4.09 9.6 0.3 0 40.92 2.18 16.99 16.14 20.73 6.06 
31.83 28.14 36.73 38.06 0 37.58 34.42 44.27 28.97 43.16 
1.34 3.29 3.27 4.05 35.27 0 10.86 10.03 14.7 7.8 
10.38 6.4 16.85 17.55 40.23 11.79 0 14.83 6.52 17.4 
9.03 12.99 17 15.74 42.78 9.53 18.65 0 23.93 4.77 
11.09 2.72 14.76 16.25 35.89 16.16 3.04 23.59 0 23.09 
12.95 18.24 8.76 8.43 48.51 8.65 22.93 5.45 28.93 0 
Dimension>19
Bandera>13
Fitness Greedy Costo>138.46
Solucion Greedy Costo>1 2 5 3 0 6 8 0 7 9 10 0 4 0 0 0 0 0 0 
Linea Vacia>
Matriz de Costos>
0 1.9 6.48 8.03 31.35 4.79 6.52 8.45 10.44 10.56 
3.93 0 5.9 7.45 32.38 7.38 9.82 12.49 13.69 14.57 
3.29 8.63 0 1.95 39.92 1.9 16.05 15.21 19.8 5.11 
4.09 9.6 0.3 0 40.92 2.18 16.99 16.14 20.73 6.06 
31.83 28.14 36.73 38.06 0 37.58 34.42 44.27 28.97 43.16 
1.34 3.29 3.27 4.05 35.27 0 10.86 10.03 14.7 7.8 
Dimension>19
Bandera>13
Fitness Greedy Costo>138.46
Solucion Greedy Costo>1 2 5 3 0 6 8 0 7 9 10 0 4 0 0 0 0 0 0 
Linea Vacia>
Matriz de Costos>
0 1.9 6.48 8.03 31.35 4.79 6.52 8.45 10.44 10.56 
3.93 0 5.9 7.45 32.38 7.38 9.82 12.49 13.69 14.57 
10.38 6.4 16.85 17.55 40.23 11.79 0 14.83 6.52 17.4 
9.03 12.99 17 15.74 42.78 9.53 18.65 0 23.93 4.77 
11.09 2.72 14.76 16.25 35.89 16.16 3.04 23.59 0 23.09 
3.29 8.63 0 1.95 39.92 1.9 16.05 15.21 19.8 5.11 
4.09 9.6 0.3 0 40.92 2.18 16.99 16.14 20.73 6.06 
31.83 28.14 36.73 38.06 0 37.58 34.42 44.27 28.97 43.16 
12.95 18.24 8.76 8.43 48.51 8.65 22.93 5.45 28.93 0 
1.34 3.29 3.27 4.05 35.27 0 10.86 10.03 14.7 7.8 
10.38 6.4 16.85 17.55 40.23 11.79 0 14.83 6.52 17.4 
9.03 12.99 17 15.74 42.78 9.53 18.65 0 23.93 4.77 
11.09 2.72 14.76 16.25 35.89 16.16 3.04 23.59 0 23.09 
12.95 18.24 8.76 8.43 48.51 8.65 22.93 5.45 28.93 0 
Dimension>19
Bandera>13
Fitness Greedy Costo>138.46
Solucion Greedy Costo>1 2 5 3 0 6 8 0 7 9 10 0 4 0 0 0 0 0 0 
Linea Vacia>
Matriz de Costos>
0 1.9 6.48 8.03 31.35 4.79 6.52 8.45 10.44 10.56 
3.93 0 5.9 7.45 32.38 7.38 9.82 12.49 13.69 14.57 
3.29 8.63 0 1.95 39.92 1.9 16.05 15.21 19.8 5.11 
4.09 9.6 0.3 0 40.92 2.18 16.99 16.14 20.73 6.06 
31.83 28.14 36.73 38.06 0 37.58 34.42 44.27 28.97 43.16 
1.34 3.29 3.27 4.05 35.27 0 10.86 10.03 14.7 7.8 
10.38 6.4 16.85 17.55 40.23 11.79 0 14.83 6.52 17.4 
9.03 12.99 17 15.74 42.78 9.53 18.65 0 23.93 4.77 
11.09 2.72 14.76 16.25 35.89 16.16 3.04 23.59 0 23.09 
12.95 18.24 8.76 8.43 48.51 8.65 22.93 5.45 28.93 0 
Dimension>19
Bandera>13
Fitness Greedy Costo>138.46
Dimension>19
Bandera>13
Solucion Greedy Costo>1 2 5 3 0 6 8 0 7 9 10 0 4 0 0 0 0 0 0 
Linea Vacia>
Fitness Greedy Costo>138.46
Solucion Greedy Costo>1 2 5 3 0 6 8 0 7 9 10 0 4 0 0 0 0 0 0 
Linea Vacia>
Matriz de Costos>
0 1.9 6.48 8.03 31.35 4.79 6.52 8.45 10.44 10.56 
3.93 0 5.9 7.45 32.38 7.38 9.82 12.49 13.69 14.57 
3.29 8.63 0 1.95 39.92 1.9 16.05 15.21 19.8 5.11 
4.09 9.6 0.3 0 40.92 2.18 16.99 16.14 20.73 6.06 
31.83 28.14 36.73 38.06 0 37.58 34.42 44.27 28.97 43.16 
1.34 3.29 3.27 4.05 35.27 0 10.86 10.03 14.7 7.8 
Matriz de Costos>
0 1.9 6.48 8.03 31.35 4.79 6.52 8.45 10.44 10.56 
10.38 6.4 16.85 17.55 40.23 11.79 0 14.83 6.52 17.4 
3.93 0 5.9 7.45 32.38 7.38 9.82 12.49 13.69 14.57 
3.29 8.63 0 1.95 39.92 1.9 16.05 15.21 19.8 5.11 
9.03 12.99 17 15.74 42.78 9.53 18.65 0 23.93 4.77 
11.09 2.72 14.76 16.25 35.89 16.16 3.04 23.59 0 23.09 
12.95 18.24 8.76 8.43 48.51 8.65 22.93 5.45 28.93 0 
4.09 9.6 0.3 0 40.92 2.18 16.99 16.14 20.73 6.06 
31.83 28.14 36.73 38.06 0 37.58 34.42 44.27 28.97 43.16 
1.34 3.29 3.27 4.05 35.27 0 10.86 10.03 14.7 7.8 
10.38 6.4 16.85 17.55 40.23 11.79 0 14.83 6.52 17.4 
9.03 12.99 17 15.74 42.78 9.53 18.65 0 23.93 4.77 
11.09 2.72 14.76 16.25 35.89 16.16 3.04 23.59 0 23.09 
12.95 18.24 8.76 8.43 48.51 8.65 22.93 5.45 28.93 0 
Dimension>19
Dimension>19
Bandera>13
Fitness Greedy Costo>138.46
Bandera>13
Fitness Greedy Costo>138.46
Solucion Greedy Costo>1 2 5 3 0 6 8 0 7 9 10 0 4 0 0 0 0 0 0 
Linea Vacia>
Solucion Greedy Costo>1 2 5 3 0 6 8 0 7 9 10 0 4 0 0 0 0 0 0 
Linea Vacia>
Matriz de Costos>
0 1.9 6.48 8.03 31.35 4.79 6.52 8.45 10.44 10.56 
3.93 0 5.9 7.45 32.38 7.38 9.82 12.49 13.69 14.57 
3.29 8.63 0 1.95 39.92 1.9 16.05 15.21 19.8 5.11 
Matriz de Costos>
4.09 9.6 0.3 0 40.92 2.18 16.99 16.14 20.73 6.06 
31.83 28.14 36.73 38.06 0 37.58 34.42 44.27 28.97 43.16 
0 1.9 6.48 8.03 31.35 4.79 6.52 8.45 10.44 10.56 
3.93 0 5.9 7.45 32.38 7.38 9.82 12.49 13.69 14.57 
1.34 3.29 3.27 4.05 35.27 0 10.86 10.03 14.7 7.8 
10.38 6.4 16.85 17.55 40.23 11.79 0 14.83 6.52 17.4 
9.03 12.99 17 15.74 42.78 9.53 18.65 0 23.93 4.77 
3.29 8.63 0 1.95 39.92 1.9 16.05 15.21 19.8 5.11 
4.09 9.6 0.3 0 40.92 2.18 16.99 16.14 20.73 6.06 
11.09 2.72 14.76 16.25 35.89 16.16 3.04 23.59 0 23.09 
12.95 18.24 8.76 8.43 48.51 8.65 22.93 5.45 28.93 0 
31.83 28.14 36.73 38.06 0 37.58 34.42 44.27 28.97 43.16 
1.34 3.29 3.27 4.05 35.27 0 10.86 10.03 14.7 7.8 
10.38 6.4 16.85 17.55 40.23 11.79 0 14.83 6.52 17.4 
9.03 12.99 17 15.74 42.78 9.53 18.65 0 23.93 4.77 
11.09 2.72 14.76 16.25 35.89 16.16 3.04 23.59 0 23.09 
12.95 18.24 8.76 8.43 48.51 8.65 22.93 5.45 28.93 0 
Dimension>19
Bandera>13
Fitness Greedy Costo>138.46
Solucion Greedy Costo>1 2 5 3 0 6 8 0 7 9 10 0 4 0 0 0 0 0 0 
Linea Vacia>
Matriz de Costos>
Dimension>19
0 1.9 6.48 8.03 31.35 4.79 6.52 8.45 10.44 10.56 
3.93 0 5.9 7.45 32.38 7.38 9.82 12.49 13.69 14.57 
3.29 8.63 0 1.95 39.92 1.9 16.05 15.21 19.8 5.11 
4.09 9.6 0.3 0 40.92 2.18 16.99 16.14 20.73 6.06 
Bandera>13
Fitness Greedy Costo>138.46
Solucion Greedy Costo>1 2 5 3 0 6 8 0 7 9 10 0 4 0 0 0 0 0 0 
Linea Vacia>
31.83 28.14 36.73 38.06 0 37.58 34.42 44.27 28.97 43.16 
1.34 3.29 3.27 4.05 35.27 0 10.86 10.03 14.7 7.8 
10.38 6.4 16.85 17.55 40.23 11.79 0 14.83 6.52 17.4 
9.03 12.99 17 15.74 42.78 9.53 18.65 0 23.93 4.77 
11.09 2.72 14.76 16.25 35.89 16.16 3.04 23.59 0 23.09 
Matriz de Costos>
0 1.9 6.48 8.03 31.35 4.79 6.52 8.45 10.44 10.56 
3.93 0 5.9 7.45 32.38 7.38 9.82 12.49 13.69 14.57 
12.95 18.24 8.76 8.43 48.51 8.65 22.93 5.45 28.93 0 
Dimension>19
Bandera>13
3.29 8.63 0 1.95 39.92 1.9 16.05 15.21 19.8 5.11 
4.09 9.6 0.3 0 40.92 2.18 16.99 16.14 20.73 6.06 
31.83 28.14 36.73 38.06 0 37.58 34.42 44.27 28.97 43.16 
1.34 3.29 3.27 4.05 35.27 0 10.86 10.03 14.7 7.8 
Fitness Greedy Costo>138.46
Solucion Greedy Costo>1 2 5 3 0 6 8 0 7 9 10 0 4 0 0 0 0 0 0 
Linea Vacia>
10.38 6.4 16.85 17.55 40.23 11.79 0 14.83 6.52 17.4 
9.03 12.99 17 15.74 42.78 9.53 18.65 0 23.93 4.77 
11.09 2.72 14.76 16.25 35.89 16.16 3.04 23.59 0 23.09 
12.95 18.24 8.76 8.43 48.51 8.65 22.93 5.45 28.93 0 
Dimension>19
Matriz de Costos>
0 1.9 6.48 8.03 31.35 4.79 6.52 8.45 10.44 10.56 
3.93 0 5.9 7.45 32.38 7.38 9.82 12.49 13.69 14.57 
3.29 8.63 0 1.95 39.92 1.9 16.05 15.21 19.8 5.11 
Dimension>19
4.09 9.6 0.3 0 40.92 2.18 16.99 16.14 20.73 6.06 
31.83 28.14 36.73 38.06 0 37.58 34.42 44.27 28.97 43.16 
Bandera>13
Fitness Greedy Costo>138.46
Solucion Greedy Costo>1 2 5 3 0 6 8 0 7 9 10 0 4 0 0 0 0 0 0 
Linea Vacia>
1.34 3.29 3.27 4.05 35.27 0 10.86 10.03 14.7 7.8 
10.38 6.4 16.85 17.55 40.23 11.79 0 14.83 6.52 17.4 
9.03 12.99 17 15.74 42.78 9.53 18.65 0 23.93 4.77 
Bandera>13
Fitness Greedy Costo>138.46
Solucion Greedy Costo>1 2 5 3 0 6 8 0 7 9 10 0 4 0 0 0 0 0 0 
Linea Vacia>
11.09 2.72 14.76 16.25 35.89 16.16 3.04 23.59 0 23.09 
12.95 18.24 8.76 8.43 48.51 8.65 22.93 5.45 28.93 0 
Matriz de Costos>
0 1.9 6.48 8.03 31.35 4.79 6.52 8.45 10.44 10.56 
Matriz de Costos>
0 1.9 6.48 8.03 31.35 4.79 6.52 8.45 10.44 10.56 
3.93 0 5.9 7.45 32.38 7.38 9.82 12.49 13.69 14.57 
3.29 8.63 0 1.95 39.92 1.9 16.05 15.21 19.8 5.11 
4.09 9.6 0.3 0 40.92 2.18 16.99 16.14 20.73 6.06 
31.83 28.14 36.73 38.06 0 37.58 34.42 44.27 28.97 43.16 
3.93 0 5.9 7.45 32.38 7.38 9.82 12.49 13.69 14.57 
3.29 8.63 0 1.95 39.92 1.9 16.05 15.21 19.8 5.11 
4.09 9.6 0.3 0 40.92 2.18 16.99 16.14 20.73 6.06 
1.34 3.29 3.27 4.05 35.27 0 10.86 10.03 14.7 7.8 
10.38 6.4 16.85 17.55 40.23 11.79 0 14.83 6.52 17.4 
9.03 12.99 17 15.74 42.78 9.53 18.65 0 23.93 4.77 
31.83 28.14 36.73 38.06 0 37.58 34.42 44.27 28.97 43.16 
1.34 3.29 3.27 4.05 35.27 0 10.86 10.03 14.7 7.8 
11.09 2.72 14.76 16.25 35.89 16.16 3.04 23.59 0 23.09 
12.95 18.24 8.76 8.43 48.51 8.65 22.93 5.45 28.93 0 
10.38 6.4 16.85 17.55 40.23 11.79 0 14.83 6.52 17.4 
9.03 12.99 17 15.74 42.78 9.53 18.65 0 23.93 4.77 
11.09 2.72 14.76 16.25 35.89 16.16 3.04 23.59 0 23.09 
12.95 18.24 8.76 8.43 48.51 8.65 22.93 5.45 28.93 0 
Dimension>19
Bandera>13
Fitness Greedy Costo>138.46
Solucion Greedy Costo>1 2 5 3 0 6 8 0 7 9 10 0 4 0 0 0 0 0 0 
Linea Vacia>
Matriz de Costos>
0 1.9 6.48 8.03 31.35 4.79 6.52 8.45 10.44 10.56 
3.93 0 5.9 7.45 32.38 7.38 9.82 12.49 13.69 14.57 
3.29 8.63 0 1.95 39.92 1.9 16.05 15.21 19.8 5.11 
4.09 9.6 0.3 0 40.92 2.18 16.99 16.14 20.73 6.06 
31.83 28.14 36.73 38.06 0 37.58 34.42 44.27 28.97 43.16 
1.34 3.29 3.27 4.05 35.27 0 10.86 10.03 14.7 7.8 
10.38 6.4 16.85 17.55 40.23 11.79 0 14.83 6.52 17.4 
9.03 12.99 17 15.74 42.78 9.53 18.65 0 23.93 4.77 
11.09 2.72 14.76 16.25 35.89 16.16 3.04 23.59 0 23.09 
12.95 18.24 8.76 8.43 48.51 8.65 22.93 5.45 28.93 0 
Dimension>19
Bandera>13
Fitness Greedy Costo>138.46
Dimension>19
Bandera>13
Fitness Greedy Costo>138.46
Solucion Greedy Costo>1 2 5 3 0 6 8 0 7 9 10 0 4 0 0 0 0 0 0 
Linea Vacia>
Solucion Greedy Costo>1 2 5 3 0 6 8 0 7 9 10 0 4 0 0 0 0 0 0 
Linea Vacia>
Matriz de Costos>
0 1.9 6.48 8.03 31.35 4.79 6.52 8.45 10.44 10.56 
3.93 0 5.9 7.45 32.38 7.38 9.82 12.49 13.69 14.57 
3.29 8.63 0 1.95 39.92 1.9 16.05 15.21 19.8 5.11 
4.09 9.6 0.3 0 40.92 2.18 16.99 16.14 20.73 6.06 
31.83 28.14 36.73 38.06 0 37.58 34.42 44.27 28.97 43.16 
Matriz de Costos>
0 1.9 6.48 8.03 31.35 4.79 6.52 8.45 10.44 10.56 
3.93 0 5.9 7.45 32.38 7.38 9.82 12.49 13.69 14.57 
1.34 3.29 3.27 4.05 35.27 0 10.86 10.03 14.7 7.8 
10.38 6.4 16.85 17.55 40.23 11.79 0 14.83 6.52 17.4 
9.03 12.99 17 15.74 42.78 9.53 18.65 0 23.93 4.77 
11.09 2.72 14.76 16.25 35.89 16.16 3.04 23.59 0 23.09 
3.29 8.63 0 1.95 39.92 1.9 16.05 15.21 19.8 5.11 
4.09 9.6 0.3 0 40.92 2.18 16.99 16.14 20.73 6.06 
12.95 18.24 8.76 8.43 48.51 8.65 22.93 5.45 28.93 0 
31.83 28.14 36.73 38.06 0 37.58 34.42 44.27 28.97 43.16 
1.34 3.29 3.27 4.05 35.27 0 10.86 10.03 14.7 7.8 
10.38 6.4 16.85 17.55 40.23 11.79 0 14.83 6.52 17.4 
9.03 12.99 17 15.74 42.78 9.53 18.65 0 23.93 4.77 
11.09 2.72 14.76 16.25 35.89 16.16 3.04 23.59 0 23.09 
12.95 18.24 8.76 8.43 48.51 8.65 22.93 5.45 28.93 0 
Dimension>19
Bandera>13
Fitness Greedy Costo>138.46
Solucion Greedy Costo>1 2 5 3 0 6 8 0 7 9 10 0 4 0 0 0 0 0 0 
Linea Vacia>
Matriz de Costos>
0 1.9 6.48 8.03 31.35 4.79 6.52 8.45 10.44 10.56 
3.93 0 5.9 7.45 32.38 7.38 9.82 12.49 13.69 14.57 
3.29 8.63 0 1.95 39.92 1.9 16.05 15.21 19.8 5.11 
4.09 9.6 0.3 0 40.92 2.18 16.99 16.14 20.73 6.06 
31.83 28.14 36.73 38.06 0 37.58 34.42 44.27 28.97 43.16 
1.34 3.29 3.27 4.05 35.27 0 10.86 10.03 14.7 7.8 
10.38 6.4 16.85 17.55 40.23 11.79 0 14.83 6.52 17.4 
9.03 12.99 17 15.74 42.78 9.53 18.65 0 23.93 4.77 
11.09 2.72 14.76 16.25 35.89 16.16 3.04 23.59 0 23.09 
12.95 18.24 8.76 8.43 48.51 8.65 22.93 5.45 28.93 0 
Dimension>19
Bandera>13
Fitness Greedy Costo>138.46
Solucion Greedy Costo>1 2 5 3 0 6 8 0 7 9 10 0 4 0 0 0 0 0 0 
Linea Vacia>
Dimension>19
Bandera>13
Fitness Greedy Costo>138.46
Solucion Greedy Costo>1 2 5 3 0 6 8 0 7 9 10 0 4 0 0 0 0 0 0 
Matriz de Costos>
0 1.9 6.48 8.03 31.35 4.79 6.52 8.45 10.44 10.56 
3.93 0 5.9 7.45 32.38 7.38 9.82 12.49 13.69 14.57 
Linea Vacia>
3.29 8.63 0 1.95 39.92 1.9 16.05 15.21 19.8 5.11 
4.09 9.6 0.3 0 40.92 2.18 16.99 16.14 20.73 6.06 
31.83 28.14 36.73 38.06 0 37.58 34.42 44.27 28.97 43.16 
1.34 3.29 3.27 4.05 35.27 0 10.86 10.03 14.7 7.8 
10.38 6.4 16.85 17.55 40.23 11.79 0 14.83 6.52 17.4 
9.03 12.99 17 15.74 42.78 9.53 18.65 0 23.93 4.77 
Matriz de Costos>
0 1.9 6.48 8.03 31.35 4.79 6.52 8.45 10.44 10.56 
3.93 0 5.9 7.45 32.38 7.38 9.82 12.49 13.69 14.57 
11.09 2.72 14.76 16.25 35.89 16.16 3.04 23.59 0 23.09 
12.95 18.24 8.76 8.43 48.51 8.65 22.93 5.45 28.93 0 
3.29 8.63 0 1.95 39.92 1.9 16.05 15.21 19.8 5.11 
4.09 9.6 0.3 0 40.92 2.18 16.99 16.14 20.73 6.06 
31.83 28.14 36.73 38.06 0 37.58 34.42 44.27 28.97 43.16 
1.34 3.29 3.27 4.05 35.27 0 10.86 10.03 14.7 7.8 
10.38 6.4 16.85 17.55 40.23 11.79 0 14.83 6.52 17.4 
9.03 12.99 17 15.74 42.78 9.53 18.65 0 23.93 4.77 
11.09 2.72 14.76 16.25 35.89 16.16 3.04 23.59 0 23.09 
12.95 18.24 8.76 8.43 48.51 8.65 22.93 5.45 28.93 0 
Dimension>19
Dimension>19
Bandera>13
Fitness Greedy Costo>138.46
Bandera>13
Fitness Greedy Costo>138.46
Solucion Greedy Costo>1 2 5 3 0 6 8 0 7 9 10 0 4 0 0 0 0 0 0 
Linea Vacia>
Dimension>19
Solucion Greedy Costo>1 2 5 3 0 6 8 0 7 9 10 0 4 0 0 0 0 0 0 
Linea Vacia>
Matriz de Costos>
Bandera>13
Fitness Greedy Costo>138.46
Solucion Greedy Costo>1 2 5 3 0 6 8 0 7 9 10 0 4 0 0 0 0 0 0 
Linea Vacia>
0 1.9 6.48 8.03 31.35 4.79 6.52 8.45 10.44 10.56 
3.93 0 5.9 7.45 32.38 7.38 9.82 12.49 13.69 14.57 
3.29 8.63 0 1.95 39.92 1.9 16.05 15.21 19.8 5.11 
Matriz de Costos>
0 1.9 6.48 8.03 31.35 4.79 6.52 8.45 10.44 10.56 
4.09 9.6 0.3 0 40.92 2.18 16.99 16.14 20.73 6.06 
31.83 28.14 36.73 38.06 0 37.58 34.42 44.27 28.97 43.16 
3.93 0 5.9 7.45 32.38 7.38 9.82 12.49 13.69 14.57 
3.29 8.63 0 1.95 39.92 1.9 16.05 15.21 19.8 5.11 
1.34 3.29 3.27 4.05 35.27 0 10.86 10.03 14.7 7.8 
10.38 6.4 16.85 17.55 40.23 11.79 0 14.83 6.52 17.4 
9.03 12.99 17 15.74 42.78 9.53 18.65 0 23.93 4.77 
Matriz de Costos>
0 1.9 6.48 8.03 31.35 4.79 6.52 8.45 10.44 10.56 
3.93 0 5.9 7.45 32.38 7.38 9.82 12.49 13.69 14.57 
3.29 8.63 0 1.95 39.92 1.9 16.05 15.21 19.8 5.11 
4.09 9.6 0.3 0 40.92 2.18 16.99 16.14 20.73 6.06 
4.09 9.6 0.3 0 40.92 2.18 16.99 16.14 20.73 6.06 
31.83 28.14 36.73 38.06 0 37.58 34.42 44.27 28.97 43.16 
11.09 2.72 14.76 16.25 35.89 16.16 3.04 23.59 0 23.09 
12.95 18.24 8.76 8.43 48.51 8.65 22.93 5.45 28.93 0 
31.83 28.14 36.73 38.06 0 37.58 34.42 44.27 28.97 43.16 
1.34 3.29 3.27 4.05 35.27 0 10.86 10.03 14.7 7.8 
10.38 6.4 16.85 17.55 40.23 11.79 0 14.83 6.52 17.4 
1.34 3.29 3.27 4.05 35.27 0 10.86 10.03 14.7 7.8 
10.38 6.4 16.85 17.55 40.23 11.79 0 14.83 6.52 17.4 
9.03 12.99 17 15.74 42.78 9.53 18.65 0 23.93 4.77 
11.09 2.72 14.76 16.25 35.89 16.16 3.04 23.59 0 23.09 
9.03 12.99 17 15.74 42.78 9.53 18.65 0 23.93 4.77 
11.09 2.72 14.76 16.25 35.89 16.16 3.04 23.59 0 23.09 
12.95 18.24 8.76 8.43 48.51 8.65 22.93 5.45 28.93 0 
12.95 18.24 8.76 8.43 48.51 8.65 22.93 5.45 28.93 0 
Dimension>19
Bandera>13
Fitness Greedy Costo>138.46
Dimension>19
Solucion Greedy Costo>1 2 5 3 0 6 8 0 7 9 10 0 4 0 0 0 0 0 0 
Linea Vacia>
Matriz de Costos>
Dimension>19
Bandera>13
Fitness Greedy Costo>138.46
Solucion Greedy Costo>1 2 5 3 0 6 8 0 7 9 10 0 4 0 0 0 0 0 0 
Linea Vacia>
0 1.9 6.48 8.03 31.35 4.79 6.52 8.45 10.44 10.56 
3.93 0 5.9 7.45 32.38 7.38 9.82 12.49 13.69 14.57 
3.29 8.63 0 1.95 39.92 1.9 16.05 15.21 19.8 5.11 
4.09 9.6 0.3 0 40.92 2.18 16.99 16.14 20.73 6.06 
31.83 28.14 36.73 38.06 0 37.58 34.42 44.27 28.97 43.16 
Bandera>13
Fitness Greedy Costo>138.46
Solucion Greedy Costo>1 2 5 3 0 6 8 0 7 9 10 0 4 0 0 0 0 0 0 
Linea Vacia>
1.34 3.29 3.27 4.05 35.27 0 10.86 10.03 14.7 7.8 
10.38 6.4 16.85 17.55 40.23 11.79 0 14.83 6.52 17.4 
9.03 12.99 17 15.74 42.78 9.53 18.65 0 23.93 4.77 
11.09 2.72 14.76 16.25 35.89 16.16 3.04 23.59 0 23.09 
Matriz de Costos>
0 1.9 6.48 8.03 31.35 4.79 6.52 8.45 10.44 10.56 
3.93 0 5.9 7.45 32.38 7.38 9.82 12.49 13.69 14.57 
3.29 8.63 0 1.95 39.92 1.9 16.05 15.21 19.8 5.11 
4.09 9.6 0.3 0 40.92 2.18 16.99 16.14 20.73 6.06 
12.95 18.24 8.76 8.43 48.51 8.65 22.93 5.45 28.93 0 
Matriz de Costos>
0 1.9 6.48 8.03 31.35 4.79 6.52 8.45 10.44 10.56 
31.83 28.14 36.73 38.06 0 37.58 34.42 44.27 28.97 43.16 
1.34 3.29 3.27 4.05 35.27 0 10.86 10.03 14.7 7.8 
10.38 6.4 16.85 17.55 40.23 11.79 0 14.83 6.52 17.4 
9.03 12.99 17 15.74 42.78 9.53 18.65 0 23.93 4.77 
11.09 2.72 14.76 16.25 35.89 16.16 3.04 23.59 0 23.09 
3.93 0 5.9 7.45 32.38 7.38 9.82 12.49 13.69 14.57 
3.29 8.63 0 1.95 39.92 1.9 16.05 15.21 19.8 5.11 
4.09 9.6 0.3 0 40.92 2.18 16.99 16.14 20.73 6.06 
31.83 28.14 36.73 38.06 0 37.58 34.42 44.27 28.97 43.16 
12.95 18.24 8.76 8.43 48.51 8.65 22.93 5.45 28.93 0 
1.34 3.29 3.27 4.05 35.27 0 10.86 10.03 14.7 7.8 
10.38 6.4 16.85 17.55 40.23 11.79 0 14.83 6.52 17.4 
9.03 12.99 17 15.74 42.78 9.53 18.65 0 23.93 4.77 
11.09 2.72 14.76 16.25 35.89 16.16 3.04 23.59 0 23.09 
12.95 18.24 8.76 8.43 48.51 8.65 22.93 5.45 28.93 0 
GEN 0 138.460000
GREEDY 0 0.000000
GEN 0 138.460000
GREEDY 0 0.000000
TIEMPO 0 138.460000
TIEMPO 0 138.460000
GREEDY 5 0.000832
GREEDY 5 0.005844
GEN 0 138.460000
GREEDY 0 0.000000
GEN 0 138.460000
GREEDY 0 0.000000
TIEMPO 0 138.460000
TIEMPO 0 138.460000
GEN 0 138.460000
GREEDY 0 0.000000
GEN 0 138.460000
GREEDY 0 0.000000
GEN 0 138.460000
GREEDY 0 0.000000
GEN 0 136.640000
GREEDY 0 0.000000
GEN 0 138.460000
TIEMPO 0 138.460000
GREEDY 0 0.000000
GEN 0 138.460000
GREEDY 0 0.000000
TIEMPO 0 136.640000
TIEMPO 0 138.460000
TIEMPO 0 138.460000
TIEMPO 0 138.460000
TIEMPO 0 138.460000
GEN 0 128.540000
GREEDY 0 0.000000
GEN 0 138.460000
GREEDY 0 0.000000
TIEMPO 0 128.540000
GREEDY 5 0.000232
TIEMPO 0 138.460000
GREEDY 5 0.005772
GEN 0 137.620000
GEN 0 138.460000
GREEDY 0 0.000000
GREEDY 5 0.001339
GEN 0 138.460000
GREEDY 0 0.000000
GEN 0 138.460000
GREEDY 0 0.000000
TIEMPO 0 138.460000
TIEMPO 0 138.460000
TIEMPO 0 138.460000
GREEDY 0 0.000000
TIEMPO 0 137.620000
GREEDY 5 0.000539
GEN 0 138.460000
GREEDY 0 0.000000
GEN 0 138.460000
GREEDY 0 0.000000
TIEMPO 0 138.460000
TIEMPO 0 138.460000
GREEDY 5 0.007705
GEN 0 138.460000
GREEDY 0 0.000000
TIEMPO 0 138.460000
GEN 0 138.460000
GREEDY 0 0.000000
TIEMPO 0 138.460000
GEN 0 138.460000
GREEDY 0 0.000000
TIEMPO 0 138.460000
GREEDY 5 0.011608
GEN 0 138.460000
GREEDY 0 0.000000
TIEMPO 0 138.460000
GREEDY 5 0.012929
GEN 0 138.220000
GREEDY 0 0.000000
TIEMPO 0 138.220000
GREEDY 5 0.001067
GREEDY 5 0.016251
GREEDY 5 0.017249
GREEDY 5 0.016959
GREEDY 5 0.018721
GREEDY 5 0.026622
GREEDY 5 0.027817
GREEDY 5 0.024569
GREEDY 5 0.034456
GEN 0 138.460000
GREEDY 0 0.000000
TIEMPO 0 138.460000
GREEDY 5 0.023830
GREEDY 10 0.042800
GREEDY 5 0.045482
GREEDY 10 0.049645
GREEDY 10 0.065907
GREEDY 5 0.067650
GREEDY 5 0.075147
GREEDY 10 0.087829
GREEDY 5 0.075912
GEN 2500 128.540000
GREEDY 5 0.140421
GEN 2500 128.510000
GEN 2500 126.730000
GEN 2500 125.030000
GEN 2500 127.620000
GREEDY 10 0.168630
GEN 2500 125.030000
GEN 2500 122.460000
GEN 2500 128.540000
GEN 2500 118.450000
GEN 2500 126.730000
GEN 2500 127.620000
GREEDY 10 0.187241
GREEDY 10 0.190426
GEN 2500 128.540000
GEN 5000 128.540000
GEN 5000 125.030000
GEN 5000 118.450000
GEN 5000 125.030000
GEN 5000 127.620000
GEN 5000 118.450000
GEN 5000 125.030000
GEN 2500 126.730000
GEN 5000 127.620000
GEN 2500 128.540000
GEN 5000 122.460000
GEN 5000 128.540000
GEN 5000 118.450000
GREEDY 10 0.331780
GEN 2500 124.570000
GREEDY 10 0.372592
GEN 2500 118.450000
GEN 2500 125.030000
GEN 7500 125.030000
GEN 7500 122.920000
GEN 2500 118.450000
GEN 7500 118.450000
GEN 7500 125.030000
GEN 2500 122.920000
GEN 7500 118.450000
GEN 7500 125.030000
GEN 7500 127.620000
GEN 2500 130.570000
GEN 2500 125.030000
GEN 2500 130.570000
GEN 2500 128.540000
GEN 7500 127.620000
GEN 7500 118.450000
GEN 7500 122.460000
GEN 5000 127.620000
GEN 2500 127.620000
GEN 10000 122.920000
TIEMPO 0.488296 122.920000
GEN 10000 125.030000
TIEMPO 0.490145 125.030000
GEN 10000 118.450000
TIEMPO 0.494570 118.450000
GEN 10000 118.450000
TIEMPO 0.493878 118.450000
GEN 10000 125.030000
TIEMPO 0.497010 125.030000
GEN 7500 128.540000
GEN 10000 125.030000
TIEMPO 0.555734 125.030000
GEN 10000 127.620000
TIEMPO 0.564186 127.620000
GEN 5000 126.730000
GEN 10000 127.620000
TIEMPO 0.577554 127.620000
GEN 10000 118.450000
TIEMPO 0.577113 118.450000
GEN 10000 122.460000
TIEMPO 0.582157 122.460000
GEN 5000 118.450000
GEN 5000 124.570000
GEN 5000 128.540000
GEN 5000 125.030000
GREEDY 10 0.669008
GEN 5000 118.450000
GEN 5000 122.920000
GEN 5000 130.570000
GEN 5000 125.030000
GEN 5000 128.540000
GEN 7500 127.620000
GREEDY 10 0.760266
GEN 5000 122.920000
GEN 10000 127.620000
TIEMPO 0.776928 127.620000
GEN 5000 122.920000
GEN 7500 126.730000
GEN 7500 127.620000
GEN 7500 124.570000
GEN 7500 125.030000
GEN 7500 118.450000
GEN 7500 118.450000
GEN 7500 125.030000
GEN 7500 122.920000
GEN 7500 122.920000
GEN 7500 128.540000
GEN 7500 127.620000
GEN 10000 127.620000
TIEMPO 0.934042 127.620000
GEN 10000 127.620000
TIEMPO 0.950647 127.620000
GEN 10000 126.730000
TIEMPO 0.987282 126.730000
GEN 10000 124.570000
TIEMPO 0.964433 124.570000
GEN 10000 118.450000
TIEMPO 0.980854 118.450000
TIEMPO 1 122.920000
GEN 7500 122.920000
TIEMPO 1 128.540000
TIEMPO 1 122.920000
TIEMPO 1 125.030000
GEN 10000 125.030000
TIEMPO 1.003550 125.030000
TIEMPO 1 118.450000
TIEMPO 1 127.620000
TIEMPO 1 122.920000
GEN 10000 118.450000
TIEMPO 1.004080 118.450000
GEN 10000 128.540000
TIEMPO 1.011371 128.540000
GEN 10000 125.030000
TIEMPO 0.994912 125.030000
GEN 10000 122.920000
TIEMPO 1.023275 122.920000
GEN 10000 127.620000
TIEMPO 1.032400 127.620000
GEN 10000 122.920000
TIEMPO 1.116832 122.920000
GEN 10000 122.920000
TIEMPO 1.173246 122.920000

 Current State ---------------------------------------------
Solution:  5 3 2 10 0 0 7 9 0 6 8 1 4 0 0 0 0 0 0 Fitness: 118.45

 :( ---------------------- THE END --------------- :) 
