Dimension>45
Bandera>13
Fitness Greedy Costo>429.11
Solucion Greedy Costo>4 14 10 15 0 5 0 3 18 22 6 0 17 16 12 11 0 2 7 20 21 0 19 8 13 1 0 9 23 0 0 0 0 0 0 0 0 0 0 0 0 0 0 0 0 
Linea Vacia>
Matriz de Costos>
0 29.77 22.82 6.62 4.7 5.85 28.91 49.16 31.49 32.57 11.87 23.27 34.21 29.55 5.09 10.64 38.06 22.66 8.67 25.79 63.11 66.85 12.71 
35.38 0 33.83 33.69 38.85 36.86 15.46 62.48 38.78 10.31 26.26 33.35 47.99 36.69 30.04 28.87 59.3 55.39 25.78 64.51 79.99 71.84 30.71 
19.81 31.08 0 26.44 25.67 12.34 20.5 29.47 51.48 30.34 14.84 4.89 15.27 49.21 11.14 22.88 18.3 21.2 25.3 41.09 39.55 47.51 24.82 
5.28 27.68 26.62 0 3 9.64 28.27 53.94 24.5 31.93 9.42 27.07 38 22.52 10.95 7.11 43.22 26.56 5.54 24.47 67.76 71.37 9.22 
2.37 28.46 23.02 6.06 0 5.01 28.16 49.09 30.2 31.84 11.03 22.62 33.89 28.24 4.22 9.35 37.74 22.25 7.37 25.29 63.11 66.84 11.43 
3.95 30.8 15.04 8.9 9.24 0 32.9 42.66 32.51 36.51 13.92 15.51 28.5 30.57 10.5 11.65 32.46 16.64 9.69 25.52 56.92 60.81 13.71 
28.83 13.32 21.6 28.64 33.89 31.11 0 42.16 32.77 7.19 15.79 18.5 30.42 30.84 21.21 20.04 39.58 48.14 20.56 56.15 63.27 56.52 21.98 
46.28 54.55 22.3 53.27 53.07 38.04 35.29 0 74.44 46.55 41.19 21 14.67 72.32 38.17 50.44 25.98 34.96 51.28 70.61 11.95 17.08 52.31 
31.3 30.36 53.7 24.15 27.77 32.78 32.61 80.1 0 36.27 33.52 51.24 64.68 2.88 33.84 24.88 69.24 50.67 21.53 31.96 91.55 91.21 26.75 
35.4 3.44 31.63 33.72 38.87 36.89 14 55.58 38.88 0 28.05 28.66 41.21 36.72 30.05 29.09 52.12 55.5 25.8 64.62 75.92 67.69 30.92 
10.2 24.6 17.32 7.53 13.26 11.99 14.99 47.66 32.72 25.06 0 16.79 32.72 30.78 3.02 3.89 36.05 28.75 5.4 35.94 59.9 65.41 5.22 
21.52 31.76 3.86 28.42 26.88 14.47 15.23 28.32 52.47 25.29 16.07 0 11.06 50.21 12.46 24.06 21.06 26.46 26.73 43.25 42.15 44.22 25.99 
30.35 41.02 7.7 36.69 36.45 23.82 24.67 19.27 61.52 34.61 26.95 5.08 0 59.33 27.97 34.8 8.88 19.6 35.76 54.63 30.09 35.53 36.57 
22.51 21.48 40.36 15.13 18.84 24 23.85 68.91 21.05 27.61 24.82 40.63 54.8 0 25.1 15.85 59.39 40.34 12.36 39.4 82.26 82.13 17.82 
5.18 28.17 13.23 13.34 10.94 8.69 18.25 45.42 36.18 28.18 4.84 13.64 30.93 34.26 0 8.4 34.27 25.67 11.28 32.14 55.75 68.61 10.49 
11.11 25.19 25.63 9.11 14.81 12.57 19.06 55.43 30.06 25.64 6.8 25.12 39.3 28.12 9.56 0 43.5 29.3 2.14 37.31 67.9 74.46 1.31 
35.14 55 18.6 41.75 41.46 29.09 36.48 26.91 66.95 47.15 37.05 17.9 12.23 64.79 33.69 42.19 0 19.53 42.56 54.38 23.51 33.61 44.14 
19.16 48.68 24.03 25.82 25.56 12.72 45.33 36.24 50.44 49.79 28.52 28.37 22.91 48.17 24.12 28.36 20.73 0 26.55 41.29 39.9 51.09 30.24 
7.02 25.31 25.61 5.33 10.78 8.51 22.02 53.3 29.24 25.77 9.27 26.06 37.12 27.28 10.67 1.49 42.48 25.55 0 33.72 66.2 70.84 2.83 
25.95 54.35 41.41 24.44 22.03 24.61 56.57 71.53 27.18 60.92 38.69 41.97 56.07 39.56 31.91 38.62 57.85 41.86 34.79 0 80.67 87.78 40.39 
44.48 58.22 24.77 51.83 51.55 37.26 38.68 1.55 77.84 50.31 44.98 23.47 17.32 75.74 41.31 54.13 23.73 32.8 52.61 69.77 0 14.77 55.97 
63.3 69.22 41.52 70.14 71.76 56.39 54.05 14.09 93.96 65.09 68.85 40.17 34 92 64.16 71.47 30.25 52.44 70.86 88.44 13.72 0 73.13 
Dimension>45
Bandera>13
Fitness Greedy Costo>429.11
Solucion Greedy Costo>4 14 10 15 0 5 0 3 18 22 6 0 17 16 12 11 0 2 7 20 21 0 19 8 13 1 0 9 23 0 0 0 0 0 0 0 0 0 0 0 0 0 0 0 0 
Linea Vacia>
Matriz de Costos>
0 29.77 22.82 6.62 4.7 5.85 28.91 49.16 31.49 32.57 11.87 23.27 34.21 29.55 5.09 10.64 38.06 22.66 8.67 25.79 63.11 66.85 12.71 
35.38 0 33.83 33.69 38.85 36.86 15.46 62.48 38.78 10.31 26.26 33.35 47.99 36.69 30.04 28.87 59.3 55.39 25.78 64.51 79.99 71.84 30.71 
19.81 31.08 0 26.44 25.67 12.34 20.5 29.47 51.48 30.34 14.84 4.89 15.27 49.21 11.14 22.88 18.3 21.2 25.3 41.09 39.55 47.51 24.82 
5.28 27.68 26.62 0 3 9.64 28.27 53.94 24.5 31.93 9.42 27.07 38 22.52 10.95 7.11 43.22 26.56 5.54 24.47 67.76 71.37 9.22 
2.37 28.46 23.02 6.06 0 5.01 28.16 49.09 30.2 31.84 11.03 22.62 33.89 28.24 4.22 9.35 37.74 22.25 7.37 25.29 63.11 66.84 11.43 
3.95 30.8 15.04 8.9 9.24 0 32.9 42.66 32.51 36.51 13.92 15.51 28.5 30.57 10.5 11.65 32.46 16.64 9.69 25.52 56.92 60.81 13.71 
28.83 13.32 21.6 28.64 33.89 31.11 0 42.16 32.77 7.19 15.79 18.5 30.42 30.84 21.21 20.04 39.58 48.14 20.56 56.15 63.27 56.52 21.98 
46.28 54.55 22.3 53.27 53.07 38.04 35.29 0 74.44 46.55 41.19 21 14.67 72.32 38.17 50.44 25.98 34.96 51.28 70.61 11.95 17.08 52.31 
31.3 30.36 53.7 24.15 27.77 32.78 32.61 80.1 0 36.27 33.52 51.24 64.68 2.88 33.84 24.88 69.24 50.67 21.53 31.96 91.55 91.21 26.75 
Dimension>45
Bandera>13
Fitness Greedy Costo>429.11
Solucion Greedy Costo>4 14 10 15 0 5 0 3 18 22 6 0 17 16 12 11 0 2 7 20 21 0 19 8 13 1 0 9 23 0 0 0 0 0 0 0 0 0 0 0 0 0 0 0 0 
Linea Vacia>
Matriz de Costos>
0 29.77 22.82 6.62 4.7 5.85 28.91 49.16 31.49 32.57 11.87 23.27 34.21 29.55 5.09 10.64 38.06 22.66 8.67 25.79 63.11 66.85 12.71 
35.38 0 33.83 33.69 38.85 36.86 15.46 62.48 38.78 10.31 26.26 33.35 47.99 36.69 30.04 28.87 59.3 55.39 25.78 64.51 79.99 71.84 30.71 
19.81 31.08 0 26.44 25.67 12.34 20.5 29.47 51.48 30.34 14.84 4.89 15.27 49.21 11.14 22.88 18.3 21.2 25.3 41.09 39.55 47.51 24.82 
5.28 27.68 26.62 0 3 9.64 28.27 53.94 24.5 31.93 9.42 27.07 38 22.52 10.95 7.11 43.22 26.56 5.54 24.47 67.76 71.37 9.22 
2.37 28.46 23.02 6.06 0 5.01 28.16 49.09 30.2 31.84 11.03 22.62 33.89 28.24 4.22 9.35 37.74 22.25 7.37 25.29 63.11 66.84 11.43 
3.95 30.8 15.04 8.9 9.24 0 32.9 42.66 32.51 36.51 13.92 15.51 28.5 30.57 10.5 11.65 32.46 16.64 9.69 25.52 56.92 60.81 13.71 
28.83 13.32 21.6 28.64 33.89 31.11 0 42.16 32.77 7.19 15.79 18.5 30.42 30.84 21.21 20.04 39.58 48.14 20.56 56.15 63.27 56.52 21.98 
46.28 54.55 22.3 53.27 53.07 38.04 35.29 0 74.44 46.55 41.19 21 14.67 72.32 38.17 50.44 25.98 34.96 51.28 70.61 11.95 17.08 52.31 
31.3 30.36 53.7 24.15 27.77 32.78 32.61 80.1 0 36.27 33.52 51.24 64.68 2.88 33.84 24.88 69.24 50.67 21.53 31.96 91.55 91.21 26.75 
35.4 3.44 31.63 33.72 38.87 36.89 14 55.58 38.88 0 28.05 28.66 41.21 36.72 30.05 29.09 52.12 55.5 25.8 64.62 75.92 67.69 30.92 
10.2 24.6 17.32 7.53 13.26 11.99 14.99 47.66 32.72 25.06 0 16.79 32.72 30.78 3.02 3.89 36.05 28.75 5.4 35.94 59.9 65.41 5.22 
21.52 31.76 3.86 28.42 26.88 14.47 15.23 28.32 52.47 25.29 16.07 0 11.06 50.21 12.46 24.06 21.06 26.46 26.73 43.25 42.15 44.22 25.99 
30.35 41.02 7.7 36.69 36.45 23.82 24.67 19.27 61.52 34.61 26.95 5.08 0 59.33 27.97 34.8 8.88 19.6 35.76 54.63 30.09 35.53 36.57 
22.51 21.48 40.36 15.13 18.84 24 23.85 68.91 21.05 27.61 24.82 40.63 54.8 0 25.1 15.85 59.39 40.34 12.36 39.4 82.26 82.13 17.82 
5.18 28.17 13.23 13.34 10.94 8.69 18.25 45.42 36.18 28.18 4.84 13.64 30.93 34.26 0 8.4 34.27 25.67 11.28 32.14 55.75 68.61 10.49 
11.11 25.19 25.63 9.11 14.81 12.57 19.06 55.43 30.06 25.64 6.8 25.12 39.3 28.12 9.56 0 43.5 29.3 2.14 37.31 67.9 74.46 1.31 
35.14 55 18.6 41.75 41.46 29.09 36.48 26.91 66.95 47.15 37.05 17.9 12.23 64.79 33.69 42.19 0 19.53 42.56 54.38 23.51 33.61 44.14 
19.16 48.68 24.03 25.82 25.56 12.72 45.33 36.24 50.44 49.79 28.52 28.37 22.91 48.17 24.12 28.36 20.73 0 26.55 41.29 39.9 51.09 30.24 
7.02 25.31 25.61 5.33 10.78 8.51 22.02 53.3 29.24 25.77 9.27 26.06 37.12 27.28 10.67 1.49 42.48 25.55 0 33.72 66.2 70.84 2.83 
25.95 54.35 41.41 24.44 22.03 24.61 56.57 71.53 27.18 60.92 38.69 41.97 56.07 39.56 31.91 38.62 57.85 41.86 34.79 0 80.67 87.78 40.39 
44.48 58.22 24.77 51.83 51.55 37.26 38.68 1.55 77.84 50.31 44.98 23.47 17.32 75.74 41.31 54.13 23.73 32.8 52.61 69.77 0 14.77 55.97 
63.3 69.22 41.52 70.14 71.76 56.39 54.05 14.09 93.96 65.09 68.85 40.17 34 92 64.16 71.47 30.25 52.44 70.86 88.44 13.72 0 73.13 
Dimension>45
Bandera>13
Fitness Greedy Costo>429.11
Solucion Greedy Costo>4 14 10 15 0 5 0 3 18 22 6 0 17 16 12 11 0 2 7 20 21 0 19 8 13 1 0 9 23 0 0 0 0 0 0 0 0 0 0 0 0 0 0 0 0 
Linea Vacia>
Matriz de Costos>
0 29.77 22.82 6.62 4.7 5.85 28.91 49.16 31.49 32.57 11.87 23.27 34.21 29.55 5.09 10.64 38.06 22.66 8.67 25.79 63.11 66.85 12.71 
35.38 0 33.83 33.69 38.85 36.86 15.46 62.48 38.78 10.31 26.26 33.35 47.99 36.69 30.04 28.87 59.3 55.39 25.78 64.51 79.99 71.84 30.71 
19.81 31.08 0 26.44 25.67 12.34 20.5 29.47 51.48 30.34 14.84 4.89 15.27 49.21 11.14 22.88 18.3 21.2 25.3 41.09 39.55 47.51 24.82 
5.28 27.68 26.62 0 3 9.64 28.27 53.94 24.5 31.93 9.42 27.07 38 22.52 10.95 7.11 43.22 26.56 5.54 24.47 67.76 71.37 9.22 
2.37 28.46 23.02 6.06 0 5.01 28.16 49.09 30.2 31.84 11.03 22.62 33.89 28.24 4.22 9.35 37.74 22.25 7.37 25.29 63.11 66.84 11.43 
3.95 30.8 15.04 8.9 9.24 0 32.9 42.66 32.51 36.51 13.92 15.51 28.5 30.57 10.5 11.65 32.46 16.64 9.69 25.52 56.92 60.81 13.71 
28.83 13.32 21.6 28.64 33.89 31.11 0 42.16 32.77 7.19 15.79 18.5 30.42 30.84 21.21 20.04 39.58 48.14 20.56 56.15 63.27 56.52 21.98 
46.28 54.55 22.3 53.27 53.07 38.04 35.29 0 74.44 46.55 41.19 21 14.67 72.32 38.17 50.44 25.98 34.96 51.28 70.61 11.95 17.08 52.31 
31.3 30.36 53.7 24.15 27.77 32.78 32.61 80.1 0 36.27 33.52 51.24 64.68 2.88 33.84 24.88 69.24 50.67 21.53 31.96 91.55 91.21 26.75 
35.4 3.44 31.63 33.72 38.87 36.89 14 55.58 38.88 0 28.05 28.66 41.21 36.72 30.05 29.09 52.12 55.5 25.8 64.62 75.92 67.69 30.92 
10.2 24.6 17.32 7.53 13.26 11.99 14.99 47.66 32.72 25.06 0 16.79 32.72 30.78 3.02 3.89 36.05 28.75 5.4 35.94 59.9 65.41 5.22 
21.52 31.76 3.86 28.42 26.88 14.47 15.23 28.32 52.47 25.29 16.07 0 11.06 50.21 12.46 24.06 21.06 26.46 26.73 43.25 42.15 44.22 25.99 
30.35 41.02 7.7 36.69 36.45 23.82 24.67 19.27 61.52 34.61 26.95 5.08 0 59.33 27.97 34.8 8.88 19.6 35.76 54.63 30.09 35.53 36.57 
22.51 21.48 40.36 15.13 18.84 24 23.85 68.91 21.05 27.61 24.82 40.63 54.8 0 25.1 15.85 59.39 40.34 12.36 39.4 82.26 82.13 17.82 
5.18 28.17 13.23 13.34 10.94 8.69 18.25 45.42 36.18 28.18 4.84 13.64 30.93 34.26 0 8.4 34.27 25.67 11.28 32.14 55.75 68.61 10.49 
11.11 25.19 25.63 9.11 14.81 12.57 19.06 55.43 30.06 25.64 6.8 25.12 39.3 28.12 9.56 0 43.5 29.3 2.14 37.31 67.9 74.46 1.31 
35.14 55 18.6 41.75 41.46 29.09 36.48 26.91 66.95 47.15 37.05 17.9 12.23 64.79 33.69 42.19 0 19.53 42.56 54.38 23.51 33.61 44.14 
Dimension>45
Bandera>13
Fitness Greedy Costo>429.11
Solucion Greedy Costo>4 14 10 15 0 5 0 3 18 22 6 0 17 16 12 11 0 2 7 20 21 0 19 8 13 1 0 9 23 0 0 0 0 0 0 0 0 0 0 0 0 0 0 0 0 
Linea Vacia>
Matriz de Costos>
0 29.77 22.82 6.62 4.7 5.85 28.91 49.16 31.49 32.57 11.87 23.27 34.21 29.55 5.09 10.64 38.06 22.66 8.67 25.79 63.11 66.85 12.71 
35.38 0 33.83 33.69 38.85 36.86 15.46 62.48 38.78 10.31 26.26 33.35 47.99 36.69 30.04 28.87 59.3 55.39 25.78 64.51 79.99 71.84 30.71 
19.81 31.08 0 26.44 25.67 12.34 20.5 29.47 51.48 30.34 14.84 4.89 15.27 49.21 11.14 22.88 18.3 21.2 25.3 41.09 39.55 47.51 24.82 
5.28 27.68 26.62 0 3 9.64 28.27 53.94 24.5 31.93 9.42 27.07 38 22.52 10.95 7.11 43.22 26.56 5.54 24.47 67.76 71.37 9.22 
2.37 28.46 23.02 6.06 0 5.01 28.16 49.09 30.2 31.84 11.03 22.62 33.89 28.24 4.22 9.35 37.74 22.25 7.37 25.29 63.11 66.84 11.43 
3.95 30.8 15.04 8.9 9.24 0 32.9 42.66 32.51 36.51 13.92 15.51 28.5 30.57 10.5 11.65 32.46 16.64 9.69 25.52 56.92 60.81 13.71 
28.83 13.32 21.6 28.64 33.89 31.11 0 42.16 32.77 7.19 15.79 18.5 30.42 30.84 21.21 20.04 39.58 48.14 20.56 56.15 63.27 56.52 21.98 
46.28 54.55 22.3 53.27 53.07 38.04 35.29 0 74.44 46.55 41.19 21 14.67 72.32 38.17 50.44 25.98 34.96 51.28 70.61 11.95 17.08 52.31 
31.3 30.36 53.7 24.15 27.77 32.78 32.61 80.1 0 36.27 33.52 51.24 64.68 2.88 33.84 24.88 69.24 50.67 21.53 31.96 91.55 91.21 26.75 
35.4 3.44 31.63 33.72 38.87 36.89 14 55.58 38.88 0 28.05 28.66 41.21 36.72 30.05 29.09 52.12 55.5 25.8 64.62 75.92 67.69 30.92 
10.2 24.6 17.32 7.53 13.26 11.99 14.99 47.66 32.72 25.06 0 16.79 32.72 30.78 3.02 3.89 36.05 28.75 5.4 35.94 59.9 65.41 5.22 
21.52 31.76 3.86 28.42 26.88 14.47 15.23 28.32 52.47 25.29 16.07 0 11.06 50.21 12.46 24.06 21.06 26.46 26.73 43.25 42.15 44.22 25.99 
Dimension>45
Bandera>13
Fitness Greedy Costo>429.11
Solucion Greedy Costo>4 14 10 15 0 5 0 3 18 22 6 0 17 16 12 11 0 2 7 20 21 0 19 8 13 1 0 9 23 0 0 0 0 0 0 0 0 0 0 0 0 0 0 0 0 
Linea Vacia>
9.11 26.25 27.54 7.09 12.84 10.59 20.11 55.44 31.15 26.71 8.12 26.34 39.15 29.21 10.86 1.98 44.7 27.48 0.83 35.57 69.23 72.83 0 
35.4 3.44 31.63 33.72 38.87 36.89 14 55.58 38.88 0 28.05 28.66 41.21 36.72 30.05 29.09 52.12 55.5 25.8 64.62 75.92 67.69 30.92 
9.11 26.25 27.54 7.09 12.84 10.59 20.11 55.44 31.15 26.71 8.12 26.34 39.15 29.21 10.86 1.98 44.7 27.48 0.83 35.57 69.23 72.83 0 
19.16 48.68 24.03 25.82 25.56 12.72 45.33 36.24 50.44 49.79 28.52 28.37 22.91 48.17 24.12 28.36 20.73 0 26.55 41.29 39.9 51.09 30.24 
7.02 25.31 25.61 5.33 10.78 8.51 22.02 53.3 29.24 25.77 9.27 26.06 37.12 27.28 10.67 1.49 42.48 25.55 0 33.72 66.2 70.84 2.83 
25.95 54.35 41.41 24.44 22.03 24.61 56.57 71.53 27.18 60.92 38.69 41.97 56.07 39.56 31.91 38.62 57.85 41.86 34.79 0 80.67 87.78 40.39 
Dimension>45
10.2 24.6 17.32 7.53 13.26 11.99 14.99 47.66 32.72 25.06 0 16.79 32.72 30.78 3.02 3.89 36.05 28.75 5.4 35.94 59.9 65.41 5.22 
30.35 41.02 7.7 36.69 36.45 23.82 24.67 19.27 61.52 34.61 26.95 5.08 0 59.33 27.97 34.8 8.88 19.6 35.76 54.63 30.09 35.53 36.57 
22.51 21.48 40.36 15.13 18.84 24 23.85 68.91 21.05 27.61 24.82 40.63 54.8 0 25.1 15.85 59.39 40.34 12.36 39.4 82.26 82.13 17.82 
5.18 28.17 13.23 13.34 10.94 8.69 18.25 45.42 36.18 28.18 4.84 13.64 30.93 34.26 0 8.4 34.27 25.67 11.28 32.14 55.75 68.61 10.49 
21.52 31.76 3.86 28.42 26.88 14.47 15.23 28.32 52.47 25.29 16.07 0 11.06 50.21 12.46 24.06 21.06 26.46 26.73 43.25 42.15 44.22 25.99 
44.48 58.22 24.77 51.83 51.55 37.26 38.68 1.55 77.84 50.31 44.98 23.47 17.32 75.74 41.31 54.13 23.73 32.8 52.61 69.77 0 14.77 55.97 
63.3 69.22 41.52 70.14 71.76 56.39 54.05 14.09 93.96 65.09 68.85 40.17 34 92 64.16 71.47 30.25 52.44 70.86 88.44 13.72 0 73.13 
Dimension>45
Bandera>13
Fitness Greedy Costo>429.11
11.11 25.19 25.63 9.11 14.81 12.57 19.06 55.43 30.06 25.64 6.8 25.12 39.3 28.12 9.56 0 43.5 29.3 2.14 37.31 67.9 74.46 1.31 
35.14 55 18.6 41.75 41.46 29.09 36.48 26.91 66.95 47.15 37.05 17.9 12.23 64.79 33.69 42.19 0 19.53 42.56 54.38 23.51 33.61 44.14 
30.35 41.02 7.7 36.69 36.45 23.82 24.67 19.27 61.52 34.61 26.95 5.08 0 59.33 27.97 34.8 8.88 19.6 35.76 54.63 30.09 35.53 36.57 
9.11 26.25 27.54 7.09 12.84 10.59 20.11 55.44 31.15 26.71 8.12 26.34 39.15 29.21 10.86 1.98 44.7 27.48 0.83 35.57 69.23 72.83 0 
Solucion Greedy Costo>4 14 10 15 0 5 0 3 18 22 6 0 17 16 12 11 0 2 7 20 21 0 19 8 13 1 0 9 23 0 0 0 0 0 0 0 0 0 0 0 0 0 0 0 0 
Linea Vacia>
Bandera>13
Fitness Greedy Costo>429.11
22.51 21.48 40.36 15.13 18.84 24 23.85 68.91 21.05 27.61 24.82 40.63 54.8 0 25.1 15.85 59.39 40.34 12.36 39.4 82.26 82.13 17.82 
19.16 48.68 24.03 25.82 25.56 12.72 45.33 36.24 50.44 49.79 28.52 28.37 22.91 48.17 24.12 28.36 20.73 0 26.55 41.29 39.9 51.09 30.24 
7.02 25.31 25.61 5.33 10.78 8.51 22.02 53.3 29.24 25.77 9.27 26.06 37.12 27.28 10.67 1.49 42.48 25.55 0 33.72 66.2 70.84 2.83 
Solucion Greedy Costo>4 14 10 15 0 5 0 3 18 22 6 0 17 16 12 11 0 2 7 20 21 0 19 8 13 1 0 9 23 0 0 0 0 0 0 0 0 0 0 0 0 0 0 0 0 
Linea Vacia>
5.18 28.17 13.23 13.34 10.94 8.69 18.25 45.42 36.18 28.18 4.84 13.64 30.93 34.26 0 8.4 34.27 25.67 11.28 32.14 55.75 68.61 10.49 
25.95 54.35 41.41 24.44 22.03 24.61 56.57 71.53 27.18 60.92 38.69 41.97 56.07 39.56 31.91 38.62 57.85 41.86 34.79 0 80.67 87.78 40.39 
44.48 58.22 24.77 51.83 51.55 37.26 38.68 1.55 77.84 50.31 44.98 23.47 17.32 75.74 41.31 54.13 23.73 32.8 52.61 69.77 0 14.77 55.97 
11.11 25.19 25.63 9.11 14.81 12.57 19.06 55.43 30.06 25.64 6.8 25.12 39.3 28.12 9.56 0 43.5 29.3 2.14 37.31 67.9 74.46 1.31 
35.14 55 18.6 41.75 41.46 29.09 36.48 26.91 66.95 47.15 37.05 17.9 12.23 64.79 33.69 42.19 0 19.53 42.56 54.38 23.51 33.61 44.14 
19.16 48.68 24.03 25.82 25.56 12.72 45.33 36.24 50.44 49.79 28.52 28.37 22.91 48.17 24.12 28.36 20.73 0 26.55 41.29 39.9 51.09 30.24 
63.3 69.22 41.52 70.14 71.76 56.39 54.05 14.09 93.96 65.09 68.85 40.17 34 92 64.16 71.47 30.25 52.44 70.86 88.44 13.72 0 73.13 
9.11 26.25 27.54 7.09 12.84 10.59 20.11 55.44 31.15 26.71 8.12 26.34 39.15 29.21 10.86 1.98 44.7 27.48 0.83 35.57 69.23 72.83 0 
Matriz de Costos>
0 29.77 22.82 6.62 4.7 5.85 28.91 49.16 31.49 32.57 11.87 23.27 34.21 29.55 5.09 10.64 38.06 22.66 8.67 25.79 63.11 66.85 12.71 
35.38 0 33.83 33.69 38.85 36.86 15.46 62.48 38.78 10.31 26.26 33.35 47.99 36.69 30.04 28.87 59.3 55.39 25.78 64.51 79.99 71.84 30.71 
7.02 25.31 25.61 5.33 10.78 8.51 22.02 53.3 29.24 25.77 9.27 26.06 37.12 27.28 10.67 1.49 42.48 25.55 0 33.72 66.2 70.84 2.83 
25.95 54.35 41.41 24.44 22.03 24.61 56.57 71.53 27.18 60.92 38.69 41.97 56.07 39.56 31.91 38.62 57.85 41.86 34.79 0 80.67 87.78 40.39 
44.48 58.22 24.77 51.83 51.55 37.26 38.68 1.55 77.84 50.31 44.98 23.47 17.32 75.74 41.31 54.13 23.73 32.8 52.61 69.77 0 14.77 55.97 
63.3 69.22 41.52 70.14 71.76 56.39 54.05 14.09 93.96 65.09 68.85 40.17 34 92 64.16 71.47 30.25 52.44 70.86 88.44 13.72 0 73.13 
Matriz de Costos>
0 29.77 22.82 6.62 4.7 5.85 28.91 49.16 31.49 32.57 11.87 23.27 34.21 29.55 5.09 10.64 38.06 22.66 8.67 25.79 63.11 66.85 12.71 
35.38 0 33.83 33.69 38.85 36.86 15.46 62.48 38.78 10.31 26.26 33.35 47.99 36.69 30.04 28.87 59.3 55.39 25.78 64.51 79.99 71.84 30.71 
19.81 31.08 0 26.44 25.67 12.34 20.5 29.47 51.48 30.34 14.84 4.89 15.27 49.21 11.14 22.88 18.3 21.2 25.3 41.09 39.55 47.51 24.82 
5.28 27.68 26.62 0 3 9.64 28.27 53.94 24.5 31.93 9.42 27.07 38 22.52 10.95 7.11 43.22 26.56 5.54 24.47 67.76 71.37 9.22 
19.81 31.08 0 26.44 25.67 12.34 20.5 29.47 51.48 30.34 14.84 4.89 15.27 49.21 11.14 22.88 18.3 21.2 25.3 41.09 39.55 47.51 24.82 
5.28 27.68 26.62 0 3 9.64 28.27 53.94 24.5 31.93 9.42 27.07 38 22.52 10.95 7.11 43.22 26.56 5.54 24.47 67.76 71.37 9.22 
Dimension>45
Bandera>13
Fitness Greedy Costo>429.11
Solucion Greedy Costo>4 14 10 15 0 5 0 3 18 22 6 0 17 16 12 11 0 2 7 20 21 0 19 8 13 1 0 9 23 0 0 0 0 0 0 0 0 0 0 0 0 0 0 0 0 
Linea Vacia>
9.11 26.25 27.54 7.09 12.84 10.59 20.11 55.44 31.15 26.71 8.12 26.34 39.15 29.21 10.86 1.98 44.7 27.48 0.83 35.57 69.23 72.83 0 
2.37 28.46 23.02 6.06 0 5.01 28.16 49.09 30.2 31.84 11.03 22.62 33.89 28.24 4.22 9.35 37.74 22.25 7.37 25.29 63.11 66.84 11.43 
3.95 30.8 15.04 8.9 9.24 0 32.9 42.66 32.51 36.51 13.92 15.51 28.5 30.57 10.5 11.65 32.46 16.64 9.69 25.52 56.92 60.81 13.71 
28.83 13.32 21.6 28.64 33.89 31.11 0 42.16 32.77 7.19 15.79 18.5 30.42 30.84 21.21 20.04 39.58 48.14 20.56 56.15 63.27 56.52 21.98 
Dimension>45
Bandera>13
Fitness Greedy Costo>429.11
Solucion Greedy Costo>4 14 10 15 0 5 0 3 18 22 6 0 17 16 12 11 0 2 7 20 21 0 19 8 13 1 0 9 23 0 0 0 0 0 0 0 0 0 0 0 0 0 0 0 0 
Linea Vacia>
Matriz de Costos>
0 29.77 22.82 6.62 4.7 5.85 28.91 49.16 31.49 32.57 11.87 23.27 34.21 29.55 5.09 10.64 38.06 22.66 8.67 25.79 63.11 66.85 12.71 
35.38 0 33.83 33.69 38.85 36.86 15.46 62.48 38.78 10.31 26.26 33.35 47.99 36.69 30.04 28.87 59.3 55.39 25.78 64.51 79.99 71.84 30.71 
46.28 54.55 22.3 53.27 53.07 38.04 35.29 0 74.44 46.55 41.19 21 14.67 72.32 38.17 50.44 25.98 34.96 51.28 70.61 11.95 17.08 52.31 
31.3 30.36 53.7 24.15 27.77 32.78 32.61 80.1 0 36.27 33.52 51.24 64.68 2.88 33.84 24.88 69.24 50.67 21.53 31.96 91.55 91.21 26.75 
2.37 28.46 23.02 6.06 0 5.01 28.16 49.09 30.2 31.84 11.03 22.62 33.89 28.24 4.22 9.35 37.74 22.25 7.37 25.29 63.11 66.84 11.43 
3.95 30.8 15.04 8.9 9.24 0 32.9 42.66 32.51 36.51 13.92 15.51 28.5 30.57 10.5 11.65 32.46 16.64 9.69 25.52 56.92 60.81 13.71 
28.83 13.32 21.6 28.64 33.89 31.11 0 42.16 32.77 7.19 15.79 18.5 30.42 30.84 21.21 20.04 39.58 48.14 20.56 56.15 63.27 56.52 21.98 
46.28 54.55 22.3 53.27 53.07 38.04 35.29 0 74.44 46.55 41.19 21 14.67 72.32 38.17 50.44 25.98 34.96 51.28 70.61 11.95 17.08 52.31 
19.81 31.08 0 26.44 25.67 12.34 20.5 29.47 51.48 30.34 14.84 4.89 15.27 49.21 11.14 22.88 18.3 21.2 25.3 41.09 39.55 47.51 24.82 
5.28 27.68 26.62 0 3 9.64 28.27 53.94 24.5 31.93 9.42 27.07 38 22.52 10.95 7.11 43.22 26.56 5.54 24.47 67.76 71.37 9.22 
2.37 28.46 23.02 6.06 0 5.01 28.16 49.09 30.2 31.84 11.03 22.62 33.89 28.24 4.22 9.35 37.74 22.25 7.37 25.29 63.11 66.84 11.43 
35.4 3.44 31.63 33.72 38.87 36.89 14 55.58 38.88 0 28.05 28.66 41.21 36.72 30.05 29.09 52.12 55.5 25.8 64.62 75.92 67.69 30.92 
10.2 24.6 17.32 7.53 13.26 11.99 14.99 47.66 32.72 25.06 0 16.79 32.72 30.78 3.02 3.89 36.05 28.75 5.4 35.94 59.9 65.41 5.22 
21.52 31.76 3.86 28.42 26.88 14.47 15.23 28.32 52.47 25.29 16.07 0 11.06 50.21 12.46 24.06 21.06 26.46 26.73 43.25 42.15 44.22 25.99 
30.35 41.02 7.7 36.69 36.45 23.82 24.67 19.27 61.52 34.61 26.95 5.08 0 59.33 27.97 34.8 8.88 19.6 35.76 54.63 30.09 35.53 36.57 
22.51 21.48 40.36 15.13 18.84 24 23.85 68.91 21.05 27.61 24.82 40.63 54.8 0 25.1 15.85 59.39 40.34 12.36 39.4 82.26 82.13 17.82 
31.3 30.36 53.7 24.15 27.77 32.78 32.61 80.1 0 36.27 33.52 51.24 64.68 2.88 33.84 24.88 69.24 50.67 21.53 31.96 91.55 91.21 26.75 
35.4 3.44 31.63 33.72 38.87 36.89 14 55.58 38.88 0 28.05 28.66 41.21 36.72 30.05 29.09 52.12 55.5 25.8 64.62 75.92 67.69 30.92 
10.2 24.6 17.32 7.53 13.26 11.99 14.99 47.66 32.72 25.06 0 16.79 32.72 30.78 3.02 3.89 36.05 28.75 5.4 35.94 59.9 65.41 5.22 
3.95 30.8 15.04 8.9 9.24 0 32.9 42.66 32.51 36.51 13.92 15.51 28.5 30.57 10.5 11.65 32.46 16.64 9.69 25.52 56.92 60.81 13.71 
28.83 13.32 21.6 28.64 33.89 31.11 0 42.16 32.77 7.19 15.79 18.5 30.42 30.84 21.21 20.04 39.58 48.14 20.56 56.15 63.27 56.52 21.98 
46.28 54.55 22.3 53.27 53.07 38.04 35.29 0 74.44 46.55 41.19 21 14.67 72.32 38.17 50.44 25.98 34.96 51.28 70.61 11.95 17.08 52.31 
5.18 28.17 13.23 13.34 10.94 8.69 18.25 45.42 36.18 28.18 4.84 13.64 30.93 34.26 0 8.4 34.27 25.67 11.28 32.14 55.75 68.61 10.49 
11.11 25.19 25.63 9.11 14.81 12.57 19.06 55.43 30.06 25.64 6.8 25.12 39.3 28.12 9.56 0 43.5 29.3 2.14 37.31 67.9 74.46 1.31 
35.14 55 18.6 41.75 41.46 29.09 36.48 26.91 66.95 47.15 37.05 17.9 12.23 64.79 33.69 42.19 0 19.53 42.56 54.38 23.51 33.61 44.14 
19.16 48.68 24.03 25.82 25.56 12.72 45.33 36.24 50.44 49.79 28.52 28.37 22.91 48.17 24.12 28.36 20.73 0 26.55 41.29 39.9 51.09 30.24 
21.52 31.76 3.86 28.42 26.88 14.47 15.23 28.32 52.47 25.29 16.07 0 11.06 50.21 12.46 24.06 21.06 26.46 26.73 43.25 42.15 44.22 25.99 
30.35 41.02 7.7 36.69 36.45 23.82 24.67 19.27 61.52 34.61 26.95 5.08 0 59.33 27.97 34.8 8.88 19.6 35.76 54.63 30.09 35.53 36.57 
22.51 21.48 40.36 15.13 18.84 24 23.85 68.91 21.05 27.61 24.82 40.63 54.8 0 25.1 15.85 59.39 40.34 12.36 39.4 82.26 82.13 17.82 
31.3 30.36 53.7 24.15 27.77 32.78 32.61 80.1 0 36.27 33.52 51.24 64.68 2.88 33.84 24.88 69.24 50.67 21.53 31.96 91.55 91.21 26.75 
35.4 3.44 31.63 33.72 38.87 36.89 14 55.58 38.88 0 28.05 28.66 41.21 36.72 30.05 29.09 52.12 55.5 25.8 64.62 75.92 67.69 30.92 
10.2 24.6 17.32 7.53 13.26 11.99 14.99 47.66 32.72 25.06 0 16.79 32.72 30.78 3.02 3.89 36.05 28.75 5.4 35.94 59.9 65.41 5.22 
7.02 25.31 25.61 5.33 10.78 8.51 22.02 53.3 29.24 25.77 9.27 26.06 37.12 27.28 10.67 1.49 42.48 25.55 0 33.72 66.2 70.84 2.83 
25.95 54.35 41.41 24.44 22.03 24.61 56.57 71.53 27.18 60.92 38.69 41.97 56.07 39.56 31.91 38.62 57.85 41.86 34.79 0 80.67 87.78 40.39 
44.48 58.22 24.77 51.83 51.55 37.26 38.68 1.55 77.84 50.31 44.98 23.47 17.32 75.74 41.31 54.13 23.73 32.8 52.61 69.77 0 14.77 55.97 
5.18 28.17 13.23 13.34 10.94 8.69 18.25 45.42 36.18 28.18 4.84 13.64 30.93 34.26 0 8.4 34.27 25.67 11.28 32.14 55.75 68.61 10.49 
11.11 25.19 25.63 9.11 14.81 12.57 19.06 55.43 30.06 25.64 6.8 25.12 39.3 28.12 9.56 0 43.5 29.3 2.14 37.31 67.9 74.46 1.31 
Matriz de Costos>
0 29.77 22.82 6.62 4.7 5.85 28.91 49.16 31.49 32.57 11.87 23.27 34.21 29.55 5.09 10.64 38.06 22.66 8.67 25.79 63.11 66.85 12.71 
Dimension>45
Bandera>13
Fitness Greedy Costo>429.11
Dimension>45
Bandera>13
Fitness Greedy Costo>429.11
21.52 31.76 3.86 28.42 26.88 14.47 15.23 28.32 52.47 25.29 16.07 0 11.06 50.21 12.46 24.06 21.06 26.46 26.73 43.25 42.15 44.22 25.99 
30.35 41.02 7.7 36.69 36.45 23.82 24.67 19.27 61.52 34.61 26.95 5.08 0 59.33 27.97 34.8 8.88 19.6 35.76 54.63 30.09 35.53 36.57 
22.51 21.48 40.36 15.13 18.84 24 23.85 68.91 21.05 27.61 24.82 40.63 54.8 0 25.1 15.85 59.39 40.34 12.36 39.4 82.26 82.13 17.82 
63.3 69.22 41.52 70.14 71.76 56.39 54.05 14.09 93.96 65.09 68.85 40.17 34 92 64.16 71.47 30.25 52.44 70.86 88.44 13.72 0 73.13 
9.11 26.25 27.54 7.09 12.84 10.59 20.11 55.44 31.15 26.71 8.12 26.34 39.15 29.21 10.86 1.98 44.7 27.48 0.83 35.57 69.23 72.83 0 
35.14 55 18.6 41.75 41.46 29.09 36.48 26.91 66.95 47.15 37.05 17.9 12.23 64.79 33.69 42.19 0 19.53 42.56 54.38 23.51 33.61 44.14 
19.16 48.68 24.03 25.82 25.56 12.72 45.33 36.24 50.44 49.79 28.52 28.37 22.91 48.17 24.12 28.36 20.73 0 26.55 41.29 39.9 51.09 30.24 
7.02 25.31 25.61 5.33 10.78 8.51 22.02 53.3 29.24 25.77 9.27 26.06 37.12 27.28 10.67 1.49 42.48 25.55 0 33.72 66.2 70.84 2.83 
35.38 0 33.83 33.69 38.85 36.86 15.46 62.48 38.78 10.31 26.26 33.35 47.99 36.69 30.04 28.87 59.3 55.39 25.78 64.51 79.99 71.84 30.71 
19.81 31.08 0 26.44 25.67 12.34 20.5 29.47 51.48 30.34 14.84 4.89 15.27 49.21 11.14 22.88 18.3 21.2 25.3 41.09 39.55 47.51 24.82 
Matriz de Costos>
0 29.77 22.82 6.62 4.7 5.85 28.91 49.16 31.49 32.57 11.87 23.27 34.21 29.55 5.09 10.64 38.06 22.66 8.67 25.79 63.11 66.85 12.71 
35.38 0 33.83 33.69 38.85 36.86 15.46 62.48 38.78 10.31 26.26 33.35 47.99 36.69 30.04 28.87 59.3 55.39 25.78 64.51 79.99 71.84 30.71 
Solucion Greedy Costo>4 14 10 15 0 5 0 3 18 22 6 0 17 16 12 11 0 2 7 20 21 0 19 8 13 1 0 9 23 0 0 0 0 0 0 0 0 0 0 0 0 0 0 0 0 
Linea Vacia>
Dimension>45
Bandera>13
Fitness Greedy Costo>429.11
Solucion Greedy Costo>4 14 10 15 0 5 0 3 18 22 6 0 17 16 12 11 0 2 7 20 21 0 19 8 13 1 0 9 23 0 0 0 0 0 0 0 0 0 0 0 0 0 0 0 0 
Linea Vacia>
5.18 28.17 13.23 13.34 10.94 8.69 18.25 45.42 36.18 28.18 4.84 13.64 30.93 34.26 0 8.4 34.27 25.67 11.28 32.14 55.75 68.61 10.49 
11.11 25.19 25.63 9.11 14.81 12.57 19.06 55.43 30.06 25.64 6.8 25.12 39.3 28.12 9.56 0 43.5 29.3 2.14 37.31 67.9 74.46 1.31 
25.95 54.35 41.41 24.44 22.03 24.61 56.57 71.53 27.18 60.92 38.69 41.97 56.07 39.56 31.91 38.62 57.85 41.86 34.79 0 80.67 87.78 40.39 
44.48 58.22 24.77 51.83 51.55 37.26 38.68 1.55 77.84 50.31 44.98 23.47 17.32 75.74 41.31 54.13 23.73 32.8 52.61 69.77 0 14.77 55.97 
5.28 27.68 26.62 0 3 9.64 28.27 53.94 24.5 31.93 9.42 27.07 38 22.52 10.95 7.11 43.22 26.56 5.54 24.47 67.76 71.37 9.22 
2.37 28.46 23.02 6.06 0 5.01 28.16 49.09 30.2 31.84 11.03 22.62 33.89 28.24 4.22 9.35 37.74 22.25 7.37 25.29 63.11 66.84 11.43 
Solucion Greedy Costo>4 14 10 15 0 5 0 3 18 22 6 0 17 16 12 11 0 2 7 20 21 0 19 8 13 1 0 9 23 0 0 0 0 0 0 0 0 0 0 0 0 0 0 0 0 
Linea Vacia>
19.81 31.08 0 26.44 25.67 12.34 20.5 29.47 51.48 30.34 14.84 4.89 15.27 49.21 11.14 22.88 18.3 21.2 25.3 41.09 39.55 47.51 24.82 
5.28 27.68 26.62 0 3 9.64 28.27 53.94 24.5 31.93 9.42 27.07 38 22.52 10.95 7.11 43.22 26.56 5.54 24.47 67.76 71.37 9.22 
35.14 55 18.6 41.75 41.46 29.09 36.48 26.91 66.95 47.15 37.05 17.9 12.23 64.79 33.69 42.19 0 19.53 42.56 54.38 23.51 33.61 44.14 
19.16 48.68 24.03 25.82 25.56 12.72 45.33 36.24 50.44 49.79 28.52 28.37 22.91 48.17 24.12 28.36 20.73 0 26.55 41.29 39.9 51.09 30.24 
3.95 30.8 15.04 8.9 9.24 0 32.9 42.66 32.51 36.51 13.92 15.51 28.5 30.57 10.5 11.65 32.46 16.64 9.69 25.52 56.92 60.81 13.71 
28.83 13.32 21.6 28.64 33.89 31.11 0 42.16 32.77 7.19 15.79 18.5 30.42 30.84 21.21 20.04 39.58 48.14 20.56 56.15 63.27 56.52 21.98 
7.02 25.31 25.61 5.33 10.78 8.51 22.02 53.3 29.24 25.77 9.27 26.06 37.12 27.28 10.67 1.49 42.48 25.55 0 33.72 66.2 70.84 2.83 
63.3 69.22 41.52 70.14 71.76 56.39 54.05 14.09 93.96 65.09 68.85 40.17 34 92 64.16 71.47 30.25 52.44 70.86 88.44 13.72 0 73.13 
9.11 26.25 27.54 7.09 12.84 10.59 20.11 55.44 31.15 26.71 8.12 26.34 39.15 29.21 10.86 1.98 44.7 27.48 0.83 35.57 69.23 72.83 0 
2.37 28.46 23.02 6.06 0 5.01 28.16 49.09 30.2 31.84 11.03 22.62 33.89 28.24 4.22 9.35 37.74 22.25 7.37 25.29 63.11 66.84 11.43 
3.95 30.8 15.04 8.9 9.24 0 32.9 42.66 32.51 36.51 13.92 15.51 28.5 30.57 10.5 11.65 32.46 16.64 9.69 25.52 56.92 60.81 13.71 
25.95 54.35 41.41 24.44 22.03 24.61 56.57 71.53 27.18 60.92 38.69 41.97 56.07 39.56 31.91 38.62 57.85 41.86 34.79 0 80.67 87.78 40.39 
44.48 58.22 24.77 51.83 51.55 37.26 38.68 1.55 77.84 50.31 44.98 23.47 17.32 75.74 41.31 54.13 23.73 32.8 52.61 69.77 0 14.77 55.97 
46.28 54.55 22.3 53.27 53.07 38.04 35.29 0 74.44 46.55 41.19 21 14.67 72.32 38.17 50.44 25.98 34.96 51.28 70.61 11.95 17.08 52.31 
31.3 30.36 53.7 24.15 27.77 32.78 32.61 80.1 0 36.27 33.52 51.24 64.68 2.88 33.84 24.88 69.24 50.67 21.53 31.96 91.55 91.21 26.75 
28.83 13.32 21.6 28.64 33.89 31.11 0 42.16 32.77 7.19 15.79 18.5 30.42 30.84 21.21 20.04 39.58 48.14 20.56 56.15 63.27 56.52 21.98 
46.28 54.55 22.3 53.27 53.07 38.04 35.29 0 74.44 46.55 41.19 21 14.67 72.32 38.17 50.44 25.98 34.96 51.28 70.61 11.95 17.08 52.31 
63.3 69.22 41.52 70.14 71.76 56.39 54.05 14.09 93.96 65.09 68.85 40.17 34 92 64.16 71.47 30.25 52.44 70.86 88.44 13.72 0 73.13 
35.4 3.44 31.63 33.72 38.87 36.89 14 55.58 38.88 0 28.05 28.66 41.21 36.72 30.05 29.09 52.12 55.5 25.8 64.62 75.92 67.69 30.92 
10.2 24.6 17.32 7.53 13.26 11.99 14.99 47.66 32.72 25.06 0 16.79 32.72 30.78 3.02 3.89 36.05 28.75 5.4 35.94 59.9 65.41 5.22 
9.11 26.25 27.54 7.09 12.84 10.59 20.11 55.44 31.15 26.71 8.12 26.34 39.15 29.21 10.86 1.98 44.7 27.48 0.83 35.57 69.23 72.83 0 
31.3 30.36 53.7 24.15 27.77 32.78 32.61 80.1 0 36.27 33.52 51.24 64.68 2.88 33.84 24.88 69.24 50.67 21.53 31.96 91.55 91.21 26.75 
35.4 3.44 31.63 33.72 38.87 36.89 14 55.58 38.88 0 28.05 28.66 41.21 36.72 30.05 29.09 52.12 55.5 25.8 64.62 75.92 67.69 30.92 
21.52 31.76 3.86 28.42 26.88 14.47 15.23 28.32 52.47 25.29 16.07 0 11.06 50.21 12.46 24.06 21.06 26.46 26.73 43.25 42.15 44.22 25.99 
30.35 41.02 7.7 36.69 36.45 23.82 24.67 19.27 61.52 34.61 26.95 5.08 0 59.33 27.97 34.8 8.88 19.6 35.76 54.63 30.09 35.53 36.57 
Matriz de Costos>
0 29.77 22.82 6.62 4.7 5.85 28.91 49.16 31.49 32.57 11.87 23.27 34.21 29.55 5.09 10.64 38.06 22.66 8.67 25.79 63.11 66.85 12.71 
Dimension>45
Bandera>13
Fitness Greedy Costo>429.11
22.51 21.48 40.36 15.13 18.84 24 23.85 68.91 21.05 27.61 24.82 40.63 54.8 0 25.1 15.85 59.39 40.34 12.36 39.4 82.26 82.13 17.82 
5.18 28.17 13.23 13.34 10.94 8.69 18.25 45.42 36.18 28.18 4.84 13.64 30.93 34.26 0 8.4 34.27 25.67 11.28 32.14 55.75 68.61 10.49 
Matriz de Costos>
0 29.77 22.82 6.62 4.7 5.85 28.91 49.16 31.49 32.57 11.87 23.27 34.21 29.55 5.09 10.64 38.06 22.66 8.67 25.79 63.11 66.85 12.71 
10.2 24.6 17.32 7.53 13.26 11.99 14.99 47.66 32.72 25.06 0 16.79 32.72 30.78 3.02 3.89 36.05 28.75 5.4 35.94 59.9 65.41 5.22 
21.52 31.76 3.86 28.42 26.88 14.47 15.23 28.32 52.47 25.29 16.07 0 11.06 50.21 12.46 24.06 21.06 26.46 26.73 43.25 42.15 44.22 25.99 
30.35 41.02 7.7 36.69 36.45 23.82 24.67 19.27 61.52 34.61 26.95 5.08 0 59.33 27.97 34.8 8.88 19.6 35.76 54.63 30.09 35.53 36.57 
22.51 21.48 40.36 15.13 18.84 24 23.85 68.91 21.05 27.61 24.82 40.63 54.8 0 25.1 15.85 59.39 40.34 12.36 39.4 82.26 82.13 17.82 
35.38 0 33.83 33.69 38.85 36.86 15.46 62.48 38.78 10.31 26.26 33.35 47.99 36.69 30.04 28.87 59.3 55.39 25.78 64.51 79.99 71.84 30.71 
19.81 31.08 0 26.44 25.67 12.34 20.5 29.47 51.48 30.34 14.84 4.89 15.27 49.21 11.14 22.88 18.3 21.2 25.3 41.09 39.55 47.51 24.82 
5.28 27.68 26.62 0 3 9.64 28.27 53.94 24.5 31.93 9.42 27.07 38 22.52 10.95 7.11 43.22 26.56 5.54 24.47 67.76 71.37 9.22 
Matriz de Costos>
0 29.77 22.82 6.62 4.7 5.85 28.91 49.16 31.49 32.57 11.87 23.27 34.21 29.55 5.09 10.64 38.06 22.66 8.67 25.79 63.11 66.85 12.71 
Solucion Greedy Costo>4 14 10 15 0 5 0 3 18 22 6 0 17 16 12 11 0 2 7 20 21 0 19 8 13 1 0 9 23 0 0 0 0 0 0 0 0 0 0 0 0 0 0 0 0 
Linea Vacia>
11.11 25.19 25.63 9.11 14.81 12.57 19.06 55.43 30.06 25.64 6.8 25.12 39.3 28.12 9.56 0 43.5 29.3 2.14 37.31 67.9 74.46 1.31 
35.14 55 18.6 41.75 41.46 29.09 36.48 26.91 66.95 47.15 37.05 17.9 12.23 64.79 33.69 42.19 0 19.53 42.56 54.38 23.51 33.61 44.14 
35.38 0 33.83 33.69 38.85 36.86 15.46 62.48 38.78 10.31 26.26 33.35 47.99 36.69 30.04 28.87 59.3 55.39 25.78 64.51 79.99 71.84 30.71 
19.81 31.08 0 26.44 25.67 12.34 20.5 29.47 51.48 30.34 14.84 4.89 15.27 49.21 11.14 22.88 18.3 21.2 25.3 41.09 39.55 47.51 24.82 
5.28 27.68 26.62 0 3 9.64 28.27 53.94 24.5 31.93 9.42 27.07 38 22.52 10.95 7.11 43.22 26.56 5.54 24.47 67.76 71.37 9.22 
5.18 28.17 13.23 13.34 10.94 8.69 18.25 45.42 36.18 28.18 4.84 13.64 30.93 34.26 0 8.4 34.27 25.67 11.28 32.14 55.75 68.61 10.49 
11.11 25.19 25.63 9.11 14.81 12.57 19.06 55.43 30.06 25.64 6.8 25.12 39.3 28.12 9.56 0 43.5 29.3 2.14 37.31 67.9 74.46 1.31 
19.16 48.68 24.03 25.82 25.56 12.72 45.33 36.24 50.44 49.79 28.52 28.37 22.91 48.17 24.12 28.36 20.73 0 26.55 41.29 39.9 51.09 30.24 
7.02 25.31 25.61 5.33 10.78 8.51 22.02 53.3 29.24 25.77 9.27 26.06 37.12 27.28 10.67 1.49 42.48 25.55 0 33.72 66.2 70.84 2.83 
2.37 28.46 23.02 6.06 0 5.01 28.16 49.09 30.2 31.84 11.03 22.62 33.89 28.24 4.22 9.35 37.74 22.25 7.37 25.29 63.11 66.84 11.43 
3.95 30.8 15.04 8.9 9.24 0 32.9 42.66 32.51 36.51 13.92 15.51 28.5 30.57 10.5 11.65 32.46 16.64 9.69 25.52 56.92 60.81 13.71 
28.83 13.32 21.6 28.64 33.89 31.11 0 42.16 32.77 7.19 15.79 18.5 30.42 30.84 21.21 20.04 39.58 48.14 20.56 56.15 63.27 56.52 21.98 
Dimension>45
Bandera>13
Fitness Greedy Costo>429.11
35.38 0 33.83 33.69 38.85 36.86 15.46 62.48 38.78 10.31 26.26 33.35 47.99 36.69 30.04 28.87 59.3 55.39 25.78 64.51 79.99 71.84 30.71 
19.81 31.08 0 26.44 25.67 12.34 20.5 29.47 51.48 30.34 14.84 4.89 15.27 49.21 11.14 22.88 18.3 21.2 25.3 41.09 39.55 47.51 24.82 
5.28 27.68 26.62 0 3 9.64 28.27 53.94 24.5 31.93 9.42 27.07 38 22.52 10.95 7.11 43.22 26.56 5.54 24.47 67.76 71.37 9.22 
2.37 28.46 23.02 6.06 0 5.01 28.16 49.09 30.2 31.84 11.03 22.62 33.89 28.24 4.22 9.35 37.74 22.25 7.37 25.29 63.11 66.84 11.43 
25.95 54.35 41.41 24.44 22.03 24.61 56.57 71.53 27.18 60.92 38.69 41.97 56.07 39.56 31.91 38.62 57.85 41.86 34.79 0 80.67 87.78 40.39 
44.48 58.22 24.77 51.83 51.55 37.26 38.68 1.55 77.84 50.31 44.98 23.47 17.32 75.74 41.31 54.13 23.73 32.8 52.61 69.77 0 14.77 55.97 
2.37 28.46 23.02 6.06 0 5.01 28.16 49.09 30.2 31.84 11.03 22.62 33.89 28.24 4.22 9.35 37.74 22.25 7.37 25.29 63.11 66.84 11.43 
3.95 30.8 15.04 8.9 9.24 0 32.9 42.66 32.51 36.51 13.92 15.51 28.5 30.57 10.5 11.65 32.46 16.64 9.69 25.52 56.92 60.81 13.71 
28.83 13.32 21.6 28.64 33.89 31.11 0 42.16 32.77 7.19 15.79 18.5 30.42 30.84 21.21 20.04 39.58 48.14 20.56 56.15 63.27 56.52 21.98 
35.14 55 18.6 41.75 41.46 29.09 36.48 26.91 66.95 47.15 37.05 17.9 12.23 64.79 33.69 42.19 0 19.53 42.56 54.38 23.51 33.61 44.14 
19.16 48.68 24.03 25.82 25.56 12.72 45.33 36.24 50.44 49.79 28.52 28.37 22.91 48.17 24.12 28.36 20.73 0 26.55 41.29 39.9 51.09 30.24 
7.02 25.31 25.61 5.33 10.78 8.51 22.02 53.3 29.24 25.77 9.27 26.06 37.12 27.28 10.67 1.49 42.48 25.55 0 33.72 66.2 70.84 2.83 
25.95 54.35 41.41 24.44 22.03 24.61 56.57 71.53 27.18 60.92 38.69 41.97 56.07 39.56 31.91 38.62 57.85 41.86 34.79 0 80.67 87.78 40.39 
46.28 54.55 22.3 53.27 53.07 38.04 35.29 0 74.44 46.55 41.19 21 14.67 72.32 38.17 50.44 25.98 34.96 51.28 70.61 11.95 17.08 52.31 
31.3 30.36 53.7 24.15 27.77 32.78 32.61 80.1 0 36.27 33.52 51.24 64.68 2.88 33.84 24.88 69.24 50.67 21.53 31.96 91.55 91.21 26.75 
35.4 3.44 31.63 33.72 38.87 36.89 14 55.58 38.88 0 28.05 28.66 41.21 36.72 30.05 29.09 52.12 55.5 25.8 64.62 75.92 67.69 30.92 
63.3 69.22 41.52 70.14 71.76 56.39 54.05 14.09 93.96 65.09 68.85 40.17 34 92 64.16 71.47 30.25 52.44 70.86 88.44 13.72 0 73.13 
9.11 26.25 27.54 7.09 12.84 10.59 20.11 55.44 31.15 26.71 8.12 26.34 39.15 29.21 10.86 1.98 44.7 27.48 0.83 35.57 69.23 72.83 0 
46.28 54.55 22.3 53.27 53.07 38.04 35.29 0 74.44 46.55 41.19 21 14.67 72.32 38.17 50.44 25.98 34.96 51.28 70.61 11.95 17.08 52.31 
31.3 30.36 53.7 24.15 27.77 32.78 32.61 80.1 0 36.27 33.52 51.24 64.68 2.88 33.84 24.88 69.24 50.67 21.53 31.96 91.55 91.21 26.75 
35.4 3.44 31.63 33.72 38.87 36.89 14 55.58 38.88 0 28.05 28.66 41.21 36.72 30.05 29.09 52.12 55.5 25.8 64.62 75.92 67.69 30.92 
10.2 24.6 17.32 7.53 13.26 11.99 14.99 47.66 32.72 25.06 0 16.79 32.72 30.78 3.02 3.89 36.05 28.75 5.4 35.94 59.9 65.41 5.22 
21.52 31.76 3.86 28.42 26.88 14.47 15.23 28.32 52.47 25.29 16.07 0 11.06 50.21 12.46 24.06 21.06 26.46 26.73 43.25 42.15 44.22 25.99 
30.35 41.02 7.7 36.69 36.45 23.82 24.67 19.27 61.52 34.61 26.95 5.08 0 59.33 27.97 34.8 8.88 19.6 35.76 54.63 30.09 35.53 36.57 
Solucion Greedy Costo>4 14 10 15 0 5 0 3 18 22 6 0 17 16 12 11 0 2 7 20 21 0 19 8 13 1 0 9 23 0 0 0 0 0 0 0 0 0 0 0 0 0 0 0 0 
Linea Vacia>
3.95 30.8 15.04 8.9 9.24 0 32.9 42.66 32.51 36.51 13.92 15.51 28.5 30.57 10.5 11.65 32.46 16.64 9.69 25.52 56.92 60.81 13.71 
28.83 13.32 21.6 28.64 33.89 31.11 0 42.16 32.77 7.19 15.79 18.5 30.42 30.84 21.21 20.04 39.58 48.14 20.56 56.15 63.27 56.52 21.98 
46.28 54.55 22.3 53.27 53.07 38.04 35.29 0 74.44 46.55 41.19 21 14.67 72.32 38.17 50.44 25.98 34.96 51.28 70.61 11.95 17.08 52.31 
31.3 30.36 53.7 24.15 27.77 32.78 32.61 80.1 0 36.27 33.52 51.24 64.68 2.88 33.84 24.88 69.24 50.67 21.53 31.96 91.55 91.21 26.75 
35.4 3.44 31.63 33.72 38.87 36.89 14 55.58 38.88 0 28.05 28.66 41.21 36.72 30.05 29.09 52.12 55.5 25.8 64.62 75.92 67.69 30.92 
Matriz de Costos>
0 29.77 22.82 6.62 4.7 5.85 28.91 49.16 31.49 32.57 11.87 23.27 34.21 29.55 5.09 10.64 38.06 22.66 8.67 25.79 63.11 66.85 12.71 
35.38 0 33.83 33.69 38.85 36.86 15.46 62.48 38.78 10.31 26.26 33.35 47.99 36.69 30.04 28.87 59.3 55.39 25.78 64.51 79.99 71.84 30.71 
19.81 31.08 0 26.44 25.67 12.34 20.5 29.47 51.48 30.34 14.84 4.89 15.27 49.21 11.14 22.88 18.3 21.2 25.3 41.09 39.55 47.51 24.82 
5.28 27.68 26.62 0 3 9.64 28.27 53.94 24.5 31.93 9.42 27.07 38 22.52 10.95 7.11 43.22 26.56 5.54 24.47 67.76 71.37 9.22 
2.37 28.46 23.02 6.06 0 5.01 28.16 49.09 30.2 31.84 11.03 22.62 33.89 28.24 4.22 9.35 37.74 22.25 7.37 25.29 63.11 66.84 11.43 
10.2 24.6 17.32 7.53 13.26 11.99 14.99 47.66 32.72 25.06 0 16.79 32.72 30.78 3.02 3.89 36.05 28.75 5.4 35.94 59.9 65.41 5.22 
21.52 31.76 3.86 28.42 26.88 14.47 15.23 28.32 52.47 25.29 16.07 0 11.06 50.21 12.46 24.06 21.06 26.46 26.73 43.25 42.15 44.22 25.99 
30.35 41.02 7.7 36.69 36.45 23.82 24.67 19.27 61.52 34.61 26.95 5.08 0 59.33 27.97 34.8 8.88 19.6 35.76 54.63 30.09 35.53 36.57 
44.48 58.22 24.77 51.83 51.55 37.26 38.68 1.55 77.84 50.31 44.98 23.47 17.32 75.74 41.31 54.13 23.73 32.8 52.61 69.77 0 14.77 55.97 
63.3 69.22 41.52 70.14 71.76 56.39 54.05 14.09 93.96 65.09 68.85 40.17 34 92 64.16 71.47 30.25 52.44 70.86 88.44 13.72 0 73.13 
9.11 26.25 27.54 7.09 12.84 10.59 20.11 55.44 31.15 26.71 8.12 26.34 39.15 29.21 10.86 1.98 44.7 27.48 0.83 35.57 69.23 72.83 0 
22.51 21.48 40.36 15.13 18.84 24 23.85 68.91 21.05 27.61 24.82 40.63 54.8 0 25.1 15.85 59.39 40.34 12.36 39.4 82.26 82.13 17.82 
5.18 28.17 13.23 13.34 10.94 8.69 18.25 45.42 36.18 28.18 4.84 13.64 30.93 34.26 0 8.4 34.27 25.67 11.28 32.14 55.75 68.61 10.49 
11.11 25.19 25.63 9.11 14.81 12.57 19.06 55.43 30.06 25.64 6.8 25.12 39.3 28.12 9.56 0 43.5 29.3 2.14 37.31 67.9 74.46 1.31 
Dimension>45
Bandera>13
Fitness Greedy Costo>429.11
Solucion Greedy Costo>4 14 10 15 0 5 0 3 18 22 6 0 17 16 12 11 0 2 7 20 21 0 19 8 13 1 0 9 23 0 0 0 0 0 0 0 0 0 0 0 0 0 0 0 0 
Linea Vacia>
22.51 21.48 40.36 15.13 18.84 24 23.85 68.91 21.05 27.61 24.82 40.63 54.8 0 25.1 15.85 59.39 40.34 12.36 39.4 82.26 82.13 17.82 
5.18 28.17 13.23 13.34 10.94 8.69 18.25 45.42 36.18 28.18 4.84 13.64 30.93 34.26 0 8.4 34.27 25.67 11.28 32.14 55.75 68.61 10.49 
11.11 25.19 25.63 9.11 14.81 12.57 19.06 55.43 30.06 25.64 6.8 25.12 39.3 28.12 9.56 0 43.5 29.3 2.14 37.31 67.9 74.46 1.31 
35.14 55 18.6 41.75 41.46 29.09 36.48 26.91 66.95 47.15 37.05 17.9 12.23 64.79 33.69 42.19 0 19.53 42.56 54.38 23.51 33.61 44.14 
19.16 48.68 24.03 25.82 25.56 12.72 45.33 36.24 50.44 49.79 28.52 28.37 22.91 48.17 24.12 28.36 20.73 0 26.55 41.29 39.9 51.09 30.24 
7.02 25.31 25.61 5.33 10.78 8.51 22.02 53.3 29.24 25.77 9.27 26.06 37.12 27.28 10.67 1.49 42.48 25.55 0 33.72 66.2 70.84 2.83 
10.2 24.6 17.32 7.53 13.26 11.99 14.99 47.66 32.72 25.06 0 16.79 32.72 30.78 3.02 3.89 36.05 28.75 5.4 35.94 59.9 65.41 5.22 
21.52 31.76 3.86 28.42 26.88 14.47 15.23 28.32 52.47 25.29 16.07 0 11.06 50.21 12.46 24.06 21.06 26.46 26.73 43.25 42.15 44.22 25.99 
30.35 41.02 7.7 36.69 36.45 23.82 24.67 19.27 61.52 34.61 26.95 5.08 0 59.33 27.97 34.8 8.88 19.6 35.76 54.63 30.09 35.53 36.57 
22.51 21.48 40.36 15.13 18.84 24 23.85 68.91 21.05 27.61 24.82 40.63 54.8 0 25.1 15.85 59.39 40.34 12.36 39.4 82.26 82.13 17.82 
5.18 28.17 13.23 13.34 10.94 8.69 18.25 45.42 36.18 28.18 4.84 13.64 30.93 34.26 0 8.4 34.27 25.67 11.28 32.14 55.75 68.61 10.49 
3.95 30.8 15.04 8.9 9.24 0 32.9 42.66 32.51 36.51 13.92 15.51 28.5 30.57 10.5 11.65 32.46 16.64 9.69 25.52 56.92 60.81 13.71 
28.83 13.32 21.6 28.64 33.89 31.11 0 42.16 32.77 7.19 15.79 18.5 30.42 30.84 21.21 20.04 39.58 48.14 20.56 56.15 63.27 56.52 21.98 
46.28 54.55 22.3 53.27 53.07 38.04 35.29 0 74.44 46.55 41.19 21 14.67 72.32 38.17 50.44 25.98 34.96 51.28 70.61 11.95 17.08 52.31 
31.3 30.36 53.7 24.15 27.77 32.78 32.61 80.1 0 36.27 33.52 51.24 64.68 2.88 33.84 24.88 69.24 50.67 21.53 31.96 91.55 91.21 26.75 
35.4 3.44 31.63 33.72 38.87 36.89 14 55.58 38.88 0 28.05 28.66 41.21 36.72 30.05 29.09 52.12 55.5 25.8 64.62 75.92 67.69 30.92 
10.2 24.6 17.32 7.53 13.26 11.99 14.99 47.66 32.72 25.06 0 16.79 32.72 30.78 3.02 3.89 36.05 28.75 5.4 35.94 59.9 65.41 5.22 
21.52 31.76 3.86 28.42 26.88 14.47 15.23 28.32 52.47 25.29 16.07 0 11.06 50.21 12.46 24.06 21.06 26.46 26.73 43.25 42.15 44.22 25.99 
35.14 55 18.6 41.75 41.46 29.09 36.48 26.91 66.95 47.15 37.05 17.9 12.23 64.79 33.69 42.19 0 19.53 42.56 54.38 23.51 33.61 44.14 
25.95 54.35 41.41 24.44 22.03 24.61 56.57 71.53 27.18 60.92 38.69 41.97 56.07 39.56 31.91 38.62 57.85 41.86 34.79 0 80.67 87.78 40.39 
44.48 58.22 24.77 51.83 51.55 37.26 38.68 1.55 77.84 50.31 44.98 23.47 17.32 75.74 41.31 54.13 23.73 32.8 52.61 69.77 0 14.77 55.97 
Matriz de Costos>
0 29.77 22.82 6.62 4.7 5.85 28.91 49.16 31.49 32.57 11.87 23.27 34.21 29.55 5.09 10.64 38.06 22.66 8.67 25.79 63.11 66.85 12.71 
35.38 0 33.83 33.69 38.85 36.86 15.46 62.48 38.78 10.31 26.26 33.35 47.99 36.69 30.04 28.87 59.3 55.39 25.78 64.51 79.99 71.84 30.71 
11.11 25.19 25.63 9.11 14.81 12.57 19.06 55.43 30.06 25.64 6.8 25.12 39.3 28.12 9.56 0 43.5 29.3 2.14 37.31 67.9 74.46 1.31 
35.14 55 18.6 41.75 41.46 29.09 36.48 26.91 66.95 47.15 37.05 17.9 12.23 64.79 33.69 42.19 0 19.53 42.56 54.38 23.51 33.61 44.14 
30.35 41.02 7.7 36.69 36.45 23.82 24.67 19.27 61.52 34.61 26.95 5.08 0 59.33 27.97 34.8 8.88 19.6 35.76 54.63 30.09 35.53 36.57 
22.51 21.48 40.36 15.13 18.84 24 23.85 68.91 21.05 27.61 24.82 40.63 54.8 0 25.1 15.85 59.39 40.34 12.36 39.4 82.26 82.13 17.82 
5.18 28.17 13.23 13.34 10.94 8.69 18.25 45.42 36.18 28.18 4.84 13.64 30.93 34.26 0 8.4 34.27 25.67 11.28 32.14 55.75 68.61 10.49 
19.16 48.68 24.03 25.82 25.56 12.72 45.33 36.24 50.44 49.79 28.52 28.37 22.91 48.17 24.12 28.36 20.73 0 26.55 41.29 39.9 51.09 30.24 
7.02 25.31 25.61 5.33 10.78 8.51 22.02 53.3 29.24 25.77 9.27 26.06 37.12 27.28 10.67 1.49 42.48 25.55 0 33.72 66.2 70.84 2.83 
19.81 31.08 0 26.44 25.67 12.34 20.5 29.47 51.48 30.34 14.84 4.89 15.27 49.21 11.14 22.88 18.3 21.2 25.3 41.09 39.55 47.51 24.82 
25.95 54.35 41.41 24.44 22.03 24.61 56.57 71.53 27.18 60.92 38.69 41.97 56.07 39.56 31.91 38.62 57.85 41.86 34.79 0 80.67 87.78 40.39 
63.3 69.22 41.52 70.14 71.76 56.39 54.05 14.09 93.96 65.09 68.85 40.17 34 92 64.16 71.47 30.25 52.44 70.86 88.44 13.72 0 73.13 
9.11 26.25 27.54 7.09 12.84 10.59 20.11 55.44 31.15 26.71 8.12 26.34 39.15 29.21 10.86 1.98 44.7 27.48 0.83 35.57 69.23 72.83 0 
5.28 27.68 26.62 0 3 9.64 28.27 53.94 24.5 31.93 9.42 27.07 38 22.52 10.95 7.11 43.22 26.56 5.54 24.47 67.76 71.37 9.22 
2.37 28.46 23.02 6.06 0 5.01 28.16 49.09 30.2 31.84 11.03 22.62 33.89 28.24 4.22 9.35 37.74 22.25 7.37 25.29 63.11 66.84 11.43 
19.16 48.68 24.03 25.82 25.56 12.72 45.33 36.24 50.44 49.79 28.52 28.37 22.91 48.17 24.12 28.36 20.73 0 26.55 41.29 39.9 51.09 30.24 
7.02 25.31 25.61 5.33 10.78 8.51 22.02 53.3 29.24 25.77 9.27 26.06 37.12 27.28 10.67 1.49 42.48 25.55 0 33.72 66.2 70.84 2.83 
25.95 54.35 41.41 24.44 22.03 24.61 56.57 71.53 27.18 60.92 38.69 41.97 56.07 39.56 31.91 38.62 57.85 41.86 34.79 0 80.67 87.78 40.39 
11.11 25.19 25.63 9.11 14.81 12.57 19.06 55.43 30.06 25.64 6.8 25.12 39.3 28.12 9.56 0 43.5 29.3 2.14 37.31 67.9 74.46 1.31 
35.14 55 18.6 41.75 41.46 29.09 36.48 26.91 66.95 47.15 37.05 17.9 12.23 64.79 33.69 42.19 0 19.53 42.56 54.38 23.51 33.61 44.14 
19.16 48.68 24.03 25.82 25.56 12.72 45.33 36.24 50.44 49.79 28.52 28.37 22.91 48.17 24.12 28.36 20.73 0 26.55 41.29 39.9 51.09 30.24 
7.02 25.31 25.61 5.33 10.78 8.51 22.02 53.3 29.24 25.77 9.27 26.06 37.12 27.28 10.67 1.49 42.48 25.55 0 33.72 66.2 70.84 2.83 
44.48 58.22 24.77 51.83 51.55 37.26 38.68 1.55 77.84 50.31 44.98 23.47 17.32 75.74 41.31 54.13 23.73 32.8 52.61 69.77 0 14.77 55.97 
63.3 69.22 41.52 70.14 71.76 56.39 54.05 14.09 93.96 65.09 68.85 40.17 34 92 64.16 71.47 30.25 52.44 70.86 88.44 13.72 0 73.13 
9.11 26.25 27.54 7.09 12.84 10.59 20.11 55.44 31.15 26.71 8.12 26.34 39.15 29.21 10.86 1.98 44.7 27.48 0.83 35.57 69.23 72.83 0 
3.95 30.8 15.04 8.9 9.24 0 32.9 42.66 32.51 36.51 13.92 15.51 28.5 30.57 10.5 11.65 32.46 16.64 9.69 25.52 56.92 60.81 13.71 
28.83 13.32 21.6 28.64 33.89 31.11 0 42.16 32.77 7.19 15.79 18.5 30.42 30.84 21.21 20.04 39.58 48.14 20.56 56.15 63.27 56.52 21.98 
46.28 54.55 22.3 53.27 53.07 38.04 35.29 0 74.44 46.55 41.19 21 14.67 72.32 38.17 50.44 25.98 34.96 51.28 70.61 11.95 17.08 52.31 
Dimension>45
Bandera>13
Fitness Greedy Costo>429.11
31.3 30.36 53.7 24.15 27.77 32.78 32.61 80.1 0 36.27 33.52 51.24 64.68 2.88 33.84 24.88 69.24 50.67 21.53 31.96 91.55 91.21 26.75 
35.4 3.44 31.63 33.72 38.87 36.89 14 55.58 38.88 0 28.05 28.66 41.21 36.72 30.05 29.09 52.12 55.5 25.8 64.62 75.92 67.69 30.92 
10.2 24.6 17.32 7.53 13.26 11.99 14.99 47.66 32.72 25.06 0 16.79 32.72 30.78 3.02 3.89 36.05 28.75 5.4 35.94 59.9 65.41 5.22 
44.48 58.22 24.77 51.83 51.55 37.26 38.68 1.55 77.84 50.31 44.98 23.47 17.32 75.74 41.31 54.13 23.73 32.8 52.61 69.77 0 14.77 55.97 
63.3 69.22 41.52 70.14 71.76 56.39 54.05 14.09 93.96 65.09 68.85 40.17 34 92 64.16 71.47 30.25 52.44 70.86 88.44 13.72 0 73.13 
9.11 26.25 27.54 7.09 12.84 10.59 20.11 55.44 31.15 26.71 8.12 26.34 39.15 29.21 10.86 1.98 44.7 27.48 0.83 35.57 69.23 72.83 0 
25.95 54.35 41.41 24.44 22.03 24.61 56.57 71.53 27.18 60.92 38.69 41.97 56.07 39.56 31.91 38.62 57.85 41.86 34.79 0 80.67 87.78 40.39 
44.48 58.22 24.77 51.83 51.55 37.26 38.68 1.55 77.84 50.31 44.98 23.47 17.32 75.74 41.31 54.13 23.73 32.8 52.61 69.77 0 14.77 55.97 
63.3 69.22 41.52 70.14 71.76 56.39 54.05 14.09 93.96 65.09 68.85 40.17 34 92 64.16 71.47 30.25 52.44 70.86 88.44 13.72 0 73.13 
9.11 26.25 27.54 7.09 12.84 10.59 20.11 55.44 31.15 26.71 8.12 26.34 39.15 29.21 10.86 1.98 44.7 27.48 0.83 35.57 69.23 72.83 0 
Dimension>45
Bandera>13
Fitness Greedy Costo>429.11
Solucion Greedy Costo>4 14 10 15 0 5 0 3 18 22 6 0 17 16 12 11 0 2 7 20 21 0 19 8 13 1 0 9 23 0 0 0 0 0 0 0 0 0 0 0 0 0 0 0 0 
Linea Vacia>
Matriz de Costos>
0 29.77 22.82 6.62 4.7 5.85 28.91 49.16 31.49 32.57 11.87 23.27 34.21 29.55 5.09 10.64 38.06 22.66 8.67 25.79 63.11 66.85 12.71 
35.38 0 33.83 33.69 38.85 36.86 15.46 62.48 38.78 10.31 26.26 33.35 47.99 36.69 30.04 28.87 59.3 55.39 25.78 64.51 79.99 71.84 30.71 
19.81 31.08 0 26.44 25.67 12.34 20.5 29.47 51.48 30.34 14.84 4.89 15.27 49.21 11.14 22.88 18.3 21.2 25.3 41.09 39.55 47.51 24.82 
5.28 27.68 26.62 0 3 9.64 28.27 53.94 24.5 31.93 9.42 27.07 38 22.52 10.95 7.11 43.22 26.56 5.54 24.47 67.76 71.37 9.22 
2.37 28.46 23.02 6.06 0 5.01 28.16 49.09 30.2 31.84 11.03 22.62 33.89 28.24 4.22 9.35 37.74 22.25 7.37 25.29 63.11 66.84 11.43 
Solucion Greedy Costo>4 14 10 15 0 5 0 3 18 22 6 0 17 16 12 11 0 2 7 20 21 0 19 8 13 1 0 9 23 0 0 0 0 0 0 0 0 0 0 0 0 0 0 0 0 
Linea Vacia>
21.52 31.76 3.86 28.42 26.88 14.47 15.23 28.32 52.47 25.29 16.07 0 11.06 50.21 12.46 24.06 21.06 26.46 26.73 43.25 42.15 44.22 25.99 
30.35 41.02 7.7 36.69 36.45 23.82 24.67 19.27 61.52 34.61 26.95 5.08 0 59.33 27.97 34.8 8.88 19.6 35.76 54.63 30.09 35.53 36.57 
22.51 21.48 40.36 15.13 18.84 24 23.85 68.91 21.05 27.61 24.82 40.63 54.8 0 25.1 15.85 59.39 40.34 12.36 39.4 82.26 82.13 17.82 
5.18 28.17 13.23 13.34 10.94 8.69 18.25 45.42 36.18 28.18 4.84 13.64 30.93 34.26 0 8.4 34.27 25.67 11.28 32.14 55.75 68.61 10.49 
11.11 25.19 25.63 9.11 14.81 12.57 19.06 55.43 30.06 25.64 6.8 25.12 39.3 28.12 9.56 0 43.5 29.3 2.14 37.31 67.9 74.46 1.31 
3.95 30.8 15.04 8.9 9.24 0 32.9 42.66 32.51 36.51 13.92 15.51 28.5 30.57 10.5 11.65 32.46 16.64 9.69 25.52 56.92 60.81 13.71 
28.83 13.32 21.6 28.64 33.89 31.11 0 42.16 32.77 7.19 15.79 18.5 30.42 30.84 21.21 20.04 39.58 48.14 20.56 56.15 63.27 56.52 21.98 
46.28 54.55 22.3 53.27 53.07 38.04 35.29 0 74.44 46.55 41.19 21 14.67 72.32 38.17 50.44 25.98 34.96 51.28 70.61 11.95 17.08 52.31 
31.3 30.36 53.7 24.15 27.77 32.78 32.61 80.1 0 36.27 33.52 51.24 64.68 2.88 33.84 24.88 69.24 50.67 21.53 31.96 91.55 91.21 26.75 
35.4 3.44 31.63 33.72 38.87 36.89 14 55.58 38.88 0 28.05 28.66 41.21 36.72 30.05 29.09 52.12 55.5 25.8 64.62 75.92 67.69 30.92 
10.2 24.6 17.32 7.53 13.26 11.99 14.99 47.66 32.72 25.06 0 16.79 32.72 30.78 3.02 3.89 36.05 28.75 5.4 35.94 59.9 65.41 5.22 
Dimension>45
Bandera>13
Fitness Greedy Costo>429.11
Solucion Greedy Costo>4 14 10 15 0 5 0 3 18 22 6 0 17 16 12 11 0 2 7 20 21 0 19 8 13 1 0 9 23 0 0 0 0 0 0 0 0 0 0 0 0 0 0 0 0 
Linea Vacia>
35.14 55 18.6 41.75 41.46 29.09 36.48 26.91 66.95 47.15 37.05 17.9 12.23 64.79 33.69 42.19 0 19.53 42.56 54.38 23.51 33.61 44.14 
19.16 48.68 24.03 25.82 25.56 12.72 45.33 36.24 50.44 49.79 28.52 28.37 22.91 48.17 24.12 28.36 20.73 0 26.55 41.29 39.9 51.09 30.24 
7.02 25.31 25.61 5.33 10.78 8.51 22.02 53.3 29.24 25.77 9.27 26.06 37.12 27.28 10.67 1.49 42.48 25.55 0 33.72 66.2 70.84 2.83 
25.95 54.35 41.41 24.44 22.03 24.61 56.57 71.53 27.18 60.92 38.69 41.97 56.07 39.56 31.91 38.62 57.85 41.86 34.79 0 80.67 87.78 40.39 
44.48 58.22 24.77 51.83 51.55 37.26 38.68 1.55 77.84 50.31 44.98 23.47 17.32 75.74 41.31 54.13 23.73 32.8 52.61 69.77 0 14.77 55.97 
63.3 69.22 41.52 70.14 71.76 56.39 54.05 14.09 93.96 65.09 68.85 40.17 34 92 64.16 71.47 30.25 52.44 70.86 88.44 13.72 0 73.13 
9.11 26.25 27.54 7.09 12.84 10.59 20.11 55.44 31.15 26.71 8.12 26.34 39.15 29.21 10.86 1.98 44.7 27.48 0.83 35.57 69.23 72.83 0 
21.52 31.76 3.86 28.42 26.88 14.47 15.23 28.32 52.47 25.29 16.07 0 11.06 50.21 12.46 24.06 21.06 26.46 26.73 43.25 42.15 44.22 25.99 
30.35 41.02 7.7 36.69 36.45 23.82 24.67 19.27 61.52 34.61 26.95 5.08 0 59.33 27.97 34.8 8.88 19.6 35.76 54.63 30.09 35.53 36.57 
22.51 21.48 40.36 15.13 18.84 24 23.85 68.91 21.05 27.61 24.82 40.63 54.8 0 25.1 15.85 59.39 40.34 12.36 39.4 82.26 82.13 17.82 
5.18 28.17 13.23 13.34 10.94 8.69 18.25 45.42 36.18 28.18 4.84 13.64 30.93 34.26 0 8.4 34.27 25.67 11.28 32.14 55.75 68.61 10.49 
11.11 25.19 25.63 9.11 14.81 12.57 19.06 55.43 30.06 25.64 6.8 25.12 39.3 28.12 9.56 0 43.5 29.3 2.14 37.31 67.9 74.46 1.31 
Matriz de Costos>
0 29.77 22.82 6.62 4.7 5.85 28.91 49.16 31.49 32.57 11.87 23.27 34.21 29.55 5.09 10.64 38.06 22.66 8.67 25.79 63.11 66.85 12.71 
35.38 0 33.83 33.69 38.85 36.86 15.46 62.48 38.78 10.31 26.26 33.35 47.99 36.69 30.04 28.87 59.3 55.39 25.78 64.51 79.99 71.84 30.71 
19.81 31.08 0 26.44 25.67 12.34 20.5 29.47 51.48 30.34 14.84 4.89 15.27 49.21 11.14 22.88 18.3 21.2 25.3 41.09 39.55 47.51 24.82 
5.28 27.68 26.62 0 3 9.64 28.27 53.94 24.5 31.93 9.42 27.07 38 22.52 10.95 7.11 43.22 26.56 5.54 24.47 67.76 71.37 9.22 
2.37 28.46 23.02 6.06 0 5.01 28.16 49.09 30.2 31.84 11.03 22.62 33.89 28.24 4.22 9.35 37.74 22.25 7.37 25.29 63.11 66.84 11.43 
3.95 30.8 15.04 8.9 9.24 0 32.9 42.66 32.51 36.51 13.92 15.51 28.5 30.57 10.5 11.65 32.46 16.64 9.69 25.52 56.92 60.81 13.71 
28.83 13.32 21.6 28.64 33.89 31.11 0 42.16 32.77 7.19 15.79 18.5 30.42 30.84 21.21 20.04 39.58 48.14 20.56 56.15 63.27 56.52 21.98 
46.28 54.55 22.3 53.27 53.07 38.04 35.29 0 74.44 46.55 41.19 21 14.67 72.32 38.17 50.44 25.98 34.96 51.28 70.61 11.95 17.08 52.31 
31.3 30.36 53.7 24.15 27.77 32.78 32.61 80.1 0 36.27 33.52 51.24 64.68 2.88 33.84 24.88 69.24 50.67 21.53 31.96 91.55 91.21 26.75 
35.14 55 18.6 41.75 41.46 29.09 36.48 26.91 66.95 47.15 37.05 17.9 12.23 64.79 33.69 42.19 0 19.53 42.56 54.38 23.51 33.61 44.14 
19.16 48.68 24.03 25.82 25.56 12.72 45.33 36.24 50.44 49.79 28.52 28.37 22.91 48.17 24.12 28.36 20.73 0 26.55 41.29 39.9 51.09 30.24 
7.02 25.31 25.61 5.33 10.78 8.51 22.02 53.3 29.24 25.77 9.27 26.06 37.12 27.28 10.67 1.49 42.48 25.55 0 33.72 66.2 70.84 2.83 
25.95 54.35 41.41 24.44 22.03 24.61 56.57 71.53 27.18 60.92 38.69 41.97 56.07 39.56 31.91 38.62 57.85 41.86 34.79 0 80.67 87.78 40.39 
44.48 58.22 24.77 51.83 51.55 37.26 38.68 1.55 77.84 50.31 44.98 23.47 17.32 75.74 41.31 54.13 23.73 32.8 52.61 69.77 0 14.77 55.97 
Matriz de Costos>
0 29.77 22.82 6.62 4.7 5.85 28.91 49.16 31.49 32.57 11.87 23.27 34.21 29.55 5.09 10.64 38.06 22.66 8.67 25.79 63.11 66.85 12.71 
35.38 0 33.83 33.69 38.85 36.86 15.46 62.48 38.78 10.31 26.26 33.35 47.99 36.69 30.04 28.87 59.3 55.39 25.78 64.51 79.99 71.84 30.71 
19.81 31.08 0 26.44 25.67 12.34 20.5 29.47 51.48 30.34 14.84 4.89 15.27 49.21 11.14 22.88 18.3 21.2 25.3 41.09 39.55 47.51 24.82 
5.28 27.68 26.62 0 3 9.64 28.27 53.94 24.5 31.93 9.42 27.07 38 22.52 10.95 7.11 43.22 26.56 5.54 24.47 67.76 71.37 9.22 
2.37 28.46 23.02 6.06 0 5.01 28.16 49.09 30.2 31.84 11.03 22.62 33.89 28.24 4.22 9.35 37.74 22.25 7.37 25.29 63.11 66.84 11.43 
3.95 30.8 15.04 8.9 9.24 0 32.9 42.66 32.51 36.51 13.92 15.51 28.5 30.57 10.5 11.65 32.46 16.64 9.69 25.52 56.92 60.81 13.71 
Dimension>45
Bandera>13
Fitness Greedy Costo>429.11
Solucion Greedy Costo>4 14 10 15 0 5 0 3 18 22 6 0 17 16 12 11 0 2 7 20 21 0 19 8 13 1 0 9 23 0 0 0 0 0 0 0 0 0 0 0 0 0 0 0 0 
Linea Vacia>
35.4 3.44 31.63 33.72 38.87 36.89 14 55.58 38.88 0 28.05 28.66 41.21 36.72 30.05 29.09 52.12 55.5 25.8 64.62 75.92 67.69 30.92 
10.2 24.6 17.32 7.53 13.26 11.99 14.99 47.66 32.72 25.06 0 16.79 32.72 30.78 3.02 3.89 36.05 28.75 5.4 35.94 59.9 65.41 5.22 
21.52 31.76 3.86 28.42 26.88 14.47 15.23 28.32 52.47 25.29 16.07 0 11.06 50.21 12.46 24.06 21.06 26.46 26.73 43.25 42.15 44.22 25.99 
30.35 41.02 7.7 36.69 36.45 23.82 24.67 19.27 61.52 34.61 26.95 5.08 0 59.33 27.97 34.8 8.88 19.6 35.76 54.63 30.09 35.53 36.57 
22.51 21.48 40.36 15.13 18.84 24 23.85 68.91 21.05 27.61 24.82 40.63 54.8 0 25.1 15.85 59.39 40.34 12.36 39.4 82.26 82.13 17.82 
5.18 28.17 13.23 13.34 10.94 8.69 18.25 45.42 36.18 28.18 4.84 13.64 30.93 34.26 0 8.4 34.27 25.67 11.28 32.14 55.75 68.61 10.49 
11.11 25.19 25.63 9.11 14.81 12.57 19.06 55.43 30.06 25.64 6.8 25.12 39.3 28.12 9.56 0 43.5 29.3 2.14 37.31 67.9 74.46 1.31 
63.3 69.22 41.52 70.14 71.76 56.39 54.05 14.09 93.96 65.09 68.85 40.17 34 92 64.16 71.47 30.25 52.44 70.86 88.44 13.72 0 73.13 
9.11 26.25 27.54 7.09 12.84 10.59 20.11 55.44 31.15 26.71 8.12 26.34 39.15 29.21 10.86 1.98 44.7 27.48 0.83 35.57 69.23 72.83 0 
Matriz de Costos>
0 29.77 22.82 6.62 4.7 5.85 28.91 49.16 31.49 32.57 11.87 23.27 34.21 29.55 5.09 10.64 38.06 22.66 8.67 25.79 63.11 66.85 12.71 
35.38 0 33.83 33.69 38.85 36.86 15.46 62.48 38.78 10.31 26.26 33.35 47.99 36.69 30.04 28.87 59.3 55.39 25.78 64.51 79.99 71.84 30.71 
19.81 31.08 0 26.44 25.67 12.34 20.5 29.47 51.48 30.34 14.84 4.89 15.27 49.21 11.14 22.88 18.3 21.2 25.3 41.09 39.55 47.51 24.82 
5.28 27.68 26.62 0 3 9.64 28.27 53.94 24.5 31.93 9.42 27.07 38 22.52 10.95 7.11 43.22 26.56 5.54 24.47 67.76 71.37 9.22 
2.37 28.46 23.02 6.06 0 5.01 28.16 49.09 30.2 31.84 11.03 22.62 33.89 28.24 4.22 9.35 37.74 22.25 7.37 25.29 63.11 66.84 11.43 
3.95 30.8 15.04 8.9 9.24 0 32.9 42.66 32.51 36.51 13.92 15.51 28.5 30.57 10.5 11.65 32.46 16.64 9.69 25.52 56.92 60.81 13.71 
28.83 13.32 21.6 28.64 33.89 31.11 0 42.16 32.77 7.19 15.79 18.5 30.42 30.84 21.21 20.04 39.58 48.14 20.56 56.15 63.27 56.52 21.98 
46.28 54.55 22.3 53.27 53.07 38.04 35.29 0 74.44 46.55 41.19 21 14.67 72.32 38.17 50.44 25.98 34.96 51.28 70.61 11.95 17.08 52.31 
31.3 30.36 53.7 24.15 27.77 32.78 32.61 80.1 0 36.27 33.52 51.24 64.68 2.88 33.84 24.88 69.24 50.67 21.53 31.96 91.55 91.21 26.75 
35.4 3.44 31.63 33.72 38.87 36.89 14 55.58 38.88 0 28.05 28.66 41.21 36.72 30.05 29.09 52.12 55.5 25.8 64.62 75.92 67.69 30.92 
Dimension>45
Bandera>13
Fitness Greedy Costo>429.11
Solucion Greedy Costo>4 14 10 15 0 5 0 3 18 22 6 0 17 16 12 11 0 2 7 20 21 0 19 8 13 1 0 9 23 0 0 0 0 0 0 0 0 0 0 0 0 0 0 0 0 
Linea Vacia>
35.14 55 18.6 41.75 41.46 29.09 36.48 26.91 66.95 47.15 37.05 17.9 12.23 64.79 33.69 42.19 0 19.53 42.56 54.38 23.51 33.61 44.14 
19.16 48.68 24.03 25.82 25.56 12.72 45.33 36.24 50.44 49.79 28.52 28.37 22.91 48.17 24.12 28.36 20.73 0 26.55 41.29 39.9 51.09 30.24 
7.02 25.31 25.61 5.33 10.78 8.51 22.02 53.3 29.24 25.77 9.27 26.06 37.12 27.28 10.67 1.49 42.48 25.55 0 33.72 66.2 70.84 2.83 
25.95 54.35 41.41 24.44 22.03 24.61 56.57 71.53 27.18 60.92 38.69 41.97 56.07 39.56 31.91 38.62 57.85 41.86 34.79 0 80.67 87.78 40.39 
44.48 58.22 24.77 51.83 51.55 37.26 38.68 1.55 77.84 50.31 44.98 23.47 17.32 75.74 41.31 54.13 23.73 32.8 52.61 69.77 0 14.77 55.97 
63.3 69.22 41.52 70.14 71.76 56.39 54.05 14.09 93.96 65.09 68.85 40.17 34 92 64.16 71.47 30.25 52.44 70.86 88.44 13.72 0 73.13 
28.83 13.32 21.6 28.64 33.89 31.11 0 42.16 32.77 7.19 15.79 18.5 30.42 30.84 21.21 20.04 39.58 48.14 20.56 56.15 63.27 56.52 21.98 
46.28 54.55 22.3 53.27 53.07 38.04 35.29 0 74.44 46.55 41.19 21 14.67 72.32 38.17 50.44 25.98 34.96 51.28 70.61 11.95 17.08 52.31 
31.3 30.36 53.7 24.15 27.77 32.78 32.61 80.1 0 36.27 33.52 51.24 64.68 2.88 33.84 24.88 69.24 50.67 21.53 31.96 91.55 91.21 26.75 
35.4 3.44 31.63 33.72 38.87 36.89 14 55.58 38.88 0 28.05 28.66 41.21 36.72 30.05 29.09 52.12 55.5 25.8 64.62 75.92 67.69 30.92 
10.2 24.6 17.32 7.53 13.26 11.99 14.99 47.66 32.72 25.06 0 16.79 32.72 30.78 3.02 3.89 36.05 28.75 5.4 35.94 59.9 65.41 5.22 
21.52 31.76 3.86 28.42 26.88 14.47 15.23 28.32 52.47 25.29 16.07 0 11.06 50.21 12.46 24.06 21.06 26.46 26.73 43.25 42.15 44.22 25.99 
30.35 41.02 7.7 36.69 36.45 23.82 24.67 19.27 61.52 34.61 26.95 5.08 0 59.33 27.97 34.8 8.88 19.6 35.76 54.63 30.09 35.53 36.57 
22.51 21.48 40.36 15.13 18.84 24 23.85 68.91 21.05 27.61 24.82 40.63 54.8 0 25.1 15.85 59.39 40.34 12.36 39.4 82.26 82.13 17.82 
10.2 24.6 17.32 7.53 13.26 11.99 14.99 47.66 32.72 25.06 0 16.79 32.72 30.78 3.02 3.89 36.05 28.75 5.4 35.94 59.9 65.41 5.22 
21.52 31.76 3.86 28.42 26.88 14.47 15.23 28.32 52.47 25.29 16.07 0 11.06 50.21 12.46 24.06 21.06 26.46 26.73 43.25 42.15 44.22 25.99 
30.35 41.02 7.7 36.69 36.45 23.82 24.67 19.27 61.52 34.61 26.95 5.08 0 59.33 27.97 34.8 8.88 19.6 35.76 54.63 30.09 35.53 36.57 
22.51 21.48 40.36 15.13 18.84 24 23.85 68.91 21.05 27.61 24.82 40.63 54.8 0 25.1 15.85 59.39 40.34 12.36 39.4 82.26 82.13 17.82 
5.18 28.17 13.23 13.34 10.94 8.69 18.25 45.42 36.18 28.18 4.84 13.64 30.93 34.26 0 8.4 34.27 25.67 11.28 32.14 55.75 68.61 10.49 
11.11 25.19 25.63 9.11 14.81 12.57 19.06 55.43 30.06 25.64 6.8 25.12 39.3 28.12 9.56 0 43.5 29.3 2.14 37.31 67.9 74.46 1.31 
35.14 55 18.6 41.75 41.46 29.09 36.48 26.91 66.95 47.15 37.05 17.9 12.23 64.79 33.69 42.19 0 19.53 42.56 54.38 23.51 33.61 44.14 
9.11 26.25 27.54 7.09 12.84 10.59 20.11 55.44 31.15 26.71 8.12 26.34 39.15 29.21 10.86 1.98 44.7 27.48 0.83 35.57 69.23 72.83 0 
5.18 28.17 13.23 13.34 10.94 8.69 18.25 45.42 36.18 28.18 4.84 13.64 30.93 34.26 0 8.4 34.27 25.67 11.28 32.14 55.75 68.61 10.49 
11.11 25.19 25.63 9.11 14.81 12.57 19.06 55.43 30.06 25.64 6.8 25.12 39.3 28.12 9.56 0 43.5 29.3 2.14 37.31 67.9 74.46 1.31 
35.14 55 18.6 41.75 41.46 29.09 36.48 26.91 66.95 47.15 37.05 17.9 12.23 64.79 33.69 42.19 0 19.53 42.56 54.38 23.51 33.61 44.14 
19.16 48.68 24.03 25.82 25.56 12.72 45.33 36.24 50.44 49.79 28.52 28.37 22.91 48.17 24.12 28.36 20.73 0 26.55 41.29 39.9 51.09 30.24 
Dimension>45
Bandera>13
Fitness Greedy Costo>429.11
Solucion Greedy Costo>4 14 10 15 0 5 0 3 18 22 6 0 17 16 12 11 0 2 7 20 21 0 19 8 13 1 0 9 23 0 0 0 0 0 0 0 0 0 0 0 0 0 0 0 0 
Linea Vacia>
7.02 25.31 25.61 5.33 10.78 8.51 22.02 53.3 29.24 25.77 9.27 26.06 37.12 27.28 10.67 1.49 42.48 25.55 0 33.72 66.2 70.84 2.83 
25.95 54.35 41.41 24.44 22.03 24.61 56.57 71.53 27.18 60.92 38.69 41.97 56.07 39.56 31.91 38.62 57.85 41.86 34.79 0 80.67 87.78 40.39 
44.48 58.22 24.77 51.83 51.55 37.26 38.68 1.55 77.84 50.31 44.98 23.47 17.32 75.74 41.31 54.13 23.73 32.8 52.61 69.77 0 14.77 55.97 
19.16 48.68 24.03 25.82 25.56 12.72 45.33 36.24 50.44 49.79 28.52 28.37 22.91 48.17 24.12 28.36 20.73 0 26.55 41.29 39.9 51.09 30.24 
7.02 25.31 25.61 5.33 10.78 8.51 22.02 53.3 29.24 25.77 9.27 26.06 37.12 27.28 10.67 1.49 42.48 25.55 0 33.72 66.2 70.84 2.83 
25.95 54.35 41.41 24.44 22.03 24.61 56.57 71.53 27.18 60.92 38.69 41.97 56.07 39.56 31.91 38.62 57.85 41.86 34.79 0 80.67 87.78 40.39 
44.48 58.22 24.77 51.83 51.55 37.26 38.68 1.55 77.84 50.31 44.98 23.47 17.32 75.74 41.31 54.13 23.73 32.8 52.61 69.77 0 14.77 55.97 
63.3 69.22 41.52 70.14 71.76 56.39 54.05 14.09 93.96 65.09 68.85 40.17 34 92 64.16 71.47 30.25 52.44 70.86 88.44 13.72 0 73.13 
9.11 26.25 27.54 7.09 12.84 10.59 20.11 55.44 31.15 26.71 8.12 26.34 39.15 29.21 10.86 1.98 44.7 27.48 0.83 35.57 69.23 72.83 0 
Matriz de Costos>
0 29.77 22.82 6.62 4.7 5.85 28.91 49.16 31.49 32.57 11.87 23.27 34.21 29.55 5.09 10.64 38.06 22.66 8.67 25.79 63.11 66.85 12.71 
35.38 0 33.83 33.69 38.85 36.86 15.46 62.48 38.78 10.31 26.26 33.35 47.99 36.69 30.04 28.87 59.3 55.39 25.78 64.51 79.99 71.84 30.71 
19.81 31.08 0 26.44 25.67 12.34 20.5 29.47 51.48 30.34 14.84 4.89 15.27 49.21 11.14 22.88 18.3 21.2 25.3 41.09 39.55 47.51 24.82 
5.28 27.68 26.62 0 3 9.64 28.27 53.94 24.5 31.93 9.42 27.07 38 22.52 10.95 7.11 43.22 26.56 5.54 24.47 67.76 71.37 9.22 
Matriz de Costos>
0 29.77 22.82 6.62 4.7 5.85 28.91 49.16 31.49 32.57 11.87 23.27 34.21 29.55 5.09 10.64 38.06 22.66 8.67 25.79 63.11 66.85 12.71 
35.38 0 33.83 33.69 38.85 36.86 15.46 62.48 38.78 10.31 26.26 33.35 47.99 36.69 30.04 28.87 59.3 55.39 25.78 64.51 79.99 71.84 30.71 
19.81 31.08 0 26.44 25.67 12.34 20.5 29.47 51.48 30.34 14.84 4.89 15.27 49.21 11.14 22.88 18.3 21.2 25.3 41.09 39.55 47.51 24.82 
5.28 27.68 26.62 0 3 9.64 28.27 53.94 24.5 31.93 9.42 27.07 38 22.52 10.95 7.11 43.22 26.56 5.54 24.47 67.76 71.37 9.22 
2.37 28.46 23.02 6.06 0 5.01 28.16 49.09 30.2 31.84 11.03 22.62 33.89 28.24 4.22 9.35 37.74 22.25 7.37 25.29 63.11 66.84 11.43 
3.95 30.8 15.04 8.9 9.24 0 32.9 42.66 32.51 36.51 13.92 15.51 28.5 30.57 10.5 11.65 32.46 16.64 9.69 25.52 56.92 60.81 13.71 
28.83 13.32 21.6 28.64 33.89 31.11 0 42.16 32.77 7.19 15.79 18.5 30.42 30.84 21.21 20.04 39.58 48.14 20.56 56.15 63.27 56.52 21.98 
63.3 69.22 41.52 70.14 71.76 56.39 54.05 14.09 93.96 65.09 68.85 40.17 34 92 64.16 71.47 30.25 52.44 70.86 88.44 13.72 0 73.13 
9.11 26.25 27.54 7.09 12.84 10.59 20.11 55.44 31.15 26.71 8.12 26.34 39.15 29.21 10.86 1.98 44.7 27.48 0.83 35.57 69.23 72.83 0 
2.37 28.46 23.02 6.06 0 5.01 28.16 49.09 30.2 31.84 11.03 22.62 33.89 28.24 4.22 9.35 37.74 22.25 7.37 25.29 63.11 66.84 11.43 
3.95 30.8 15.04 8.9 9.24 0 32.9 42.66 32.51 36.51 13.92 15.51 28.5 30.57 10.5 11.65 32.46 16.64 9.69 25.52 56.92 60.81 13.71 
28.83 13.32 21.6 28.64 33.89 31.11 0 42.16 32.77 7.19 15.79 18.5 30.42 30.84 21.21 20.04 39.58 48.14 20.56 56.15 63.27 56.52 21.98 
46.28 54.55 22.3 53.27 53.07 38.04 35.29 0 74.44 46.55 41.19 21 14.67 72.32 38.17 50.44 25.98 34.96 51.28 70.61 11.95 17.08 52.31 
31.3 30.36 53.7 24.15 27.77 32.78 32.61 80.1 0 36.27 33.52 51.24 64.68 2.88 33.84 24.88 69.24 50.67 21.53 31.96 91.55 91.21 26.75 
35.4 3.44 31.63 33.72 38.87 36.89 14 55.58 38.88 0 28.05 28.66 41.21 36.72 30.05 29.09 52.12 55.5 25.8 64.62 75.92 67.69 30.92 
10.2 24.6 17.32 7.53 13.26 11.99 14.99 47.66 32.72 25.06 0 16.79 32.72 30.78 3.02 3.89 36.05 28.75 5.4 35.94 59.9 65.41 5.22 
21.52 31.76 3.86 28.42 26.88 14.47 15.23 28.32 52.47 25.29 16.07 0 11.06 50.21 12.46 24.06 21.06 26.46 26.73 43.25 42.15 44.22 25.99 
Dimension>45
Bandera>13
Fitness Greedy Costo>429.11
Solucion Greedy Costo>4 14 10 15 0 5 0 3 18 22 6 0 17 16 12 11 0 2 7 20 21 0 19 8 13 1 0 9 23 0 0 0 0 0 0 0 0 0 0 0 0 0 0 0 0 
Linea Vacia>
46.28 54.55 22.3 53.27 53.07 38.04 35.29 0 74.44 46.55 41.19 21 14.67 72.32 38.17 50.44 25.98 34.96 51.28 70.61 11.95 17.08 52.31 
31.3 30.36 53.7 24.15 27.77 32.78 32.61 80.1 0 36.27 33.52 51.24 64.68 2.88 33.84 24.88 69.24 50.67 21.53 31.96 91.55 91.21 26.75 
35.4 3.44 31.63 33.72 38.87 36.89 14 55.58 38.88 0 28.05 28.66 41.21 36.72 30.05 29.09 52.12 55.5 25.8 64.62 75.92 67.69 30.92 
30.35 41.02 7.7 36.69 36.45 23.82 24.67 19.27 61.52 34.61 26.95 5.08 0 59.33 27.97 34.8 8.88 19.6 35.76 54.63 30.09 35.53 36.57 
22.51 21.48 40.36 15.13 18.84 24 23.85 68.91 21.05 27.61 24.82 40.63 54.8 0 25.1 15.85 59.39 40.34 12.36 39.4 82.26 82.13 17.82 
5.18 28.17 13.23 13.34 10.94 8.69 18.25 45.42 36.18 28.18 4.84 13.64 30.93 34.26 0 8.4 34.27 25.67 11.28 32.14 55.75 68.61 10.49 
Matriz de Costos>
0 29.77 22.82 6.62 4.7 5.85 28.91 49.16 31.49 32.57 11.87 23.27 34.21 29.55 5.09 10.64 38.06 22.66 8.67 25.79 63.11 66.85 12.71 
35.38 0 33.83 33.69 38.85 36.86 15.46 62.48 38.78 10.31 26.26 33.35 47.99 36.69 30.04 28.87 59.3 55.39 25.78 64.51 79.99 71.84 30.71 
Dimension>45
Bandera>13
Fitness Greedy Costo>429.11
10.2 24.6 17.32 7.53 13.26 11.99 14.99 47.66 32.72 25.06 0 16.79 32.72 30.78 3.02 3.89 36.05 28.75 5.4 35.94 59.9 65.41 5.22 
21.52 31.76 3.86 28.42 26.88 14.47 15.23 28.32 52.47 25.29 16.07 0 11.06 50.21 12.46 24.06 21.06 26.46 26.73 43.25 42.15 44.22 25.99 
11.11 25.19 25.63 9.11 14.81 12.57 19.06 55.43 30.06 25.64 6.8 25.12 39.3 28.12 9.56 0 43.5 29.3 2.14 37.31 67.9 74.46 1.31 
35.14 55 18.6 41.75 41.46 29.09 36.48 26.91 66.95 47.15 37.05 17.9 12.23 64.79 33.69 42.19 0 19.53 42.56 54.38 23.51 33.61 44.14 
19.16 48.68 24.03 25.82 25.56 12.72 45.33 36.24 50.44 49.79 28.52 28.37 22.91 48.17 24.12 28.36 20.73 0 26.55 41.29 39.9 51.09 30.24 
19.81 31.08 0 26.44 25.67 12.34 20.5 29.47 51.48 30.34 14.84 4.89 15.27 49.21 11.14 22.88 18.3 21.2 25.3 41.09 39.55 47.51 24.82 
5.28 27.68 26.62 0 3 9.64 28.27 53.94 24.5 31.93 9.42 27.07 38 22.52 10.95 7.11 43.22 26.56 5.54 24.47 67.76 71.37 9.22 
2.37 28.46 23.02 6.06 0 5.01 28.16 49.09 30.2 31.84 11.03 22.62 33.89 28.24 4.22 9.35 37.74 22.25 7.37 25.29 63.11 66.84 11.43 
3.95 30.8 15.04 8.9 9.24 0 32.9 42.66 32.51 36.51 13.92 15.51 28.5 30.57 10.5 11.65 32.46 16.64 9.69 25.52 56.92 60.81 13.71 
Matriz de Costos>
0 29.77 22.82 6.62 4.7 5.85 28.91 49.16 31.49 32.57 11.87 23.27 34.21 29.55 5.09 10.64 38.06 22.66 8.67 25.79 63.11 66.85 12.71 
35.38 0 33.83 33.69 38.85 36.86 15.46 62.48 38.78 10.31 26.26 33.35 47.99 36.69 30.04 28.87 59.3 55.39 25.78 64.51 79.99 71.84 30.71 
Solucion Greedy Costo>4 14 10 15 0 5 0 3 18 22 6 0 17 16 12 11 0 2 7 20 21 0 19 8 13 1 0 9 23 0 0 0 0 0 0 0 0 0 0 0 0 0 0 0 0 
Linea Vacia>
30.35 41.02 7.7 36.69 36.45 23.82 24.67 19.27 61.52 34.61 26.95 5.08 0 59.33 27.97 34.8 8.88 19.6 35.76 54.63 30.09 35.53 36.57 
22.51 21.48 40.36 15.13 18.84 24 23.85 68.91 21.05 27.61 24.82 40.63 54.8 0 25.1 15.85 59.39 40.34 12.36 39.4 82.26 82.13 17.82 
5.18 28.17 13.23 13.34 10.94 8.69 18.25 45.42 36.18 28.18 4.84 13.64 30.93 34.26 0 8.4 34.27 25.67 11.28 32.14 55.75 68.61 10.49 
7.02 25.31 25.61 5.33 10.78 8.51 22.02 53.3 29.24 25.77 9.27 26.06 37.12 27.28 10.67 1.49 42.48 25.55 0 33.72 66.2 70.84 2.83 
25.95 54.35 41.41 24.44 22.03 24.61 56.57 71.53 27.18 60.92 38.69 41.97 56.07 39.56 31.91 38.62 57.85 41.86 34.79 0 80.67 87.78 40.39 
44.48 58.22 24.77 51.83 51.55 37.26 38.68 1.55 77.84 50.31 44.98 23.47 17.32 75.74 41.31 54.13 23.73 32.8 52.61 69.77 0 14.77 55.97 
63.3 69.22 41.52 70.14 71.76 56.39 54.05 14.09 93.96 65.09 68.85 40.17 34 92 64.16 71.47 30.25 52.44 70.86 88.44 13.72 0 73.13 
9.11 26.25 27.54 7.09 12.84 10.59 20.11 55.44 31.15 26.71 8.12 26.34 39.15 29.21 10.86 1.98 44.7 27.48 0.83 35.57 69.23 72.83 0 
28.83 13.32 21.6 28.64 33.89 31.11 0 42.16 32.77 7.19 15.79 18.5 30.42 30.84 21.21 20.04 39.58 48.14 20.56 56.15 63.27 56.52 21.98 
46.28 54.55 22.3 53.27 53.07 38.04 35.29 0 74.44 46.55 41.19 21 14.67 72.32 38.17 50.44 25.98 34.96 51.28 70.61 11.95 17.08 52.31 
19.81 31.08 0 26.44 25.67 12.34 20.5 29.47 51.48 30.34 14.84 4.89 15.27 49.21 11.14 22.88 18.3 21.2 25.3 41.09 39.55 47.51 24.82 
5.28 27.68 26.62 0 3 9.64 28.27 53.94 24.5 31.93 9.42 27.07 38 22.52 10.95 7.11 43.22 26.56 5.54 24.47 67.76 71.37 9.22 
2.37 28.46 23.02 6.06 0 5.01 28.16 49.09 30.2 31.84 11.03 22.62 33.89 28.24 4.22 9.35 37.74 22.25 7.37 25.29 63.11 66.84 11.43 
3.95 30.8 15.04 8.9 9.24 0 32.9 42.66 32.51 36.51 13.92 15.51 28.5 30.57 10.5 11.65 32.46 16.64 9.69 25.52 56.92 60.81 13.71 
11.11 25.19 25.63 9.11 14.81 12.57 19.06 55.43 30.06 25.64 6.8 25.12 39.3 28.12 9.56 0 43.5 29.3 2.14 37.31 67.9 74.46 1.31 
35.14 55 18.6 41.75 41.46 29.09 36.48 26.91 66.95 47.15 37.05 17.9 12.23 64.79 33.69 42.19 0 19.53 42.56 54.38 23.51 33.61 44.14 
19.16 48.68 24.03 25.82 25.56 12.72 45.33 36.24 50.44 49.79 28.52 28.37 22.91 48.17 24.12 28.36 20.73 0 26.55 41.29 39.9 51.09 30.24 
31.3 30.36 53.7 24.15 27.77 32.78 32.61 80.1 0 36.27 33.52 51.24 64.68 2.88 33.84 24.88 69.24 50.67 21.53 31.96 91.55 91.21 26.75 
35.4 3.44 31.63 33.72 38.87 36.89 14 55.58 38.88 0 28.05 28.66 41.21 36.72 30.05 29.09 52.12 55.5 25.8 64.62 75.92 67.69 30.92 
10.2 24.6 17.32 7.53 13.26 11.99 14.99 47.66 32.72 25.06 0 16.79 32.72 30.78 3.02 3.89 36.05 28.75 5.4 35.94 59.9 65.41 5.22 
21.52 31.76 3.86 28.42 26.88 14.47 15.23 28.32 52.47 25.29 16.07 0 11.06 50.21 12.46 24.06 21.06 26.46 26.73 43.25 42.15 44.22 25.99 
30.35 41.02 7.7 36.69 36.45 23.82 24.67 19.27 61.52 34.61 26.95 5.08 0 59.33 27.97 34.8 8.88 19.6 35.76 54.63 30.09 35.53 36.57 
28.83 13.32 21.6 28.64 33.89 31.11 0 42.16 32.77 7.19 15.79 18.5 30.42 30.84 21.21 20.04 39.58 48.14 20.56 56.15 63.27 56.52 21.98 
46.28 54.55 22.3 53.27 53.07 38.04 35.29 0 74.44 46.55 41.19 21 14.67 72.32 38.17 50.44 25.98 34.96 51.28 70.61 11.95 17.08 52.31 
31.3 30.36 53.7 24.15 27.77 32.78 32.61 80.1 0 36.27 33.52 51.24 64.68 2.88 33.84 24.88 69.24 50.67 21.53 31.96 91.55 91.21 26.75 
35.4 3.44 31.63 33.72 38.87 36.89 14 55.58 38.88 0 28.05 28.66 41.21 36.72 30.05 29.09 52.12 55.5 25.8 64.62 75.92 67.69 30.92 
10.2 24.6 17.32 7.53 13.26 11.99 14.99 47.66 32.72 25.06 0 16.79 32.72 30.78 3.02 3.89 36.05 28.75 5.4 35.94 59.9 65.41 5.22 
21.52 31.76 3.86 28.42 26.88 14.47 15.23 28.32 52.47 25.29 16.07 0 11.06 50.21 12.46 24.06 21.06 26.46 26.73 43.25 42.15 44.22 25.99 
30.35 41.02 7.7 36.69 36.45 23.82 24.67 19.27 61.52 34.61 26.95 5.08 0 59.33 27.97 34.8 8.88 19.6 35.76 54.63 30.09 35.53 36.57 
7.02 25.31 25.61 5.33 10.78 8.51 22.02 53.3 29.24 25.77 9.27 26.06 37.12 27.28 10.67 1.49 42.48 25.55 0 33.72 66.2 70.84 2.83 
25.95 54.35 41.41 24.44 22.03 24.61 56.57 71.53 27.18 60.92 38.69 41.97 56.07 39.56 31.91 38.62 57.85 41.86 34.79 0 80.67 87.78 40.39 
22.51 21.48 40.36 15.13 18.84 24 23.85 68.91 21.05 27.61 24.82 40.63 54.8 0 25.1 15.85 59.39 40.34 12.36 39.4 82.26 82.13 17.82 
22.51 21.48 40.36 15.13 18.84 24 23.85 68.91 21.05 27.61 24.82 40.63 54.8 0 25.1 15.85 59.39 40.34 12.36 39.4 82.26 82.13 17.82 
5.18 28.17 13.23 13.34 10.94 8.69 18.25 45.42 36.18 28.18 4.84 13.64 30.93 34.26 0 8.4 34.27 25.67 11.28 32.14 55.75 68.61 10.49 
11.11 25.19 25.63 9.11 14.81 12.57 19.06 55.43 30.06 25.64 6.8 25.12 39.3 28.12 9.56 0 43.5 29.3 2.14 37.31 67.9 74.46 1.31 
44.48 58.22 24.77 51.83 51.55 37.26 38.68 1.55 77.84 50.31 44.98 23.47 17.32 75.74 41.31 54.13 23.73 32.8 52.61 69.77 0 14.77 55.97 
63.3 69.22 41.52 70.14 71.76 56.39 54.05 14.09 93.96 65.09 68.85 40.17 34 92 64.16 71.47 30.25 52.44 70.86 88.44 13.72 0 73.13 
5.18 28.17 13.23 13.34 10.94 8.69 18.25 45.42 36.18 28.18 4.84 13.64 30.93 34.26 0 8.4 34.27 25.67 11.28 32.14 55.75 68.61 10.49 
11.11 25.19 25.63 9.11 14.81 12.57 19.06 55.43 30.06 25.64 6.8 25.12 39.3 28.12 9.56 0 43.5 29.3 2.14 37.31 67.9 74.46 1.31 
35.14 55 18.6 41.75 41.46 29.09 36.48 26.91 66.95 47.15 37.05 17.9 12.23 64.79 33.69 42.19 0 19.53 42.56 54.38 23.51 33.61 44.14 
19.16 48.68 24.03 25.82 25.56 12.72 45.33 36.24 50.44 49.79 28.52 28.37 22.91 48.17 24.12 28.36 20.73 0 26.55 41.29 39.9 51.09 30.24 
35.14 55 18.6 41.75 41.46 29.09 36.48 26.91 66.95 47.15 37.05 17.9 12.23 64.79 33.69 42.19 0 19.53 42.56 54.38 23.51 33.61 44.14 
19.16 48.68 24.03 25.82 25.56 12.72 45.33 36.24 50.44 49.79 28.52 28.37 22.91 48.17 24.12 28.36 20.73 0 26.55 41.29 39.9 51.09 30.24 
7.02 25.31 25.61 5.33 10.78 8.51 22.02 53.3 29.24 25.77 9.27 26.06 37.12 27.28 10.67 1.49 42.48 25.55 0 33.72 66.2 70.84 2.83 
25.95 54.35 41.41 24.44 22.03 24.61 56.57 71.53 27.18 60.92 38.69 41.97 56.07 39.56 31.91 38.62 57.85 41.86 34.79 0 80.67 87.78 40.39 
Matriz de Costos>
0 29.77 22.82 6.62 4.7 5.85 28.91 49.16 31.49 32.57 11.87 23.27 34.21 29.55 5.09 10.64 38.06 22.66 8.67 25.79 63.11 66.85 12.71 
9.11 26.25 27.54 7.09 12.84 10.59 20.11 55.44 31.15 26.71 8.12 26.34 39.15 29.21 10.86 1.98 44.7 27.48 0.83 35.57 69.23 72.83 0 
44.48 58.22 24.77 51.83 51.55 37.26 38.68 1.55 77.84 50.31 44.98 23.47 17.32 75.74 41.31 54.13 23.73 32.8 52.61 69.77 0 14.77 55.97 
63.3 69.22 41.52 70.14 71.76 56.39 54.05 14.09 93.96 65.09 68.85 40.17 34 92 64.16 71.47 30.25 52.44 70.86 88.44 13.72 0 73.13 
9.11 26.25 27.54 7.09 12.84 10.59 20.11 55.44 31.15 26.71 8.12 26.34 39.15 29.21 10.86 1.98 44.7 27.48 0.83 35.57 69.23 72.83 0 
35.38 0 33.83 33.69 38.85 36.86 15.46 62.48 38.78 10.31 26.26 33.35 47.99 36.69 30.04 28.87 59.3 55.39 25.78 64.51 79.99 71.84 30.71 
7.02 25.31 25.61 5.33 10.78 8.51 22.02 53.3 29.24 25.77 9.27 26.06 37.12 27.28 10.67 1.49 42.48 25.55 0 33.72 66.2 70.84 2.83 
25.95 54.35 41.41 24.44 22.03 24.61 56.57 71.53 27.18 60.92 38.69 41.97 56.07 39.56 31.91 38.62 57.85 41.86 34.79 0 80.67 87.78 40.39 
44.48 58.22 24.77 51.83 51.55 37.26 38.68 1.55 77.84 50.31 44.98 23.47 17.32 75.74 41.31 54.13 23.73 32.8 52.61 69.77 0 14.77 55.97 
19.81 31.08 0 26.44 25.67 12.34 20.5 29.47 51.48 30.34 14.84 4.89 15.27 49.21 11.14 22.88 18.3 21.2 25.3 41.09 39.55 47.51 24.82 
5.28 27.68 26.62 0 3 9.64 28.27 53.94 24.5 31.93 9.42 27.07 38 22.52 10.95 7.11 43.22 26.56 5.54 24.47 67.76 71.37 9.22 
63.3 69.22 41.52 70.14 71.76 56.39 54.05 14.09 93.96 65.09 68.85 40.17 34 92 64.16 71.47 30.25 52.44 70.86 88.44 13.72 0 73.13 
9.11 26.25 27.54 7.09 12.84 10.59 20.11 55.44 31.15 26.71 8.12 26.34 39.15 29.21 10.86 1.98 44.7 27.48 0.83 35.57 69.23 72.83 0 
2.37 28.46 23.02 6.06 0 5.01 28.16 49.09 30.2 31.84 11.03 22.62 33.89 28.24 4.22 9.35 37.74 22.25 7.37 25.29 63.11 66.84 11.43 
3.95 30.8 15.04 8.9 9.24 0 32.9 42.66 32.51 36.51 13.92 15.51 28.5 30.57 10.5 11.65 32.46 16.64 9.69 25.52 56.92 60.81 13.71 
28.83 13.32 21.6 28.64 33.89 31.11 0 42.16 32.77 7.19 15.79 18.5 30.42 30.84 21.21 20.04 39.58 48.14 20.56 56.15 63.27 56.52 21.98 
46.28 54.55 22.3 53.27 53.07 38.04 35.29 0 74.44 46.55 41.19 21 14.67 72.32 38.17 50.44 25.98 34.96 51.28 70.61 11.95 17.08 52.31 
31.3 30.36 53.7 24.15 27.77 32.78 32.61 80.1 0 36.27 33.52 51.24 64.68 2.88 33.84 24.88 69.24 50.67 21.53 31.96 91.55 91.21 26.75 
35.4 3.44 31.63 33.72 38.87 36.89 14 55.58 38.88 0 28.05 28.66 41.21 36.72 30.05 29.09 52.12 55.5 25.8 64.62 75.92 67.69 30.92 
10.2 24.6 17.32 7.53 13.26 11.99 14.99 47.66 32.72 25.06 0 16.79 32.72 30.78 3.02 3.89 36.05 28.75 5.4 35.94 59.9 65.41 5.22 
21.52 31.76 3.86 28.42 26.88 14.47 15.23 28.32 52.47 25.29 16.07 0 11.06 50.21 12.46 24.06 21.06 26.46 26.73 43.25 42.15 44.22 25.99 
30.35 41.02 7.7 36.69 36.45 23.82 24.67 19.27 61.52 34.61 26.95 5.08 0 59.33 27.97 34.8 8.88 19.6 35.76 54.63 30.09 35.53 36.57 
22.51 21.48 40.36 15.13 18.84 24 23.85 68.91 21.05 27.61 24.82 40.63 54.8 0 25.1 15.85 59.39 40.34 12.36 39.4 82.26 82.13 17.82 
5.18 28.17 13.23 13.34 10.94 8.69 18.25 45.42 36.18 28.18 4.84 13.64 30.93 34.26 0 8.4 34.27 25.67 11.28 32.14 55.75 68.61 10.49 
11.11 25.19 25.63 9.11 14.81 12.57 19.06 55.43 30.06 25.64 6.8 25.12 39.3 28.12 9.56 0 43.5 29.3 2.14 37.31 67.9 74.46 1.31 
35.14 55 18.6 41.75 41.46 29.09 36.48 26.91 66.95 47.15 37.05 17.9 12.23 64.79 33.69 42.19 0 19.53 42.56 54.38 23.51 33.61 44.14 
19.16 48.68 24.03 25.82 25.56 12.72 45.33 36.24 50.44 49.79 28.52 28.37 22.91 48.17 24.12 28.36 20.73 0 26.55 41.29 39.9 51.09 30.24 
7.02 25.31 25.61 5.33 10.78 8.51 22.02 53.3 29.24 25.77 9.27 26.06 37.12 27.28 10.67 1.49 42.48 25.55 0 33.72 66.2 70.84 2.83 
25.95 54.35 41.41 24.44 22.03 24.61 56.57 71.53 27.18 60.92 38.69 41.97 56.07 39.56 31.91 38.62 57.85 41.86 34.79 0 80.67 87.78 40.39 
44.48 58.22 24.77 51.83 51.55 37.26 38.68 1.55 77.84 50.31 44.98 23.47 17.32 75.74 41.31 54.13 23.73 32.8 52.61 69.77 0 14.77 55.97 
63.3 69.22 41.52 70.14 71.76 56.39 54.05 14.09 93.96 65.09 68.85 40.17 34 92 64.16 71.47 30.25 52.44 70.86 88.44 13.72 0 73.13 
9.11 26.25 27.54 7.09 12.84 10.59 20.11 55.44 31.15 26.71 8.12 26.34 39.15 29.21 10.86 1.98 44.7 27.48 0.83 35.57 69.23 72.83 0 
Dimension>45
Bandera>13
Fitness Greedy Costo>429.11
Solucion Greedy Costo>4 14 10 15 0 5 0 3 18 22 6 0 17 16 12 11 0 2 7 20 21 0 19 8 13 1 0 9 23 0 0 0 0 0 0 0 0 0 0 0 0 0 0 0 0 
Linea Vacia>
Matriz de Costos>
0 29.77 22.82 6.62 4.7 5.85 28.91 49.16 31.49 32.57 11.87 23.27 34.21 29.55 5.09 10.64 38.06 22.66 8.67 25.79 63.11 66.85 12.71 
35.38 0 33.83 33.69 38.85 36.86 15.46 62.48 38.78 10.31 26.26 33.35 47.99 36.69 30.04 28.87 59.3 55.39 25.78 64.51 79.99 71.84 30.71 
19.81 31.08 0 26.44 25.67 12.34 20.5 29.47 51.48 30.34 14.84 4.89 15.27 49.21 11.14 22.88 18.3 21.2 25.3 41.09 39.55 47.51 24.82 
5.28 27.68 26.62 0 3 9.64 28.27 53.94 24.5 31.93 9.42 27.07 38 22.52 10.95 7.11 43.22 26.56 5.54 24.47 67.76 71.37 9.22 
2.37 28.46 23.02 6.06 0 5.01 28.16 49.09 30.2 31.84 11.03 22.62 33.89 28.24 4.22 9.35 37.74 22.25 7.37 25.29 63.11 66.84 11.43 
3.95 30.8 15.04 8.9 9.24 0 32.9 42.66 32.51 36.51 13.92 15.51 28.5 30.57 10.5 11.65 32.46 16.64 9.69 25.52 56.92 60.81 13.71 
28.83 13.32 21.6 28.64 33.89 31.11 0 42.16 32.77 7.19 15.79 18.5 30.42 30.84 21.21 20.04 39.58 48.14 20.56 56.15 63.27 56.52 21.98 
46.28 54.55 22.3 53.27 53.07 38.04 35.29 0 74.44 46.55 41.19 21 14.67 72.32 38.17 50.44 25.98 34.96 51.28 70.61 11.95 17.08 52.31 
31.3 30.36 53.7 24.15 27.77 32.78 32.61 80.1 0 36.27 33.52 51.24 64.68 2.88 33.84 24.88 69.24 50.67 21.53 31.96 91.55 91.21 26.75 
35.4 3.44 31.63 33.72 38.87 36.89 14 55.58 38.88 0 28.05 28.66 41.21 36.72 30.05 29.09 52.12 55.5 25.8 64.62 75.92 67.69 30.92 
10.2 24.6 17.32 7.53 13.26 11.99 14.99 47.66 32.72 25.06 0 16.79 32.72 30.78 3.02 3.89 36.05 28.75 5.4 35.94 59.9 65.41 5.22 
21.52 31.76 3.86 28.42 26.88 14.47 15.23 28.32 52.47 25.29 16.07 0 11.06 50.21 12.46 24.06 21.06 26.46 26.73 43.25 42.15 44.22 25.99 
30.35 41.02 7.7 36.69 36.45 23.82 24.67 19.27 61.52 34.61 26.95 5.08 0 59.33 27.97 34.8 8.88 19.6 35.76 54.63 30.09 35.53 36.57 
22.51 21.48 40.36 15.13 18.84 24 23.85 68.91 21.05 27.61 24.82 40.63 54.8 0 25.1 15.85 59.39 40.34 12.36 39.4 82.26 82.13 17.82 
5.18 28.17 13.23 13.34 10.94 8.69 18.25 45.42 36.18 28.18 4.84 13.64 30.93 34.26 0 8.4 34.27 25.67 11.28 32.14 55.75 68.61 10.49 
11.11 25.19 25.63 9.11 14.81 12.57 19.06 55.43 30.06 25.64 6.8 25.12 39.3 28.12 9.56 0 43.5 29.3 2.14 37.31 67.9 74.46 1.31 
35.14 55 18.6 41.75 41.46 29.09 36.48 26.91 66.95 47.15 37.05 17.9 12.23 64.79 33.69 42.19 0 19.53 42.56 54.38 23.51 33.61 44.14 
19.16 48.68 24.03 25.82 25.56 12.72 45.33 36.24 50.44 49.79 28.52 28.37 22.91 48.17 24.12 28.36 20.73 0 26.55 41.29 39.9 51.09 30.24 
7.02 25.31 25.61 5.33 10.78 8.51 22.02 53.3 29.24 25.77 9.27 26.06 37.12 27.28 10.67 1.49 42.48 25.55 0 33.72 66.2 70.84 2.83 
25.95 54.35 41.41 24.44 22.03 24.61 56.57 71.53 27.18 60.92 38.69 41.97 56.07 39.56 31.91 38.62 57.85 41.86 34.79 0 80.67 87.78 40.39 
44.48 58.22 24.77 51.83 51.55 37.26 38.68 1.55 77.84 50.31 44.98 23.47 17.32 75.74 41.31 54.13 23.73 32.8 52.61 69.77 0 14.77 55.97 
63.3 69.22 41.52 70.14 71.76 56.39 54.05 14.09 93.96 65.09 68.85 40.17 34 92 64.16 71.47 30.25 52.44 70.86 88.44 13.72 0 73.13 
9.11 26.25 27.54 7.09 12.84 10.59 20.11 55.44 31.15 26.71 8.12 26.34 39.15 29.21 10.86 1.98 44.7 27.48 0.83 35.57 69.23 72.83 0 
GEN 0 429.110000
GREEDY 0 0.000000
TIEMPO 0 429.110000
GEN 0 429.110000
GREEDY 0 0.000000
TIEMPO 0 429.110000
GEN 0 429.110000
GREEDY 0 0.000000
TIEMPO 0 429.110000
GEN 0 429.110000
GREEDY 0 0.000000
GEN 0 429.110000
GREEDY 0 0.000000
GEN 0 429.110000
GREEDY 0 0.000000
TIEMPO 0 420.610000
TIEMPO 0 429.110000
TIEMPO 0 429.110000
GEN 0 429.110000
GEN 0 429.110000
GREEDY 0 0.000000
GREEDY 0 0.000000
TIEMPO 0 429.110000
TIEMPO 0 429.110000
GEN 0 429.110000
GREEDY 0 0.000000
GEN 0 429.110000
GREEDY 0 0.000000
GEN 0 429.110000
GREEDY 0 0.000000
TIEMPO 0 429.110000
TIEMPO 0 429.110000
TIEMPO 0 429.110000
GEN 0 429.110000
GREEDY 0 0.000000
GEN 0 429.110000
GREEDY 0 0.000000
GEN 0 429.110000
GREEDY 0 0.000000
TIEMPO 0 429.110000
TIEMPO 0 429.110000
TIEMPO 0 429.110000
GEN 0 429.110000
GREEDY 0 0.000000
TIEMPO 0 429.110000
GEN 0 429.110000
GREEDY 0 0.000000
TIEMPO 0 429.110000
GEN 0 429.110000
GREEDY 0 0.000000
GEN 0 429.110000
GREEDY 0 0.000000
TIEMPO 0 429.110000
TIEMPO 0 429.110000
GEN 0 429.110000
GREEDY 0 0.000000
TIEMPO 0 429.110000
GREEDY 5 0.012852
GREEDY 5 0.034113
GEN 0 429.110000
GREEDY 0 0.000000
TIEMPO 0 429.110000
GEN 0 429.110000
GREEDY 0 0.000000
GEN 0 429.110000
GREEDY 0 0.000000
TIEMPO 0 429.110000
TIEMPO 0 429.110000
GREEDY 5 0.027486
GREEDY 5 0.037797
GEN 0 429.110000
GREEDY 0 0.000000
TIEMPO 0 429.110000
GEN 0 429.110000
GREEDY 0 0.000000
TIEMPO 0 429.110000
GREEDY 5 0.031356
GREEDY 5 0.047259
GREEDY 5 0.066999
GREEDY 5 0.058153
GREEDY 5 0.080286
GREEDY 5 0.112170
GREEDY 5 0.083888
GREEDY 5 0.104464
GREEDY 5 0.107234
GREEDY 5 0.098134
GREEDY 10 0.121010
GREEDY 5 0.122463
GREEDY 5 0.128883
GREEDY 5 0.112256
GREEDY 5 0.134175
GREEDY 5 0.148919
GREEDY 5 0.146561
GREEDY 5 0.132943
GREEDY 10 0.182814
GREEDY 10 0.171442
GREEDY 5 0.192838
GREEDY 10 0.209571
GREEDY 10 0.233726
GEN 2500 386.430000
GREEDY 10 0.229006
GREEDY 10 0.249522
GREEDY 10 0.262457
GEN 2500 384.200000
GREEDY 5 0.247544
GREEDY 5 0.249581
GEN 2500 390.720000
GREEDY 10 0.273459
GREEDY 10 0.333616
GEN 2500 393.300000
GREEDY 10 0.360536
GEN 2500 388.260000
GREEDY 10 0.369700
GEN 2500 385.730000
GEN 2500 405.940000
GEN 2500 389.180000
GEN 2500 383.370000
GREEDY 10 0.449643
GREEDY 10 0.465324
GEN 5000 381.930000
GEN 2500 381.340000
GREEDY 10 0.470623
GEN 2500 379.280000
GEN 2500 384.250000
GEN 2500 396.060000
GREEDY 10 0.536351
GEN 2500 379.280000
GEN 5000 390.720000
GEN 2500 375.540000
GEN 2500 386.540000
GEN 2500 386.320000
GEN 5000 383.120000
GEN 2500 380.170000
GEN 2500 386.860000
GEN 2500 384.250000
GEN 2500 372.250000
GEN 2500 385.110000
GEN 2500 377.790000
GEN 2500 383.120000
GREEDY 10 0.626735
GEN 5000 378.120000
GREEDY 10 0.671708
GEN 5000 383.120000
GREEDY 10 0.683965
GEN 7500 380.180000
GEN 5000 383.120000
GEN 5000 401.110000
GEN 5000 387.210000
GEN 5000 379.280000
GEN 5000 384.250000
GEN 5000 388.130000
GEN 7500 390.720000
GEN 5000 375.960000
GEN 5000 386.070000
GEN 5000 381.340000
GEN 5000 384.250000
GEN 5000 380.170000
GEN 5000 379.280000
GEN 5000 386.540000
GEN 5000 383.120000
GEN 7500 383.120000
GEN 5000 375.540000
GEN 5000 377.790000
GEN 5000 384.250000
GEN 5000 372.250000
GEN 5000 384.420000
GREEDY 10 0.912468
GEN 7500 378.120000
GEN 10000 380.180000
TIEMPO 0.942662 380.180000
GEN 7500 383.120000
TIEMPO 1 383.120000
TIEMPO 1 383.120000
TIEMPO 1 379.280000
GEN 7500 383.330000
TIEMPO 1 374.560000
TIEMPO 1 384.420000
TIEMPO 1 381.340000
GEN 7500 383.120000
GEN 7500 391.060000
TIEMPO 1 375.540000
TIEMPO 1 384.250000
TIEMPO 1 372.250000
TIEMPO 1 386.260000
TIEMPO 1 390.720000
TIEMPO 1 383.330000
TIEMPO 1 391.060000
TIEMPO 1 375.290000
TIEMPO 1 386.070000
TIEMPO 1 383.120000
TIEMPO 1 384.250000
TIEMPO 1 383.120000
TIEMPO 1 379.280000
TIEMPO 1 384.250000
TIEMPO 1 388.130000
TIEMPO 1 377.790000
TIEMPO 1 378.120000
GREEDY 15 1.042650
GEN 7500 386.070000
GEN 7500 384.250000
GEN 7500 379.280000
GEN 7500 384.250000
GEN 7500 388.130000
GEN 7500 383.120000
GEN 10000 390.720000
TIEMPO 1.080885 390.720000
GEN 7500 374.560000
GEN 7500 364.510000
GEN 7500 381.340000
GEN 7500 377.790000
GEN 10000 383.120000
TIEMPO 1.147691 383.120000
GEN 7500 386.260000
GEN 7500 375.540000
GEN 7500 384.250000
GEN 7500 372.250000
GEN 7500 384.420000
GEN 10000 378.120000
TIEMPO 1.181806 378.120000
GEN 10000 383.330000
TIEMPO 1.227272 383.330000
GEN 10000 383.120000
TIEMPO 1.255890 383.120000
GEN 7500 379.280000
GEN 10000 391.060000
TIEMPO 1.266038 391.060000
GEN 10000 383.120000
TIEMPO 1.260100 383.120000
GEN 10000 386.070000
TIEMPO 1.265294 386.070000
GEN 10000 384.250000
TIEMPO 1.283089 384.250000
GEN 10000 372.250000
TIEMPO 1.289139 372.250000
GEN 10000 374.560000
TIEMPO 1.329890 374.560000
GEN 10000 379.280000
TIEMPO 1.351142 379.280000
GEN 10000 384.250000
TIEMPO 1.322012 384.250000
GEN 10000 377.790000
TIEMPO 1.322972 377.790000
GEN 10000 388.130000
TIEMPO 1.326206 388.130000
GEN 10000 364.510000
TIEMPO 1.369479 364.510000
GEN 10000 381.340000
TIEMPO 1.393990 381.340000
GEN 10000 386.260000
TIEMPO 1.407234 386.260000
GEN 10000 375.540000
TIEMPO 1.417270 375.540000
GEN 10000 384.250000
TIEMPO 1.427872 384.250000
GEN 10000 384.420000
TIEMPO 1.450248 384.420000
GEN 10000 372.250000
TIEMPO 1.440847 372.250000
GEN 10000 379.280000
TIEMPO 1.553439 379.280000

 Current State ---------------------------------------------
Solution:  4 14 5 17 0 3 18 15 22 0 2 11 12 16 0 23 21 20 7 0 19 8 13 0 10 6 9 1 0 0 0 0 0 0 0 0 0 0 0 0 0 0 0 0 0 Fitness: 364.51

 :( ---------------------- THE END --------------- :) 
